board_state,pawn_move,before_eval,after_eval,eval_change
rnbqkbnr/pppppppp/8/8/8/8/PPPPPPPP/RNBQKBNR w KQkq - 0 1,e2e4,28,26,-2
rnbqkbnr/pppppppp/8/8/4P3/8/PPPP1PPP/RNBQKBNR b KQkq - 0 1,e7e6,-28,-48,20
rnbqkbnr/pppp1ppp/4p3/8/4P3/8/PPPP1PPP/RNBQKBNR w KQkq - 0 2,d2d4,52,58,6
rnbqkbnr/pppp1ppp/4p3/8/3PP3/8/PPP2PPP/RNBQKBNR b KQkq - 0 2,b7b6,-54,-97,43
rnbqkbnr/p1pp1ppp/1p2p3/8/3PP3/8/PPP2PPP/RNBQKBNR w KQkq - 0 3,a2a3,84,66,-18
rn1qkb1r/pbpp1ppp/1p2p2B/8/3PP3/P1N5/1PP2PPP/R2QKBNR b KQkq - 0 5,g7h6,-147,-147,0
rn2kb1r/pbpp1p1p/1p2p2p/6q1/3PP1B1/P1N5/1PP2PPP/R2QK1NR b KQkq - 3 7,h6h5,-49,-57,8
rnbqkbnr/pppppppp/8/8/8/8/PPPPPPPP/RNBQKBNR w KQkq - 0 1,d2d4,37,26,-11
rnbqkbnr/pppppppp/8/8/3P4/8/PPP1PPPP/RNBQKBNR b KQkq - 0 1,d7d5,-24,-26,2
rnbqkb1r/ppp1pppp/5n2/3p4/3P4/5N2/PPP1PPPP/RNBQKB1R w KQkq - 2 3,e2e3,19,11,-8
rn1qkb1r/ppp1pppp/5nN1/3p4/3P4/4P3/PPP2PPP/RNBQKB1R b KQkq - 0 5,h7g6,-35,-43,8
rn1qkb1r/ppp1ppp1/5np1/3p4/3P4/4P3/PPPN1PPP/R1BQKB1R b KQkq - 1 6,e7e6,-4,-25,21
rn1qk2r/ppp2pp1/3bpnp1/3p4/3P4/3BP3/PPPN1PPP/R1BQK2R w KQkq - 2 8,e3e4,21,12,-9
rn1qk2r/ppp2pp1/3bpnp1/3p4/3PP3/3B4/PPPN1PPP/R1BQK2R b KQkq - 0 8,d5e4,-14,-27,13
rnbqkbnr/pppppppp/8/8/8/8/PPPPPPPP/RNBQKBNR w KQkq - 0 1,e2e4,32,28,-4
rnbqkbnr/pppppppp/8/8/4P3/8/PPPP1PPP/RNBQKBNR b KQkq - 0 1,e7e5,-36,-26,-10
r1bqk2r/pppp1ppp/2n2n2/2b1p3/2B1P3/2N2N2/PPPP1PPP/R1BQK2R w KQkq - 6 5,a2a3,16,7,-9
r1bqk2r/pppp1ppp/5n2/4p3/2BnP3/P1N2N2/1PPP1KPP/R1BQ3R w kq - 1 7,d2d3,347,374,27
r1b1k2r/pppp1ppp/5q2/4p3/2BnP1n1/P1NP1N2/1PP3PP/R1BQ1K1R w kq - 3 9,h2h3,588,558,-30
r1b1k2r/pppp1ppp/5q2/4p3/2BnP1n1/P1NP1N1P/1PP3P1/R1BQ1K1R b kq - 0 9,d7d5,-537,-638,101
rnbqkbnr/pppppppp/8/8/8/8/PPPPPPPP/RNBQKBNR w KQkq - 0 1,e2e4,28,30,2
rnbqkbnr/pppppppp/8/8/4P3/8/PPPP1PPP/RNBQKBNR b KQkq - 0 1,c7c6,-36,-79,43
rnbqkbnr/pp1ppppp/2p5/8/4P3/2N5/PPPP1PPP/R1BQKBNR b KQkq - 1 2,d7d5,-22,-23,1
rnbqkbnr/pp2pppp/2p5/3p4/4P3/2N2Q2/PPPP1PPP/R1B1KBNR b KQkq - 1 3,d5e4,5,6,1
r2qkb1r/pp2pppp/2p2n2/5b2/2B5/6Q1/PPPP1PPP/R1B1K1NR w KQkq - 2 8,d2d3,-11,-53,42
r2qkb1r/pp2pppp/2p2nb1/8/2B5/3P2Q1/PPP1NPPP/R1B1K2R b KQkq - 2 9,e7e6,28,32,4
r2qk2r/pp2bppp/2p1B1b1/8/5N2/3P1Q2/PPP2PPP/R3K2R b KQkq - 0 13,f7e6,335,373,38
r3k2r/pp2b1pp/2p1N1b1/q7/8/3P1Q2/PPP2PPP/R3K2R w KQkq - 1 15,c2c3,-327,-380,53
r3k2r/pp2b1pp/2p1N1b1/8/8/2PPq3/PP3PPP/R3K2R w KQkq - 0 17,f2e3,-380,-375,-5
r6r/pp1k2pp/2pb2N1/8/8/2PPP3/PP4PP/R3K2R b KQ - 0 19,h7g6,284,268,-16
r6r/pp1k2p1/2pb2p1/8/8/2PPP3/PP4PP/R3K2R w KQ - 0 20,h2h3,-287,-277,-10
5r1r/pp2k1p1/2p3p1/8/8/2PPP1bP/PP1K2P1/R4R2 w - - 5 23,d3d4,-224,-250,26
5k2/pp4p1/2p3p1/8/3P4/2P1P1bP/PP1K2P1/8 w - - 0 26,e3e4,-163,-168,5
8/pp2k1p1/2p3p1/8/3PP3/2P1K1bP/PP4P1/8 b - - 2 27,g6g5,164,166,2
5k2/pp4p1/2p3K1/6p1/3PP3/2P4P/PP4P1/2b5 w - - 8 32,e4e5,-299,-514,215
5k2/pp4p1/2p5/4P1K1/3P4/2b4P/P5P1/8 w - - 0 34,h3h4,-503,-504,1
5k2/pp4p1/2p5/4P1K1/3b3P/8/P5P1/8 w - - 0 35,h4h5,-534,-561,27
5k2/pp4p1/2p5/4b1KP/8/8/P5P1/8 w - - 0 36,g2g4,-563,-587,24
8/pp3kp1/2p5/5K1P/6P1/8/Pb6/8 w - - 3 38,g4g5,-566,-608,42
8/pp3kp1/2p5/5KPP/8/8/P7/2b5 w - - 1 39,g5g6,-560,-645,85
8/pp2k1p1/2p3P1/4K2P/8/8/P7/2b5 b - - 2 40,b7b5,660,703,43
8/p5p1/2pk2P1/1p5P/8/2K5/P7/2b5 b - - 3 42,c6c5,717,774,57
8/p5p1/3k2P1/1pp4P/8/2K5/P7/2b5 w - - 0 43,a2a3,-756,-799,43
8/p5p1/3k2P1/1pp3bP/8/P1K5/8/8 w - - 1 44,a3a4,-775,-803,28
8/p5p1/3k2P1/1pp3bP/P7/2K5/8/8 b - - 0 44,b5a4,829,879,50
8/p5p1/6P1/2p3bP/K2k4/8/8/8 b - - 0 47,c5c4,879,907,28
rnbqkbnr/pppppppp/8/8/8/8/PPPPPPPP/RNBQKBNR w KQkq - 0 1,e2e4,39,36,-3
rnbqkbnr/pppppppp/8/8/4P3/8/PPPP1PPP/RNBQKBNR b KQkq - 0 1,e7e6,-37,-48,11
rnbqkbnr/pppp1ppp/4p3/8/4P3/8/PPPP1PPP/RNBQKBNR w KQkq - 0 2,f2f4,34,-9,-43
rnbqkbnr/pppp1ppp/4p3/8/4PP2/8/PPPP2PP/RNBQKBNR b KQkq - 0 2,d7d5,11,20,9
rnbqkbnr/ppp2ppp/4p3/3p4/4PP2/8/PPPP2PP/RNBQKBNR w KQkq - 0 3,e4e5,-13,-19,6
rnbqkbnr/ppp2ppp/4p3/3pP3/5P2/8/PPPP2PP/RNBQKBNR b KQkq - 0 3,c7c5,9,11,2
rnb1kbnr/pp3ppp/1q2p3/2ppP3/5P2/5N2/PPPP2PP/RNBQKB1R w KQkq - 2 5,c2c3,-5,-7,2
r1b1kbnr/pp3ppp/1qn1p3/2ppP3/5P2/2P2N2/PP1P2PP/RNBQKB1R w KQkq - 1 6,d2d3,-12,-35,23
r3kb1r/pp1b1ppp/1qn1p3/2ppPn2/5P2/2PP1N2/PP2B1PP/RNBQ1RK1 w kq - 5 9,g2g4,-30,-73,43
r3kb1r/pp1b1ppp/1qn1p3/2ppP3/5Pn1/2PP1N2/PP2B1KP/RNBQ1R2 w kq - 0 11,h2h3,-207,-262,55
r3kb1r/pp1bnppp/1q2p3/2ppP1N1/5PB1/2PP1K1P/PP1N4/R1BR4 b kq - 0 16,h7h6,824,837,13
r4b1r/pp1bnkp1/1q2p2p/2ppP3/5PB1/2PP1K1P/PP1N4/R1B2R2 b - - 1 18,h6h5,948,891,-57
rnbqkbnr/pppppppp/8/8/8/8/PPPPPPPP/RNBQKBNR w KQkq - 0 1,e2e4,29,32,3
rnbqkbnr/pppppppp/8/8/4P3/8/PPPP1PPP/RNBQKBNR b KQkq - 0 1,b7b6,-37,-89,52
rn1qkbnr/pbpppppp/1p6/8/2B1P3/8/PPPP1PPP/RNBQK1NR w KQkq - 2 3,d2d3,34,4,-30
rn1qkb1r/pbpppppp/1p5B/8/2B1P3/3P4/PPP2PPP/RN1QK1NR b KQkq - 0 4,g7h6,-32,-46,14
rn1qkb1r/pbpppp1p/1p5p/8/2B1P3/3P1Q2/PPP2PPP/RN2K1NR b KQkq - 1 5,e7e6,-22,-27,5
rn1qk2r/pbpp1pbp/1p2p2p/8/2B1P3/3P1Q1N/PPP2PPP/RN2K2R w KQkq - 2 7,c2c3,-9,-10,1
r2qk1r1/pbpp1pbp/1p2p2p/8/2n1P3/2PPQ2N/PP3PPP/RN2K2R w KQq - 0 11,d3c4,-163,-165,2
r3k1r1/pbpp1pbp/1p2p2p/2Q5/2P1P3/2P4N/PP3PPP/RN3RK1 b q - 0 13,b6b5,135,-713,-848
r3k1r1/p1pp1p1p/2b1p2p/8/2P5/1Qb4N/PP1N1PPP/R4RK1 w q - 0 17,g2g3,564,575,11
r3k1r1/p1pp1p1p/2b1p2p/6N1/2P5/1Q4P1/PP3P1P/3R1RK1 b q - 0 19,h6g5,-601,-571,-30
r3k1r1/p1pp1p1p/2b1p3/6p1/2P5/3Q2P1/PP3P1P/3R1RK1 b q - 1 20,h7h6,-535,-572,37
r3k1r1/p1pp1p2/2b1p2p/6p1/2P5/3Q2P1/PP3P1P/3R1RK1 w q - 0 21,b2b4,548,520,-28
1r2k1r1/p1pp1p2/4p2p/6p1/bPP5/3Q2P1/P2R1P1P/5RK1 w - - 3 23,b4b5,765,783,18
1r2k1r1/p1pp1p2/4p2p/1P4p1/b1P5/3Q2P1/P2R1P1P/5RK1 b - - 0 23,d7d6,-800,-757,-43
1r2k1r1/p1p2p2/3pp2p/1b4p1/2P5/Q5P1/P2R1P1P/5RK1 w - - 0 25,c4b5,772,768,-4
6Q1/2p1kp2/3pp2p/2r3p1/8/6P1/P2R1P1P/5RK1 b - - 0 28,e6e5,-811,-843,32
7Q/2p1kp2/3p3p/2r1p1p1/8/6P1/P2R1P1P/5RK1 b - - 1 29,d6d5,-806,-1010,204
rnbqkbnr/pppppppp/8/8/8/8/PPPPPPPP/RNBQKBNR w KQkq - 0 1,e2e4,34,35,1
rnbqkbnr/pppppppp/8/8/4P3/8/PPPP1PPP/RNBQKBNR b KQkq - 0 1,e7e5,-34,-32,-2
r1bqkb1r/pppp1ppp/2n2n2/4p3/2B1P3/5N2/PPPP1PPP/RNBQK2R w KQkq - 4 4,d2d3,29,22,-7
r1bqk2r/pppp1ppp/2n2n2/2b1p3/2B1P3/3P1N2/PPP2PPP/RNBQK2R w KQkq - 1 5,c2c3,15,16,1
r1bq1rk1/pppp1ppp/2n2n2/2b1p3/2B1P3/2PP1N2/PP3PPP/RNBQ1RK1 b - - 2 6,d7d6,-13,-18,5
3q1rk1/p1p2ppp/Q2pbn2/2b1p1B1/4P3/2PP4/P2N1PPP/R4RK1 b - - 0 13,h7h6,-164,-170,6
3q1rk1/p1p2pp1/Q2pbn1p/2b1p3/4P2B/2PP4/P2N1PPP/R4RK1 b - - 1 14,g7g5,-117,-115,-2
3q1rk1/p1p2p2/Q2pbn1p/2b1p1p1/4P3/2PP2B1/P2N1PPP/R4RK1 b - - 1 15,h6h5,-119,-168,49
3q1rk1/p1p2p2/Q2pbn2/2b1p1pp/4P3/2PP2B1/P2N1PPP/R4RK1 w - - 0 16,h2h3,168,53,-115
3q1rk1/p1p2p2/Q2pbn2/2b1p1pp/4P3/2PP2BP/P2N1PP1/R4RK1 b - - 0 16,h5h4,-63,-60,-3
rnbqkbnr/pppppppp/8/8/8/8/PPPPPPPP/RNBQKBNR w KQkq - 0 1,e2e4,23,26,3
rnbqkbnr/pppppppp/8/8/4P3/8/PPPP1PPP/RNBQKBNR b KQkq - 0 1,e7e5,-33,-28,-5
rnbqkbnr/pppp1ppp/8/4p3/4P3/8/PPPP1PPP/RNBQKBNR w KQkq - 0 2,c2c4,34,-47,-81
rnbqk1nr/pppp1ppp/8/2b1p3/2P1P3/5N2/PP1P1PPP/RNBQKB1R b KQkq - 2 3,d7d6,37,30,-7
rnbqk1nr/ppp2ppp/3p4/2b1p3/2P1P3/5N2/PP1P1PPP/RNBQKB1R w KQkq - 0 4,d2d3,-37,-38,1
rnbqk1nr/ppp2ppp/3p4/2b1p3/2P1P3/3P1N2/PP3PPP/RNBQKB1R b KQkq - 0 4,a7a6,42,11,-31
rnbqk1nr/1pp2ppp/p2p4/2b1p3/2P1P3/3P1N2/PP3PPP/RNBQKB1R w KQkq - 0 5,a2a3,-7,-22,15
rn1qk1nr/1pp2ppp/p2p4/2b1p3/2P1P1b1/P2P1N2/1P3PPP/RNBQKB1R w KQkq - 1 6,h2h3,1,-28,-29
r3k2r/1ppnnppp/p2p1q2/4p3/2PbP3/P1NP1Q1P/1P1BBPP1/R4RK1 b kq - 8 11,h7h6,73,-31,-104
r3k2r/1ppnnpp1/p2p1q1p/4p3/2PbP3/P1NP1Q1P/1P1BBPP1/1R3RK1 b kq - 1 12,g7g5,-7,-42,35
r3k2r/1ppnnp2/p2p1q1p/4p1p1/2PbP1Q1/P1NP3P/1P1BBPP1/1R3RK1 b kq - 1 13,c7c6,24,27,3
4k2r/rp1nnp2/p1pp1q1p/4p1p1/2P1P1Q1/P1NP3P/1P2BPP1/1R3RK1 w k - 0 16,b2b4,1,-20,-21
4k2r/rp1nnp2/p1pp2qp/4p1p1/NPP1P1Q1/P2P3P/4BPP1/1R3RK1 b k - 2 17,h6h5,38,28,-10
1r2k2r/1p2np2/pNpp1nq1/4p1pp/1PP1P3/P2PQ2P/4BPP1/1R3RK1 w k - 6 21,c4c5,174,132,-42
1r2k2r/1p2np2/pNpp1nq1/2P1p1pp/1P2P3/P2PQ2P/4BPP1/1R3RK1 b k - 0 21,d6d5,-152,-127,-25
1r2k2r/1p2np2/pNp2nq1/2Ppp1pp/1P2P3/P2PQ2P/4BPP1/1R3RK1 w k - 0 22,e4d5,128,118,-10
rnbqkbnr/pppppppp/8/8/8/8/PPPPPPPP/RNBQKBNR w KQkq - 0 1,d2d4,35,20,-15
rnbqkbnr/pppppppp/8/8/3P4/8/PPP1PPPP/RNBQKBNR b KQkq - 0 1,c7c5,-23,-69,46
rnbqkbnr/pp1ppppp/8/2p5/3P4/8/PPP1PPPP/RNBQKBNR w KQkq - 0 2,c2c4,79,-8,-87
rnbqkbnr/pp1ppppp/8/2p5/2PP4/8/PP2PPPP/RNBQKBNR b KQkq - 0 2,d7d6,2,-84,-86
rnbqkbnr/pp2pppp/3p4/2p5/2PP1B2/8/PP2PPPP/RN1QKBNR b KQkq - 1 3,g7g6,161,-43,-204
rnbqk2r/pp2pp1p/3p2p1/2p2n2/2PP4/2N2N2/PP2PPPP/R2QKB1R w KQkq - 2 7,d4d5,118,87,-31
rnbq1rk1/pp2pp1p/3p2p1/2pP1n2/2P5/2N2N2/PP2PPPP/R2QKB1R w KQ - 1 8,e2e4,126,122,-4
rn1q1rk1/pp1bpp1p/3p2p1/2pP4/2PnP3/2NB1N2/PP3PPP/R2Q1RK1 b - - 4 10,a7a6,29,-127,-156
rn1q1rk1/1p1bpp1p/p2p2p1/2pP2N1/2PnP3/2NB4/PP3PPP/R2Q1RK1 b - - 1 11,h7h5,32,-166,-198
rn1q1rk1/1p1bpp2/p2p2p1/2pP2Np/2PnP3/2NB4/PP3PPP/R2QR1K1 b - - 1 12,e7e6,-25,-59,34
rn1q1rk1/1p1b1p2/p2pp1p1/2pP2Np/2PnP3/2NB4/PP3PPP/R2QR1K1 w - - 0 13,d5e6,97,27,-70
rn1q1rk1/1p3p2/p2pb1p1/2pN3p/2P1P3/3B4/PP3PPP/R2QR1K1 b - - 1 15,h5h4,16,-73,-89
rn1q1rk1/1p3p2/p2pb1p1/2pN4/2P1P2p/3B4/PP3PPP/R2QR1K1 w - - 0 16,h2h3,74,0,-74
rn1q1rk1/1p3p2/p2p2p1/2pN4/2P1P2p/3B3b/PP3PP1/R2QR1K1 w - - 0 17,g2h3,517,491,-26
r4r1k/1p2Np2/p2p1np1/2p3q1/Q1P1P2p/3B3P/PP3P2/R3RK2 w - - 7 21,f2f3,336,-23,-359
r4r1k/1p2Np2/p2p1np1/2p5/Q1P1P2p/3BKP2/PP4q1/R6R b - - 3 24,h4h3,58,-448,-506
3r3k/1p2rp2/p1n3p1/2Q5/2P1P3/2K2P1B/PP6/7R b - - 0 33,a6a5,-439,-483,44
3r4/1pr2pk1/2B3p1/p3Q3/2P1P3/2K2P2/PP6/7R b - - 2 36,f7f6,-10000,-10000,0
rnbqkbnr/pppppppp/8/8/8/8/PPPPPPPP/RNBQKBNR w KQkq - 0 1,d2d4,31,22,-9
rnbqkbnr/pppppppp/8/8/3P4/8/PPP1PPPP/RNBQKBNR b KQkq - 0 1,e7e5,-21,-132,111
rnbqkbnr/pppp1ppp/8/4p3/3P4/8/PPP1PPPP/RNBQKBNR w KQkq - 0 2,d4e5,117,120,3
rnbqkbnr/pppp1ppp/8/4P3/8/8/PPP1PPPP/RNBQKBNR b KQkq - 0 2,d7d6,-119,-154,35
rnbqkbnr/ppp2ppp/3p4/4P3/8/8/PPP1PPPP/RNBQKBNR w KQkq - 0 3,e5d6,160,114,-46
rnbq1rk1/ppp2ppp/3b1n2/8/8/2N2N2/PPP1PPPP/R1BQKB1R w KQ - 4 6,a2a3,104,94,-10
r1bq1rk1/ppp2ppp/2nb1n2/8/8/P1N2N2/1PP1PPPP/R1BQKB1R w KQ - 1 7,e2e3,127,29,-98
r1bq1rk1/ppp2ppp/2nb1n2/8/8/P1N1PN2/1PP2PPP/R1BQKB1R b KQ - 0 7,a7a6,-25,-15,-10
r1bq1rk1/1pp2ppp/p1nb1n2/8/8/P1N1PN2/1PP1BPPP/R1BQK2R b KQ - 1 8,h7h6,-27,-39,12
r1bq1rk1/1pp2pp1/p4n1p/4b3/8/P1N1PB2/1PPB1PPP/2RQ1RK1 b - - 2 12,c7c6,-10,-27,17
r1b2rk1/1p3pp1/p1pq1n1p/4b3/8/P1N1PB2/1PPBQPP1/2RR3K w - - 2 16,e3e4,-33,-83,50
3r1rk1/1p1b1pp1/p1p1qB1p/8/4P3/P2R1B2/1PP1QPP1/3R3K b - - 0 20,g7f6,-439,-454,15
3q2k1/1p3p2/p1p1bp1p/8/4P3/P4B2/1PP1QPP1/7K w - - 0 25,c2c4,5,-55,-60
6k1/1p3p2/p1p1bp1p/8/2PqP3/P4B2/1P2QPP1/7K w - - 1 26,c4c5,-77,-119,42
6k1/1p3p2/p1p1bp1p/2q5/4P3/P4B2/1P1Q1PP1/7K b - - 1 27,f6f5,134,0,-134
6k1/1p3p2/p1p1b2p/2q2p2/4P3/P4B2/1P1Q1PP1/7K w - - 0 28,e4f5,0,-22,-22
8/1pQ2pk1/p1p3b1/2q5/8/P7/1P3PP1/7K b - - 5 33,b7b5,572,523,-49
8/2Q2pk1/p1p3b1/1pq5/8/P7/1P3PP1/7K w - - 0 34,b2b4,-518,-496,-22
8/5pk1/Q5b1/1p6/7q/8/5PP1/6K1 b - - 2 40,b5b4,558,541,-17
8/5pk1/6b1/8/Qp6/2q5/5PP1/6K1 w - - 4 43,f2f3,-595,-640,45
8/5pk1/6b1/8/Qp6/2q2P2/6P1/6K1 b - - 0 43,b4b3,668,651,-17
8/5pk1/6b1/8/8/Qp3P2/2q3PK/8 b - - 3 45,b3b2,651,690,39
rnbqkbnr/pppppppp/8/8/8/8/PPPPPPPP/RNBQKBNR w KQkq - 0 1,e2e4,26,30,4
rnbqkbnr/pppppppp/8/8/4P3/8/PPPP1PPP/RNBQKBNR b KQkq - 0 1,g7g6,-29,-68,39
rnbqkbnr/pppppp1p/6p1/8/4P3/8/PPPP1PPP/RNBQKBNR w KQkq - 0 2,d2d4,73,74,1
rnbqkbnr/pppppp1p/6p1/8/3PP3/8/PPP2PPP/RNBQKBNR b KQkq - 0 2,d7d6,-75,-76,1
rnbqkbnr/ppp1pp1p/3p2p1/8/3PP3/5N2/PPP2PPP/RNBQKB1R b KQkq - 1 3,c7c6,-73,-75,2
rnbqkbnr/pp2pp1p/2pp2p1/8/3PP3/5N2/PPP2PPP/RNBQKB1R w KQkq - 0 4,h2h3,81,66,-15
rn2kb1r/pp2pp1p/2pp2p1/q4bB1/3Pn3/5N1P/PPPNQPP1/R3KB1R w KQkq - 4 8,c2c3,-95,-191,96
r3kb1r/pp1npp1p/2pp2p1/q4b2/3P4/2P2N1P/PP1BQPP1/R3KB1R w KQkq - 1 10,b2b4,-62,-155,93
r3kb1r/pp1npp1p/2pp2p1/5bN1/1P1P4/q1P4P/P2BQPP1/R3KB1R b KQkq - 2 11,h7h5,194,144,-50
r3kb1r/pp1npp2/2pp2p1/5bNp/1PQP4/q1P4P/P2B1PP1/R3KB1R b KQkq - 1 12,d6d5,151,146,-5
r3kb1r/pp2pp2/2p3p1/3p2Np/bPBP4/2P4P/P2B1PP1/2R2RK1 b kq - 0 19,d5c4,77,74,-3
4rrk1/pR3p2/2p3pb/6Np/bPpP1B2/2P4P/P4PP1/2R3K1 b - - 0 23,f7f6,-122,-137,15
1R6/p4r1k/2p1rpp1/7p/bPpP1B2/2P4P/P4PP1/2R3K1 b - - 4 27,g6g5,-91,-130,39
8/p3r2k/5R2/6pp/1PpP4/2Pb3P/P4PP1/2r1B1K1 b - - 0 34,h5h4,695,871,176
8/p3r2k/5R2/6p1/1PpP3p/2Pb3P/P4PP1/2r1B1K1 w - - 0 35,g2g4,-910,-10000,9090
8/p6k/5R2/6p1/1PpPb1Pp/2P4P/P4PK1/2r1r3 w - - 2 37,f2f3,-10000,-10000,0
rnbqkbnr/pppppppp/8/8/8/8/PPPPPPPP/RNBQKBNR w KQkq - 0 1,e2e4,31,31,0
rnbqkbnr/pppppppp/8/8/4P3/8/PPPP1PPP/RNBQKBNR b KQkq - 0 1,e7e6,-28,-38,10
rnbqkbnr/pppp1ppp/4p3/8/4P3/8/PPPP1PPP/RNBQKBNR w KQkq - 0 2,d2d4,41,38,-3
rnbqkbnr/pppp1ppp/4p3/8/3PP3/8/PPP2PPP/RNBQKBNR b KQkq - 0 2,d7d5,-32,-33,1
rnbqk2r/ppp2ppp/4pb2/3p4/3PP3/2N5/PPP2PPP/R2QKBNR w KQkq - 0 6,e4e5,-6,-45,39
rnbq1rk1/ppp1bppp/4p3/3pP3/3P2Q1/2NB4/PPP2PPP/R3K1NR b KQ - 4 8,f7f5,71,88,17
rnbq1rk1/ppp1b1pp/4p3/3pPp2/3P4/2NB2Q1/PPP2PPP/R3K1NR b KQ - 1 9,c7c5,112,96,-16
rnb2rk1/pp2b1pp/4p3/2ppPp2/3P4/2NB1NQ1/PqPK1PPP/R6R b - - 1 13,c5d4,290,225,-65
rnb2rk1/pp4pp/4p3/1B1pPp2/1b1N4/2N3Q1/PqPK1PPP/R6R b - - 2 15,a7a6,355,312,-43
rnb2rk1/1p4pp/p3p3/1B1pPp2/3N4/2K5/P1P2PPP/RR6 b - - 0 18,a6b5,498,476,-22
r1b2rk1/1p4pp/2N1p3/1R1pPp2/8/2K5/P1P2PPP/R7 b - - 0 20,b7c6,412,395,-17
r4rk1/3b2pp/2p1p3/2RpPp2/8/2K5/P1P2PPP/R7 w - - 2 22,a2a4,-439,-427,-12
5rk1/3b2pp/r1p1p3/2RpPp2/P7/2K5/2P2PPP/R7 w - - 1 23,a4a5,-413,-452,39
r5k1/3b2pp/r1p1p3/P1RpPp2/3K4/8/2P2PPP/R7 b - - 2 24,g7g5,453,404,-49
r5k1/3b3p/r1p1p3/P1RpPpp1/R2K4/8/2P2PPP/8 b - - 1 25,h7h5,423,374,-49
r5k1/3b4/r1p1p3/P1RpPppp/R2K4/8/2P2PPP/8 w - - 0 26,h2h3,-380,-406,26
r5k1/3b4/r1p1p3/P1RpPppp/R2K4/7P/2P2PP1/8 b - - 0 26,f5f4,412,415,3
r5k1/3b4/r1p1p3/P1RpP1pp/R2K1p2/7P/2P2PP1/8 w - - 0 27,f2f3,-420,-425,5
r3b3/3k4/r1p1p3/P1RpP1pp/R4p2/5P1P/2P2KP1/8 w - - 7 31,g2g3,-427,-434,7
r3b3/3k4/r1p1p3/P1RpP1pp/R4p2/5PPP/2P2K2/8 b - - 0 31,f4g3,445,405,-40
r7/3k4/r1p1p3/P1RpPbpp/8/5PKP/R1P5/8 w - - 3 34,h3h4,-372,-384,12
r7/3k4/r1p1p3/P1RpPbpp/7P/5PK1/R1P5/8 b - - 0 34,g5g4,428,416,-12
r7/3k4/r1p1p3/P1RpPb1p/6pP/5PK1/R1P5/8 w - - 0 35,f3g4,-441,-425,-16
8/8/r1pkp2K/P2pr2p/R5bP/2R5/2P5/8 b - - 3 40,c6c5,465,469,4
8/8/r2kp2K/P1ppr2p/R5bP/6R1/2P5/8 b - - 1 41,c5c4,533,545,12
8/4K3/r3p3/P1kp3p/R1p3RP/8/2r5/8 b - - 0 45,h5g4,751,734,-17
8/4K3/r3p3/P1kp4/R1p3pP/8/2r5/8 w - - 0 46,h4h5,-756,-785,29
rnbqkbnr/pppppppp/8/8/8/8/PPPPPPPP/RNBQKBNR w KQkq - 0 1,e2e4,27,32,5
rnbqkbnr/pppppppp/8/8/4P3/8/PPPP1PPP/RNBQKBNR b KQkq - 0 1,e7e5,-28,-32,4
r1bqk1nr/pppp1ppp/2n5/2b1p3/2B1P3/5N2/PPPP1PPP/RNBQK2R w KQkq - 4 4,a2a3,13,-2,-15
r1b1k1nr/pppp1ppp/2n2q2/2b1p3/2B1P3/P4N2/1PPP1PPP/RNBQK2R w KQkq - 1 5,b2b4,28,25,-3
r1b1k1nr/pppp1ppp/1bn2q2/4p3/1PB1P3/P4N2/2PP1PPP/RNBQK2R w KQkq - 1 6,d2d3,28,-5,-33
r1b1k1nr/pppp1ppp/1bn2q2/4p3/1PB1P3/P2P1N2/2P2PPP/RNBQK2R b KQkq - 0 6,h7h6,8,-29,-37
r1b2rk1/ppppnpp1/1bn2q1p/4p3/1PB1P3/P1NP1N2/2P2PPP/R1BQR1K1 b - - 5 9,a7a6,74,11,-63
r1b2rk1/1pppnpp1/pb3q1p/4p3/1PBBP3/P1NP1N2/2P2PPP/R2QR1K1 b - - 0 11,e5d4,-28,-56,28
r1b2rk1/1pppnpp1/pb3q1p/8/1PBpP3/P1NP1N2/2P2PPP/R2QR1K1 w - - 0 12,e4e5,63,49,-14
r1b2rk1/1pppnpp1/pb4qp/4P3/1PBpN3/P2P1N2/2P2PPP/R2QR1K1 b - - 2 13,d7d5,-108,-222,114
r1b2rk1/1pp1npp1/pb4qp/3pP3/1PBpN3/P2P1N2/2P2PPP/R2QR1K1 w - d6 0 14,e5d6,206,203,-3
r1b2rk1/1pp1npp1/pb1P2qp/8/1PBpN3/P2P1N2/2P2PPP/R2QR1K1 b - - 0 14,c7d6,-203,-361,158
r4rk1/1p2npp1/pb1pB1qp/8/1P1pN3/P2P1N2/2P2PPP/R2QR1K1 b - - 0 16,f7e6,-34,-82,48
rnbqkbnr/pppppppp/8/8/8/8/PPPPPPPP/RNBQKBNR w KQkq - 0 1,e2e4,37,21,-16
rnbqkbnr/pppppppp/8/8/4P3/8/PPPP1PPP/RNBQKBNR b KQkq - 0 1,e7e5,-38,-38,0
r1bqkb1r/ppppnppp/2n5/1B2p3/4P3/2N2N2/PPPP1PPP/R1BQK2R b KQkq - 5 4,h7h6,-47,-107,60
r1bqkb1r/ppppnpp1/2n4p/1B1Np3/4P3/5N2/PPPP1PPP/R1BQK2R b KQkq - 1 5,a7a6,-1,-36,35
r1bqkb1r/1pppnpp1/p1n4p/3Np3/B3P3/5N2/PPPP1PPP/R1BQK2R b KQkq - 1 6,b7b5,-29,-48,19
r1bqkb1r/2pp1pp1/p1n3np/1p1Np3/4P3/1B3N2/PPPP1PPP/R1BQK2R w KQkq - 2 8,c2c4,97,-64,-161
r1bqkb1r/2pp1pp1/p1n3np/1p1Np3/2P1P3/1B3N2/PP1P1PPP/R1BQK2R b KQkq - 0 8,b5b4,56,-119,-175
r1bqkb1r/2pp1pp1/p5np/3Np3/BpPnP3/5N2/PP1P1PPP/R1BQ1RK1 b kq - 3 10,c7c6,-6,-47,41
r1bqkb1r/3p1pp1/p1p3np/4p3/BpPnP3/4NN2/PP1P1PPP/R1BQ1RK1 b kq - 1 11,a6a5,-31,-89,58
r1bqkb1r/3p1pp1/2p3np/p3p3/BpPNP3/4N3/PP1P1PPP/R1BQ1RK1 b kq - 0 12,e5d4,-1,-107,106
5b1r/3p2pk/6np/p7/Bp2Q3/8/PP1P1P1P/R1B3K1 b - - 2 21,d7d5,-666,-761,95
7r/4b1pk/6np/p2Q4/Bp6/8/PP1P1P1P/R1B3K1 w - - 1 23,d2d3,720,726,6
5r2/6pk/6np/p7/1p1BQ2b/1B1P4/PP3P1P/5RK1 w - - 11 29,f2f4,754,800,46
3b1r2/6pk/6np/p7/1p1BQP2/1B1P4/PP5P/5RK1 w - - 1 30,f4f5,967,903,-64
3b1r2/4n1pk/7p/p4P2/1p1BQ3/1B1P4/PP5P/5RK1 w - - 1 31,f5f6,10000,10000,0
3b1r2/6pk/5Pnp/p7/1p1BQ3/1B1P4/PP5P/5RK1 w - - 1 32,f6g7,10000,10000,0
3b4/6Pk/6np/p7/1p1BQ3/1B1P4/PP5P/5K2 b - - 0 33,h6h5,-10000,-10000,0
3b4/6Pk/6n1/p6p/1p1BQ3/1B1P4/PP5P/5K2 w - - 0 34,g7g8q,10000,10000,0
rnbqkbnr/pppppppp/8/8/8/8/PPPPPPPP/RNBQKBNR w KQkq - 0 1,e2e4,30,35,5
rnbqkbnr/pppppppp/8/8/4P3/8/PPPP1PPP/RNBQKBNR b KQkq - 0 1,c7c5,-32,-36,4
rnbqkbnr/pp1ppppp/8/2p5/4P3/8/PPPP1PPP/RNBQKBNR w KQkq - 0 2,f2f4,32,-15,-47
rnbqkbnr/pp1ppppp/8/2p5/4PP2/8/PPPP2PP/RNBQKBNR b KQkq - 0 2,d7d5,10,-24,-34
rnbqkbnr/pp2pppp/8/2pp4/4PP2/8/PPPP2PP/RNBQKBNR w KQkq - 0 3,e4d5,25,2,-23
rn1qkbnr/pp2pppp/8/2p2b2/2B2P2/2N5/PPPP2PP/R1BQK1NR w KQkq - 4 6,d2d3,83,29,-54
rn1qkbnr/pp2pppp/8/2p2b2/2B2P2/2NP4/PPP3PP/R1BQK1NR b KQkq - 0 6,a7a6,-24,-66,42
rn1qkbnr/1p2pppp/p7/2p2b2/2B2P2/2NP4/PPP3PP/R1BQK1NR w KQkq - 0 7,g2g4,72,71,-1
rn1qkbnr/1p1bpppp/p7/2p5/2B2PP1/2NP4/PPP4P/R1BQK1NR w KQkq - 1 8,a2a4,80,23,-57
rn1qkbnr/1p1bpppp/p7/2p5/P1B2PP1/2NP4/1PP4P/R1BQK1NR b KQkq - 0 8,e7e6,-32,-29,-3
rn2kbnr/1p3ppp/p3p3/2p5/P1B2PP1/2NP2q1/1PPB3P/R3K2R w KQkq - 0 13,h2g3,154,144,-10
2kr1bnr/1p3ppp/p1n1p3/2p5/P1B2PP1/2NP2P1/1PPB4/2KR3R w - - 3 15,f4f5,204,113,-91
2kr1bnr/1p3ppp/p3p3/2p1nP2/P1B3P1/2NP2P1/1PPB4/2KR3R w - - 1 16,f5e6,205,213,8
2kr1bnr/1p3ppp/p3P3/2p5/P1n3P1/2NP2P1/1PPB4/2KR3R w - - 0 17,d3c4,197,200,3
2kr1bnr/1p3ppp/p3P3/2p5/P1P3P1/2N3P1/1PPB4/2KR3R b - - 0 17,f7e6,-196,-179,-17
2kr2nr/1p4pp/p3p3/2p5/P1P2bP1/2N3P1/1PP5/2K1R2R w - - 0 20,g3f4,165,181,16
2kr3r/1p4pp/p3p2n/2p5/P1P2PP1/2N5/1PP5/2K1R2R w - - 1 21,g4g5,183,186,3
2k4r/1p4pp/p7/2p1RnP1/P1r2P2/2N5/1PP5/2K2R2 b - - 1 24,g7g6,-109,-142,33
8/1p1k3p/p5p1/2p3P1/P1r2P2/8/1PP5/2K2R2 w - - 0 31,b2b3,7,6,-1
8/8/p4rp1/2R5/P4k2/1PK5/2P5/8 b - - 0 40,g6g5,0,0,0
8/8/p4r2/2R3p1/P4k2/1PK5/2P5/8 w - - 0 41,b3b4,7,7,0
8/8/p4r2/2R3p1/PP3k2/2K5/2P5/8 b - - 0 41,g5g4,0,0,0
8/8/p5r1/5R2/PP4p1/2K5/2P3k1/8 w - - 6 45,b4b5,2,18,16
8/8/p5r1/1P3R2/P5p1/2K5/2P3k1/8 b - - 0 45,a6b5,-17,-17,0
8/8/6r1/1p3R2/P5p1/2K5/2P3k1/8 w - - 0 46,a4b5,17,15,-2
8/8/6r1/1P3R2/6p1/2K5/2P3k1/8 b - - 0 46,g4g3,-14,-16,2
8/8/6r1/1P1R4/1K6/6p1/2P5/7k b - - 3 48,g3g2,-14,-10,-4
8/8/6r1/1P6/1K6/8/2P3p1/3R3k b - - 1 49,g2g1q,-4,0,4
8/8/6r1/1P6/1K6/8/2P5/6k1 w - - 0 51,c2c4,0,0,0
8/8/6r1/1P6/1KP5/8/5k2/8 w - - 1 52,c4c5,0,0,0
8/8/6r1/1PP5/1K6/4k3/8/8 w - - 1 53,b5b6,256,235,-21
8/8/1P4r1/2P5/1K1k4/8/8/8 w - - 1 54,b6b7,236,234,-2
8/1PK5/8/2k5/1r6/8/8/8 w - - 0 58,b7b8q,0,0,0
rnbqkbnr/pppppppp/8/8/8/8/PPPPPPPP/RNBQKBNR w KQkq - 0 1,b2b3,33,-31,-64
rnbqkbnr/pppppppp/8/8/8/1P6/P1PPPPPP/RNBQKBNR b KQkq - 0 1,e7e5,30,23,-7
rnbqkbnr/pppp1ppp/8/4p3/8/1P6/PBPPPPPP/RN1QKBNR b KQkq - 1 2,e5e4,21,-27,-48
rnbqkbnr/pppp1ppp/8/8/4p3/1P6/PBPPPPPP/RN1QKBNR w KQkq - 0 3,d2d3,19,-9,-28
rnbqkb1r/pppp1ppp/5n2/8/4p3/1P1P3N/PBP1PPPP/RN1QKB1R b KQkq - 2 4,d7d5,36,36,0
rnbqkb1r/ppp2ppp/5n2/3p4/4p3/1P1P3N/PBP1PPPP/RN1QKB1R w KQkq - 0 5,d3e4,-37,-80,43
rnb1kb1r/ppp2ppp/8/3p4/4nN1q/1P6/PBP1PPPP/RN1QKB1R w KQkq - 2 7,g2g3,78,59,-19
rnb1k2r/ppp2ppp/8/2bp4/4nN1q/1P4P1/PBP1PP1P/RN1QKB1R w KQkq - 1 8,f2f3,160,-10000,-10160
rnbqkbnr/pppppppp/8/8/8/8/PPPPPPPP/RNBQKBNR w KQkq - 0 1,e2e4,32,30,-2
rnbqkbnr/pppppppp/8/8/4P3/8/PPPP1PPP/RNBQKBNR b KQkq - 0 1,e7e6,-31,-44,13
rnbqkbnr/pppp1ppp/4p3/8/4P3/8/PPPP1PPP/RNBQKBNR w KQkq - 0 2,d2d4,34,30,-4
rnbqkbnr/pppp1ppp/4p3/8/3PP3/8/PPP2PPP/RNBQKBNR b KQkq - 0 2,d7d5,-29,-31,2
rnbqkbnr/ppp2ppp/4p3/3p4/3PP3/8/PPP2PPP/RNBQKBNR w KQkq - 0 3,e4e5,31,26,-5
rnbqkbnr/ppp2ppp/4p3/3pP3/3P4/8/PPP2PPP/RNBQKBNR b KQkq - 0 3,c7c5,-30,-28,-2
rnbqkbnr/pp3ppp/4p3/2ppP3/3P4/8/PPP2PPP/RNBQKBNR w KQkq - 0 4,c2c3,27,31,4
rnbqkb1r/pp2nppp/4p3/2ppP3/3P4/2P5/PP3PPP/RNBQKBNR w KQkq - 1 5,f2f4,34,-30,-64
rnbqkb1r/pp2nppp/4p3/2ppP3/3P1P2/2P5/PP4PP/RNBQKBNR b KQkq - 0 5,c5d4,38,30,-8
rnbqkb1r/pp2nppp/4p3/3pP3/3p1P2/2P5/PP4PP/RNBQKBNR w KQkq - 0 6,c3d4,-36,-39,3
r3k2r/pp2bppp/1qb1p3/3pPn2/3P1P2/2N2N2/PP4PP/R1BQ1RK1 w kq - 2 12,a2a3,46,-89,-135
r4rk1/pp2bppp/1qb1p3/3pPn2/3P1P2/P1N2N2/1P4PP/R1BQ1RK1 w - - 1 13,b2b4,0,-137,-137
2r2rk1/pp2bppp/2q1p3/2NpPn2/1PbP1P2/P4N2/1B3RPP/R2Q2K1 b - - 8 17,b7b6,206,217,11
2r2rk1/p3bppp/1pq1p3/3pPn2/1PbP1P2/P2N1N2/1B3RPP/R2Q2K1 b - - 1 18,a7a5,216,177,-39
2r2rk1/4bppp/1pq1p3/p2pPn2/1PbP1P2/P1BN1N2/5RPP/R2Q2K1 b - - 1 19,a5a4,624,178,-446
2r2rk1/4bppp/1pq1p3/3pPn2/pPbP1P2/P1BN1N2/5RPP/R2Q2K1 w - - 0 20,g2g4,-186,-476,290
5rk1/4bppp/1p2p3/3pPn2/pP1P1PP1/P1r2N2/5R1P/R5K1 w - - 0 23,g4f5,-298,-300,2
5rk1/4bppp/1p2p3/3pPP2/pP1P1P2/P1r2N2/5R1P/R5K1 b - - 0 23,e6f5,302,245,-57
2r3k1/4bppp/1p6/3pPp2/pP1P1P2/P1r2N2/R4RKP/8 b - - 3 25,h7h5,265,260,-5
2r3k1/4bpp1/1p6/3pPp1p/pP1P1P2/P1r2N2/R4RKP/8 w - - 0 26,h2h4,-244,-240,-4
6k1/4bpp1/1pr5/3pPpNp/pP1P1P1P/P1r5/R4RK1/8 b - - 2 27,f7f6,294,221,-73
6k1/4b1p1/1pr2p2/3pPpNp/pP1P1P1P/P1r5/R4RK1/8 w - - 0 28,e5f6,-239,-223,-16
6k1/6p1/1pr2b2/3p1p1p/pP1P1P1P/P1r2N2/R4RK1/8 b - - 1 29,g7g6,294,243,-51
6k1/8/1pr3p1/3pbp1p/pP1P1P1P/P1r5/R4RK1/8 w - - 0 31,f4e5,-236,-338,102
8/6k1/1pr3p1/3pPp1p/pP1P3P/P2r4/R3R1K1/8 w - - 3 33,e5e6,-283,-271,-12
8/6k1/1pr1P1p1/3p1p1p/pP1r3P/P7/R3R1K1/8 w - - 0 34,e6e7,257,248,-9
8/4P1k1/1pr3p1/3p1p1p/pP2R2P/P7/R4K2/8 b - - 0 36,d5e4,-634,-687,53
8/4P1k1/1pr3p1/5p1p/pP2p2P/P7/R4K2/8 w - - 0 37,e7e8q,623,736,113
rnbqkbnr/pppppppp/8/8/8/8/PPPPPPPP/RNBQKBNR w KQkq - 0 1,e2e4,31,31,0
rnbqkbnr/pppppppp/8/8/4P3/8/PPPP1PPP/RNBQKBNR b KQkq - 0 1,e7e6,-35,-34,-1
rnbqkbnr/pppp1ppp/4p3/8/4P3/8/PPPP1PPP/RNBQKBNR w KQkq - 0 2,d2d4,29,40,11
rnbqkbnr/pppp1ppp/4p3/8/3PP3/8/PPP2PPP/RNBQKBNR b KQkq - 0 2,b7b6,-38,-85,47
rnbqkbnr/p1pp1ppp/1p2p3/8/3PP3/8/PPP2PPP/RNBQKBNR w KQkq - 0 3,d4d5,84,29,-55
rnbqk1nr/p1pp1ppp/1p2p3/3P4/1b2P3/8/PPP2PPP/RNBQKBNR w KQkq - 1 4,c2c3,49,45,-4
rnbqk1nr/p1pp1ppp/1p2p3/2bP4/4P3/2P5/PP3PPP/RNBQKBNR w KQkq - 1 5,b2b4,45,38,-7
rnbqk1nr/p1pp1ppp/1p1bp3/3P4/1P2P3/2P2N2/P4PPP/RNBQKB1R b KQkq - 2 6,e6d5,-102,-168,66
rnbqk1nr/p1pp1ppp/1p1b4/3p4/1P2P3/2P2N2/P4PPP/RNBQKB1R w KQkq - 0 7,e4e5,168,122,-46
rnb1k1nr/p1ppqppp/1p6/3QN3/1P6/2P5/P4PPP/RNB1KB1R b KQkq - 0 9,c7c6,-71,-63,-8
rnb1k1nr/p2p2pp/1pp5/8/1PB5/2P5/P4PPP/RNB2RK1 b - - 3 13,d7d5,-149,-140,-9
r1b3nr/p1kn2pp/1pp5/3p2B1/1P6/1BP5/P4PPP/RN2R1K1 w - - 6 17,c3c4,284,258,-26
r1b4r/pk1n2pp/1pp2n2/3p4/1PP2B2/1B6/P4PPP/RN2R1K1 w - - 3 19,c4d5,283,333,50
r1b4r/pk1n2pp/1pp5/3B4/1P3B2/8/P4PPP/RN2R1K1 b - - 0 20,c6d5,-328,-309,-19
r1b4r/pk4pp/1p3n2/3p4/1P3B2/2N5/P4PPP/R3R1K1 w - - 2 22,a2a4,343,187,-156
r6r/pk1b2pp/1p3n2/3p4/PP3B2/2N5/5PPP/R3R1K1 w - - 1 23,a4a5,217,156,-61
r6r/pk1b2pp/1p3n2/P2p4/1P3B2/2N5/5PPP/R3R1K1 b - - 0 23,b6b5,-159,-335,176
r6r/pk1b2pp/5n2/Pp1p4/1P3B2/2N5/5PPP/R3R1K1 w - - 0 24,a5a6,355,335,-20
4r2r/p2b2pp/P1k2n2/1p1pB3/1P6/2N5/5PPP/R3R1K1 w - - 3 26,f2f4,342,339,-3
6r1/B6p/P1b5/3p4/2k2P2/8/6PP/R5K1 b - - 0 38,d5d4,-262,-396,134
8/7p/P2B4/7R/5Pr1/5bk1/8/2K5 w - - 18 54,f4f5,328,343,15
8/7R/P2B4/5P2/2r5/5b2/1K2k3/8 w - - 3 57,a6a7,411,394,-17
b7/P7/3B4/5P2/2r5/8/1K3R2/3k4 w - - 5 60,f5f6,502,511,9
b7/P3B3/1r3P2/5R2/8/2K5/4k3/8 w - - 7 64,f6f7,560,604,44
rnbqkbnr/pppppppp/8/8/8/8/PPPPPPPP/RNBQKBNR w KQkq - 0 1,e2e4,32,32,0
rnbqkbnr/pppppppp/8/8/4P3/8/PPPP1PPP/RNBQKBNR b KQkq - 0 1,d7d5,-30,-62,32
rnbqkbnr/ppp1pppp/8/3p4/4P3/8/PPPP1PPP/RNBQKBNR w KQkq - 0 2,e4d5,58,64,6
rn2kbnr/ppp1pppp/8/4q3/6b1/2N5/PPPPBPPP/R1BQK1NR w KQkq - 4 5,d2d4,105,85,-20
r3kbnr/ppp1pppp/8/1q6/1n1PB3/4B3/PPP2PPP/R2QK1NR w KQkq - 0 11,c2c3,115,101,-14
2kr1bnr/ppp1pppp/8/8/Q2P4/3BBK2/Pq3PPP/R6R b - - 5 17,e7e6,-73,-74,1
2kr3r/1pp2ppp/3bpn2/8/3P4/1R1BBK2/P4PPP/1R6 b - - 5 22,b7b6,32,43,11
2kr3r/2p2ppp/1p1bp3/1B1n4/3P4/1R2BK2/P4PPP/1R6 w - - 2 24,a2a4,-38,-43,5
3r3r/1kp2ppp/1p1bp3/1B1n4/P2P4/1R2BK2/5PPP/1R6 w - - 1 25,a4a5,-43,-163,120
3r3r/1kp2ppp/1p1bp3/PB1n4/3P4/1R2BK2/5PPP/1R6 b - - 0 25,c7c6,176,-53,-229
3r3r/1k3ppp/1ppbp3/P2n4/2BP4/1R2BK2/5PPP/1R6 b - - 1 26,b6b5,206,228,22
3r3r/1k3ppp/2pbp3/Pp1B4/3P4/1R2BK2/5PPP/1R6 b - - 0 27,e6d5,267,250,-17
rnbqkbnr/pppppppp/8/8/8/8/PPPPPPPP/RNBQKBNR w KQkq - 0 1,e2e4,26,34,8
rnbqkbnr/pppppppp/8/8/4P3/8/PPPP1PPP/RNBQKBNR b KQkq - 0 1,e7e5,-30,-29,-1
rnbqkb1r/pppp1ppp/5n2/4p3/2B1P3/8/PPPP1PPP/RNBQK1NR w KQkq - 2 3,d2d3,-11,-22,11
rnbqk2r/pppp1ppp/8/4p1B1/2B1n3/3P4/PPP2KPP/RN1Q2NR w kq - 0 6,d3e4,346,334,-12
r1b4k/pppp2pp/8/3NN3/4P3/8/PPn3PP/5BK1 b - - 3 17,c7c6,207,11,-196
r1b4k/pp1pN1pp/2p5/4N3/4P3/8/PPn3PP/5BK1 b - - 1 18,d7d6,11,-10000,-10011
rnbqkbnr/pppppppp/8/8/8/8/PPPPPPPP/RNBQKBNR w KQkq - 0 1,e2e4,34,33,-1
rnbqkbnr/pppppppp/8/8/4P3/8/PPPP1PPP/RNBQKBNR b KQkq - 0 1,e7e5,-34,-28,-6
rnbqkbnr/pppp1ppp/8/4p3/4P3/8/PPPP1PPP/RNBQKBNR w KQkq - 0 2,f2f4,29,-25,-54
rnbqkbnr/pppp1ppp/8/4p3/4PP2/8/PPPP2PP/RNBQKBNR b KQkq - 0 2,d7d6,27,-14,-41
r1bqkbnr/ppp2ppp/2np4/4p3/4PP2/5N2/PPPP2PP/RNBQKB1R w KQkq - 2 4,d2d4,23,23,0
r1bqkbnr/ppp2ppp/2np4/4p3/3PPP2/5N2/PPP3PP/RNBQKB1R b KQkq - 0 4,e5d4,-10,-19,9
r1bqk1nr/ppp1bppp/2Np4/8/4PP2/8/PPP3PP/RNBQKB1R b KQkq - 0 6,b7c6,-42,-46,4
r2qk1nr/p1p1bppp/2ppB3/8/4PP2/8/PPP3PP/RNBQK2R b KQkq - 0 8,f7e6,-84,-78,-6
r2qk1nr/p1p1b1pp/2ppp3/8/4PP2/8/PPP3PP/RNBQK2R w KQkq - 0 9,c2c4,82,3,-79
r2q1rk1/p1p1b1pp/2ppp2n/8/2P1PP2/2N5/PP4PP/R1BQ1RK1 b - - 4 11,e6e5,-18,-104,86
r2q1rk1/p1p1b1pp/2pp3n/4p3/2P1PP2/2N5/PP4PP/R1BQ1RK1 w - - 0 12,f4f5,101,105,4
r2q1rk1/p1p1bnpp/2pp4/4pP2/2P1P3/2N5/PP4PP/R1BQ1RK1 w - - 1 13,b2b4,141,37,-104
r2q1rk1/p1p2npp/2pp4/4pPb1/1PP1P3/2N5/P5PP/R1BQ1RK1 w - - 1 14,b4b5,143,132,-11
r2q1rk1/p1p3pp/2pp4/1P2pPn1/2P1P3/2N5/P5PP/2RQ1RK1 w - - 1 16,b5c6,272,257,-15
r2q1rk1/p1p3pp/2Pp4/4pPn1/2P1P3/2N5/P5PP/2RQ1RK1 b - - 0 16,a7a6,-253,-356,103
r2q1rk1/2p3pp/p1Pp4/4pPn1/2P1P3/2N5/P5PP/2RQR1K1 b - - 1 17,g7g6,-252,-298,46
r2q1rk1/2p4p/p1Pp2p1/4pPn1/2P1P3/2N5/P5PP/2RQR1K1 w - - 0 18,f5g6,297,220,-77
r2q1rk1/2p4p/p1Pp2P1/4p1n1/2P1P3/2N5/P5PP/2RQR1K1 b - - 0 18,h7g6,-237,-226,-11
r3q1k1/2p5/p1Pp2p1/4p3/2P1PRQ1/8/P5PP/2R3K1 b - - 0 23,e5f4,-84,-84,0
r5k1/2pq4/p2p1Qp1/8/2P1P3/8/P5PP/2R3K1 w - - 2 26,c4c5,318,140,-178
5r1k/2pq4/p2p2Q1/2P5/4P3/8/P5PP/2R3K1 w - - 1 28,c5d6,511,422,-89
5r1k/2pq4/p2P2Q1/8/4P3/8/P5PP/2R3K1 b - - 0 28,c7d6,-435,-455,20
3R4/q4kr1/p6Q/8/4P3/8/P5PP/5K2 w - - 7 35,e4e5,10000,685,-9315
rnbqkbnr/pppppppp/8/8/8/8/PPPPPPPP/RNBQKBNR w KQkq - 0 1,e2e4,29,32,3
rnbqkbnr/pppppppp/8/8/4P3/8/PPPP1PPP/RNBQKBNR b KQkq - 0 1,e7e5,-29,-32,3
r1bqk1nr/ppppbppp/2n5/4p3/2B1P3/5N2/PPPP1PPP/RNBQK2R w KQkq - 4 4,d2d4,46,40,-6
r1bqk1nr/ppppbppp/2n5/4p3/2BPP3/5N2/PPP2PPP/RNBQK2R b KQkq - 0 4,e5d4,-40,-43,3
r1bqk1nr/ppppbppp/2n5/8/2BNP3/8/PPP2PPP/RNBQK2R b KQkq - 0 5,d7d6,-35,-44,9
r1bqk2r/ppp1bppp/3p1n2/6B1/2BQP3/2N5/PPP2PPP/R3K2R b KQkq - 0 8,h7h6,-72,-83,11
r2qr2k/pppb1Qp1/3p3p/8/2B1P2b/8/PPP2PPP/2KRR3 w - - 1 15,e4e5,-388,-445,57
r2q1rk1/pppb2p1/3p2Qp/4P3/8/3B4/PPP2bPP/2KRR3 w - - 2 18,e5e6,324,-24,-348
rnbqkbnr/pppppppp/8/8/8/8/PPPPPPPP/RNBQKBNR w KQkq - 0 1,e2e4,23,20,-3
rnbqkbnr/pppppppp/8/8/4P3/8/PPPP1PPP/RNBQKBNR b KQkq - 0 1,d7d5,-20,-58,38
rnbqkbnr/ppp1pppp/8/3p4/4P3/8/PPPP1PPP/RNBQKBNR w KQkq - 0 2,e4d5,69,73,4
rnb1kb1r/ppp1pppp/4qn2/8/8/2N2N2/PPPPQPPP/R1B1KB1R b KQkq - 5 5,b7b6,-32,-82,50
rnb1kb1r/p1p1pppp/1p2qn2/8/8/2N2N2/PPPPQPPP/R1B1KB1R w KQkq - 0 6,d2d3,77,49,-28
rnb1kb1r/p1p1pppp/1p2qn2/8/8/2NP1N2/PPP1QPPP/R1B1KB1R b KQkq - 0 6,h7h6,-32,-90,58
2r1kb1r/p1pnppp1/1p5p/1N1n4/6b1/3P1NB1/PPP1BPPP/R4RK1 b k - 9 12,a7a6,-86,-95,9
2r1kb1r/2pnppp1/pp5p/3n4/3N2b1/3P1NB1/PPP1BPPP/R4RK1 b k - 1 13,f7f6,-33,-181,148
2r1kb1r/2pnp1p1/pp3p1p/3n4/3N2b1/3P1NB1/PPP1BPPP/3R1RK1 b k - 1 14,c7c5,-26,-11,-15
2r1kb1r/3np1p1/pp3p1p/2p5/1n4b1/1N1P1NB1/PPP1BPPP/3R1RK1 w k - 2 16,d3d4,150,83,-67
2r1kb1r/3np1p1/pp3p1p/2p5/1n1P2b1/1N3NB1/PPP1BPPP/3R1RK1 b k - 0 16,c5c4,-77,-63,-14
rnbqkbnr/pppppppp/8/8/8/8/PPPPPPPP/RNBQKBNR w KQkq - 0 1,d2d4,21,24,3
rnbqkbnr/pppppppp/8/8/3P4/8/PPP1PPPP/RNBQKBNR b KQkq - 0 1,d7d5,-23,-25,2
rnbqkbnr/ppp1pppp/8/3p4/3P4/8/PPP1PPPP/RNBQKBNR w KQkq - 0 2,c2c4,25,22,-3
rnbqkbnr/ppp1pppp/8/3p4/2PP4/8/PP2PPPP/RNBQKBNR b KQkq - 0 2,d5c4,-22,-28,6
rnbqkbnr/ppp1pppp/8/8/2pP4/8/PP2PPPP/RNBQKBNR w KQkq - 0 3,e2e4,22,12,-10
rnbqkbnr/ppp1pppp/8/8/2pPP3/8/PP3PPP/RNBQKBNR b KQkq - 0 3,g7g6,-9,-120,111
rnbq1rk1/ppp1ppbp/5np1/8/2BPP3/2N5/PP2NPPP/R1BQ1RK1 b - - 6 7,e7e6,-92,-127,35
r1bq1rk1/pppn1pbp/4pnp1/8/2BPP3/2N1B3/PP2NPPP/R2Q1RK1 w - - 2 9,f2f3,147,105,-42
r1bq1rk1/ppp2pbp/1n2pnp1/8/3PP3/2NBBP2/PP2N1PP/R2Q1RK1 b - - 2 10,a7a5,-130,-161,31
r1bq1rk1/1pp2pbp/1n2pnp1/p7/3PP3/2NBBP2/PP2N1PP/R2Q1RK1 w - - 0 11,b2b3,160,113,-47
r1bq1rk1/1pp2pbp/1n2pnp1/p7/3PP3/1PNBBP2/P3N1PP/R2Q1RK1 b - - 0 11,c7c6,-118,-149,31
r1bq1rk1/1p1n1pbp/2p1pnp1/p7/3PP3/1PNBBP2/P2QN1PP/R4R1K b - - 3 13,b7b5,-139,-146,7
r1bq1rk1/3n1pbp/2p1pnp1/pp6/3PP3/1PNBBP2/P2QN1PP/R4R1K w - - 0 14,a2a4,128,106,-22
r1bq1rk1/3n1pbp/2p1pnp1/pp6/P2PP3/1PNBBP2/3QN1PP/R4R1K b - - 0 14,b5b4,-107,-100,-7
r4rk1/3n1pnp/1qp1p1pQ/p7/PpRPP3/1P1N1P2/4N1PP/5R1K b - - 2 22,e6e5,-126,-212,86
r4rk1/3n1pnp/1qp3pQ/p3p3/PpRPP3/1P1N1P2/4N1PP/5R1K w - - 0 23,d4e5,188,192,4
r3r1k1/3n1pnp/1qp3pQ/p3P3/PpR1P3/1P1N1P2/4N1PP/5R1K w - - 1 24,f3f4,233,-141,-374
r3r1k1/5pnp/2p3p1/p3P3/Pp2PP2/1PnN1Q2/6PP/2N4K w - - 4 30,f4f5,211,138,-73
r3r1k1/5pnp/2p3p1/p3PP2/Pp2P3/1PnN1Q2/6PP/2N4K b - - 0 30,g6f5,-146,-249,103
r3r1k1/5pnp/2p5/p3Pp2/Pp2P3/1PnN1Q2/6PP/2N4K w - - 0 31,e4f5,226,222,-4
3rr1k1/5pnp/2p5/p3PP2/Pp6/1PnN1Q2/6PP/2N4K w - - 1 32,h2h3,234,245,11
3rr1k1/5pnp/2p5/p3PP2/Pp6/1PnN1Q1P/6P1/2N4K b - - 0 32,c6c5,-233,-296,63
3rr1k1/5pnp/8/p1p1PP2/Pp6/1PnN1Q1P/6P1/2N4K w - - 0 33,f5f6,315,384,69
3r2rk/5p1p/4NP2/p3P3/Pp6/1PnN1Q1P/6P1/7K b - - 0 36,f7e6,-519,-578,59
4r1rk/7p/4pP2/p3P3/Pp3N2/1Pn2Q1P/6P1/7K w - - 2 38,f6f7,591,673,82
4rr1k/5P1p/4p3/p3P3/Pp3N2/1Pn2Q1P/6P1/7K w - - 1 39,f7e8q,751,758,7
6rk/7p/4N3/p3PQ2/Pp6/1P5P/n5P1/7K b - - 2 42,h7h6,-879,-1017,138
7k/5Q2/7p/p3P3/Pp6/1P5P/6P1/2n4K w - - 3 47,e5e6,1101,10000,8899
rnbqkbnr/pppppppp/8/8/8/8/PPPPPPPP/RNBQKBNR w KQkq - 0 1,e2e4,22,18,-4
rnbqkbnr/pppppppp/8/8/4P3/8/PPPP1PPP/RNBQKBNR b KQkq - 0 1,e7e5,-20,-18,-2
rnb1kbnr/pppp1ppp/5q2/4p3/4P3/5N2/PPPP1PPP/RNBQKB1R w KQkq - 2 3,d2d4,148,97,-51
rnb1kbnr/pppp1ppp/5q2/4p3/3PP3/5N2/PPP2PPP/RNBQKB1R b KQkq - 0 3,d7d6,-109,-147,38
rnb1kbnr/ppp2ppp/3p1q2/4p3/3PP3/5N2/PPP2PPP/RNBQKB1R w KQkq - 0 4,d4d5,167,100,-67
rn2kbnr/pppb1ppp/3p1q2/3Pp3/4P3/2N2N2/PPP2PPP/R1BQKB1R b KQkq - 2 5,a7a6,-124,-136,12
rn5r/1ppbkppp/p2p3q/3Pp3/4P1n1/2N2N2/PPP1QPPP/1K1R1B1R w - - 4 14,h2h3,134,142,8
rn5r/1ppbkppp/p2p1n1q/3Pp3/4P3/2N2N1P/PPP1QPP1/1K1R1B1R w - - 1 15,g2g4,170,-42,-212
rn5r/1ppbkppp/p2p1n1q/3Pp3/4P1P1/2N2N1P/PPP1QP2/1K1R1B1R b - - 0 15,g7g5,88,-169,-257
rnr5/1ppbkp1p/p2p1n1q/3Pp1p1/4P1P1/2N4P/PPPNQPB1/1K1R3R b - - 3 17,c7c5,-136,-266,130
rnr5/1p1bkp1p/p2p1n1q/2pPp1p1/4P1P1/2N4P/PPPNQPB1/1K1R3R w - c6 0 18,d5c6,281,282,1
rnr5/1p1nkp1p/p1bp3q/4p1p1/4P1P1/2N1Q2P/PPPN1PB1/1K1R3R w - - 2 20,h3h4,525,409,-116
rnr5/1p1nkp1p/p1bp3q/4p1p1/4P1PP/2N1Q3/PPPN1PB1/1K1R3R b - - 0 20,b7b5,-417,-489,72
rnr5/3nkp1p/p1bp3q/1p2p1p1/4P1PP/2N1Q3/PPPN1PB1/1K1R3R w - - 0 21,h4g5,484,514,30
rnr2q2/3nkp1p/p1bp4/1p2p1P1/4P1P1/2N1Q3/PPPN1PB1/1K1R3R w - - 1 22,g5g6,554,330,-224
rnr2q2/3nkp1p/p1bp2P1/1p2p3/4P1P1/2N1Q3/PPPN1PB1/1K1R3R b - - 0 22,h7g6,-333,-324,-9
rnbqkbnr/pppppppp/8/8/8/8/PPPPPPPP/RNBQKBNR w KQkq - 0 1,d2d4,23,24,1
rnbqkbnr/pppppppp/8/8/3P4/8/PPP1PPPP/RNBQKBNR b KQkq - 0 1,e7e6,-18,-33,15
rnbqkbnr/pppp1ppp/4p3/8/3P4/8/PPP1PPPP/RNBQKBNR w KQkq - 0 2,e2e3,35,10,-25
rnbqkbnr/pppp1ppp/4p3/8/3P4/4P3/PPP2PPP/RNBQKBNR b KQkq - 0 2,c7c5,-7,-10,3
rnbqkbnr/pp1p1ppp/4p3/2p5/3P4/4P3/PPP2PPP/RNBQKBNR w KQkq - 0 3,c2c3,8,3,-5
rnbqkbnr/pp1p1ppp/4p3/2p5/3P4/2P1P3/PP3PPP/RNBQKBNR b KQkq - 0 3,d7d5,-1,-4,3
rnbqkbnr/pp3ppp/4p3/2pp4/3P4/2PBP3/PP3PPP/RNBQK1NR b KQkq - 1 4,c5c4,-6,-16,10
rnbqkbnr/pp3ppp/4p3/3p4/2pP4/2P1P3/PPB2PPP/RNBQK1NR b KQkq - 1 5,b7b5,-28,-92,64
rnbqkbnr/p4ppp/4p3/1p1p4/2pP4/2P1P3/PPB2PPP/RNBQK1NR w KQkq - 0 6,f2f4,107,-26,-133
r1bqkbnr/p4ppp/2n1p3/1p1p4/2pP1P2/2P1PN2/PPB3PP/RNBQK2R b KQkq - 2 7,a7a5,10,-16,-26
r2qkbnr/1b3ppp/2n1p3/pp1p4/2pP1P2/2P1PN2/PPBN2PP/R1BQ1RK1 b kq - 3 9,b5b4,-35,-119,84
r2qk1nr/1b3ppp/2nbp3/p2pN3/1ppP1P2/2P1PQ2/PPBN2PP/R1B2RK1 b kq - 3 11,f7f5,-117,-147,30
r2qk1nr/1b4pp/2nbp3/p2pNp1Q/1ppP1P2/2P1P3/PPBN2PP/R1B2RK1 b kq - 1 12,g7g6,-88,-90,2
2k3r1/1b2q1rp/2nbp3/p2pNpN1/1ppPBP2/2P1P2Q/PP3RPP/1RB3K1 b - - 0 20,f5e4,9,-357,-366
2k3r1/1b5p/2n2b2/p2p4/1ppPpP2/2P1P3/PP1B1RPP/1R4K1 w - - 2 25,g2g3,-65,-133,68
2k3r1/1b5p/2n2b2/p2p4/1ppPpP2/2P1P1P1/PP1B1R1P/1R4K1 b - - 0 25,h7h5,126,115,-11
2k3r1/1b6/2n2b2/p2p3p/1ppPpP2/2P1P1P1/PP1B1R1P/5RK1 b - - 1 26,h5h4,152,150,-2
2k3r1/1b6/2n2b2/p2p4/1ppPpP1p/2P1P1P1/PP1B1RKP/5R2 b - - 1 27,h4g3,155,101,-54
2k3r1/1b6/2n2b2/p2p4/1ppPpP2/2P1P1p1/PP1B1RKP/5R2 w - - 0 28,h2g3,-94,-90,-4
6r1/2k5/2n2R2/p2p4/1ppPpP2/2P1PRP1/PP1B2K1/8 b - - 0 32,e4f3,-332,-320,-12
6r1/2k5/2n2R2/p2p4/1ppP1P2/2P1PKP1/PP1B4/8 b - - 0 33,b4b3,-300,-329,29
6r1/2k5/2n2R2/p2p4/2pP1P2/1pP1PKP1/PP1B4/8 w - - 0 34,a2b3,335,350,15
6r1/2k5/2n2R2/p2p4/2pP1P2/1PP1PKP1/1P1B4/8 b - - 0 34,c4b3,-346,-403,57
6r1/2k5/2n2R2/p2p4/3P1P2/1pP1PKP1/1P1B4/8 w - - 0 35,e3e4,415,283,-132
6r1/2k5/2n2R2/p2p4/3PPP2/1pP2KP1/1P1B4/8 b - - 0 35,d5e4,-284,-294,10
6r1/2k5/2n2R2/p7/3PKP2/1pP3P1/1P1B4/8 b - - 0 36,a5a4,-300,-292,-8
6r1/1nk5/8/5R2/p2P1P2/1pP2KP1/1P1B4/8 w - - 4 39,g3g4,255,203,-52
6r1/8/1k1n4/2R5/p2P1PP1/1pP2K2/1P1B4/8 w - - 3 41,c3c4,231,-45,-276
rnbqkbnr/pppppppp/8/8/8/8/PPPPPPPP/RNBQKBNR w KQkq - 0 1,e2e4,25,29,4
rnbqkbnr/pppppppp/8/8/4P3/8/PPPP1PPP/RNBQKBNR b KQkq - 0 1,g7g6,-26,-62,36
rnbqkbnr/pppppp1p/6p1/8/4P3/8/PPPP1PPP/RNBQKBNR w KQkq - 0 2,c2c4,64,46,-18
rnbqk1nr/ppppppbp/6p1/8/2P1P3/8/PP1P1PPP/RNBQKBNR w KQkq - 1 3,d2d4,57,58,1
rnbqk1nr/ppppppbp/6p1/8/2PPP3/8/PP3PPP/RNBQKBNR b KQkq - 0 3,b7b6,-60,-84,24
rnbqk1nr/p1ppppbp/1p4p1/8/2PPP3/5N2/PP3PPP/RNBQKB1R b KQkq - 1 4,c7c5,-93,-95,2
rnbqk1nr/p2pppbp/1p4p1/2p5/2PPP3/5N2/PP3PPP/RNBQKB1R w KQkq - 0 5,d4d5,110,109,-1
rnbq1rk1/p2pppbp/1p3np1/2pP4/2P1P3/2NB1N2/PP3PPP/R1BQK2R b KQ - 4 7,e7e6,-102,-184,82
rnbq1rk1/p2p1pbp/1p2pnp1/2pP4/2P1P3/2NB1N2/PP3PPP/R1BQK2R w KQ - 0 8,d5d6,204,-7,-211
q2r2k1/pb1p1pbp/1p1Ppnp1/2p1N3/2PnP3/3B4/PP3PPP/R1BQ1RK1 w - - 4 14,f2f3,40,29,-11
q2rn1k1/pb1p1p1p/1p1Pp1p1/2p1b3/Q1PnP3/3B1P2/PP4PP/R1B2RK1 w - - 0 16,f3f4,-486,-532,46
q2rn1k1/pb1p1p1p/1p1bp1p1/2p5/Q1PnPP2/3B4/PP4PP/R1B2RK1 w - - 0 17,f4f5,-551,-568,17
q2rn1k1/pb1p1p1p/1p1bp1p1/2p2P2/Q1PnP3/3B4/PP4PP/R1B2RK1 b - - 0 17,e6f5,541,587,46
q2rn1k1/pb1p1p1p/1p1b2p1/2p2p2/Q1PnP3/3B4/PP4PP/R1B2RK1 w - - 0 18,e4f5,-584,-574,-10
q2rn1k1/p2p1p1p/1p1b2p1/2p2P2/Q1Pn4/3B4/PP4bP/R1B2RK1 w - - 0 19,f5g6,-578,-589,11
q2rn1k1/p2p1p1p/1p1b2P1/2p5/Q1Pn4/3B4/PP5P/R1B2bK1 w - - 0 20,g6h7,-647,-741,94
rnbqkbnr/pppppppp/8/8/8/8/PPPPPPPP/RNBQKBNR w KQkq - 0 1,c2c4,30,-4,-34
rnbqkb1r/pppppppp/5n2/8/2P5/5N2/PP1PPPPP/RNBQKB1R b KQkq - 2 2,e7e6,-20,-21,1
rnbqkb1r/pppp1ppp/4pn2/8/2P5/5N2/PP1PPPPP/RNBQKB1R w KQkq - 0 3,e2e3,18,6,-12
rnbqkb1r/pppp1ppp/4pn2/8/2P5/4PN2/PP1P1PPP/RNBQKB1R b KQkq - 0 3,c7c5,-6,-16,10
r1bqkb1r/pp1p1ppp/2n1pn2/2p5/2P5/2N1PN2/PP1PBPPP/R1BQK2R b KQkq - 3 5,b7b6,-10,-51,41
r2qkb1r/pb1p1ppp/1pn1pn2/2p5/2P5/2N1PN2/PP1PBPPP/R1BQ1RK1 w kq - 2 7,b2b3,55,12,-43
r2q1rk1/pb1pbppp/1pn1pn2/2p5/2P5/1PN1PN2/PB1PBPPP/2RQ1RK1 b - - 4 9,e6e5,14,-55,-69
r2q1rk1/pb1pbppp/1pn2n2/2p1p3/2P5/1PN1PN2/PB1PBPPP/2RQ1RK1 w - - 0 10,d2d4,46,48,2
r2q1rk1/pb1pbppp/1pn2n2/2p1p3/2PP4/1PN1PN2/PB2BPPP/2RQ1RK1 b - - 0 10,e5e4,-56,-77,21
r2q1rk1/pb1pbppp/1pn2n2/2p3N1/2PPp3/1PN1P3/PB2BPPP/2RQ1RK1 b - - 1 11,c5d4,-69,-71,2
r2q1rk1/pb1pbppp/1pn2n2/6N1/2Ppp3/1PN1P3/PB2BPPP/2RQ1RK1 w - - 0 12,e3d4,67,22,-45
r2q1rk1/pb1pbppp/1pn2n2/6N1/2PPp3/1PN5/PB2BPPP/2RQ1RK1 b - - 0 12,d7d5,-21,-33,12
r2q1rk1/pb2bppp/1pn2n2/3p2N1/2PPp3/1PN5/PB2BPPP/2RQ1RK1 w - - 0 13,c4d5,23,17,-6
r4rk1/p2R1ppp/1p6/8/3Bbb2/1P6/P3BPPP/5RK1 w - - 4 20,g2g3,12,-10,-22
5rk1/p4ppp/1p2b2b/1R2B3/8/1P3BP1/P2r1P1P/5RK1 w - - 9 25,a2a4,-59,-48,-11
5rk1/p4ppp/1p2b2b/1R2B3/P7/1P3BP1/3r1P1P/5RK1 b - - 0 25,g7g6,38,18,-20
5r2/p4pkp/1p2b1p1/1R6/P7/1P3BP1/3r1PKP/5R2 w - - 0 28,a4a5,-17,-26,9
1r6/p4pkp/1p2b1p1/PR6/8/1P3BP1/3r1PKP/5R2 w - - 1 29,a5b6,-27,-32,5
8/p4pkp/1R2b1p1/8/8/1P3BP1/3r1PKP/5R2 b - - 0 30,a7b6,34,36,2
8/5pkp/1p2b1p1/8/8/1P1r1BP1/5PKP/1R6 w - - 2 32,b3b4,-34,-35,1
8/5pkp/1p2b1p1/8/1P6/3r1BP1/5PKP/1R6 b - - 0 32,b6b5,16,-10,-26
8/5pkp/2r3p1/8/1P6/6P1/5P1P/1R3K2 w - - 2 40,b4b5,309,299,-10
8/5p1p/1r1k2p1/1P6/1K6/6P1/5P1P/4R3 b - - 12 46,h7h5,-352,-370,18
8/5p2/1r1k2p1/1P5p/1K6/6P1/5P1P/4R3 w - - 0 47,f2f4,412,318,-94
8/5p2/1r1k2p1/1P5p/1K3P2/6P1/7P/4R3 b - - 0 47,f7f5,-310,-415,105
rnbqkbnr/pppppppp/8/8/8/8/PPPPPPPP/RNBQKBNR w KQkq - 0 1,e2e4,31,25,-6
rnbqkbnr/pppppppp/8/8/4P3/8/PPPP1PPP/RNBQKBNR b KQkq - 0 1,e7e6,-29,-39,10
rnbqkbnr/pppp1ppp/4p3/8/4P3/8/PPPP1PPP/RNBQKBNR w KQkq - 0 2,d2d4,38,42,4
rnbqkbnr/pppp1ppp/4p3/8/3PP3/8/PPP2PPP/RNBQKBNR b KQkq - 0 2,d7d5,-38,-38,0
rnbqkbnr/ppp2ppp/4p3/3p4/3PP3/8/PPP2PPP/RNBQKBNR w KQkq - 0 3,e4e5,38,38,0
rnbqkbnr/ppp2ppp/4p3/3pP3/3P4/8/PPP2PPP/RNBQKBNR b KQkq - 0 3,c7c5,-36,-36,0
rnbqkbnr/pp3ppp/4p3/2ppP3/3P4/8/PPP2PPP/RNBQKBNR w KQkq - 0 4,c2c3,37,34,-3
rnbqkb1r/pp2nppp/4p3/2ppP3/3P4/2P5/PP3PPP/RNBQKBNR w KQkq - 1 5,f2f4,41,-51,-92
r1bqkb1r/pp2nppp/2n1p3/2ppP3/3P1P2/2P2N2/PP4PP/RNBQKB1R b KQkq - 2 6,c5d4,33,24,-9
r1bqkb1r/pp2nppp/2n1p3/3pP3/3p1P2/2P2N2/PP4PP/RNBQKB1R w KQkq - 0 7,c3d4,-31,-40,9
r1bqkb1r/pp3ppp/2n1p3/3pPn2/3P1P2/5N2/PP4PP/RNBQKB1R w KQkq - 1 8,g2g4,-47,-53,6
r2qkb1r/pp1b1ppp/4p1n1/3pP3/1n1P1PP1/2NB1N2/PP5P/R1BQ1RK1 w kq - 7 12,a2a3,150,19,-131
r2qk2r/pp1bbppp/4p1n1/3pP3/3P1PP1/P1NQ1N2/1P5P/R1B2RK1 w kq - 1 14,f4f5,96,87,-9
r2qk2r/pp1bbppp/4p1n1/3pPP2/3P2P1/P1NQ1N2/1P5P/R1B2RK1 b kq - 0 14,e6f5,-100,-213,113
r2qk2r/pp1bbppp/6n1/3pPp2/3P2P1/P1NQ1N2/1P5P/R1B2RK1 w kq - 0 15,g4f5,224,243,19
r2qkn1r/pp1bbppp/8/3NPP2/3P4/P2Q1N2/1P5P/R1B2RK1 b kq - 0 16,g7g5,-172,-462,290
r2qkn1r/pp1bbp1p/8/3NPPp1/3P4/P2Q1N2/1P5P/R1B2RK1 w kq g6 0 17,f5f6,487,434,-53
r2qkn1r/pp1bbp1p/5P2/3NP1p1/3P4/P2Q1N2/1P5P/R1B2RK1 b kq - 0 17,g5g4,-440,-784,344
r2qkn1r/pp1bbp1p/5P2/3NP3/3P2p1/P2Q1N2/1P5P/R1B2RK1 w kq - 0 18,f6e7,811,840,29
r3kn1r/pp1bPp1p/8/q2NP3/3P2p1/P2Q1N2/1P5P/R1B2RK1 w kq - 1 19,e7f8q,793,793,0
r4k1r/pp3p1p/4b3/q3P1B1/3PN1p1/P2Q4/1P1N3P/R4RK1 b - - 9 24,h7h6,-730,-741,11
r4k1r/pp3p2/1q5p/2NbP3/3P2pB/P2Q4/1P1N3P/R4RK1 w - - 4 27,b2b4,909,744,-165
rnbqkbnr/pppppppp/8/8/8/8/PPPPPPPP/RNBQKBNR w KQkq - 0 1,e2e4,31,29,-2
rnbqkbnr/pppppppp/8/8/4P3/8/PPPP1PPP/RNBQKBNR b KQkq - 0 1,d7d6,-33,-70,37
rnbqkbnr/ppp1pppp/3p4/8/4P3/8/PPPP1PPP/RNBQKBNR w KQkq - 0 2,d2d4,43,42,-1
rnbqkbnr/ppp1pppp/3p4/8/3PP3/8/PPP2PPP/RNBQKBNR b KQkq - 0 2,c7c6,-37,-74,37
rnbqkbnr/pp2pppp/2pp4/8/3PP3/8/PPP2PPP/RNBQKBNR w KQkq - 0 3,c2c4,68,70,2
rnbqkbnr/pp2pppp/2pp4/8/2PPP3/8/PP3PPP/RNBQKBNR b KQkq - 0 3,b7b5,-70,-224,154
rnbqkbnr/p3pppp/2pp4/1p6/2PPP3/8/PP3PPP/RNBQKBNR w KQkq - 0 4,d4d5,216,53,-163
rnbqkbnr/p3pppp/2pp4/1p1P4/2P1P3/8/PP3PPP/RNBQKBNR b KQkq - 0 4,c6d5,-48,-345,297
rnbqkbnr/p3pppp/3p4/1p1p4/2P1P3/8/PP3PPP/RNBQKBNR w KQkq - 0 5,c4d5,376,87,-289
rn2kbnr/p2bpppp/1q1p4/1p1P4/4P3/NQ6/PP1B1PPP/R3KBNR b KQkq - 6 8,a7a6,-104,-131,27
rn2kbnr/3bpppp/p2p4/1p1P4/4q3/1Q2NN2/PP1B1PPP/R3KB1R b KQkq - 1 11,e7e6,-258,-380,122
rn2kbnr/3b1ppp/p2pp3/1p1PN3/8/1Q1BN3/PP1B1PPP/R3K2R b KQkq - 0 13,d6e5,-680,-710,30
rn2kbnr/3b1ppp/p3p3/1p1Pp3/8/1Q1BN3/PP1B1PPP/R4RK1 b kq - 1 14,e6d5,-708,-711,3
r4bnr/3Q1ppp/pk6/1B2p3/3n4/8/PP1B1PPP/R3R1K1 b - - 2 20,a6b5,-846,-830,-16
4Rb1r/B3nppp/1Q6/1p6/k7/8/PP3PPP/R5K1 w - - 3 27,b2b3,10000,10000,0
rnbqkbnr/pppppppp/8/8/8/8/PPPPPPPP/RNBQKBNR w KQkq - 0 1,d2d4,30,19,-11
rnbqkbnr/pppppppp/8/8/3P4/8/PPP1PPPP/RNBQKBNR b KQkq - 0 1,c7c5,-19,-83,64
rnbqkbnr/pp1ppppp/8/2p5/3P4/8/PPP1PPPP/RNBQKBNR w KQkq - 0 2,c2c4,88,-18,-106
rnbqkbnr/pp1ppppp/8/2p5/2PP4/8/PP2PPPP/RNBQKBNR b KQkq - 0 2,c5d4,22,23,1
r1bqkbnr/pp1ppppp/2n5/8/2P5/8/PP2PPPP/RNBQKBNR b KQkq - 2 4,g7g6,20,-12,-32
r1bqkbnr/pp1ppp1p/2n3p1/8/2P5/8/PP2PPPP/RNBQKBNR w KQkq - 0 5,a2a3,6,-49,-55
r1bqk1nr/pp1pppbp/2n3p1/8/2P5/P4N2/1P2PPPP/RNBQKB1R b KQkq - 2 6,d7d6,35,41,6
r1b2rk1/pp2ppbp/1qnp1np1/6B1/2P5/P1N2N2/1PQ1PPPP/R3KB1R w KQ - 6 10,e2e3,-39,-80,41
2r2rk1/pp2ppbp/q2p2p1/3Q2B1/2Pn4/P3P3/5PPP/1R3RK1 w - - 0 18,e3d4,-153,-139,-14
6k1/pp3p1p/1b4p1/8/1Br5/P7/4rPPP/3R1RK1 w - - 4 24,h2h3,-247,-250,3
1R6/p4p1p/1b4pk/8/8/7P/r3rPP1/4BRK1 b - - 6 30,f7f5,479,345,-134
4R3/p5kp/1b4p1/5p2/8/7P/r3rPP1/4BRK1 b - - 3 32,g6g5,657,228,-429
8/p5kp/1b6/5pp1/8/7P/4rPP1/4BRK1 w - - 0 34,g2g3,-245,-291,46
8/p6p/1b3k2/5pp1/8/6PP/4rPK1/4BR2 b - - 2 35,h7h5,312,272,-40
8/p7/1b6/4kppp/8/6PP/5PK1/4B3 w - - 1 39,f2f3,-410,-435,25
8/p7/8/4kppp/3b4/5PPP/3B2K1/8 b - - 2 40,a7a6,425,45,-380
8/8/p7/4kppp/3b4/5PPP/3B2K1/8 w - - 0 41,f3f4,-37,-363,326
rnbqkbnr/pppppppp/8/8/8/8/PPPPPPPP/RNBQKBNR w KQkq - 0 1,e2e4,19,17,-2
rnbqkbnr/pppppppp/8/8/4P3/8/PPPP1PPP/RNBQKBNR b KQkq - 0 1,e7e5,-14,-32,18
r1bqkb1r/pppp1ppp/2n2n2/4p3/2B1P3/5N2/PPPP1PPP/RNBQK2R w KQkq - 4 4,d2d3,13,15,2
r1bqkb1r/pppp1ppp/2n2n2/4p3/2B1P3/3P1N2/PPP2PPP/RNBQK2R b KQkq - 0 4,h7h6,-13,-26,13
r1bqk2r/pppp1pp1/2n2n1p/2b1p3/2B1P3/3P1N2/PPP2PPP/RNBQ1RK1 w kq - 2 6,h2h3,30,5,-25
r1bqk2r/pppp1pp1/2n2n1p/2b1p3/2B1P3/3P1N1P/PPP2PP1/RNBQ1RK1 b kq - 0 6,d7d6,-2,9,11
r1bqk2r/ppp2pp1/3p3p/2bnp3/2BnP3/3P1N1P/PPP2PP1/R1BQ1RK1 w kq - 0 9,e4d5,5,-40,-45
r1bqk2r/ppp2pp1/3p3p/2bPp3/2Bn4/3P1N1P/PPP2PP1/R1BQ1RK1 b kq - 0 9,c7c6,46,-56,-102
r1bqk2r/pp3pp1/2pp3p/2bPp3/2Bn4/3P1N1P/PPP2PP1/R1BQ1RK1 w kq - 0 10,a2a3,62,4,-58
r1bqk2r/pp3pp1/2pp3p/2bPp3/2Bn4/P2P1N1P/1PP2PP1/R1BQ1RK1 b kq - 0 10,c6d5,-2,-25,23
1r1q1rk1/p4pp1/B2pb2p/2b1p3/3n4/P2P1N1P/1PP2PP1/R1BQ1RK1 w - - 3 14,c2c3,27,-325,-352
1r1q1rk1/p4pp1/B2pb2p/2b1pn2/8/P1PP1N1P/1P3PP1/R1BQ1RK1 w - - 1 15,d3d4,80,101,21
1r1q1rk1/p4pp1/B2pb2p/2b1pn2/3P4/P1P2N1P/1P3PP1/R1BQ1RK1 b - - 0 15,e5d4,-106,-98,-8
1r1q1rk1/p4pp1/B2pb2p/2b2n2/3p4/P1P2N1P/1P3PP1/R1BQ1RK1 w - - 0 16,c3d4,97,75,-22
1r1q1rk1/p4pp1/Bb1pb2p/5n2/3P4/P3BN1P/1P3PP1/R2Q1RK1 b - - 2 17,d6d5,-20,-115,95
1r1q1rk1/p4pp1/Bb2b2p/3pN3/3P4/P3n2P/1P3PP1/R2Q1RK1 w - - 0 19,f2e3,22,34,12
1r3rk1/p4pp1/Bb2b2p/3pN1q1/3P4/P3PQ1P/1P4P1/R4RK1 b - - 2 20,f7f6,-36,-219,183
1r3rk1/p1b3p1/B3bp1p/3p2q1/3P2N1/P3PQ1P/1P4P1/R4RK1 w - - 2 22,b2b4,50,-11,-61
1r3rk1/p1b3p1/B4p1p/3p2q1/1P1P2b1/P3PQ1P/6P1/R4RK1 w - - 0 23,h3g4,-8,-5,-3
4rr1k/p5p1/B4p1p/8/1P1P2Pb/P3PR2/6P1/R5K1 w - - 2 29,g2g3,314,294,-20
4r2k/p5p1/4rp1p/6b1/1P1P2P1/P2BPRP1/8/4R1K1 w - - 5 32,e3e4,295,249,-46
2r4k/p5p1/4rp1p/6b1/1P1PP1P1/P2B1RP1/8/4R1K1 w - - 1 33,e4e5,263,208,-55
2r4k/p5p1/4rp1p/4P3/1P1P2P1/P1bB1RP1/4R3/6K1 w - - 3 35,e5f6,377,20,-357
2r4k/p5p1/5b1p/8/1P4P1/P4RP1/4B2K/8 w - - 0 38,a3a4,18,7,-11
4R3/p5pk/7p/8/Pb4P1/3B2PK/2r5/8 b - - 1 43,g7g6,-672,-670,-2
4R3/p6k/6pp/8/Pb4P1/6PK/2B5/8 b - - 0 44,a7a5,-655,-729,74
4R3/6k1/6pp/p7/Pb4PK/6P1/2B5/8 w - - 2 46,g4g5,641,576,-65
4R3/6k1/6pp/p5P1/Pb5K/6P1/2B5/8 b - - 0 46,h6h5,-574,-688,114
4R3/6k1/6p1/p5Pp/Pb5K/6P1/2B5/8 w - - 0 47,g3g4,702,617,-85
4R3/6k1/6p1/p5Pp/Pb4PK/8/2B5/8 b - - 0 47,h5g4,-603,-612,9
rnbqkbnr/pppppppp/8/8/8/8/PPPPPPPP/RNBQKBNR w KQkq - 0 1,e2e4,28,31,3
rnbqkbnr/pppppppp/8/8/4P3/8/PPPP1PPP/RNBQKBNR b KQkq - 0 1,e7e5,-24,-31,7
rnbqkbnr/pppp1ppp/8/4p3/4P3/8/PPPP1PPP/RNBQKBNR w KQkq - 0 2,d2d4,35,-16,-51
rnb1kbnr/pppp1ppp/5q2/4p3/3PP3/8/PPP2PPP/RNBQKBNR w KQkq - 1 3,d4e5,134,143,9
rnb1kb1r/pppp1ppp/8/8/8/5N2/PPPB1PPP/R3KB1R b KQkq - 0 8,g7g6,100,-22,-122
rnb1k3/pppp1prp/6p1/6N1/8/8/PPP2PPP/2KR1B1R b q - 1 12,b7b6,60,3,-57
rn3k2/p1pp1prp/1p4p1/8/8/5N2/PPP2PPP/2K1R2R b - - 0 16,f7f6,168,128,-40
r4k2/p1pp2rp/1pN2pp1/8/8/8/PPP2PPP/2K1R2R b - - 0 18,d7c6,0,0,0
6k1/p1pr3p/1pR3p1/8/8/8/PPP1rPPP/2K2R2 w - - 3 23,b2b3,81,83,2
6k1/1R5p/1p4p1/8/8/1P6/P1P4r/3K4 b - - 1 28,g6g5,40,33,-7
6k1/7p/1R6/6p1/8/1P6/P1P4r/3K4 b - - 0 29,g5g4,15,7,-8
6k1/7p/8/8/1R4p1/1P6/P1P4r/3K4 b - - 1 30,g4g3,123,-259,-382
7k/7p/8/8/8/1P4R1/P1PK4/7r b - - 2 33,h7h5,-409,-429,20
7k/8/8/7p/8/1P4R1/P1PK4/7r w - - 0 34,c2c4,433,382,-51
7k/8/8/7p/2P5/1P4R1/P2K4/7r b - - 0 34,h5h4,-381,-407,26
7k/8/8/8/2P4p/1P2R3/P2K4/7r b - - 1 35,h4h3,-403,-447,44
7k/8/8/8/2P5/1P2R2p/P2K4/7r w - - 0 36,c4c5,418,402,-16
8/6k1/8/2P5/8/1P2R2p/P2K4/7r w - - 1 37,c5c6,419,433,14
8/8/2P3k1/8/8/1P2R2p/P2K4/7r w - - 1 38,c6c7,595,603,8
8/2P5/8/6k1/8/1P2R2p/P2K4/7r w - - 1 39,c7c8q,709,901,192
2Q5/8/8/6k1/8/1P2R2p/P2K4/7r b - - 0 39,h3h2,-957,-1169,212
rnbqkbnr/pppppppp/8/8/8/8/PPPPPPPP/RNBQKBNR w KQkq - 0 1,e2e4,23,24,1
rnbqkbnr/pppppppp/8/8/4P3/8/PPPP1PPP/RNBQKBNR b KQkq - 0 1,g7g6,-25,-62,37
rnbqkbnr/pppppp1p/6p1/8/4P3/8/PPPP1PPP/RNBQKBNR w KQkq - 0 2,d2d4,64,67,3
rnbqk1nr/ppppppbp/6p1/8/3PP3/8/PPP2PPP/RNBQKBNR w KQkq - 1 3,c2c3,69,41,-28
rnbqk1nr/ppppppbp/6p1/8/3PP3/2P5/PP3PPP/RNBQKBNR b KQkq - 0 3,e7e6,-32,-80,48
rnbqk1nr/pppp1pbp/4p1p1/8/3PP3/2PB4/PP3PPP/RNBQK1NR b KQkq - 1 4,f7f5,-85,-134,49
rnbqk1nr/pppp2bp/4p1p1/5p2/3PP3/2PB4/PP3PPP/RNBQK1NR w KQkq - 0 5,e4f5,127,113,-14
rnbqk1nr/pppp2bp/4p1p1/5P2/3P4/2PB4/PP3PPP/RNBQK1NR b KQkq - 0 5,g6f5,-111,-176,65
rnb1k1nr/pppp2bp/4p1q1/5pB1/3P4/2PB1N2/PP3PPP/RN1Q1RK1 b kq - 5 8,h7h6,-89,-169,80
r1b3k1/pp1p2r1/2n1p2p/5p1q/3P2n1/2P2N2/PP2BPPP/RN1Q1RK1 w - - 0 18,h2h3,120,75,-45
r1b1q1k1/pp1p2r1/2N1pn1p/5p2/3P4/2P4P/PP2BPP1/RN1Q1RK1 b - - 0 20,d7c6,-45,-209,164
r1b1q1k1/pp4r1/2p1p2p/3n1p2/3P4/2P2B1P/PP3PP1/RN1Q1RK1 w - - 2 22,c3c4,239,176,-63
r3q1k1/pp1b2r1/2p1p2p/3n1p2/2PP4/5B1P/PP3PP1/RN1Q1RK1 w - - 1 23,c4c5,437,127,-310
r3q1k1/pp1b2r1/2p1p2p/2Pn1p2/3P4/5B1P/PP3PP1/RN1Q1RK1 b - - 0 23,b7b6,-106,-169,63
rnbqkbnr/pppppppp/8/8/8/8/PPPPPPPP/RNBQKBNR w KQkq - 0 1,e2e4,23,20,-3
rnbqkbnr/pppppppp/8/8/4P3/8/PPPP1PPP/RNBQKBNR b KQkq - 0 1,e7e5,-24,-20,-4
rnbqkbnr/pppp1ppp/8/4p3/2B1P3/8/PPPP1PPP/RNBQK1NR b KQkq - 1 2,c7c6,3,-46,-49
rnbqkbnr/pp1p1ppp/2p5/4p3/2B1P3/5N2/PPPP1PPP/RNBQK2R b KQkq - 1 3,d7d5,-8,-18,10
rnbqkbnr/pp3ppp/2p5/3pp3/2B1P3/5N2/PPPP1PPP/RNBQK2R w KQkq - 0 4,e4d5,25,-17,-42
rnbqkbnr/pp3ppp/2p5/3Pp3/2B5/5N2/PPPP1PPP/RNBQK2R b KQkq - 0 4,c6d5,12,2,-10
r1bqk1nr/pp3ppp/2nb4/3pp3/B7/5N2/PPPP1PPP/RNBQ1RK1 b kq - 5 7,e5e4,184,178,-6
r1bqk2r/pp3ppp/2nb1n2/3p4/B3p3/5N2/PPPP1PPP/RNBQR1K1 w kq - 2 9,d2d3,-188,-275,87
r1bq1rk1/pp3ppp/2nb1n2/3p4/B3p3/3P1N2/PPP2PPP/RNBQR1K1 w - - 1 10,d3e4,-266,-267,1
r1bq1rk1/pp3ppp/2nb1n2/3p4/B3P3/5N2/PPP2PPP/RNBQR1K1 b - - 0 10,d5e4,278,273,-5
r1b2rk1/ppq2ppp/2nb1n2/8/B2Np3/8/PPP2PPP/RNBQR1K1 w - - 2 12,g2g3,-244,-316,72
r1b2rk1/ppq2ppp/2nb1n2/8/B2Np3/6P1/PPP2P1P/RNBQR1K1 b - - 0 12,a7a6,302,119,-183
r1b2rk1/1pq2ppp/p1Bb1n2/8/3Np3/6P1/PPP2P1P/RNBQR1K1 b - - 0 13,b7c6,161,161,0
r5k1/5ppp/p1p5/3b1N2/8/6P1/PR3P1P/6K1 b - - 2 25,g7g6,104,17,-87
r7/5pkp/p1p3p1/3N4/8/6P1/PR3P1P/6K1 b - - 0 27,c6d5,7,7,0
r7/5pkp/p5p1/3p4/8/6P1/PR3PKP/8 b - - 1 28,d5d4,52,27,-25
r7/5pkp/p5p1/8/3p4/6P1/P1R2PKP/8 b - - 1 29,d4d3,72,26,-46
3r4/5pkp/p5p1/8/8/3p1KP1/P2R1P1P/8 b - - 3 31,a6a5,28,1,-27
8/5pkp/6p1/p7/8/6P1/P1KR1P1P/7r w - - 3 35,f2f3,0,-7,-7
8/5pkp/6p1/p7/8/5PP1/P1KR3P/7r b - - 0 35,h7h5,12,3,-9
8/5pk1/6p1/p6p/8/5PP1/P1KR3P/7r w - - 0 36,h2h4,-4,-64,60
8/5p2/6pk/7p/7P/R4Pr1/P1K5/8 b - - 1 39,g6g5,174,13,-161
8/5p2/7k/6pp/7P/R4Pr1/P1K5/8 w - - 0 40,h4g5,-16,-54,38
8/5p2/8/6kp/8/3R1Pr1/P1K5/8 b - - 1 41,h5h4,303,363,60
8/5p2/8/6k1/7p/3R1Pr1/P1K5/8 w - - 0 42,f3f4,-387,-442,55
rnbqkbnr/pppppppp/8/8/8/8/PPPPPPPP/RNBQKBNR w KQkq - 0 1,e2e4,25,28,3
rnbqkbnr/pppppppp/8/8/4P3/8/PPPP1PPP/RNBQKBNR b KQkq - 0 1,c7c5,-28,-35,7
rnbqkbnr/pp1ppppp/8/2p5/4P3/5N2/PPPP1PPP/RNBQKB1R b KQkq - 1 2,d7d6,-40,-46,6
rnbqkbnr/pp2pppp/3p4/2p5/4P3/5N2/PPPP1PPP/RNBQKB1R w KQkq - 0 3,h2h3,49,9,-40
r1bqkbnr/pp2pppp/2np4/2p5/4P3/5N1P/PPPP1PP1/RNBQKB1R w KQkq - 1 4,d2d4,13,15,2
r1bqkbnr/pp2pppp/2np4/2p5/3PP3/5N1P/PPP2PP1/RNBQKB1R b KQkq - 0 4,c5d4,-12,-13,1
r1bqkbnr/pp2pppp/2np4/8/3NP3/7P/PPP2PP1/RNBQKB1R b KQkq - 0 5,e7e5,-8,-24,16
r1bqkbnr/pp3ppp/2Np4/4p3/4P3/7P/PPP2PP1/RNBQKB1R b KQkq - 0 6,b7c6,-25,-37,12
1rbqkb1r/p4ppp/2pp4/4p3/2B1N3/7P/PPP2PP1/1RBQK2R b Kk - 0 10,d6d5,-51,-70,19
1rbqkb1r/p4ppp/2p5/3Bp3/4N3/7P/PPP2PP1/1RBQK2R b Kk - 0 11,c6d5,200,200,0
1r2kb1r/pb1q1ppp/8/3pp3/8/2N4P/PPP2PP1/1RBQ1RK1 w k - 4 14,f2f4,-68,-199,131
1r2kb1r/pb1q1ppp/8/3pp3/5P2/2N4P/PPP3P1/1RBQ1RK1 b k - 0 14,d5d4,219,224,5
1r2kb1r/pb3ppp/8/3qp3/3p1P2/7P/PPP1NKP1/1RBQ1R2 b k - 3 16,f7f6,522,343,-179
1r2kb1r/pb4pp/5p2/3qp3/3p1P2/7P/PPP1NKP1/1RBQ1R2 w k - 0 17,f4e5,-348,-312,-36
1r2kb1r/pb4pp/5p2/3qP3/3p4/7P/PPP1NKP1/1RBQ1R2 b k - 0 17,f6e5,342,314,-28
1r2k2r/pb4pp/8/3qp3/1b1p4/7P/PPP1N1P1/1RBQKR2 w k - 2 19,c2c3,-282,-298,16
1r2k2r/pb4pp/8/3qp3/1b1p4/2P4P/PP2N1P1/1RBQKR2 b k - 0 19,d4d3,284,100,-184
1r2k2r/pb4pp/8/3qp3/1b6/2Pp3P/PP2N1P1/1RBQKR2 w k - 0 20,c3b4,-148,-176,28
rnbqkbnr/pppppppp/8/8/8/8/PPPPPPPP/RNBQKBNR w KQkq - 0 1,e2e4,22,21,-1
rnbqkbnr/pppppppp/8/8/4P3/8/PPPP1PPP/RNBQKBNR b KQkq - 0 1,d7d5,-18,-71,53
rnbqkbnr/ppp1pppp/8/3p4/4P3/8/PPPP1PPP/RNBQKBNR w KQkq - 0 2,e4e5,70,-17,-87
rnbqkbnr/ppp1pppp/8/3pP3/8/8/PPPP1PPP/RNBQKBNR b KQkq - 0 2,d5d4,16,-9,-25
r1bqkbnr/ppp1pppp/2n5/4P3/3p4/5N2/PPPP1PPP/RNBQKB1R w KQkq - 2 4,c2c3,9,-69,-78
r1bqkbnr/ppp1pppp/2n5/4P3/3p4/2P2N2/PP1P1PPP/RNBQKB1R b KQkq - 0 4,d4d3,63,18,-45
r1bqkbnr/ppp1pppp/2n5/4P3/8/N1Pp1N2/PP1P1PPP/R1BQKB1R b KQkq - 1 5,f7f6,74,-8,-82
r1bqkbnr/ppp1p1pp/2n2p2/4P3/8/N1Pp1N2/PP1P1PPP/R1BQKB1R w KQkq - 0 6,e5f6,17,-170,-187
rnbqkbnr/pppppppp/8/8/8/8/PPPPPPPP/RNBQKBNR w KQkq - 0 1,e2e3,30,5,-25
rnbqkbnr/pppppppp/8/8/8/4P3/PPPP1PPP/RNBQKBNR b KQkq - 0 1,d7d5,-9,-11,2
rnbqkbnr/ppp1pppp/8/3p4/8/4P3/PPPP1PPP/RNBQKBNR w KQkq - 0 2,b2b3,13,-49,-62
rnbqkbnr/ppp1pppp/8/3p4/8/1P2P3/P1PP1PPP/RNBQKBNR b KQkq - 0 2,e7e5,39,43,4
rnb1kbnr/ppp2ppp/8/3pp1q1/8/1P2P3/PBPP1PPP/RN1QKBNR w KQkq - 2 4,g2g3,227,-24,-251
r1b1k2r/ppp2ppp/2n2n2/3pp1q1/1b6/1P2PQPB/PBPP1P1P/RN2K1NR w KQkq - 5 7,c2c3,-52,-155,103
r4rk1/ppp2ppp/2n2n2/3pp1q1/8/1PB1P1PB/P2PKPQP/RN5R b - - 0 11,d5d4,-114,-106,-8
4rrk1/ppB2ppp/2n2n2/4p1q1/3p4/1P2P1PB/P2PKPQP/RN5R b - - 0 13,d4e3,-144,-228,84
4rrk1/ppB2ppp/2n2n2/4p1q1/8/1P2p1PB/P2PKPQP/RN5R w - - 0 14,d2e3,249,73,-176
4rrk1/pQ3ppp/3B1n2/4p3/8/1P3KPB/P4P1P/nN5R b - - 1 18,e5e4,-613,-653,40
4r1k1/Q4ppp/5n2/8/4p3/1P2n1PB/P4P1P/1NR3K1 b - - 0 23,h7h6,-709,-842,133
4r1k1/5pp1/7p/8/4p1B1/1P2Q1P1/P4P1P/1NR3K1 b - - 0 25,g7g6,-937,-942,5
4r1k1/2R2p2/6pp/8/4p1B1/1P2Q1P1/P4P1P/1N4K1 b - - 1 26,f7f5,-876,-10000,9124
4r1k1/Q1R5/6pp/5p2/4p1B1/1P4P1/P4P1P/1N4K1 b - - 1 27,h6h5,-10000,-10000,0
4rk2/Q5R1/6p1/5p1p/4p3/1P4P1/P3BP1P/1N4K1 b - - 7 31,f5f4,-10000,-10000,0
4rk2/Q5R1/6p1/7p/2B1pp2/1P4P1/P4P1P/1N4K1 b - - 1 32,e4e3,-10000,-10000,0
4r1k1/5R2/6p1/2Q4p/2B2p2/1P2p1P1/P4P1P/1N4K1 b - - 3 34,e3f2,-10000,-10000,0
4r2k/2Q2R2/6p1/7p/2B2p2/1P4P1/P4K1P/1N6 b - - 2 36,f4g3,-10000,-10000,0
rnbqkbnr/pppppppp/8/8/8/8/PPPPPPPP/RNBQKBNR w KQkq - 0 1,d2d4,25,18,-7
rnbqkbnr/pppppppp/8/8/3P4/8/PPP1PPPP/RNBQKBNR b KQkq - 0 1,b7b6,-19,-114,95
rnbqkbnr/p1pppppp/1p6/8/3P4/8/PPP1PPPP/RNBQKBNR w KQkq - 0 2,c2c4,95,70,-25
rnbqkbnr/p1pppppp/1p6/8/2PP4/8/PP2PPPP/RNBQKBNR b KQkq - 0 2,e7e6,-63,-86,23
rn1qkbnr/pbpp1ppp/1p2p3/8/2PP4/2N5/PP2PPPP/R1BQKBNR w KQkq - 2 4,a2a3,78,32,-46
rn1qkbnr/pbpp1ppp/1p2p3/8/2PP4/P1N5/1P2PPPP/R1BQKBNR b KQkq - 0 4,g7g6,-27,-54,27
rn1qkbnr/pbpp1p1p/1p2p1p1/8/2PP4/P1N5/1P2PPPP/R1BQKBNR w KQkq - 0 5,h2h3,51,15,-36
rn1qk1nr/p1pp1pbp/1p2p1p1/8/2PP4/P1N2b1P/1P2PPP1/R1BQKB1R w KQkq - 0 7,e2f3,26,20,-6
rn2k1nr/p1pp1p1p/1p2p1p1/8/2P5/P1b2P1P/1P2BPP1/R1B2RK1 w kq - 0 11,b2c3,-236,-227,-9
rn2k2r/p1ppnp1p/1p2p1p1/8/2P5/P1PB1P1P/5PP1/R1B2RK1 b kq - 2 12,f7f5,251,244,-7
rn2k2r/p1ppn2p/1p2p1p1/5p2/2P5/P1PBBP1P/5PP1/R4RK1 b kq - 1 13,c7c5,253,179,-74
r3k2r/p2pn2p/1p2p1pB/n1p2p2/2P5/P1PB1P1P/5PP1/1R3RK1 w kq - 4 16,a3a4,-217,-221,4
r3k2r/p2p3p/1pn1p1pB/n1p2p2/P1P5/2PB1P1P/5PP1/1R3RK1 w kq - 1 17,g2g4,-229,-299,70
2kr2r1/p2p3p/1p2p1p1/n1p1Bp2/P1P3P1/2P2P1P/4BP2/1R3RK1 b - - 0 20,d7d6,-380,-355,-25
2k2rr1/p6p/1p1ppBp1/n1p2p2/P1P3P1/2P2P1P/4BP2/1R3RK1 w - - 2 22,g4g5,344,405,61
2k2rr1/p6p/1p1ppBp1/n1p2pP1/P1P5/2P2P1P/4BP2/1R3RK1 b - - 0 22,e6e5,-405,-430,25
5rr1/p1k4p/1p1p1Bp1/n1p1ppP1/P1P5/2PR1P1P/4BP2/5RK1 b - - 3 24,f5f4,-295,-385,90
8/p1k4p/1p1R2p1/2p1pr2/P1B2p2/2P2P1P/5P2/3R1K2 b - - 0 35,e5e4,-844,-10000,9156
rnbqkbnr/pppppppp/8/8/8/8/PPPPPPPP/RNBQKBNR w KQkq - 0 1,d2d4,29,19,-10
rnbqkbnr/pppppppp/8/8/3P4/8/PPP1PPPP/RNBQKBNR b KQkq - 0 1,d7d5,-19,-24,5
rnbqkb1r/ppp1pppp/5n2/3p4/3P4/5N2/PPP1PPPP/RNBQKB1R w KQkq - 2 3,e2e3,23,12,-11
rn1qkb1r/ppp1pppp/5nN1/3p4/3P4/4P3/PPP2PPP/RNBQKB1R b KQkq - 0 5,h7g6,-41,-36,-5
rn1qkb1r/ppp1ppp1/5np1/3p4/3P4/3BP3/PPP2PPP/RNBQK2R b KQkq - 1 6,e7e6,24,22,-2
rn1qk2r/ppp2pp1/3bpnp1/3p4/3P4/3BP3/PPPNQPPP/R1B1K2R b KQkq - 3 8,c7c5,12,20,8
rn1qk2r/pp3pp1/3bpnp1/2pp4/3P4/3BP3/PPPNQPPP/R1B1K2R w KQkq - 0 9,c2c3,-15,-33,18
rn1qk2r/pp3pp1/3bpnp1/2pp4/3P4/2PBP3/PP1NQPPP/R1B1K2R b KQkq - 0 9,c5c4,28,-82,-110
r2qk2r/pp3pp1/2nbpnp1/3p4/2pP4/2P1P3/PPBNQPPP/R1B1K2R w KQkq - 2 11,e3e4,114,101,-13
r2qk2r/pp3pp1/2nbpnp1/3p4/2pPP3/2P5/PPBNQPPP/R1B1K2R b KQkq - 0 11,d5e4,-101,-132,31
r2qk2r/pp3pp1/2nbpnp1/8/2pPN3/2P5/PPB1QPPP/R1B1K2R b KQkq - 0 12,e6e5,-140,-259,119
r2qk2r/pp3pp1/2nb1Np1/4p3/2pP4/2P5/PPB1QPPP/R1B1K2R b KQkq - 0 13,g7f6,-210,-229,19
r3k2r/ppq2p2/2nb1pp1/4p3/B1QP4/2P5/PP3PPP/R1B1K2R w KQkq - 5 17,d4d5,255,246,-9
r3k2r/ppq2p2/2nb1pp1/3Pp3/B1Q5/2P5/PP3PPP/R1B1K2R b KQkq - 0 17,a7a6,-244,-250,6
r3k2r/1pq2p2/p1nb1pp1/3Pp3/B1Q5/2P5/PP3PPP/R1B1K2R w KQkq - 0 18,d5c6,240,247,7
r3k2r/1pq2p2/p1Pb1pp1/4p3/B1Q5/2P5/PP3PPP/R1B1K2R b KQkq - 0 18,b7b5,-241,-236,-5
r3k2r/2q2p2/p1Pb1pp1/1B2p3/2Q5/2P5/PP3PPP/R1B1K2R b KQkq - 0 19,a6b5,-264,-249,-15
r6r/2q2pk1/Q1Pb1pp1/4p3/8/2P1B3/PP3PPP/2KR3R w - - 7 24,b2b4,378,-557,-935
rnbqkbnr/pppppppp/8/8/8/8/PPPPPPPP/RNBQKBNR w KQkq - 0 1,e2e4,37,30,-7
rnbqkbnr/pppppppp/8/8/4P3/8/PPPP1PPP/RNBQKBNR b KQkq - 0 1,e7e5,-32,-32,0
r1bqk1nr/pppp1ppp/2n5/2b1p3/2B1P3/5N2/PPPP1PPP/RNBQK2R w KQkq - 4 4,b2b4,18,-3,-21
r1bqk1nr/pppp1ppp/2n5/4p3/1bB1P3/5N2/P1PP1PPP/RNBQK2R w KQkq - 0 5,c2c3,-7,-2,-5
r1bqk1nr/pppp1ppp/2n5/2b1p3/2B1P3/2P2N2/P2P1PPP/RNBQ1RK1 b kq - 2 6,d7d6,17,29,12
r1bqk1nr/ppp2ppp/2np4/2b1p3/2B1P3/2P2N2/P2P1PPP/RNBQ1RK1 w kq - 0 7,d2d4,-25,-25,0
r1bqk1nr/ppp2ppp/1bnp4/4p3/2BPP3/B1P2N2/P4PPP/RN1Q1RK1 b kq - 2 8,e5d4,60,53,-7
r1bqk1nr/ppp2ppp/1bnp4/8/2BpP3/B1P2N2/P4PPP/RN1Q1RK1 w kq - 0 9,c3d4,-34,-56,22
rnbqkbnr/pppppppp/8/8/8/8/PPPPPPPP/RNBQKBNR w KQkq - 0 1,e2e4,30,32,2
rnbqkbnr/pppppppp/8/8/4P3/8/PPPP1PPP/RNBQKBNR b KQkq - 0 1,c7c6,-32,-46,14
rnbqkbnr/pp1ppppp/2p5/8/4P3/5N2/PPPP1PPP/RNBQKB1R b KQkq - 1 2,d7d5,-29,-36,7
rnbqkbnr/pp2pppp/2p5/3p4/4P3/5N2/PPPP1PPP/RNBQKB1R w KQkq - 0 3,e4d5,42,26,-16
rnbqkbnr/pp2pppp/2p5/3P4/8/5N2/PPPP1PPP/RNBQKB1R b KQkq - 0 3,c6d5,-23,-24,1
rnbqkbnr/pp2pppp/8/3p4/8/5N2/PPPP1PPP/RNBQKB1R w KQkq - 0 4,d2d4,22,24,2
r1bqkbnr/pp2pppp/2n5/3p4/3P4/2N2N2/PPP2PPP/R1BQKB1R b KQkq - 2 5,e7e6,8,-23,-31
r1b2rk1/pp1qbppp/2n1pn2/1B1p4/3P1B2/2N2N2/PPPQ1PPP/R3R1K1 b - - 13 12,a7a6,-36,-45,9
r1b2rk1/1p1qbppp/p1n1pn2/3p4/B2P1B2/2N2N2/PPPQ1PPP/R3R1K1 b - - 1 13,b7b5,10,11,1
r1b2rk1/3qbppp/p1n1pn1B/1p1p4/3P3N/1BN5/PPPQ1PPP/R3R1K1 b - - 5 16,g7h6,397,385,-12
r1b2rk1/3qbp1p/p1n1p2Q/1p1p4/3PN2N/1B6/PPP2PPP/R3R1K1 b - - 0 18,d5e4,-107,-116,9
r1b2rk1/3qbp1p/p1n1p2Q/1p6/3PR2N/1B6/PPP2PPP/R5K1 b - - 0 19,f7f5,-144,-562,418
r1b2b1k/6qp/p1n1R3/1p4r1/3PR3/1B5Q/PPP2PPP/6K1 w - - 6 25,g2g3,-455,-544,89
4rb1k/6qp/p1n1B3/1p4r1/3PR3/6PQ/PPP2P1P/6K1 w - - 1 27,d4d5,-499,-557,58
4rb1k/6qp/p3B3/1p1Pn1r1/4R3/6PQ/PPP2P1P/6K1 w - - 1 28,f2f4,-508,-493,-15
4rb1k/6qp/p3B1r1/1p1P4/4RP2/5nPQ/PPP4P/7K w - - 3 30,f4f5,-501,-629,128
4rb1k/6qp/p3B3/1p1P1Pr1/3nR3/6PQ/PPP3KP/8 w - - 3 32,c2c3,-521,-646,125
4rb1k/6qp/p3n3/1p1P1Pr1/4R3/2P3PQ/PP4KP/8 w - - 0 33,d5e6,-663,-663,0
4r2k/6qp/p2bP3/1p3Pr1/4R3/2P3PQ/PP4KP/8 w - - 1 34,g3g4,-542,-666,124
1b2r2k/3Q3p/p3P2q/1p3Pr1/4R1P1/2P5/PP4KP/8 w - - 5 37,e6e7,-108,-383,275
1b4rk/4PQ1p/p7/1p3P2/8/1KP5/PP4q1/8 b - - 3 44,a6a5,423,342,-81
1b4rk/4PQ1p/8/pp3P2/8/1KP5/PP4q1/8 w - - 0 45,e7e8q,-441,-567,126
1b2Q1rk/5Q1p/8/pp3P2/8/1KP5/PP4q1/8 b - - 0 45,a5a4,594,74,-520
4Q1rk/5Q1p/3b4/1p3P2/p7/K1P5/PP4q1/8 w - - 2 47,b2b4,-576,-596,20
4Q1rk/5Q1p/3b4/1p3P2/pP6/K1P5/P5q1/8 b - b3 0 47,a4b3,608,622,14
8/7p/3Q4/1p3Pk1/8/1KP5/P5q1/8 w - - 1 52,f5f6,165,2,-163
8/7p/5qk1/1Q6/8/1KP5/P7/8 w - - 0 55,a2a4,122,127,5
8/7p/6k1/8/PQ6/K1Pq4/8/8 w - - 5 58,a4a5,209,195,-14
8/7p/6k1/P7/1Q6/K1Pq4/8/8 b - - 0 58,h7h5,-216,-225,9
8/8/8/P6p/1K4k1/2P5/8/8 b - - 0 69,h5h4,-792,-876,84
8/8/8/P7/1K4kp/2P5/8/8 w - - 0 70,a5a6,959,1022,63
8/8/P7/8/1K4kp/2P5/8/8 b - - 0 70,h4h3,-1067,-1081,14
8/8/P7/8/1K4k1/2P4p/8/8 w - - 0 71,a6a7,1083,1091,8
8/P7/8/8/1K4k1/2P4p/8/8 b - - 0 71,h3h2,-1090,-1090,0
8/P7/8/8/1K4k1/2P5/7p/8 w - - 0 72,a7a8q,1092,1094,2
Q7/8/8/8/1K4k1/2P5/7p/8 b - - 0 72,h2h1b,-1091,-1154,63
8/8/8/8/1K3k2/2P5/8/7Q w - - 1 74,c3c4,1188,1327,139
8/8/8/4k3/1KP5/3Q4/8/8 w - - 9 79,c4c5,10000,10000,0
8/8/4k3/2P5/1K6/3Q4/8/8 w - - 1 80,c5c6,10000,10000,0
8/8/2P5/4k3/1K6/3Q4/8/8 w - - 1 81,c6c7,10000,10000,0
8/2P1k3/8/8/1K1Q4/8/8/8 w - - 3 83,c7c8q,10000,10000,0
rnbqkbnr/pppppppp/8/8/8/8/PPPPPPPP/RNBQKBNR w KQkq - 0 1,e2e4,29,29,0
rnbqkbnr/pppppppp/8/8/4P3/8/PPPP1PPP/RNBQKBNR b KQkq - 0 1,e7e6,-29,-32,3
rnbqkbnr/pppp1ppp/4p3/8/4P3/8/PPPP1PPP/RNBQKBNR w KQkq - 0 2,b2b3,29,-41,-70
rnbqkbnr/pppp1ppp/4p3/8/4P3/1P6/P1PP1PPP/RNBQKBNR b KQkq - 0 2,d7d6,34,-12,-46
rnbqkbnr/ppp2ppp/3pp3/8/4P3/1P6/PBPP1PPP/RN1QKBNR b KQkq - 1 3,e6e5,-9,-68,59
rnbqkbnr/ppp2ppp/3p4/4p3/4P3/1P6/PBPP1PPP/RN1QKBNR w KQkq - 0 4,g2g3,69,-5,-74
rn1qkb1r/ppp2ppp/3p4/4p3/4n3/1P4PN/PBPP1P1P/RN1QK2R w KQkq - 0 7,f2f3,-76,-192,116
rn1qkb1r/ppp2ppp/3p4/2n1p3/8/1P3PPN/PBPP3P/RN1QK2R w KQkq - 1 8,d2d4,-180,-191,11
rn1qkb1r/ppp2ppp/3p4/2n1p3/3P4/1P3PPN/PBP4P/RN1QK2R b KQkq - 0 8,e5d4,186,161,-25
r4b1r/pppk1ppp/3p4/6n1/5N2/1PNKRPP1/P1P4P/R7 b - - 7 18,g7g6,207,38,-169
r4b1r/pppk1p1p/3p2p1/6n1/5N2/1PNKRPP1/P1P4P/R7 w - - 0 19,h2h4,-31,-198,167
r4b1r/pppk1p1p/3pN1p1/8/7P/1PNKRPP1/P1P5/R7 b - - 0 20,f7e6,199,179,-20
r4r2/pppk2bp/3pp1p1/8/4N2P/1P1KRPP1/P1P5/3R4 w - - 4 23,f3f4,-96,-232,136
r4r2/pppk2bp/3pp1p1/8/4NP1P/1P1KR1P1/P1P5/3R4 b - - 0 23,b7b6,210,29,-181
r4r2/p1pk2bp/1p1pp1p1/6N1/5P1P/1P1KR1P1/P1P5/3R4 b - - 1 24,e6e5,32,21,-11
r4r2/p1pk2bp/1p1p2p1/4p1N1/5P1P/1P1KR1P1/P1P5/3R4 w - - 0 25,f4e5,-7,-8,1
5r2/p1pk4/1p1p2p1/4b3/2K4P/1PN1R1P1/2r5/3R4 b - - 3 32,a7a6,591,428,-163
5r2/2pk4/pp1p2p1/8/7P/1P2K1b1/8/7R b - - 1 36,c7c5,690,677,-13
5r2/3k4/pp1p2p1/2p5/7P/1P2K1b1/8/7R w - - 0 37,h4h5,-682,-693,11
5r2/3k4/pp1p2p1/2p4P/8/1P2K1b1/8/7R b - - 0 37,g6g5,701,642,-59
5r2/3k4/pp1p4/2p3pP/8/1P2K1b1/8/7R w - - 0 38,h5h6,-656,-699,43
5r2/3k4/pp1p3P/2p3p1/7b/1P2K3/8/R7 b - - 2 39,a6a5,711,708,-3
8/3k4/1p1p3r/p1p2Kp1/7b/1P6/8/R7 w - - 0 42,b3b4,-761,-751,-10
8/3k4/1p1p3r/p1p2Kp1/1P5b/8/8/R7 b - - 0 42,c5b4,767,745,-22
8/3k4/1p1p4/p3r1p1/1pK4b/8/8/R7 b - - 5 45,b6b5,787,760,-27
8/3k4/3p4/pp4p1/1p5b/4r3/K7/R7 b - - 3 47,a5a4,827,767,-60
8/3k4/3p4/1p4p1/pp5b/4r3/K7/3R4 b - - 1 48,g5g4,823,793,-30
8/3k4/3p4/1p6/pp4pb/4r3/K7/6R1 b - - 1 49,g4g3,895,931,36
8/3k4/3p4/1p6/pp5b/6p1/5r2/1K4R1 b - - 5 52,g3g2,971,10000,9029
rnbqkbnr/pppppppp/8/8/8/8/PPPPPPPP/RNBQKBNR w KQkq - 0 1,e2e4,28,20,-8
rnbqkb1r/pppppppp/8/8/8/2n2N2/PPPP1PPP/R1BQKB1R w KQkq - 0 4,d2c3,-107,-122,15
rnbqkb1r/pppppppp/8/8/8/2P2N2/PPP2PPP/R1BQKB1R b KQkq - 0 4,e7e6,126,117,-9
rnbqk2r/ppppbppp/4p3/6B1/8/2P2N2/PPP2PPP/R2QKB1R w KQkq - 2 6,h2h4,-154,-172,18
rnbq1rk1/ppppbppp/4p3/6B1/2B4P/2P2N2/PPP2PP1/R2QK2R b KQ - 2 7,d7d5,210,199,-11
rnbq1rk1/ppp1bppp/4p3/3p2B1/7P/2PB1N2/PPP2PP1/R2QK2R b KQ - 1 8,c7c5,234,136,-98
rnbq1rk1/pp2bppp/4p3/2pp2B1/7P/2PB1N2/PPP2PP1/R2QK2R w KQ - 0 9,b2b3,-135,-236,101
r1bq1rk1/pp2bppp/2n1p3/2pp2B1/7P/1PPB1N2/P1PQ1PP1/R3K2R b KQ - 2 10,e6e5,316,222,-94
r1bq1rk1/pp2bppp/2n5/2ppp1B1/7P/1PP2N2/P1PQBPP1/R3K2R b KQ - 1 11,e5e4,403,273,-130
r1bq1rk1/pp2bppp/2n5/2pp2B1/4p2P/1PP5/P1PQBPPN/R3K2R b KQ - 1 12,h7h6,312,237,-75
3r1rk1/pp3pp1/2n1B2p/2pp4/4p2q/1PP5/P1P1QPPN/2KR3R b - - 0 17,f7e6,307,323,16
3r1rk1/pp4p1/4p2p/2ppq3/4p3/1PP5/PKP1QPP1/3R3R w - - 0 21,f2f3,-319,-348,29
3r1rk1/pp4p1/4p2p/2ppq3/4p3/1PP2P2/PKP1Q1P1/3R3R b - - 0 21,d5d4,372,353,-19
3r1rk1/pp4p1/4p2p/2p1q3/3pp3/1PP2P2/PKP1Q1P1/3R3R w - - 0 22,f3e4,-370,-385,15
3r1rk1/pp4p1/4p2p/2p1q3/3pP3/1PP5/PKP1Q1P1/3R3R b - - 0 22,d4c3,389,396,7
3r1rk1/pp4p1/4p2p/q1p5/4P3/1Pp1Q3/P1P3P1/1K2R2R b - - 5 25,b7b5,250,189,-61
rnbqkbnr/pppppppp/8/8/8/2N5/PPPPPPPP/R1BQKBNR b KQkq - 1 1,c7c5,10,-14,-24
rnbqkbnr/pp1ppppp/8/2p5/8/2N5/PPPPPPPP/R1BQKBNR w KQkq - 0 2,d2d3,35,-46,-81
rnbqkbnr/pp1ppppp/8/2p5/8/2NP4/PPP1PPPP/R1BQKBNR b KQkq - 0 2,g7g6,39,11,-28
rnbqkbnr/pp1ppp1p/6p1/2p5/8/2NP4/PPP1PPPP/R1BQKBNR w KQkq - 0 3,e2e4,-9,-8,-1
rnbqk1nr/pp1pppbp/6p1/2p5/4P3/2NP4/PPP2PPP/R1BQKBNR w KQkq - 1 4,f2f4,-11,-21,10
r1bqk1nr/pp1pppbp/2n3p1/2p5/4PP2/2NP1N2/PPP3PP/R1BQKB1R b KQkq - 2 5,e7e6,20,0,-20
r1b1k2r/pp1pnpbp/2n1p1p1/q1p5/4PP2/2NPBN2/PPP1Q1PP/R3KB1R b KQkq - 7 9,d7d6,405,76,-329
r1b1k2r/pp2npbp/2npp1p1/q1p5/4PP2/2NP1N2/PPPBQ1PP/R3KB1R b KQkq - 1 10,b7b5,74,70,-4
r1b1k2r/p3qpbp/2npp1p1/1pp5/4PP2/3P1N2/PPPBQ1PP/2KR1B1R b kq - 1 13,b5b4,132,131,-1
r1b1k2r/p3qpbp/2npp1p1/2p5/1p2PP2/3P1N2/PPPBQ1PP/2KR1B1R w kq - 0 14,d3d4,-105,-112,7
r5k1/p2r1p1p/3pp1p1/2p5/1p1bPP2/8/PPPB2PP/2KR3R w - - 0 21,c2c3,-162,-169,7
r5k1/p2r1p1p/3pp1p1/2p5/1p1bPP2/2P5/PP1B2PP/2KR3R b - - 0 21,b4c3,150,138,-12
r5k1/p2r1p1p/3pp1p1/2p5/4PP2/2b5/PP4PP/2KR3R w - - 0 23,b2c3,-184,-187,3
3r2k1/p2r1p1p/3pp1p1/2p5/4PP2/2P5/P1K3PP/3R3R b - - 2 24,d6d5,159,116,-43
3r2k1/p2r1p1p/4p1p1/2pp4/4PP2/2P5/P1K3PP/3R3R w - - 0 25,e4e5,-99,-196,97
3r2k1/p2r1p1p/4p1p1/2ppP3/5P2/2P5/P1K3PP/3R3R b - - 0 25,d5d4,197,139,-58
3r2k1/p2r1p1p/4p1p1/2p1P3/3p1P2/2P5/P1K3PP/3R3R w - - 0 26,c3c4,-125,-221,96
8/pr2kp1p/4p1p1/2p1P3/2PpKP2/8/P1R3PP/8 w - - 8 33,g2g4,-309,-291,-18
8/pr2kp1p/4p1p1/2p1P3/2PpKPP1/8/P1R4P/8 b - - 0 33,f7f6,273,247,-26
8/pr2k2p/4ppp1/2p1P3/2PpKPP1/8/P1R4P/8 w - - 0 34,e5f6,-249,-287,38
8/pr5p/4pkp1/2p5/2PpKPP1/8/P1R4P/8 w - - 0 35,h2h4,-287,-299,12
8/pr5p/4pkp1/2p5/2PpKPPP/8/P1R5/8 b - - 0 35,h7h6,286,36,-250
8/pr6/4pkpp/2p5/2PpKPPP/8/P1R5/8 w - - 0 36,g4g5,-33,-73,40
8/pr6/4pkpp/2p3P1/2PpKP1P/8/P1R5/8 b - - 0 36,h6g5,77,80,3
8/pr6/4pkp1/2p3p1/2PpKP1P/8/P1R5/8 w - - 0 37,h4g5,-51,-53,2
8/p3k3/4p1p1/2p1K1P1/2Pp1P2/8/P3R3/1r6 b - - 4 39,d4d3,800,838,38
rnbqkbnr/pppppppp/8/8/8/8/PPPPPPPP/RNBQKBNR w KQkq - 0 1,d2d4,25,23,-2
r1bqkbnr/pppppppp/2n5/8/3P4/8/PPP1PPPP/RNBQKBNR w KQkq - 1 2,e2e3,78,37,-41
r1bqkbnr/pppppppp/2n5/8/3P4/4P3/PPP2PPP/RNBQKBNR b KQkq - 0 2,d7d5,-40,-42,2
r2qkbnr/ppp1pppp/2n5/3p1b2/3P4/3BP3/PPPB1PPP/RN1QK1NR b KQkq - 3 4,e7e6,10,0,-10
r2qkbnr/ppp2ppp/2n1p3/3p4/3P4/3bPN2/PPPB1PPP/RN1QK2R w KQkq - 0 6,c2d3,-8,-3,-5
r2qk1nr/ppp2ppp/2n1p3/3p4/1b1P4/3PPN2/PP1B1PPP/RN1QK2R w KQkq - 1 7,e3e4,26,-40,-66
r2qk1nr/ppp2ppp/2n1p3/3p4/3PP3/3P1N2/PP1K1PPP/RN1Q3R b kq - 0 8,d5e4,238,245,7
r2qk1nr/ppp2ppp/2n1p3/8/3Pp3/3P1N2/PP1K1PPP/RN1Q3R w kq - 0 9,d3e4,-228,-248,20
r3k1nr/ppp2ppp/3qp3/8/Q3P3/2N1K3/PP3PPP/R6R b kq - 2 14,c7c6,134,136,2
2kr2nr/pp3ppp/2p1pq2/8/4P3/1QN1K3/PP3PPP/7R b - - 3 19,g7g5,803,665,-138
2kr2nr/pp3p1p/2p1pq2/6p1/4P3/1QN1K3/PP3PPP/7R w - - 0 20,f2f3,-656,-753,97
rnbqkbnr/pppppppp/8/8/8/8/PPPPPPPP/RNBQKBNR w KQkq - 0 1,e2e3,26,12,-14
rnbqkbnr/pppppppp/8/8/8/4P3/PPPP1PPP/RNBQKBNR b KQkq - 0 1,d7d5,-12,-4,-8
rnbqkbnr/ppp1pppp/8/3p4/8/4P3/PPPP1PPP/RNBQKBNR w KQkq - 0 2,b2b3,1,-48,-49
rnbqkbnr/ppp1pppp/8/3p4/8/1P2P3/P1PP1PPP/RNBQKBNR b KQkq - 0 2,e7e5,45,41,-4
rnbqkb1r/ppp2ppp/5n2/3pp3/8/1P2P3/PBPP1PPP/RN1QKBNR w KQkq - 2 4,g2g3,107,-84,-191
r2q1rk1/ppp2ppp/2nb1n2/1N1ppb2/8/1P2P1P1/PBPP1PBP/R2QK1NR w KQ - 7 8,c2c4,-27,-334,307
r2q1rk1/ppp2ppp/2nb1n2/1N1ppb2/2P5/1P2P1P1/PB1P1PBP/R2QK1NR b KQ - 0 8,d5c4,334,198,-136
r2q1rk1/ppp2ppp/2nb1n2/1N2pb2/2p5/1P2P1P1/PB1P1PBP/R2QK1NR w KQ - 0 9,b3c4,-201,-335,134
r2q1rk1/ppp2ppp/2nb1n2/1N2pb2/2P5/4P1P1/PB1P1PBP/R2QK1NR b KQ - 0 9,a7a6,329,167,-162
r2q1rk1/1pp2ppp/p1n2n2/2b1p1N1/2P5/2NbP1P1/PB1P1PBP/R2QK2R b KQ - 5 12,e5e4,359,50,-309
r2q1rk1/1pp2ppp/p1n2n2/2bN2N1/2P1p3/3bP1P1/PB1P1PBP/R2QK2R b KQ - 1 13,h7h6,156,-255,-411
r2q1r1k/1pp2pp1/p1n2n1p/3N4/1BP1p3/3bP1PN/P2P1PBP/R2QK2R b KQ - 0 16,a6a5,-287,-513,226
5k2/1p3Np1/4B2p/p7/6n1/4PKP1/P2P1n1P/8 b - - 4 33,h6h5,-233,-261,28
8/1p3kp1/4n3/p7/6K1/4P1P1/P2P3P/8 w - - 0 38,d2d4,-194,-315,121
8/1p2k1p1/4n3/p7/3P2K1/4P1P1/P6P/8 w - - 1 39,d4d5,-264,-394,130
8/1p1k2p1/8/p2PK3/8/4P1P1/P6P/2n5 w - - 7 43,d5d6,-328,-530,202
8/1p1k2p1/3P4/p3K3/8/4P1P1/n6P/8 w - - 0 44,h2h4,-538,-535,-3
8/1p1k2p1/3P4/p3K3/7P/2n1P1P1/8/8 w - - 1 45,g3g4,-532,-560,28
8/1p1k2p1/3P4/p3K3/6PP/4P3/4n3/8 w - - 1 46,g4g5,-509,-587,78
8/1p1k2p1/3P4/p3K1P1/7P/4P3/4n3/8 b - - 0 46,a5a4,629,640,11
8/1p1k2p1/3P4/4K1P1/p6P/4P3/4n3/8 w - - 0 47,h4h5,-645,-677,32
8/1p1k2p1/3P4/4K1PP/p7/4P3/4n3/8 b - - 0 47,a4a3,651,689,38
8/1p1k2p1/3P4/4K1PP/8/p3P3/4n3/8 w - - 0 48,h5h6,-695,-708,13
8/1p1k2p1/3P3P/4K1P1/8/p3P3/4n3/8 b - - 0 48,g7h6,721,732,11
8/1p1k4/3P3p/4K1P1/8/p3P3/4n3/8 w - - 0 49,g5h6,-744,-744,0
8/1p1k4/3P3P/4K3/8/p3P3/4n3/8 b - - 0 49,a3a2,747,749,2
8/1p1k4/3P3P/4K3/8/4P3/p3n3/8 w - - 0 50,h6h7,-741,-745,4
8/1p1k3P/3P4/4K3/8/4P3/p3n3/8 b - - 0 50,a2a1q,760,777,17
8/1p1k2KP/3P4/8/5n2/4P3/8/8 w - - 1 54,h7h8q,786,654,-132
8/1p4K1/3k4/8/5n1Q/4P3/8/8 b - - 1 55,b7b6,-563,-888,325
8/6K1/1pk5/8/1Q6/4P3/8/8 b - - 2 57,b6b5,-797,-894,97
8/6K1/2k5/1p6/1Q6/4P3/8/8 w - - 0 58,e3e4,1075,10000,8925
8/3k2K1/8/1p6/1Q2P3/8/8/8 w - - 1 59,e4e5,10000,10000,0
3k4/6K1/8/1p2P3/4Q3/8/8/8 b - - 2 60,b5b4,-1231,-10000,8769
4k3/6K1/8/4P3/1Q6/8/8/8 w - - 1 62,e5e6,10000,10000,0
4k3/6K1/4P3/8/4Q3/8/8/8 w - - 3 64,e6e7,10000,10000,0
8/3kP1K1/8/8/4Q3/8/8/8 w - - 1 65,e7e8q,10000,10000,0
rnbqkbnr/pppppppp/8/8/8/8/PPPPPPPP/RNBQKBNR w KQkq - 0 1,e2e4,21,22,1
rnbqkbnr/pppppppp/8/8/4P3/8/PPPP1PPP/RNBQKBNR b KQkq - 0 1,e7e5,-24,-19,-5
r1bqkb1r/pppp1ppp/2n2n2/4p3/2B1P3/5N2/PPPP1PPP/RNBQK2R w KQkq - 4 4,d2d4,6,-8,-14
r1bqkb1r/pppp1ppp/2n2n2/4p3/2BPP3/5N2/PPP2PPP/RNBQK2R b KQkq - 0 4,d7d5,9,-82,-91
r1bqkb1r/ppp2ppp/2n2n2/3pp3/2BPP3/5N2/PPP2PPP/RNBQK2R w KQkq - 0 5,d4e5,82,0,-82
r2qkb1r/pppb1ppp/2n5/1B1pP3/4n3/5N2/PPP2PPP/RNBQK2R w KQkq - 2 7,e5e6,74,-161,-235
r2qkb1r/ppp2ppp/2B1b3/3p4/4n3/5N2/PPP2PPP/RNBQK2R b KQkq - 0 8,b7c6,204,196,-8
rnbqkbnr/pppppppp/8/8/8/8/PPPPPPPP/RNBQKBNR w KQkq - 0 1,c2c4,23,1,-22
rnbqkbnr/pppppppp/8/8/2P5/8/PP1PPPPP/RNBQKBNR b KQkq - 0 1,d7d6,-9,-30,21
rnbqkbnr/ppp1pppp/3p4/8/2P5/8/PP1PPPPP/RNBQKBNR w KQkq - 0 2,e2e4,33,7,-26
rnbqkb1r/ppp1pppp/3p1n2/8/2P1P3/2N5/PP1P1PPP/R1BQKBNR b KQkq - 2 3,e7e5,-18,-20,2
rn1qkb1r/ppp2ppp/3pbn2/4p3/2P1P3/2N2N2/PP1P1PPP/R1BQKB1R w KQkq - 2 5,d2d3,103,21,-82
rn1qk2r/ppp1bppp/3pbn2/4p3/2P1P3/2NP1N2/PP3PPP/R1BQKB1R w KQkq - 1 6,h2h3,59,5,-54
rn1qk2r/ppp1bppp/3pbn2/4p3/2P1P3/2NP1N1P/PP3PP1/R1BQKB1R b KQkq - 0 6,c7c5,-8,-5,-3
r2qk2r/pp2bppp/2npbn2/2p1p3/2P1P3/2NP1N1P/PP2BPP1/R1BQK2R w KQkq - 2 8,a2a3,1,-9,-10
r3k2r/pp2bppp/1q1pbn2/2p1p3/2PNP3/P1NP3P/1P1BBPP1/1R1QK2R b Kkq - 0 11,e5d4,-28,-96,68
r3k2r/pp2bppp/1q1pb3/2pn4/2PpP3/P2P3P/1P1BBPP1/1R1QK2R w Kkq - 0 13,e4d5,102,110,8
r3k2r/pp1bbppp/1q1p4/2pP4/2Pp2B1/P2P3P/1P1B1PP1/1R1QK2R b Kkq - 2 14,f7f5,-90,-77,-13
r3k2r/pp1bb1pp/1q1p4/2pP1p1B/2Pp4/P2P3P/1P1B1PP1/1R1QK2R b Kkq - 1 15,g7g6,-108,-94,-14
2krr3/pp1b3p/1q1p2p1/2pP1pb1/2Pp4/P2P1B1P/1P1B1PP1/1R1Q1RK1 b - - 7 19,f5f4,-117,-247,130
2krr3/pp1b3p/1q1p2p1/2pP2b1/2Pp1p2/P2P1B1P/1P1B1PP1/1R1Q1RK1 w - - 0 20,a3a4,268,81,-187
2krr3/pp1b3p/1q1p2pb/2pP4/P1Pp1p2/3P1B1P/1P1B1PP1/1R1Q1RK1 w - - 1 21,a4a5,330,312,-18
2krr3/ppq4p/3p2pb/P1pP1b2/2Pp1p2/3P1B1P/1PQB1PP1/1R3RK1 w - - 3 23,b2b4,291,291,0
2krr3/ppq4p/3p2pb/P1pP1b2/1PPp1p2/3P1B1P/2QB1PP1/1R3RK1 b - - 0 23,g6g5,-291,-379,88
2krr3/ppq4p/3p3b/P1pP1bp1/1PPp1p2/3P1B1P/2QB1PP1/1R3RK1 w - - 0 24,b4b5,362,40,-322
2krr3/ppq4p/3p3b/PPpP1bp1/2Pp1p2/3P1B1P/2QB1PP1/1R3RK1 b - - 0 24,b7b6,-56,-263,207
2krr3/p1q4p/1p1p3b/PPpP1bp1/2Pp1p2/3P1B1P/2QB1PP1/1R3RK1 w - - 0 25,a5b6,239,221,-18
2krr3/p1q4p/1P1p3b/1PpP1bp1/2Pp1p2/3P1B1P/2QB1PP1/1R3RK1 b - - 0 25,a7b6,-223,-222,-1
rnbqkbnr/pppppppp/8/8/8/8/PPPPPPPP/RNBQKBNR w KQkq - 0 1,d2d4,23,18,-5
rnbqkbnr/pppppppp/8/8/3P4/8/PPP1PPPP/RNBQKBNR b KQkq - 0 1,d7d5,-21,-25,4
rnbqkbnr/ppp1pppp/8/3p4/3P4/8/PPP1PPPP/RNBQKBNR w KQkq - 0 2,c2c4,26,28,2
rn1qkbnr/ppp1pppp/8/3p1b2/2PP1B2/8/PP2PPPP/RN1QKBNR b KQkq - 2 3,d5c4,-28,-39,11
rn1qkbnr/ppp1pppp/8/5b2/2pP1B2/8/PP2PPPP/RN1QKBNR w KQkq - 0 4,e2e3,36,36,0
rn1qkbnr/ppp1pppp/8/5b2/2pP1B2/4P3/PP3PPP/RN1QKBNR b KQkq - 0 4,e7e6,-29,-26,-3
rn1qk1nr/ppp2ppp/3bp3/5b2/Q1BP1B2/4P3/PP3PPP/RN2K1NR b KQkq - 2 6,c7c6,-3,-25,22
rn1qk1nr/pp3ppp/2pBp3/5b2/Q1BP4/4P3/PP3PPP/RN2K1NR b KQkq - 0 7,b7b5,-26,-311,285
rn1qk1nr/p4ppp/2pBp3/1p3b2/1QBP4/4P3/PP3PPP/RN2K1NR b KQkq - 1 8,b5c4,-200,-268,68
1r2kB2/p1q2p1p/2p1p1r1/5b2/1npP4/Q3P3/PP1N1PPP/2KR2NR b - - 8 16,e6e5,96,-508,-604
1r3k2/Q4p1p/2pq2b1/4p3/1n1P2N1/4P3/PP5P/2KR3R b - - 2 22,h7h6,0,-278,-278
1r3k2/Q4p2/2pq3N/4p3/1n1P4/4P3/PP5P/2Kb1R2 b - - 1 25,e5d4,-42,-10000,9958
rnbqkbnr/pppppppp/8/8/8/8/PPPPPPPP/RNBQKBNR w KQkq - 0 1,e2e4,29,23,-6
rnbqkbnr/pppppppp/8/8/4P3/8/PPPP1PPP/RNBQKBNR b KQkq - 0 1,c7c5,-28,-38,10
r1bqkbnr/pp1ppppp/2n5/1Bp5/4P3/5N2/PPPP1PPP/RNBQK2R b KQkq - 3 3,d7d6,-28,-49,21
r1bqkbnr/pp2pppp/2np4/1Bp5/4P3/5N2/PPPP1PPP/RNBQK2R w KQkq - 0 4,c2c3,47,15,-32
r2qkbnr/pp1bpppp/2np4/1Bp5/4P3/2P2N2/PP1P1PPP/RNBQK2R w KQkq - 1 5,d2d4,47,69,22
r2qkbnr/pp1bpppp/2np4/1Bp5/3PP3/2P2N2/PP3PPP/RNBQK2R b KQkq - 0 5,c5d4,-60,-81,21
r2qkbnr/pp1bpppp/2np4/1B6/3pP3/2P2N2/PP3PPP/RNBQK2R w KQkq - 0 6,c3d4,92,86,-6
2r1kbnr/pp1bpppp/2np4/qB6/3PP3/2N2N2/PP3PPP/R1BQK2R w KQk - 3 8,d4d5,161,82,-79
2r1kb1r/pp1npppp/q2p1n2/3P4/3NP3/2N5/PPQB1PPP/R3K2R b KQk - 5 12,g7g6,144,58,-86
5rk1/pp1nppbp/q2p2p1/3P4/N3P3/1Q6/PP1B1PPP/2R3K1 b - - 0 19,b7b5,97,84,-13
6k1/3nppbp/3p2p1/q2P4/4P3/1Q2B3/PP3PPP/6K1 w - - 2 25,h2h3,-296,-302,6
1Q6/4ppkp/3p2p1/q1nPb3/4P3/4B2P/PP3PP1/5K2 w - - 5 28,a2a3,-417,-482,65
1Q6/4ppkp/3p2p1/q2Pb3/4P3/P2nB2P/1P3PP1/5K2 w - - 1 29,b2b4,-412,-685,273
rnbqkbnr/pppppppp/8/8/8/8/PPPPPPPP/RNBQKBNR w KQkq - 0 1,e2e4,26,34,8
rnbqkbnr/pppppppp/8/8/4P3/8/PPPP1PPP/RNBQKBNR b KQkq - 0 1,e7e6,-36,-34,-2
rnbqkbnr/pppp1ppp/4p3/8/4P3/8/PPPP1PPP/RNBQKBNR w KQkq - 0 2,d2d4,32,38,6
rnbqkbnr/pppp1ppp/4p3/8/3PP3/8/PPP2PPP/RNBQKBNR b KQkq - 0 2,d7d5,-39,-38,-1
rnbqkbnr/ppp2ppp/4p3/3p4/3PP3/8/PPP2PPP/RNBQKBNR w KQkq - 0 3,e4e5,36,28,-8
rnbqkbnr/ppp2ppp/4p3/3pP3/3P4/8/PPP2PPP/RNBQKBNR b KQkq - 0 3,c7c5,-24,-22,-2
rnbqkbnr/pp3ppp/4p3/2ppP3/3P4/8/PPP2PPP/RNBQKBNR w KQkq - 0 4,c2c3,25,19,-6
rnbqkb1r/pp2nppp/4p3/2ppP3/3P4/2P5/PP3PPP/RNBQKBNR w KQkq - 1 5,f2f4,39,-46,-85
r2qkb1r/pp2nppp/2b1p3/2ppP3/3P1P2/2P2N2/PP4PP/RNBQK2R b KQkq - 1 8,c5d4,72,21,-51
r2qkb1r/pp2nppp/2b1p3/3pP3/3p1P2/2P2N2/PP4PP/RNBQK2R w KQkq - 0 9,c3d4,-20,-82,62
r2q1rk1/pp3ppp/2b1p3/3pPn2/1b1P1P2/2N2N2/PP4PP/R1BQ1RK1 w - - 5 12,g2g4,-4,-25,21
r2q1rk1/pp3ppp/2b1p3/3pP3/1b1P1PPn/2N2N2/PP5P/R1BQ1RK1 w - - 1 13,a2a3,-20,-38,18
r2q1rk1/pp3ppp/2b1p3/3pP3/3P1PP1/P1b2Q2/1P5P/R1B2RK1 w - - 0 15,b2c3,-8,3,11
2rq1rk1/pp3ppp/4p3/3pP3/2bP1PP1/P1P2Q2/3B1R1P/R5K1 w - - 5 18,f4f5,73,82,9
2rq1rk1/pp3ppp/4p3/3pPP2/2bP2P1/P1P2Q2/3B1R1P/R5K1 b - - 0 18,a7a5,-95,-312,217
2rq1rk1/1p3ppp/4p3/p2pPP2/2bP2P1/P1P2Q2/3B1R1P/R5K1 w - - 0 19,g4g5,326,-13,-339
2rq1rk1/1p3ppp/4p3/p2pPPP1/2bP4/P1P2Q2/3B1R1P/R5K1 b - - 0 19,b7b5,12,-182,-194
2rq1rk1/5ppp/4p3/pp1pPPP1/2bP4/P1P2Q2/3B1R1P/R5K1 w - - 0 20,h2h4,207,25,-182
2rq1rk1/5ppp/4p3/pp1pPPP1/2bP3P/P1P2Q2/3B1R2/R5K1 b - - 0 20,e6f5,-25,-37,12
2r2rk1/4qppp/8/pp1pPQP1/2bP3P/P1P5/3B1R2/R5K1 w - - 1 22,h4h5,51,60,9
5rk1/4qppp/2r5/pp1pPQPP/2bP4/P1P5/3B1R2/R5K1 w - - 1 23,h5h6,68,16,-52
5rk1/4qppp/2r4P/pp1pPQP1/2bP4/P1P5/3B1R2/R5K1 b - - 0 23,g7h6,-12,-7,-5
5rk1/4qp1p/2r4p/pp1pPQP1/2bP4/P1P5/3B1R2/R5K1 w - - 0 24,g5h6,0,0,0
5rk1/5p1p/6rP/pp1pP3/3P4/P1Pb2R1/2qB1Q2/6RK b - - 12 30,f7f6,0,0,0
5rk1/7p/5pRP/pp1pP3/3P4/P1Pb4/2qB1Q2/6RK b - - 0 31,h7g6,17,15,-2
5rk1/8/5ppP/pp1pP3/3P4/P1Pb4/2qB1Q2/6RK w - - 0 32,e5e6,-17,-94,77
5rk1/8/4PppP/pp1p1b2/3P4/P1P5/2qB1Q1K/6R1 w - - 3 34,e6e7,-97,-112,15
rnbqkbnr/pppppppp/8/8/8/8/PPPPPPPP/RNBQKBNR w KQkq - 0 1,e2e4,32,36,4
rnbqkbnr/pppppppp/8/8/4P3/8/PPPP1PPP/RNBQKBNR b KQkq - 0 1,c7c6,-32,-36,4
rnbqkbnr/pp1ppppp/2p5/8/4P3/5N2/PPPP1PPP/RNBQKB1R b KQkq - 1 2,d7d5,-33,-32,-1
rnbqkbnr/pp2pppp/2p5/3p4/4P3/5N2/PPPP1PPP/RNBQKB1R w KQkq - 0 3,e4d5,30,7,-23
rnbqkbnr/pp2pppp/2p5/3P4/8/5N2/PPPP1PPP/RNBQKB1R b KQkq - 0 3,c6d5,-14,-18,4
rnbqkbnr/pp2pppp/8/3p4/8/5N2/PPPP1PPP/RNBQKB1R w KQkq - 0 4,d2d4,25,29,4
r2qkb1r/pp2pppp/2n2n2/1B1p1bB1/3P4/2N2N2/PPP2PPP/R2QK2R b KQkq - 6 7,a7a6,20,25,5
r2qkb1r/1p2pppp/p1n2n2/3p1bB1/B2P4/2N2N2/PPP2PPP/R2QK2R b KQkq - 1 8,b7b5,52,52,0
r2qkb1r/4pppp/p1n2n2/1p1p1bB1/3P4/1BN2N2/PPP2PPP/R2QK2R b KQkq - 1 9,e7e6,60,58,-2
r2qk2r/5ppp/p1nbpn2/1p1p1bB1/3P4/1BN2N2/PPP2PPP/R3QRK1 b kq - 3 11,h7h6,106,-111,-217
r2q1rk1/5pp1/p2bpn1p/1p1pNb2/7B/1nN5/PPP2PPP/3RQRK1 w - - 0 15,c2b3,-331,-317,-14
r4rk1/3R1pp1/p3p2p/1p3b2/7q/1P6/PP3PPP/4QRK1 b - - 1 20,e6e5,594,504,-90
rnbqkbnr/pppppppp/8/8/8/8/PPPPPPPP/RNBQKBNR w KQkq - 0 1,d2d4,31,19,-12
rnbqkbnr/pppppppp/8/8/3P4/8/PPP1PPPP/RNBQKBNR b KQkq - 0 1,d7d6,-19,-52,33
rnbqkbnr/ppp1pppp/3p4/8/3P4/8/PPP1PPPP/RNBQKBNR w KQkq - 0 2,e2e4,51,49,-2
r1bqkbnr/pppnpppp/3p4/1B6/3PP3/8/PPP2PPP/RNBQK1NR b KQkq - 2 3,c7c6,-9,-28,19
r1bqkbnr/pp1npppp/2pp4/8/2BPP3/8/PPP2PPP/RNBQK1NR b KQkq - 1 4,e7e5,-15,-11,-4
r1bqkbnr/pp1n1ppp/2pp4/4p3/2BPP3/8/PPP2PPP/RNBQK1NR w KQkq - 0 5,d4d5,11,-43,-54
r1bqkb1r/pp1n1ppp/2pp1n2/3Pp1B1/2B1P3/8/PPP2PPP/RN1QK1NR b KQkq - 2 6,h7h6,96,101,5
r1bqkb1r/pp1n1pp1/2pp1n1p/3Pp3/2B1P2B/8/PPP2PPP/RN1QK1NR b KQkq - 1 7,c6c5,245,-46,-291
r1bqkb1r/pp1n1pp1/3p1n1p/2pPp3/2B1P2B/5Q2/PPP2PPP/RN2K1NR b KQkq - 1 8,a7a6,34,40,6
r1bqkb1r/1p1n1pp1/p2p1n1p/2pPp3/2B1P2B/5Q2/PPP2PPP/RN2K1NR w KQkq - 0 9,a2a4,-23,-27,4
r1b1kb1r/1p1n1pp1/pq1p1n1p/2pPp3/P1B1P2B/5Q2/1PP2PPP/RN2K1NR w KQkq - 1 10,b2b3,9,3,-6
r1b1kb1r/1p1n1pp1/p2p1n1p/q1pPp3/P1B1P2B/1P3Q2/2PN1PPP/R3K1NR b KQkq - 2 11,b7b5,181,85,-96
r1b1k2r/5pp1/p2p3p/qppPp1b1/P7/1P3Nn1/2PNBPPP/3RK2R w Kkq - 0 18,f2g3,-713,-756,43
r1b1k2r/5pp1/p2p3p/qppPp3/P6N/1P2b1P1/2PNB1PP/3RK2R b Kkq - 2 19,b5a4,756,751,-5
r3k2r/5pp1/p2p3p/q1pPpb2/p7/1P2b1P1/2PNB1PP/3RK2R w Kkq - 0 21,b3a4,-960,-949,-11
rnbqkbnr/pppppppp/8/8/8/8/PPPPPPPP/RNBQKBNR w KQkq - 0 1,e2e4,30,32,2
rnbqkbnr/pppppppp/8/8/4P3/8/PPPP1PPP/RNBQKBNR b KQkq - 0 1,c7c5,-35,-42,7
rnbqkbnr/pp1ppppp/8/2p5/4P3/5N2/PPPP1PPP/RNBQKB1R b KQkq - 1 2,g7g6,-39,-44,5
rnbqk1nr/pp1pppbp/6p1/2p5/2B1P3/5N2/PPPP1PPP/RNBQ1RK1 b kq - 3 4,e7e6,-11,-49,38
rnbqk1nr/pp1p1pbp/4p1p1/2p5/2B1P3/5N2/PPPP1PPP/RNBQ1RK1 w kq - 0 5,d2d4,46,42,-4
rnbqk2r/pp1pnpbp/4p1p1/2p5/2BPP3/5N2/PPP2PPP/RNBQ1RK1 w kq - 1 6,d4d5,174,105,-69
rnbqk2r/pp1pnpbp/4p1p1/2pP4/2B1P3/5N2/PPP2PPP/RNBQ1RK1 b kq - 0 6,e6d5,-96,-96,0
rnbqk2r/pp1pnpbp/6p1/2pp4/2B1P3/5N2/PPP2PPP/RNBQ1RK1 w kq - 0 7,e4d5,100,88,-12
rnbqk2r/pp1pnpbp/6p1/2pP4/2B5/5N2/PPP2PPP/RNBQ1RK1 b kq - 0 7,d7d6,-80,-78,-2
rnbq1rk1/pp2npbp/3p2p1/2pP2B1/2B5/5N2/PPP2PPP/RN1QR1K1 b - - 3 9,f7f6,-74,-69,-5
rnbq1rk1/pp2n1bp/3p1pp1/2pP4/2B2B2/5N2/PPP2PPP/RN1QR1K1 b - - 1 10,g6g5,-69,-75,6
rnbq1rk1/pp4bp/3p1p2/2pP1np1/2B5/5NB1/PPP2PPP/RN1QR1K1 w - - 2 12,h2h4,2,-221,-223
rnbq1rk1/pp4bp/3p1p2/2pP2p1/2B4P/5Nn1/PPP2PP1/RN1QR1K1 w - - 0 13,f2g3,-215,-237,22
rnbq1rk1/pp4bp/3p1p2/2pP2p1/2B4P/5NP1/PPP3P1/RN1QR1K1 b - - 0 13,h7h6,225,49,-176
r1bq1rk1/pp4b1/3p1pQp/2pPR1p1/2B4P/5NP1/PPP3P1/RN4K1 b - - 0 16,f6e5,65,136,71
r1bq1rk1/pp4b1/3p2Qp/2pPp1p1/2B4P/5NP1/PPP3P1/RN4K1 w - - 0 17,h4g5,-135,-354,219
r2q1rk1/pp4b1/3p3p/2pPpbPQ/2B5/5NP1/PPP3P1/RN4K1 b - - 2 18,e5e4,346,308,-38
r2q1rk1/pp4b1/3p3p/2pP1bPQ/2B1p3/5NP1/PPP3P1/RN4K1 w - - 0 19,g5h6,-345,-362,17
r2q1rk1/pp4b1/3p3P/2pP1b1Q/2B1p3/5NP1/PPP3P1/RN4K1 b - - 0 19,e4f3,374,321,-53
r2q1rk1/pp4b1/3p3P/2pP1b1Q/2B5/5pP1/PPP3P1/RN4K1 w - - 0 20,h6g7,-308,-321,13
r2q1rk1/pp4P1/3p4/2pP1b1Q/2B5/5pP1/PPP3P1/RN4K1 b - - 0 20,f3f2,305,329,24
rnbqkbnr/pppppppp/8/8/8/8/PPPPPPPP/RNBQKBNR w KQkq - 0 1,d2d4,29,17,-12
rnbqkbnr/pppppppp/8/8/3P4/8/PPP1PPPP/RNBQKBNR b KQkq - 0 1,e7e5,-14,-132,118
rnbqkbnr/pppp1ppp/8/4p3/3P4/8/PPP1PPPP/RNBQKBNR w KQkq - 0 2,c2c4,126,-27,-153
rnbqkbnr/pppp1ppp/8/4p3/2PP4/8/PP2PPPP/RNBQKBNR b KQkq - 0 2,e5d4,18,19,1
r1bqkbnr/pppp1ppp/2n5/8/2P5/8/PP2PPPP/RNBQKBNR b KQkq - 2 4,d7d6,13,0,-13
r1bqk2r/ppp1bppp/2np1n2/8/2P5/2N2N2/PP2PPPP/R1BQKB1R w KQkq - 4 7,a2a3,4,-11,-15
r2q1rk1/ppp1bppp/2np1n2/5bB1/2P5/P1N2N2/1P2PPPP/R2QKB1R w KQ - 3 9,e2e3,-19,-22,3
r2q1rk1/ppp1bppp/2np1n2/5bB1/2P5/P1N1PN2/1P3PPP/R2QKB1R b KQ - 0 9,d6d5,25,-162,-187
r2q1rk1/ppp1bppp/2n2n2/3p1bB1/2P5/P1N1PN2/1P3PPP/R2QKB1R w KQ - 0 10,c4d5,146,160,14
rnbqkbnr/pppppppp/8/8/8/8/PPPPPPPP/RNBQKBNR w KQkq - 0 1,e2e4,32,24,-8
rnbqkbnr/pppppppp/8/8/4P3/8/PPPP1PPP/RNBQKBNR b KQkq - 0 1,d7d5,-22,-58,36
rnbqkbnr/ppp1pppp/8/3p4/4P3/8/PPPP1PPP/RNBQKBNR w KQkq - 0 2,e4e5,59,-15,-74
rnbqkbnr/ppp1pppp/8/3pP3/8/8/PPPP1PPP/RNBQKBNR b KQkq - 0 2,d5d4,23,-14,-37
rnbqkbnr/ppp1pppp/8/4P3/3p4/8/PPPP1PPP/RNBQKBNR w KQkq - 0 3,d2d3,9,-5,-14
rnb1kbnr/ppp1pppp/8/3qP3/3p4/3P1N2/PPP2PPP/RNBQKB1R b KQkq - 2 4,h7h6,-10,-88,78
rnb1kbnr/ppp1ppp1/7p/3qP3/3p4/3P1N2/PPP2PPP/RNBQKB1R w KQkq - 0 5,c2c3,81,34,-47
rnb1kbnr/ppp1ppp1/7p/3qP3/3p4/2PP1N2/PP3PPP/RNBQKB1R b KQkq - 0 5,d4c3,-32,-141,109
rnb1kbnr/ppp1ppp1/2q4p/4P3/8/2NP1N2/PP3PPP/R1BQKB1R w KQkq - 1 7,d3d4,239,236,-3
2kr1bnr/ppp1ppp1/n5Np/3NP3/3P2b1/8/PP2BPPP/R1BQK2R b KQ - 0 11,f7g6,-753,-972,219
rnbqkbnr/pppppppp/8/8/8/8/PPPPPPPP/RNBQKBNR w KQkq - 0 1,e2e4,22,25,3
rnbqkbnr/pppppppp/8/8/4P3/8/PPPP1PPP/RNBQKBNR b KQkq - 0 1,c7c5,-25,-33,8
rnbqkbnr/pp1ppppp/8/2p5/4P3/8/PPPP1PPP/RNBQKBNR w KQkq - 0 2,c2c3,30,20,-10
rnbqkbnr/pp1ppppp/8/2p5/4P3/2P5/PP1P1PPP/RNBQKBNR b KQkq - 0 2,g7g6,-27,-45,18
rnbqkbnr/pp1ppp1p/6p1/2p5/4P3/2P5/PP1P1PPP/RNBQKBNR w KQkq - 0 3,d2d4,54,58,4
rnbqkbnr/pp1ppp1p/6p1/2p5/3PP3/2P5/PP3PPP/RNBQKBNR b KQkq - 0 3,c5d4,-51,-75,24
rnbqkbnr/pp1ppp1p/6p1/8/3pP3/2P5/PP3PPP/RNBQKBNR w KQkq - 0 4,c3d4,70,70,0
rnbqk1nr/pp1pppbp/6p1/8/3PP3/5N2/PP3PPP/RNBQKB1R b KQkq - 2 5,e7e6,-65,-134,69
rnbqk2r/pp1pnpbp/4p1p1/8/2BPP3/2N2N2/PP3PPP/R1BQK2R b KQkq - 3 7,a7a6,-14,-123,109
rnbqk2r/1p1pnpbp/p3p1p1/8/2BPP3/2N2N2/PP3PPP/R1BQ1RK1 b kq - 1 8,b7b5,-66,-75,9
rn1qk2r/1b1pnpbp/p3p1p1/1p6/3PP3/1BN1BN2/PP3PPP/R2Q1RK1 b kq - 3 10,d7d5,40,-110,-150
rn1qk2r/1b2npbp/p3p1p1/1p1p4/3PP3/1BN1BN2/PP3PPP/R2Q1RK1 w kq - 0 11,e4e5,131,131,0
rn1qk2r/1b2npbp/p3p1p1/1p1pP3/3P4/1BN1BN2/PP3PPP/R2Q1RK1 b kq - 0 11,b5b4,-125,-196,71
rn1qk2r/1b2npbp/p3p1p1/3pP3/1p1P4/1B2BN2/PP2NPPP/R2Q1RK1 b kq - 1 12,a6a5,-184,-190,6
r2q1rk1/3nnpbp/4p1p1/pQ1pP3/1p1P4/4BN2/PP2NPPP/R4RK1 w - - 1 17,a2a3,88,1,-87
r2q1rk1/3n1pbp/4p1p1/pQ1pPn2/1p1P4/P3BN2/1P2NPPP/R4RK1 w - - 1 18,a3b4,124,91,-33
r2q1rk1/3n1pbp/4p1p1/pQ1pP3/1P1P4/4nN2/1P2NPPP/R4RK1 w - - 0 19,f2e3,100,95,-5
r2q1rk1/5pbp/1n2p1p1/pQ1pP3/1P1P4/4PN2/1P2N1PP/R4RK1 w - - 1 20,b4a5,94,108,14
r2q1rk1/5pbp/4p1p1/PQ1pP3/2nP4/4PN2/1P2N1PP/R4RK1 w - - 1 21,a5a6,97,86,-11
rnbqkbnr/pppppppp/8/8/8/8/PPPPPPPP/RNBQKBNR w KQkq - 0 1,e2e4,30,29,-1
r1bqkbnr/pppppppp/2n5/8/4P3/8/PPPP1PPP/RNBQKBNR w KQkq - 1 2,d2d4,66,43,-23
r1bqkbnr/pppppppp/2n5/8/3PP3/8/PPP2PPP/RNBQKBNR b KQkq - 0 2,e7e5,-36,-60,24
r1bqkbnr/pppp1ppp/2n5/4p3/3PP3/8/PPP2PPP/RNBQKBNR w KQkq - 0 3,d4d5,58,57,-1
r1bqk1nr/pppp1ppp/6n1/3Pp3/1b2P3/2NB4/PPP2PPP/R1BQK1NR w KQkq - 5 6,a2a3,55,27,-28
r1bqk1nr/pppp1ppp/6n1/3Pp3/4P3/P1bB4/1PP2PPP/R1BQK1NR w KQkq - 0 7,b2c3,22,18,-4
r1bqk1nr/pppp1ppp/6n1/3Pp3/4P3/P1PB4/2P2PPP/R1BQK1NR b KQkq - 0 7,d7d6,-18,-19,1
r1bqk2r/ppp2ppp/3p1nn1/3Pp3/4P3/P1PBB3/2P2PPP/R2QK1NR w KQkq - 2 9,c3c4,13,-40,-53
r3k2r/pppq1ppp/3p4/3Pp2n/2P1PBb1/P4N2/2P1BPPP/R2Q1RK1 w kq - 1 14,h2h3,579,87,-492
rnbqkbnr/pppppppp/8/8/8/8/PPPPPPPP/RNBQKBNR w KQkq - 0 1,e2e4,28,31,3
rnbqkbnr/pppppppp/8/8/4P3/8/PPPP1PPP/RNBQKBNR b KQkq - 0 1,e7e5,-31,-29,-2
rnbqkbnr/pppp1ppp/8/4p3/4P3/8/PPPP1PPP/RNBQKBNR w KQkq - 0 2,d2d4,33,-13,-46
rnbqkbnr/pppp1ppp/8/4p3/3PP3/8/PPP2PPP/RNBQKBNR b KQkq - 0 2,e5d4,14,13,-1
r1bqkb1r/pppp1ppp/2n2n2/8/4P3/2N1Q3/PPP2PPP/R1B1KBNR b KQkq - 4 5,a7a6,61,-45,-106
r1bqkb1r/1ppp1ppp/p1n2n2/3N4/4P3/4Q3/PPP2PPP/R1B1KBNR b KQkq - 1 6,h7h6,4,-115,-119
r1b2rk1/1pppbpp1/p1n3qp/8/4P3/2B1Q3/PPP2PPP/3RKBNR w K - 6 11,g2g3,11,-166,-177
r1b2rk1/1ppp1pp1/p1n3qp/8/4P3/2bBQ1P1/PPP2P1P/3RK1NR w K - 0 13,b2c3,-86,-100,14
r1b2rk1/1ppp1pp1/p1n2q1p/8/2B1P3/2P1Q1P1/P1P2P1P/3RK1NR b K - 2 14,d7d6,158,182,24
r1b2rk1/1pp2pp1/p1np1q1p/8/2B1P3/2P1Q1P1/P1P2P1P/3RK1NR w K - 0 15,f2f3,-168,-199,31
r1b2rk1/1pp2pp1/p1np1q1p/8/2B1P3/2P1QPP1/P1P4P/3RK1NR b K - 0 15,b7b5,181,99,-82
1r3rk1/2p2pp1/p1bp1q1p/1p6/4PN2/2P1QPP1/P1P4P/3RK2R b K - 1 19,b5b4,62,34,-28
1r3rk1/2p2pp1/p1bp3p/4q3/1p2PN2/2P1QPP1/P1P4P/3RK2R b K - 3 21,b4c3,170,156,-14
5rk1/2pb1pp1/p2p3p/3Nq3/4P3/5PP1/P6P/2Q1K2R b K - 2 26,c7c6,303,297,-6
5rk1/3b1pp1/p1pp3p/8/4P3/5PP1/P6P/2K4R b - - 0 31,c6c5,550,480,-70
5rk1/5pp1/p6p/2p5/4P3/3R1PP1/P5bP/2K5 b - - 2 34,c5c4,509,495,-14
2r3k1/5pp1/p6p/8/2p1P3/2Rb1PP1/P6P/4K3 w - - 6 38,e4e5,-524,-526,2
6k1/5pp1/p6p/2r1P3/2p5/2Rb1PP1/P6P/4K3 w - - 1 39,f3f4,-522,-515,-7
6k1/5pp1/p6p/2r1P3/2p2P2/2Rb2P1/P6P/4K3 b - - 0 39,g7g5,532,517,-15
8/5p2/p5kp/2r1P1p1/2p2P2/2Rb1KP1/P6P/8 w - - 4 42,f4g5,-506,-551,45
8/5p2/p5kp/2r1P1P1/2p5/2Rb1KP1/P6P/8 b - - 0 42,h6g5,567,544,-23
8/5p2/p5k1/2r1P1p1/2p5/2Rb1KP1/P6P/8 w - - 0 43,g3g4,-558,-589,31
8/5p2/p5k1/4r1p1/2p3P1/2Rb1K2/P6P/8 w - - 0 44,a2a3,-586,-598,12
8/5p2/p5k1/4r1p1/2p3P1/P1Rb1K2/7P/8 b - - 0 44,f7f6,605,612,7
8/8/p4pk1/4r1p1/2p3P1/P1Rb1K2/7P/8 w - - 0 45,h2h3,-635,-636,1
8/8/p4pk1/4r1p1/2p3P1/P1Rb1K1P/8/8 b - - 0 45,f6f5,632,645,13
8/8/p5k1/4rpp1/2p3P1/P1Rb1K1P/8/8 w - - 0 46,g4f5,-657,-673,16
rnbqkbnr/pppppppp/8/8/8/8/PPPPPPPP/RNBQKBNR w KQkq - 0 1,e2e4,31,32,1
rnbqkbnr/pppppppp/8/8/4P3/8/PPPP1PPP/RNBQKBNR b KQkq - 0 1,c7c5,-30,-38,8
rnbqkbnr/pp1ppppp/8/2p5/4P3/5N2/PPPP1PPP/RNBQKB1R b KQkq - 1 2,d7d6,-28,-40,12
r1bqkbnr/pp2pppp/2np4/2p5/4P3/2N2N2/PPPP1PPP/R1BQKB1R w KQkq - 2 4,d2d4,48,55,7
r1bqkbnr/pp2pppp/2np4/2p5/3PP3/2N2N2/PPP2PPP/R1BQKB1R b KQkq - 0 4,c5d4,-42,-39,-3
r1bqkbnr/pp2pppp/2np4/8/3NP3/2N5/PPP2PPP/R1BQKB1R b KQkq - 0 5,g7g6,-39,-76,37
r1bq1rk1/pp2ppbp/3p2p1/8/1n1NP1n1/1BN1B3/PPP1QPPP/2KR3R b - - 11 11,a7a5,50,-72,-122
r1bq1rk1/1p2ppbp/3p2p1/p7/1n1NP1n1/1BN1B3/PPP1QPPP/2KR3R w - - 0 12,h2h3,56,-189,-245
r2q1rk1/1p1bppbp/3p2p1/p7/1n1NP3/1BN1Q2P/PPP2PP1/2KR3R w - - 1 14,a2a3,30,-41,-71
r2q1rk1/1p2ppbp/2bp2p1/p7/4P3/PBN1Q2P/1PP2PP1/2KR3R w - - 0 16,f2f4,-42,-102,60
r2q1rk1/1p2ppbp/2bp2p1/p7/4PP2/PBN1Q2P/1PP3P1/2KR3R b - - 0 16,b7b5,118,102,-16
r2q1rk1/4ppbp/2bp2p1/pp6/4PP2/PBN1Q2P/1PP3P1/2KRR3 b - - 1 17,b5b4,169,163,-6
rnbqkbnr/pppppppp/8/8/8/8/PPPPPPPP/RNBQKBNR w KQkq - 0 1,d2d4,31,23,-8
rnbqkbnr/pppppppp/8/8/3P4/8/PPP1PPPP/RNBQKBNR b KQkq - 0 1,b7b6,-21,-90,69
rnbqkbnr/p1pppppp/1p6/8/3P4/8/PPP1PPPP/RNBQKBNR w KQkq - 0 2,e2e3,93,11,-82
rn1qkbnr/pbpppppp/1p6/8/3P4/3BP3/PPP2PPP/RNBQK1NR b KQkq - 2 3,a7a6,449,-66,-515
rn1qkbnr/1bpppppp/pp6/8/3P4/3BPN2/PPP2PPP/RNBQK2R b KQkq - 1 4,g7g6,-17,-83,66
rn1qkbnr/1bpppp1p/pp4p1/8/3P4/3BPN2/PPP2PPP/RNBQK2R w KQkq - 0 5,e3e4,80,75,-5
rn1qkbnr/1bpppp1p/pp4p1/8/3PP3/3B1N2/PPP2PPP/RNBQK2R b KQkq - 0 5,c7c6,-73,-173,100
rn1qkbnr/1b1ppp1p/ppp3p1/8/3PP3/3B1N2/PPP2PPP/RNBQK2R w KQkq - 0 6,d4d5,164,2,-162
rn1qkbnr/1b1ppp1p/ppp3p1/3P4/4P3/3B1N2/PPP2PPP/RNBQK2R b KQkq - 0 6,b6b5,1,-78,-79
rn1qkbnr/1b1ppp1p/p1p3p1/1p1P4/4P3/3B1N2/PPP2PPP/RNBQK2R w KQkq - 0 7,d5c6,82,-9,-91
rn1qkbnr/3ppp1p/p1b3p1/1p6/4P3/3B1N2/PPP2PPP/RNBQK2R w KQkq - 0 8,e4e5,60,14,-46
rn1qkbnr/3ppp1p/p1b3p1/1p2P3/8/3B1N2/PPP2PPP/RNBQK2R b KQkq - 0 8,e7e6,-10,-63,53
rn1qkbnr/3p1p1p/p1b1p1p1/1p2P1N1/8/3B4/PPP2PPP/RNBQK2R b KQkq - 1 9,f7f6,117,-118,-235
rn1qkbnr/3p3p/p1b1ppp1/1p2P1N1/8/3B4/PPP2PPP/RNBQK2R w KQkq - 0 10,f2f3,108,-404,-512
rn1qkbnr/3p3p/p1b1ppp1/1p2P1N1/8/3B1P2/PPP3PP/RNBQK2R b KQkq - 0 10,f6g5,421,390,-31
rn1qkbnr/3p3p/p3p1p1/1p2P1p1/4b3/5P2/PPP3PP/RNBQK2R w KQkq - 0 12,f3e4,-510,-470,-40
rn1qkbnr/3p3p/p3p1p1/1p2P1p1/4P3/8/PPP3PP/RNBQK2R b KQkq - 0 12,g5g4,500,365,-135
rn1qk1nr/3p3p/p2bp1p1/1p2P3/4P1p1/8/PPP3PP/RNB1K2R w KQkq - 0 14,e5d6,-652,-633,-19
rn1qk1nr/3p3p/p2Pp1p1/1p6/4P1p1/8/PPP3PP/RNB1K2R b KQkq - 0 14,h7h5,624,599,-25
rn1qk1nr/3p4/p2Pp1p1/1p5p/4P1p1/8/PPP3PP/RNB1KR2 b Qkq - 1 15,h5h4,696,584,-112
rn1qk1nr/3p4/p2Pp1p1/1p6/4PRpp/8/PPP3PP/RNB1K3 b Qkq - 1 16,h4h3,698,654,-44
rn1qk1nr/3p4/p2Pp1p1/1p6/4PRp1/7p/PPP3PP/RNB1K3 w Qkq - 0 17,g2h3,-668,-683,15
rn1qk1nr/3p4/p2Pp1p1/1p6/4PRp1/7P/PPP4P/RNB1K3 b Qkq - 0 17,g4g3,678,644,-34
rn1qk1nr/3p4/p2Pp1p1/1p6/4PR2/6pP/PPP4P/RNB1K3 w Qkq - 0 18,h2g3,-642,-648,6
rnbqkbnr/pppppppp/8/8/8/8/PPPPPPPP/RNBQKBNR w KQkq - 0 1,b2b3,33,-15,-48
rnbqkbnr/pppppppp/8/8/8/1P6/P1PPPPPP/RNBQKBNR b KQkq - 0 1,d7d5,16,-4,-20
rnbqkbnr/ppp1pppp/8/3p4/8/1P6/PBPPPPPP/RN1QKBNR b KQkq - 1 2,e7e5,4,-93,-97
rnbqkbnr/ppp2ppp/8/3pp3/8/1P6/PBPPPPPP/RN1QKBNR w KQkq - 0 3,a2a4,96,-93,-189
rnbqkbnr/ppp2ppp/8/3pp3/P7/1P6/1BPPPPPP/RN1QKBNR b KQkq - 0 3,f7f5,106,-88,-194
rnbqkbnr/ppp3pp/8/3ppp2/P7/1P6/1BPPPPPP/RN1QKBNR w KQkq - 0 4,a4a5,85,-88,-173
rnbqkbnr/ppp3pp/8/P2ppp2/8/1P6/1BPPPPPP/RN1QKBNR b KQkq - 0 4,c7c5,94,-46,-140
rnbqkbnr/pp4pp/8/P1pppp2/8/1P6/1BPPPPPP/RN1QKBNR w KQkq - 0 5,a5a6,45,-45,-90
rnbqkbnr/pp4pp/P7/2pppp2/8/1P6/1BPPPPPP/RN1QKBNR b KQkq - 0 5,b7a6,73,-121,-194
rnbqkbnr/p5pp/p7/2pppp2/8/1P6/1BPPPPPP/RN1QKBNR w KQkq - 0 6,e2e3,117,-33,-150
rnbqkbnr/p5pp/p7/2pppp2/8/1P2P3/1BPP1PPP/RN1QKBNR b KQkq - 0 6,d5d4,24,-59,-83
rnbqkbnr/p5pp/p7/2p1pp2/3p4/1P2P3/1BPP1PPP/RN1QKBNR w KQkq - 0 7,e3d4,61,61,0
rnbqkbnr/p5pp/p7/2p1pp2/3P4/1P6/1BPP1PPP/RN1QKBNR b KQkq - 0 7,c5d4,-56,-52,-4
rnbqkbnr/p5pp/p7/4pp2/3p4/1P1B4/1BPP1PPP/RN1QK1NR b KQkq - 1 8,e5e4,79,18,-61
rnbqkbnr/p5pp/p7/5p2/3pp3/1P6/1BPP1PPP/RN1QKBNR b KQkq - 1 9,d4d3,133,-107,-240
rnbqkbnr/p5pp/p7/5p2/4p3/1P1p4/1BPP1PPP/RN1QKBNR w KQkq - 0 10,c2d3,121,117,-4
rnbqkbnr/p5pp/p7/5p2/4p3/1P1P4/1B1P1PPP/RN1QKBNR b KQkq - 0 10,e4d3,-105,-273,168
rn5B/p6p/p7/4Qp2/6k1/1P6/3P1PbP/RN2K1NR w KQ - 0 23,h2h3,10000,10000,0
rn5B/p6p/p7/5p1k/8/1P5P/3P1PQ1/RN2K1NR b KQ - 0 25,a6a5,-1299,-1416,117
7B/5Q1p/5n2/p4pk1/8/1P5P/3P1P2/RN2K1NR w KQ - 3 29,h3h4,10000,10000,0
7B/5Q1p/5n2/p4p2/6kP/1P6/3P1P2/RN2K1NR w KQ - 1 30,f2f3,10000,10000,0
rnbqkbnr/pppppppp/8/8/8/8/PPPPPPPP/RNBQKBNR w KQkq - 0 1,e2e4,36,36,0
rnbqkbnr/pppppppp/8/8/4P3/8/PPPP1PPP/RNBQKBNR b KQkq - 0 1,e7e5,-32,-30,-2
rnbqkbnr/pppp1ppp/8/4p3/4P3/5N2/PPPP1PPP/RNBQKB1R b KQkq - 1 2,d7d6,-33,-42,9
rnbqkb1r/ppp2ppp/3p1n2/4p3/2B1P3/2N2N2/PPPP1PPP/R1BQK2R b KQkq - 3 4,h7h6,-26,-53,27
rnbqkb1r/ppp2pp1/3p1n1p/4p3/2B1P3/2N2N2/PPPP1PPP/R1BQK2R w KQkq - 0 5,d2d4,58,47,-11
rnbqk2r/ppp1bpp1/3p1n1p/4p3/2BPP3/2N2N2/PPP2PPP/R1BQK2R w KQkq - 1 6,d4e5,224,231,7
rnbqk2r/ppp1bpp1/3p1n1p/4P3/2B1P3/2N2N2/PPP2PPP/R1BQK2R b KQkq - 0 6,d6e5,-228,-208,-20
r2kr3/ppp3p1/5n1p/4n3/4PBb1/1BN5/PPP2PPP/R4RK1 w - - 6 14,f2f3,509,489,-20
rnbqkbnr/pppppppp/8/8/8/8/PPPPPPPP/RNBQKBNR w KQkq - 0 1,d2d4,33,20,-13
rnbqkbnr/pppppppp/8/8/3P4/8/PPP1PPPP/RNBQKBNR b KQkq - 0 1,d7d5,-20,-26,6
rnbqkbnr/ppp1pppp/8/3p4/3P4/8/PPP1PPPP/RNBQKBNR w KQkq - 0 2,c2c4,24,23,-1
rnbqkbnr/ppp1pppp/8/3p4/2PP4/8/PP2PPPP/RNBQKBNR b KQkq - 0 2,e7e6,-25,-28,3
rnbqkbnr/ppp2ppp/4p3/3p4/2PP4/8/PP2PPPP/RNBQKBNR w KQkq - 0 3,c4c5,24,-56,-80
rnbqkbnr/ppp2ppp/4p3/2Pp4/3P4/8/PP2PPPP/RNBQKBNR b KQkq - 0 3,c7c6,48,27,-21
rnbqkbnr/pp3ppp/2p1p3/2Pp4/3P4/8/PP2PPPP/RNBQKBNR w KQkq - 0 4,b2b4,-22,-81,59
rnbqkbnr/pp3ppp/2p1p3/2Pp4/1P1P4/8/P3PPPP/RNBQKBNR b KQkq - 0 4,a7a5,68,66,-2
rnbqkbnr/1p3ppp/2p1p3/p1Pp4/1P1P4/8/P3PPPP/RNBQKBNR w KQkq - 0 5,a2a3,-65,-173,108
rnbqkbnr/1p3ppp/2p1p3/p1Pp4/1P1P4/P7/4PPPP/RNBQKBNR b KQkq - 0 5,a5b4,172,163,-9
rnbqkbnr/1p3ppp/2p1p3/2Pp4/1p1P4/P7/4PPPP/RNBQKBNR w KQkq - 0 6,e2e3,-149,-148,-1
r1b1kb1r/qp1n1ppp/2p1pn2/2Pp4/1B1P4/P3PN2/4BPPP/RN1QK2R b KQkq - 4 10,h7h6,155,-11,-166
r1b1kb1r/qp1n1pp1/2p1pn1p/2Pp4/1B1P4/P3PN2/4BPPP/RN1Q1RK1 b kq - 1 11,b7b6,-15,-9,-6
r1b1kb1r/q2n1pp1/1pp1pn1p/2Pp4/1B1P4/P3PN2/4BPPP/RN1Q1RK1 w kq - 0 12,c5b6,15,12,-3
r1b1k2r/2qn1pp1/2p1p2p/3p4/3P2n1/PRN1PN2/4BPPP/3Q1RK1 w kq - 6 17,g2g3,31,-6,-37
r1b1k2r/2qn1pp1/2p1p2p/3p4/3P2n1/PRN1PNP1/4BP1P/3Q1RK1 b kq - 0 17,g7g5,11,-130,-141
r1b1k2r/2q2p2/2p1pn1p/3p2p1/3P2n1/PRN1P1P1/3QBP1P/4NRK1 b kq - 3 19,e6e5,-105,-224,119
r1b1k2r/2q2p2/2p2n1p/3pp1p1/3P2n1/PRN1P1P1/3QBP1P/4NRK1 w kq - 0 20,d4e5,246,-5,-251
r1b1k2r/5p2/2p2n1p/3p2p1/3q2n1/PRN1P1P1/4BP1P/4NRK1 w kq - 0 22,e3d4,28,25,-3
r1b1k2r/5p2/2p4p/3p2p1/3PN1n1/PR4P1/4BP1P/4NRK1 b kq - 0 23,d5e4,-30,-36,6
7R/4kp2/8/1b4pR/3Pp3/4N1P1/5PKP/r7 b - - 2 34,g5g4,-608,-799,191
8/3k1p2/7R/8/3PR1p1/4N1P1/5PKP/r7 b - - 0 39,f7f5,-886,-10000,9114
rnbqkbnr/pppppppp/8/8/8/8/PPPPPPPP/RNBQKBNR w KQkq - 0 1,e2e4,35,33,-2
rnbqkbnr/pppppppp/8/8/4P3/8/PPPP1PPP/RNBQKBNR b KQkq - 0 1,c7c5,-28,-32,4
rnbqkbnr/pp1ppppp/8/2p5/4P3/8/PPPP1PPP/RNBQKBNR w KQkq - 0 2,f2f4,32,-5,-37
rnbqkbnr/pp1ppppp/8/2p5/4PP2/8/PPPP2PP/RNBQKBNR b KQkq - 0 2,d7d5,3,-22,-25
rnbqkbnr/pp2pppp/8/2pp4/4PP2/8/PPPP2PP/RNBQKBNR w KQkq - 0 3,e4d5,30,12,-18
rnbqkbnr/pp2pppp/8/2p5/5P2/2N5/PPPP2PP/R1BQKBNR w KQkq - 2 5,d2d3,22,-23,-45
rnbqkbnr/pp2pppp/8/2p5/5P2/2NP4/PPP3PP/R1BQKBNR b KQkq - 0 5,e7e6,19,2,-17
rnbqkb1r/pp3ppp/4pn2/2p5/5P2/2NPB3/PPP1B1PP/R2QK1NR b KQkq - 3 7,b7b6,46,-67,-113
r2qkb1r/p2b1ppp/1pn1pn2/2p5/5P2/2NPB3/PPPQB1PP/2KR2NR w kq - 4 10,d3d4,74,-13,-87
r2qkb1r/p2b1ppp/1pn1pn2/2p5/3P1P2/2N1B3/PPPQB1PP/2KR2NR b kq - 0 10,c5d4,22,17,-5
3bk2r/p4ppp/1p2pn2/1N6/5P2/8/PPP3PP/2K3NR b k - 0 16,a7a6,55,58,3
3b3r/4kppp/pp2pn2/8/2N2P2/8/PPP3PP/2K3NR b - - 3 18,b6b5,74,60,-14
6r1/4kppp/pb2pn2/1p6/5P2/8/PPP1N1PP/2KN3R b - - 5 21,g7g5,159,171,12
6r1/4kp1p/pb2pn2/1p4p1/5P2/8/PPP1N1PP/2KN3R w - - 0 22,f4f5,-170,-230,60
6r1/4kp1p/pb2pn2/1p3Pp1/8/8/PPP1N1PP/2KN3R b - - 0 22,e6e5,240,115,-125
6r1/3nkp1p/pb6/1p2pPp1/8/8/PPP1N1PP/2KNR3 w - - 2 24,g2g4,-11,-90,79
6r1/3nkp1p/pb6/1p2pPp1/6P1/8/PPP1N2P/2KNR3 b - - 0 24,f7f6,120,-40,-160
6r1/3nk2p/pb3p2/1p2pPp1/6P1/8/PPP1N2P/2KNR3 w - - 0 25,h2h3,62,6,-56
6r1/3nk2p/pb3p2/1p2pPp1/6P1/7P/PPP1N3/2KNR3 b - - 0 25,h7h6,-7,-54,47
5r2/8/p2k3p/1pn1pPpN/6Pb/7P/PPP1R3/1K6 w - - 5 33,b2b3,-337,-398,61
5r2/8/p2k3p/1pn1pPpN/6Pb/1P5P/P1P1R3/1K6 b - - 0 33,e5e4,402,428,26
5r2/6N1/p6p/1pn1kPp1/4p1Pb/1P5P/P1PR4/1K6 w - - 4 36,b3b4,-485,-543,58
5r2/6N1/p6p/1pn1kPp1/1b2p1P1/7P/PKP1R3/8 b - - 1 38,a6a5,631,595,-36
5r2/6N1/7p/ppn1kPp1/1b2p1P1/7P/PKP1R3/8 w - - 0 39,a2a3,-609,-604,-5
rnbqkbnr/pppppppp/8/8/8/8/PPPPPPPP/RNBQKBNR w KQkq - 0 1,e2e4,36,29,-7
rnbqkbnr/pppppppp/8/8/4P3/8/PPPP1PPP/RNBQKBNR b KQkq - 0 1,c7c5,-31,-32,1
rnbqkbnr/pp1ppppp/8/2p5/4P3/5N2/PPPP1PPP/RNBQKB1R b KQkq - 1 2,e7e6,-29,-42,13
rnbqkbnr/pp1p1ppp/4p3/2p5/4P3/5N2/PPPPBPPP/RNBQK2R b KQkq - 1 3,d7d5,-13,-19,6
rnbqkbnr/pp3ppp/4p3/2pp4/4P3/5N2/PPPPBPPP/RNBQK2R w KQkq - 0 4,e4d5,15,19,4
rnbqkbnr/pp3ppp/4p3/2pP4/8/5N2/PPPPBPPP/RNBQK2R b KQkq - 0 4,e6d5,-16,-18,2
rnbqkbnr/pp3ppp/8/2pp4/8/5N2/PPPPBPPP/RNBQK2R w KQkq - 0 5,d2d4,18,15,-3
rnbqkb1r/pp3ppp/5n2/2pp4/3P4/5N2/PPP1BPPP/RNBQK2R w KQkq - 1 6,d4c5,15,-26,-41
rnbqk2r/pp2bppp/5n2/3p4/8/5N2/PPP1BPPP/RNBQ1RK1 w kq - 2 8,h2h3,19,19,0
r1bq1rk1/pp2bppp/2n2n2/3p4/5B2/5N1P/PPP1BPP1/RN1Q1RK1 w - - 3 10,c2c3,6,-9,-15
r4rk1/pp3ppp/3q2b1/3p3n/3n4/2PB1N1P/PP3PP1/R2Q1RK1 w - - 0 16,c3d4,21,-31,-52
r4rk1/pp3ppp/3q4/3p3n/3PB3/5N1P/PP3PP1/R2Q1RK1 b - - 0 17,d5e4,6,10,4
r4rk1/pp3ppp/3qn3/4N3/3Pp1Q1/7P/PP3PP1/3R1RK1 b - - 5 20,f7f6,156,-126,-282
r4rk1/pp4pp/5p2/6q1/3PQn2/4N2P/PP3PP1/3R1RK1 w - - 1 24,d4d5,251,-66,-317
r4rk1/pp4pp/5p2/3P2q1/4Qn2/4N3/PP3PPK/3R1R2 w - - 2 26,g2g3,94,9,-85
r4rk1/pp4pp/5p2/3P3q/4Q3/4N1Pn/PP3PK1/3R1R2 b - - 4 28,f6f5,0,-239,-239
r4rk1/pp4pp/8/3P1p2/7q/4N1Pn/PP3PK1/3R1R2 w - - 0 30,g3h4,44,43,-1
r4rk1/pp4pp/8/3P1p1n/7P/4NK2/PP3P2/3R2R1 b - - 4 32,g7g6,-29,-16,-13
r4rk1/pp5p/6p1/3P1p1n/7P/4NK2/PP3P2/3R2R1 w - - 0 33,d5d6,19,4,-15
r4rk1/pp5p/3P1np1/5p2/7P/4NK2/PP3P2/3R2R1 w - - 1 34,d6d7,28,-56,-84
rnbqkbnr/pppppppp/8/8/8/8/PPPPPPPP/RNBQKBNR w KQkq - 0 1,e2e4,32,32,0
rnbqkbnr/pppppppp/8/8/4P3/8/PPPP1PPP/RNBQKBNR b KQkq - 0 1,e7e5,-31,-35,4
r1bqkb1r/pppp1ppp/2n2n2/4p3/2B1P3/5N2/PPPP1PPP/RNBQK2R w KQkq - 4 4,d2d3,26,14,-12
r1bqkb1r/pppp1ppp/2n2n2/4p3/2B1P3/3P1N2/PPP2PPP/RNBQK2R b KQkq - 0 4,d7d6,-14,-74,60
r1bqk2r/ppp1bppp/2np1n2/4p1B1/2B1P3/3P1N2/PPP2PPP/RN1QK2R w KQkq - 2 6,c2c3,-4,-24,20
r2qk2r/ppp1bppp/2np1n2/4p1B1/2B1P1b1/2PP1N2/PP3PPP/RN1QK2R w KQkq - 1 7,h2h3,31,26,-5
r2qk2r/ppp1bppp/2npBn2/4p1B1/4P3/2PP1N1P/PP3PP1/RN1QK2R b KQkq - 0 8,f7e6,-23,-22,-1
1r3rk1/p1pqb1pp/2nppn2/4p1B1/4P3/2PP1N1P/PPQ2PP1/RN2K2R b KQ - 4 12,d6d5,-10,-100,90
1r3rk1/p1pqb1pp/2n1pn2/3pp1B1/4P3/2PP1N1P/PPQN1PP1/R3K2R b KQ - 1 13,h7h6,-108,-150,42
1r4k1/p1pqb1p1/2n1pr1p/3pp3/4P3/2PP1N1P/PPQN1PP1/R4RK1 b - - 1 15,d5d4,-160,-210,50
1r4k1/p1pqb1p1/2n1pr1p/4p3/3pP3/2PP1N1P/PPQN1PP1/R4RK1 w - - 0 16,c3c4,182,117,-65
1r4k1/p1p1b1p1/2n1prqp/4p3/2PpP3/3P1N1P/PPQN1PP1/R3R1K1 w - - 3 18,b2b3,155,-53,-208
5rk1/p1p3p1/2n1pr1p/4p1q1/2PpP2N/1PbP3P/P2N1PP1/2RQR1K1 w - - 7 22,g2g3,-92,-612,520
rnbqkbnr/pppppppp/8/8/8/8/PPPPPPPP/RNBQKBNR w KQkq - 0 1,e2e4,35,33,-2
rnbqkbnr/pppppppp/8/8/4P3/8/PPPP1PPP/RNBQKBNR b KQkq - 0 1,d7d5,-35,-70,35
rnbqkbnr/ppp1pppp/8/3p4/4P3/8/PPPP1PPP/RNBQKBNR w KQkq - 0 2,e4e5,74,-2,-76
rnbqkbnr/ppp1pppp/8/3pP3/8/8/PPPP1PPP/RNBQKBNR b KQkq - 0 2,e7e6,5,-27,-32
rnbqkbnr/ppp2ppp/4p3/3pP3/8/8/PPPP1PPP/RNBQKBNR w KQkq - 0 3,d2d4,31,35,4
rnbqkb1r/ppp2ppp/4p1n1/1B1pP3/3P4/5N2/PPP2PPP/RNBQK2R b KQkq - 4 5,c7c6,-72,-93,21
rnbqk2r/pp2bppp/2p1p1B1/3pP3/3P4/5N2/PPP2PPP/RNBQK2R b KQkq - 0 7,f7g6,8,19,11
rnbq1rk1/pp2b1pp/2p1p1p1/3pP3/3P4/2N2N2/PPP2PPP/R1BQ1RK1 b - - 3 9,c6c5,57,21,-36
rnbq1rk1/pp2b1pp/4p1p1/2ppP3/3P4/2N2N2/PPP2PPP/R1BQ1RK1 w - - 0 10,d4c5,-13,-19,6
rnb2rk1/pp4pp/1q2p1p1/2bpP1B1/8/2N2N2/PPP2PPP/R2Q1RK1 w - - 2 12,a2a3,51,-15,-66
r1b3k1/pp3qpp/2nBp1p1/3pPr2/8/P2Q1N2/2P2PPP/2R2RK1 b - - 9 19,a7a5,85,-13,-98
r1b3k1/1p3qpp/2nBp1p1/p2pPr2/8/P2Q1N2/2P2PPP/4RRK1 b - - 1 20,b7b6,71,28,-43
r1b3k1/5qpp/1pnBp1p1/p2pP2r/7N/P2Q4/2P2PPP/4RRK1 w - - 2 22,g2g3,-177,-248,71
rnbqkbnr/pppppppp/8/8/8/8/PPPPPPPP/RNBQKBNR w KQkq - 0 1,e2e4,35,34,-1
rnbqkbnr/pppppppp/8/8/4P3/8/PPPP1PPP/RNBQKBNR b KQkq - 0 1,c7c5,-33,-27,-6
rnbqkbnr/pp1ppppp/8/2p5/4P3/8/PPPP1PPP/RNBQKBNR w KQkq - 0 2,d2d4,33,23,-10
rnbqkbnr/pp1ppppp/8/2p5/3PP3/8/PPP2PPP/RNBQKBNR b KQkq - 0 2,c5d4,-20,-23,3
rnbqkbnr/pp1ppppp/8/8/3pP3/8/PPP2PPP/RNBQKBNR w KQkq - 0 3,c2c3,12,-28,-40
rnbqkbnr/pp1ppppp/8/8/3pP3/2P5/PP3PPP/RNBQKBNR b KQkq - 0 3,d4c3,31,40,9
rnbqkbnr/pp1ppppp/8/8/4P3/2N5/PP3PPP/R1BQKBNR b KQkq - 0 4,d7d6,35,30,-5
rnbqkbnr/pp2pppp/3p4/8/4P3/2N2N2/PP3PPP/R1BQKB1R b KQkq - 1 5,g7g6,33,-27,-60
r1bq1rk1/pp2ppbp/2np1np1/8/2B1PB2/2N2N2/PP3PPP/2RQ1RK1 w - - 8 10,a2a3,-58,-84,26
r1bq1rk1/pp2ppbp/2np1np1/8/2B1PB2/P1N2N2/1P3PPP/2RQ1RK1 b - - 0 10,a7a6,71,56,-15
r1bq1rk1/1p2ppbp/p1np1np1/8/2B1PB2/P1N2N2/1P3PPP/2RQ1RK1 w - - 0 11,b2b4,-46,-103,57
r2q1rk1/1p1bppbp/p1np1np1/8/1PB1PB2/PQN2N2/5PPP/2R2RK1 b - - 2 12,b7b5,103,118,15
r2q2k1/3bprbp/p1np1np1/1p4N1/1P2PB2/PQN5/5PPP/2R2RK1 b - - 1 14,e7e6,350,15,-335
rnbqkbnr/pppppppp/8/8/8/8/PPPPPPPP/RNBQKBNR w KQkq - 0 1,d2d4,35,23,-12
rnbqkbnr/pppppppp/8/8/3P4/8/PPP1PPPP/RNBQKBNR b KQkq - 0 1,b7b6,-23,-98,75
rnbqkbnr/p1pppppp/1p6/8/3P4/8/PPP1PPPP/RNBQKBNR w KQkq - 0 2,e2e4,86,92,6
rn1qkbnr/pbpppppp/1p6/8/3PP3/8/PPP2PPP/RNBQKBNR w KQkq - 1 3,c2c4,97,-51,-148
rn1qkbnr/pbpppppp/1p6/8/2PPP3/8/PP3PPP/RNBQKBNR b KQkq - 0 3,a7a6,54,-106,-160
rn1qkbnr/1bpppppp/pp6/8/2PPP3/8/PP3PPP/RNBQKBNR w KQkq - 0 4,f2f4,102,-13,-115
rn1qkbnr/1bpppppp/pp6/8/2PPPP2/8/PP4PP/RNBQKBNR b KQkq - 0 4,e7e6,23,-33,-56
rn1qkbnr/1bpp1ppp/pp2p3/8/2PPPP2/8/PP4PP/RNBQKBNR w KQkq - 0 5,d4d5,32,-5,-37
rn1qkbnr/1bpp1ppp/pp2p3/3P4/2P1PP2/8/PP4PP/RNBQKBNR b KQkq - 0 5,e6d5,24,-19,-43
rn1qkbnr/1bpp1ppp/pp6/3p4/2P1PP2/8/PP4PP/RNBQKBNR w KQkq - 0 6,e4d5,1,-24,-25
rn1qkbnr/1bpp1ppp/pp6/3P4/2P2P2/8/PP4PP/RNBQKBNR b KQkq - 0 6,g7g6,29,-61,-90
rn2kbnr/1bppqp1p/pp4p1/3P4/2P2P2/8/PP2Q1PP/RNB1KBNR w KQkq - 2 8,f4f5,11,-21,-32
rn2kbnr/1bppqp1p/pp4p1/3P1P2/2P5/8/PP2Q1PP/RNB1KBNR b KQkq - 0 8,g6f5,31,-7,-38
rn1k2nr/1bppbp1p/pp6/3P1B2/2P5/8/PP4PP/RNB1K1NR b KQ - 0 11,c7c6,-49,-86,37
rn1k2nr/1b1pbp1p/ppp5/3P1B2/2P5/8/PP4PP/RNB1K1NR w KQ - 0 12,d5c6,112,52,-60
rn1k2nr/1b1pbp1p/pp6/8/2P2B2/8/PP5P/RN2KR2 w Q - 2 17,h2h3,-612,-672,60
rn1k2nr/1b1p1p1p/pp3b2/8/2P2B2/7P/PP6/RN2KR2 w Q - 1 18,h3h4,-590,-768,178
rn1k2nr/1b1p1p1p/pp6/8/2P2B1P/8/P3K3/b4R2 b - - 1 21,a6a5,958,914,-44
rn1k2nr/3p1p1p/bp6/p7/2P2B1P/8/P3K3/2R5 b - - 2 23,b6b5,911,847,-64
rn1k2nr/3p1p1p/b7/pp6/2P2B1P/8/P3K3/2R5 w - - 0 24,c4b5,-835,-834,-1
rn1k2nr/3p1p1p/8/pb6/5B1P/8/P2K4/2R5 b - - 1 25,h7h5,845,763,-82
2rk2nr/3p1p2/n1b5/p6p/3R1B1P/8/P2K4/8 b - - 7 29,d7d5,926,890,-36
rnbqkbnr/pppppppp/8/8/8/5N2/PPPPPPPP/RNBQKB1R b KQkq - 1 1,b7b6,-19,-53,34
rnbqkbnr/p1pppppp/1p6/8/8/5N2/PPPPPPPP/RNBQKB1R w KQkq - 0 2,d2d4,55,25,-30
rn1qkbnr/pbpppppp/1p6/8/3P4/5N2/PPP1PPPP/RNBQKB1R w KQkq - 1 3,c2c4,23,21,-2
rn1qkbnr/pbpppppp/1p6/8/2PP4/5N2/PP2PPPP/RNBQKB1R b KQkq - 0 3,g7g6,-19,-82,63
rn1qk1nr/pbppppbp/1p4p1/8/2PP4/2N2N2/PP2PPPP/R1BQKB1R w KQkq - 2 5,e2e4,92,91,-1
rn1qk1nr/pbppppbp/1p4p1/8/2PPP3/2N2N2/PP3PPP/R1BQKB1R b KQkq - 0 5,e7e6,-95,-119,24
rn1qk1nr/pbpp1pbp/1p2p1p1/8/2PPP3/2N2N2/PP3PPP/R1BQKB1R w KQkq - 0 6,d4d5,110,73,-37
rn1qk2r/pbppnpbp/1p2p1p1/3P4/2P1P3/2NB1N2/PP3PPP/R1BQK2R b KQkq - 2 7,e6d5,-105,-109,4
rn1qk2r/pbppnpbp/1p4p1/3p4/2P1P3/2NB1N2/PP3PPP/R1BQK2R w KQkq - 0 8,e4d5,113,107,-6
rn1qk2r/pbppnpbp/1p4p1/3P4/2P5/2NB1N2/PP3PPP/R1BQK2R b KQkq - 0 8,c7c6,-109,-263,154
rn1qk2r/pb1pnpbp/1pp3p1/3P4/2P1B3/2N2N2/PP3PPP/R1BQK2R b KQkq - 1 9,c6d5,-56,-53,-3
rn1qk2r/p2pnpbp/1p4p1/3b4/2P5/2N2N2/PP3PPP/R1BQK2R w KQkq - 0 11,c4d5,52,37,-15
rn1qk2r/p2pnpbp/1p4p1/3P4/8/2N2N2/PP3PPP/R1BQK2R b KQkq - 0 11,d7d6,-66,-44,-22
r2q1rk1/p2nnpbp/1p1p2p1/3P4/8/2N2N2/PP3PPP/R1BQR1K1 w - - 4 14,a2a3,32,10,-22
r2q1rk1/p2nnp1p/1p1p2p1/3P4/8/P1b2N2/1P3PPP/1RBQR1K1 w - - 0 16,b2c3,60,65,5
2rq1rk1/p2nnp1p/1p1p2p1/3P4/8/P1P2N2/5PPP/1RBQR1K1 w - - 1 17,c3c4,64,25,-39
4q1k1/p4p1p/1p1p2p1/2nP1nN1/2P2B2/P7/2Q2PPP/6K1 w - - 0 24,g2g3,1,-66,-67
4q1k1/p4p1p/1p1p2p1/2nP1nN1/2P2B2/P5P1/2Q2P1P/6K1 b - - 0 24,h7h6,112,-30,-142
4q1k1/p4p2/1p4pp/3PBn2/2P1n3/P5PN/1Q3P1P/6K1 b - - 4 28,f7f6,30,-9,-39
4q3/p4k2/1p3Bpp/3P1nN1/2P1n3/P5P1/1Q3P1P/6K1 b - - 2 30,h6g5,314,284,-30
4q3/p4kn1/1p4p1/3P2p1/2P1n3/P5P1/1Q3P1P/6K1 w - - 0 32,f2f3,-487,-556,69
8/p4kn1/1p3np1/3P2p1/2P5/P3qPPK/1Q5P/8 b - - 4 34,g5g4,10000,578,-9422
rnbqkbnr/pppppppp/8/8/8/8/PPPPPPPP/RNBQKBNR w KQkq - 0 1,e2e4,32,29,-3
rnbqkbnr/pppppppp/8/8/4P3/8/PPPP1PPP/RNBQKBNR b KQkq - 0 1,g7g6,-31,-61,30
rnbqkbnr/pppppp1p/6p1/8/4P3/5N2/PPPP1PPP/RNBQKB1R b KQkq - 1 2,e7e6,-40,-85,45
rnbqkbnr/pppp1p1p/4p1p1/8/4P3/5N2/PPPP1PPP/RNBQKB1R w KQkq - 0 3,d2d4,89,90,1
rnbq1rk1/ppppnpbp/4p1p1/8/2BPP3/2N2N2/PPP2PPP/R1BQ1RK1 b - - 6 6,f7f6,-57,-146,89
rnbq1rk1/ppppn1bp/4ppp1/8/2BPP3/2N2N2/PPP2PPP/R1BQ1RK1 w - - 0 7,e4e5,163,16,-147
rnbq1rk1/ppppn1bp/4ppp1/4P3/2BP4/2N2N2/PPP2PPP/R1BQ1RK1 b - - 0 7,f6f5,-19,-191,172
rnbq1rk1/ppppn1bp/4p1p1/4PpB1/2BP4/2N2N2/PPP2PPP/R2Q1RK1 b - - 1 8,c7c6,-125,-232,107
rnb2rk1/pp1pq1bp/2p1p1p1/4PpN1/2BP4/2N5/PPPQ1PPP/R4RK1 b - - 1 11,h7h6,-14,-53,39
rnb2rk1/pp1pq1b1/2p1p1pp/4Pp2/2BP4/2N4N/PPPQ1PPP/R4RK1 b - - 1 12,g6g5,-7,-51,44
rnb2rk1/pp1pq1b1/2p1p2p/4Ppp1/2BP4/2N4N/PPPQ1PPP/R4RK1 w - - 0 13,f2f4,58,44,-14
rnb2rk1/pp1pq1b1/2p1p2p/4Ppp1/2BP1P2/2N4N/PPPQ2PP/R4RK1 b - - 0 13,g5g4,-57,-63,6
rnb2rk1/pp1pq1b1/2p1p2p/4Pp2/2BP1Pp1/2N5/PPPQ1NPP/R4RK1 b - - 1 14,d7d6,-58,-89,31
rnb2rk1/pp2q1b1/2ppp2p/4Pp2/2BP1Pp1/2N5/PPPQ1NPP/R4RK1 w - - 0 15,h2h3,91,63,-28
rnb2rk1/pp2q1b1/2ppp2p/4Pp2/2BP1Pp1/2N4P/PPPQ1NP1/R4RK1 b - - 0 15,g4h3,-64,-63,-1
rnb2rk1/pp2q1b1/2ppp2p/4Pp2/2BP1P2/2N4p/PPPQ1NP1/R4RK1 w - - 0 16,g2h3,71,-10,-81
rnb2rk1/pp2q1b1/2ppp2p/4Pp2/2BP1P2/2N4P/PPPQ1N2/R4RK1 b - - 0 16,d6d5,-3,-82,79
r1b3rk/pp1nq1b1/2p1p2p/3pPp1B/3P1P2/2N4P/PPPQ1N1K/R5R1 b - - 7 20,c6c5,-142,-307,165
r1b3rk/pp1nq1b1/4p1Rp/2ppPp1B/3P1P2/2N4P/PPPQ1N1K/R7 b - - 1 21,c5d4,151,165,14
r1b3rk/pp2q1b1/4p1Rp/3pPp1B/3QNP2/2N4P/PPP4K/6R1 b - - 0 24,f5e4,-155,-201,46
2r3rk/pp1bq1b1/3Np1Rp/3pP2B/3QpP2/7P/PPP4K/6R1 w - - 4 27,c2c3,364,218,-146
8/pp1b2k1/3Np2p/3pP3/4prB1/2P4P/PP5K/8 b - - 1 33,b7b6,487,431,-56
4N3/p2b4/1p2p1kp/3pP3/4p1BK/2P2r1P/PP6/8 b - - 5 36,h6h5,613,273,-340
8/p2b4/1p2prk1/3pP2p/4p1BK/2P4P/PP6/8 w - - 0 38,e5f6,-226,-607,381
8/p2b4/1p4K1/3pk3/4p3/2P4P/PP6/8 w - - 2 42,h3h4,-687,-775,88
8/p7/1p4K1/3pk3/4p2P/2P4b/PP6/8 w - - 1 43,h4h5,-686,-769,83
8/p7/1p4K1/3pk2P/4p1b1/2P5/PP6/8 w - - 1 44,h5h6,-559,-798,239
8/p5K1/1p5P/3p4/4pk2/2P5/PP6/8 b - - 2 47,e4e3,-6,-3,-3
8/p5K1/1p5P/3p4/5k2/2P1p3/PP6/8 w - - 0 48,h6h7,0,0,0
8/p5KP/1p6/3p4/5k2/2P1p3/PP6/8 b - - 0 48,e3e2,0,0,0
8/p5KP/1p6/3p4/5k2/2P5/PP2p3/8 w - - 0 49,h7h8q,0,0,0
7Q/p5K1/1p6/3p4/5k2/2P5/PP2p3/8 b - - 0 49,e2e1q,0,0,0
rnbqkbnr/pppppppp/8/8/8/8/PPPPPPPP/RNBQKBNR w KQkq - 0 1,e2e4,28,25,-3
rnbqkbnr/pppppppp/8/8/4P3/8/PPPP1PPP/RNBQKBNR b KQkq - 0 1,e7e6,-20,-32,12
rnbqkbnr/pppp1ppp/4p3/8/4P3/8/PPPP1PPP/RNBQKBNR w KQkq - 0 2,d2d4,31,28,-3
rnbqkbnr/pppp1ppp/4p3/8/3PP3/8/PPP2PPP/RNBQKBNR b KQkq - 0 2,d7d5,-32,-31,-1
rnbqkbnr/ppp2ppp/4p3/3p4/3PP3/8/PPP2PPP/RNBQKBNR w KQkq - 0 3,e4e5,41,26,-15
rnbqkbnr/ppp2ppp/4p3/3pP3/3P4/8/PPP2PPP/RNBQKBNR b KQkq - 0 3,c7c5,-26,-23,-3
rnbqkbnr/pp3ppp/4p3/2ppP3/3P4/8/PPP2PPP/RNBQKBNR w KQkq - 0 4,c2c3,31,31,0
r1bqkbnr/pp3ppp/2n1p3/2ppP3/3P4/2P5/PP3PPP/RNBQKBNR w KQkq - 1 5,f2f4,28,-45,-73
r1bqkb1r/pp2nppp/2n1p3/2ppP3/3P1P2/2P5/PP4PP/RNBQKBNR w KQkq - 1 6,g2g4,-45,-186,141
r1bqkb1r/pp2nppp/2n1p3/2ppP3/3P1PP1/2P5/PP5P/RNBQKBNR b KQkq - 0 6,c5d4,156,145,-11
r1bqkb1r/pp2nppp/2n1p3/3pP3/3p1PP1/2P5/PP5P/RNBQKBNR w KQkq - 0 7,c3d4,-144,-189,45
2r1k2r/pp1b1ppp/1qn1p1B1/3pP3/1b1P1PP1/2N1BN2/PP5P/R2QK2R b KQk - 0 12,f7g6,69,74,5
2r1k2r/pp1b2pp/1qn1p1p1/3pP3/1b1P1PP1/2N1BN2/PP5P/R2QK2R w KQk - 0 13,a2a3,-76,-132,56
2r1k2r/pp1b2pp/1qn1p1p1/3pP3/3P1PP1/P1b1BN2/1P5P/R2QK2R w KQk - 0 14,b2c3,-123,-135,12
2r2rk1/ppqb2pp/4p1p1/3pP1N1/2nP1PP1/P1P1B3/4Q2P/2R1K2R b K - 8 18,a7a6,259,155,-104
2r2rk1/1pqb2pp/p3p1p1/3pP1N1/2nP1PP1/P1P1B3/4Q2P/2R1K2R w K - 0 19,a3a4,-163,-265,102
2r2rk1/1p1b2pp/p3p1p1/q2pP1N1/P1nP1PP1/2P1B3/4Q2P/2R2RK1 b - - 2 20,h7h6,208,201,-7
2r2rk1/1p4p1/p3p1pp/q2pP3/b1nP1PP1/2P1BN2/4Q2P/R4RK1 b - - 1 22,b7b5,389,203,-186
rnbqkbnr/pppppppp/8/8/8/8/PPPPPPPP/RNBQKBNR w KQkq - 0 1,e2e4,23,18,-5
rnbqkbnr/pppppppp/8/8/4P3/8/PPPP1PPP/RNBQKBNR b KQkq - 0 1,e7e5,-18,-21,3
r1bqkbnr/pppp1ppp/2n5/4p3/2B1P3/5N2/PPPP1PPP/RNBQK2R b KQkq - 3 3,h7h6,-17,-76,59
r1bqkbnr/pppp1pp1/2n4p/4p3/2B1P3/5N2/PPPP1PPP/RNBQK2R w KQkq - 0 4,d2d4,60,55,-5
r1bqkbnr/pppp1pp1/2n4p/4p3/2BPP3/5N2/PPP2PPP/RNBQK2R b KQkq - 0 4,e5d4,-60,-66,6
r1b1k2r/ppppnpp1/2n2q1p/2b2N2/2B1PB2/2N5/PPP2PPP/R2QK2R b KQkq - 6 8,d7d6,101,97,-4
r1b2rk1/ppp2pp1/2np1q1N/2bB4/4PB2/8/PPP2PPP/R2QK2R b KQ - 0 11,g7h6,382,368,-14
rnbqkbnr/pppppppp/8/8/8/8/PPPPPPPP/RNBQKBNR w KQkq - 0 1,e2e4,26,27,1
rnbqkbnr/pppppppp/8/8/4P3/8/PPPP1PPP/RNBQKBNR b KQkq - 0 1,e7e5,-28,-32,4
rnbqkb1r/pppp1ppp/5n2/4p3/4P3/5N2/PPPP1PPP/RNBQKB1R w KQkq - 2 3,d2d4,45,22,-23
rnbqkb1r/pppp1ppp/5n2/4p3/3PP3/5N2/PPP2PPP/RNBQKB1R b KQkq - 0 3,d7d6,-25,-39,14
rnbqkb1r/ppp2ppp/3p1n2/4p3/3PP3/5N2/PPP2PPP/RNBQKB1R w KQkq - 0 4,d4e5,39,38,-1
rnbqkb1r/ppp2ppp/3p1n2/4P3/4P3/5N2/PPP2PPP/RNBQKB1R b KQkq - 0 4,d6e5,-45,-206,161
rn1q1rk1/ppp2ppp/5n2/4p3/4P1b1/2NBbN2/PPP2PPP/R2Q1RK1 w - - 0 9,f2e3,-61,-58,-3
r2q1rk1/ppp2ppp/2n2n2/3bp1N1/4P3/3BP3/PPP3PP/3RQRK1 w - - 0 14,e4d5,275,262,-13
r2q1rk1/ppp1nppp/5n2/3Pp1N1/7Q/3BP3/PPP3PP/3R1RK1 b - - 2 15,h7h6,-435,-433,-2
r2q1rk1/ppp2pp1/5Nnp/3Pp3/7Q/3BP3/PPP3PP/3R1RK1 b - - 0 17,g7f6,-217,-519,302
r2q1r2/ppp2pk1/5pnp/3Pp3/6Q1/3BP3/PPP3PP/3R1RK1 w - - 2 19,h2h4,262,183,-79
r2q3r/ppp2pk1/5pnp/3Pp3/6QP/3BP3/PPP3P1/3R1RK1 w - - 1 20,h4h5,512,512,0
r6r/ppp1qpk1/5pnp/3Pp2P/6Q1/3BP3/PPP3P1/3R1RK1 w - - 1 21,h5g6,560,563,3
r6r/ppp1qpk1/5pPp/3Pp3/6Q1/3BP3/PPP3P1/3R1RK1 b - - 0 21,f7g6,-560,-1272,712
rnbqkbnr/pppppppp/8/8/8/8/PPPPPPPP/RNBQKBNR w KQkq - 0 1,d2d4,32,22,-10
rnbqkbnr/pppppppp/8/8/3P4/8/PPP1PPPP/RNBQKBNR b KQkq - 0 1,c7c6,-16,-38,22
rnbqkbnr/pp1ppppp/2p5/8/3P4/8/PPP1PPPP/RNBQKBNR w KQkq - 0 2,c2c4,26,23,-3
rnbqkbnr/pp1ppppp/2p5/8/2PP4/8/PP2PPPP/RNBQKBNR b KQkq - 0 2,d7d5,-25,-29,4
rnbqkbnr/pp2pppp/2p5/3p4/2PP4/2N5/PP2PPPP/R1BQKBNR b KQkq - 1 3,d5c4,-14,-20,6
rn1qkb1r/pp2pppp/2p2n2/6B1/2pP2b1/2N2N2/PP2PPPP/R2QKB1R w KQkq - 4 6,e2e3,40,24,-16
rn1qkb1r/pp2pppp/2p2n2/6B1/2pP2b1/2N1PN2/PP3PPP/R2QKB1R b KQkq - 0 6,e7e6,-29,-37,8
rn1qk2r/pp2bppp/2p1pn2/6B1/2BP2b1/2N1PN2/PPQ2PPP/R3K2R b KQkq - 2 8,h7h6,-11,-25,14
r2qk2r/pp2bpp1/1np1pn1p/8/3P2bB/2NBPN2/PPQ2PPP/2KR3R b kq - 5 11,a7a5,13,-1,-14
r2qk2r/1p2bpp1/1np1pn1p/p7/3P2bB/2NBPN2/PPQ2PPP/2KR3R w kq - 0 12,a2a3,1,-11,-12
r2q1rk1/1p2bpp1/1np1pn1p/p7/3P2bB/P1NBPN2/1PQ2PPP/2KR3R w - - 1 13,h2h3,-5,-14,9
r2q1rk1/1p2bpp1/1np1pn1p/p6b/3P3B/P1NBPN1P/1PQ2PP1/2KR3R w - - 1 14,g2g4,189,178,-11
r2q1rk1/1p2bpp1/1np1pnBp/p7/3P2PB/P1N1PN1P/1PQ2P2/2KR3R b - - 0 15,f7g6,-164,-203,39
r5k1/1p2q1p1/1np1p1Qp/p2n4/3PN1P1/P3Pr1P/1P3P2/2KR3R w - - 0 19,h3h4,-325,-328,3
r5k1/1p3rp1/2p1p2p/p2n4/2nPN1PP/P3P3/1P3P2/2KR3R w - - 0 22,g4g5,-400,-409,9
r5k1/1p3rp1/2p1p2p/p2n2P1/2nPN2P/P3P3/1P3P2/2KR3R b - - 0 22,h6h5,385,391,6
r5k1/1p3rp1/2p1p3/p2n2Pp/2nPN2P/P3P3/1P3P2/2KR3R w - - 0 23,g5g6,-386,-407,21
r4rk1/1p4p1/2p1p1P1/p1Nn3p/2nP3P/P3P3/1P3P2/2KR3R b - - 2 24,b7b6,481,396,-85
r5k1/6p1/1pp3P1/p2n2Np/3P3P/Pn2P3/KP3r2/7R b - - 7 30,a5a4,663,767,104
r5k1/6p1/1pp3P1/3n2Np/p2P3P/Pn2P3/KP3r2/7R w - - 0 31,e3e4,-753,-10000,9247
rnbqkbnr/pppppppp/8/8/8/8/PPPPPPPP/RNBQKBNR w KQkq - 0 1,e2e4,34,34,0
rnbqkbnr/pppppppp/8/8/4P3/8/PPPP1PPP/RNBQKBNR b KQkq - 0 1,c7c5,-36,-30,-6
rnbqkbnr/pp1ppppp/8/2p5/4P3/5N2/PPPP1PPP/RNBQKB1R b KQkq - 1 2,d7d6,-30,-36,6
rnbqkbnr/pp2pppp/3p4/2p5/4P3/5N2/PPPP1PPP/RNBQKB1R w KQkq - 0 3,d2d4,48,46,-2
r1bqkbnr/pp2pppp/B2p4/2p5/3PP3/5N2/PPP2PPP/RNBQK2R b KQkq - 0 4,b7a6,-149,-120,-29
r1bqkbnr/p3pppp/p2p4/2p5/3PP3/5N2/PPP2PPP/RNBQK2R w KQkq - 0 5,d4c5,125,133,8
r2qkbnr/pb2pppp/p2p4/2P5/4P3/5N2/PPP2PPP/RNBQK2R w KQkq - 1 6,c5d6,197,212,15
r2qkbnr/pb2pppp/p2P4/8/4P3/5N2/PPP2PPP/RNBQK2R b KQkq - 0 6,e7d6,-217,-234,17
r2qkb1r/pb3ppp/p2p1n2/8/4P3/2N2N2/PPP2PPP/R1BQK2R w KQkq - 2 8,e4e5,216,-5,-221
r2qkb1r/pb3ppp/p2p4/4P3/6n1/2N2N2/PPP2PPP/R1BQK2R w KQkq - 1 9,e5d6,201,88,-113
r2qk2r/pb3ppp/p2b4/8/6n1/2N2N2/PPP2PPP/R1BQK2R w KQkq - 0 10,h2h3,89,22,-67
r3k2r/pb2qppp/p2b4/8/8/2N1nN1P/PPP2PP1/R2QK2R w KQkq - 0 12,f2e3,-229,-246,17
rnbqkbnr/pppppppp/8/8/8/8/PPPPPPPP/RNBQKBNR w KQkq - 0 1,d2d4,27,18,-9
rnbqkbnr/pppppppp/8/8/3P4/8/PPP1PPPP/RNBQKBNR b KQkq - 0 1,e7e6,-17,-56,39
rnbqk1nr/ppppbppp/4p3/8/3P4/5N2/PPP1PPPP/RNBQKB1R w KQkq - 2 3,c2c4,73,25,-48
rnbqk1nr/ppppbppp/4p3/8/2PP4/5N2/PP2PPPP/RNBQKB1R b KQkq - 0 3,c7c6,-28,-114,86
rnbqk1nr/pp1pbppp/2p1p3/8/2PP4/2N2N2/PP2PPPP/R1BQKB1R b KQkq - 1 4,d7d5,-78,-68,-10
rnbqk1nr/pp2bppp/2p1p3/3p4/2PP4/2N2N2/PP2PPPP/R1BQKB1R w KQkq - 0 5,c4d5,77,18,-59
rnbqk1nr/pp2bppp/2p1p3/3P4/3P4/2N2N2/PP2PPPP/R1BQKB1R b KQkq - 0 5,c6d5,-21,-33,12
rnbqk1nr/pp2bppp/4p3/3p4/3P4/2N2N2/PP2PPPP/R1BQKB1R w KQkq - 0 6,e2e3,30,-1,-31
r3k1nr/pp1bbppp/1qn1p3/1B1p4/Q2P4/2N1PN2/PP1B1PPP/R3K2R b KQkq - 6 9,a7a6,23,22,-1
r3k2r/1pq2ppp/p1bbpn2/3pN3/3P4/2N1P3/PPQB1PPP/R4RK1 w kq - 4 14,f2f4,-20,-23,3
2r1k2r/1pq2ppp/p2bpn2/3p4/2NP1P2/1QN1P3/PP1B2PP/R1R3K1 b k - 0 17,d5c4,25,18,-7
2r1k2r/1pqnbppp/p3p3/8/Q1pPNP2/4P3/PP1B2PP/R1R3K1 w k - 4 20,b2b3,182,195,13
1qr3k1/1p1nbppp/p3p3/8/Q2PNP2/1P2P3/P2B2PP/R5K1 w - - 0 23,b3b4,318,30,-288
1qr3k1/1p3ppp/p3p3/8/2NP1P2/4P3/P5PP/2RQ2K1 b - - 0 28,b7b5,-407,-470,63
1q4k1/5ppp/p3p3/1p2N3/3P1P2/4P3/P5PP/2Q3K1 b - - 0 30,f7f6,-444,-459,15
8/2q3pp/p3Qpk1/1pN5/3P1P2/4P3/P5PP/6K1 w - - 1 35,f4f5,593,547,-46
8/2q3pp/Q4p2/1pN2Pk1/3P4/4P3/P5PP/6K1 b - - 0 36,g7g6,-573,-942,369
8/2q4p/Q4pp1/1pN2Pk1/3P4/4P3/P5PP/6K1 w - - 0 37,f5g6,969,617,-352
8/2q4p/Q4pP1/1pN3k1/3P4/4P3/P5PP/6K1 b - - 0 37,h7g6,-577,-849,272
rnbqkbnr/pppppppp/8/8/8/8/PPPPPPPP/RNBQKBNR w KQkq - 0 1,e2e4,25,29,4
rnbqkbnr/pppppppp/8/8/4P3/8/PPPP1PPP/RNBQKBNR b KQkq - 0 1,c7c5,-32,-29,-3
rnbqkbnr/pp1ppppp/8/2p5/4P3/8/PPPP1PPP/RNBQKBNR w KQkq - 0 2,d2d4,37,10,-27
rnbqkbnr/pp1ppppp/8/2p5/3PP3/8/PPP2PPP/RNBQKBNR b KQkq - 0 2,d7d6,-11,-151,140
rnbqkbnr/pp2pppp/3p4/2p5/3PP3/8/PPP2PPP/RNBQKBNR w KQkq - 0 3,d4c5,122,95,-27
rnbqkbnr/pp2pppp/3p4/2P5/4P3/8/PPP2PPP/RNBQKBNR b KQkq - 0 3,d6c5,-105,-173,68
rnbk1bnr/pp2pppp/8/2p5/4P3/4B3/PPP2PPP/RN2KBNR b KQ - 1 5,e7e5,-153,-199,46
rnb1kb1r/pp3ppp/5n2/2p1p3/4P3/2N1B3/PPP2PPP/2KR1BNR w - - 4 8,f2f4,256,132,-124
r1b1kb1r/pp3ppp/2n2n2/2p1p3/4PP2/2N1B3/PPP3PP/2KR1BNR w - - 1 9,f4e5,269,109,-160
r1b1kb1r/pp3ppp/5n2/1Np1n3/4P3/4B3/PPP3PP/2KR1BNR b - - 1 10,a7a6,-285,-10000,9715
rnbqkbnr/pppppppp/8/8/8/8/PPPPPPPP/RNBQKBNR w KQkq - 0 1,e2e4,35,32,-3
rnbqkbnr/pppppppp/8/8/4P3/8/PPPP1PPP/RNBQKBNR b KQkq - 0 1,c7c5,-31,-36,5
rnbqkbnr/pp1ppppp/8/2p5/4P3/5N2/PPPP1PPP/RNBQKB1R b KQkq - 1 2,e7e6,-37,-39,2
rnbqkbnr/pp1p1ppp/4p3/2p5/4P3/5N2/PPPPBPPP/RNBQK2R b KQkq - 1 3,d7d5,-11,-9,-2
rnbqkbnr/pp3ppp/4p3/2pp4/4P3/5N2/PPPPBPPP/RNBQK2R w KQkq - 0 4,d2d3,15,-21,-36
rnbqkb1r/pp3ppp/4pn2/2pp4/4P3/3P1N2/PPP1BPPP/RNBQK2R w KQkq - 1 5,e4e5,-14,-21,7
rnbqkb1r/pp1n1ppp/4p3/2ppP3/8/3P1N2/PPP1BPPP/RNBQK2R w KQkq - 1 6,d3d4,-23,-92,69
rnbqk2r/pp1nbppp/4p3/2ppP3/3P4/5N2/PPP1BPPP/RNBQK2R w KQkq - 1 7,c2c3,-18,-12,-6
r1bq1rk1/pp1nbppp/2n1p3/2ppP3/3P4/2P2N2/PP2BPPP/RNBQ1RK1 w - - 3 9,h2h3,-2,-5,3
r1bq1rk1/pp1nbppp/2n1p3/2ppP3/3P4/2P2N1P/PP2BPP1/RNBQ1RK1 b - - 0 9,f7f6,9,0,-9
r1bq1rk1/pp1nb1pp/2n1pp2/2ppP3/3P4/2P2N1P/PP2BPP1/RNBQ1RK1 w - - 0 10,e5f6,5,5,0
r1bq1rk1/pp2b1pp/2n1pn2/2pp4/3P4/2P2N1P/PP2BPP1/RNBQ1RK1 w - - 0 11,d4c5,8,-70,-78
r1bq1rk1/pp4pp/2n1pn2/2bp2B1/8/2P2N1P/PP2BPP1/RN1Q1RK1 b - - 1 12,h7h6,95,110,15
r1b2rk1/pp4p1/2nqpn1p/3p4/8/N1P2N1P/PP2BPP1/R2Q1RK1 b - - 1 16,a7a6,77,22,-55
r1b2rk1/1p4p1/p1nqpn1p/3p4/8/2P2N1P/PPN1BPP1/R2Q1RK1 b - - 1 17,e6e5,95,94,-1
r1b2rk1/1p4p1/p1nq1n1p/3pp3/8/2P4P/PPNNBPP1/R2Q1RK1 b - - 1 18,e5e4,129,20,-109
r4rk1/1p4p1/p1nNbn1p/3p2q1/4p3/2P1N3/PP2BPPK/R2Q1R2 w - - 2 23,c3c4,-367,-548,181
r4rk1/1p4p1/p1nNbn1p/3p2q1/2P1p3/4N3/PP2BPPK/R2Q1R2 b - - 0 23,d5d4,573,566,-7
r4rk1/1p4p1/p1nNb2p/3n2q1/2Ppp3/8/PP2BPPK/R2Q1R2 w - - 0 25,c4d5,-572,-570,-2
r4rk1/1N4p1/p1n4p/3b2q1/3pp3/8/PP2BPPK/R2Q1R2 b - - 0 26,d4d3,596,588,-8
r4r1k/1Q4p1/p6p/4n3/4p2q/3p3B/PP3PPK/R4R2 w - - 1 31,g2g3,-444,-491,47
rnbqkbnr/pppppppp/8/8/8/8/PPPPPPPP/RNBQKBNR w KQkq - 0 1,e2e4,32,27,-5
rnbqkbnr/pppppppp/8/8/4P3/8/PPPP1PPP/RNBQKBNR b KQkq - 0 1,d7d5,-26,-65,39
rnbqkbnr/ppp1pppp/8/3p4/4P3/8/PPPP1PPP/RNBQKBNR w KQkq - 0 2,e4e5,72,-14,-86
rnbqkbnr/ppp1pppp/8/3pP3/8/8/PPPP1PPP/RNBQKBNR b KQkq - 0 2,c7c5,19,23,4
rnbqkbnr/pp2pppp/8/2ppP3/8/8/PPPP1PPP/RNBQKBNR w KQkq - 0 3,g2g3,-25,-107,82
r1bqkb1r/pp2pppp/2n4n/2ppP3/8/6P1/PPPPQP1P/RNB1KBNR w KQkq - 3 5,d2d4,-112,-270,158
r2qkb1r/pp2pppp/2n4n/2ppP3/3P2b1/6P1/PPP1QP1P/RNB1KBNR w KQkq - 1 6,f2f3,-196,-205,9
rnbqkbnr/pppppppp/8/8/8/8/PPPPPPPP/RNBQKBNR w KQkq - 0 1,d2d4,31,20,-11
rnbqkbnr/pppppppp/8/8/3P4/8/PPP1PPPP/RNBQKBNR b KQkq - 0 1,b7b6,-20,-102,82
rnbqkbnr/p1pppppp/1p6/8/3P4/8/PPP1PPPP/RNBQKBNR w KQkq - 0 2,e2e4,93,92,-1
rn1qkbnr/pbpppppp/1p6/8/3PP3/8/PPP2PPP/RNBQKBNR w KQkq - 1 3,f2f4,107,-95,-202
rn1qkbnr/pbpppppp/1p6/8/3PPP2/8/PPP3PP/RNBQKBNR b KQkq - 0 3,a7a6,86,-78,-164
rn1qkbnr/1bpppppp/pp6/8/3PPP2/8/PPP3PP/RNBQKBNR w KQkq - 0 4,c2c4,76,-32,-108
rn1qkbnr/1bpppppp/pp6/8/2PPPP2/8/PP4PP/RNBQKBNR b KQkq - 0 4,b6b5,40,-74,-114
rn1qkbnr/1bpppppp/p7/1p6/2PPPP2/8/PP4PP/RNBQKBNR w KQkq - 0 5,c4b5,59,-23,-82
rn1qkbnr/1bpppppp/p7/1P6/3PPP2/8/PP4PP/RNBQKBNR b KQkq - 0 5,a6b5,29,-5,-34
rn1qkbnr/1bpppppp/8/1p6/3PPP2/8/PP4PP/RNBQKBNR w KQkq - 0 6,d4d5,3,-94,-97
rn1qkbnr/2pppppp/b7/1p1P4/4PP2/8/PP4PP/RNBQKBNR w KQkq - 1 7,e4e5,40,-7,-47
rn1qkbnr/2pppppp/b7/1p1PP3/5P2/8/PP4PP/RNBQKBNR b KQkq - 0 7,b5b4,-2,-22,20
rn1qkbnr/2pppppp/b7/3PP3/1p3P2/8/PP4PP/RNBQKBNR w KQkq - 0 8,f4f5,-3,-89,86
rn1qkbnr/2pppppp/b7/3PPP2/1p6/8/PP4PP/RNBQKBNR b KQkq - 0 8,c7c6,87,-34,-121
rn1qkbnr/3ppppp/b1p5/3PPP2/1p6/8/PP4PP/RNBQKBNR w KQkq - 0 9,a2a3,32,-138,-170
rn1qkbnr/3ppppp/2p5/3PPP2/1p6/P7/1P4PP/RNBQKbNR w KQkq - 0 10,a3b4,-126,-501,375
1n1qkbnr/3ppppp/2p5/3PPP2/1P6/8/1P4PP/rNBQKbNR w Kk - 0 11,d5c6,-504,-678,174
1n1qkbnr/3ppppp/b1P5/3QPP2/1P6/5N2/1P3KPP/2r4R b k - 3 14,d7c6,899,688,-211
rnbqkbnr/pppppppp/8/8/8/8/PPPPPPPP/RNBQKBNR w KQkq - 0 1,e2e4,26,32,6
rnbqkbnr/pppppppp/8/8/4P3/8/PPPP1PPP/RNBQKBNR b KQkq - 0 1,e7e5,-22,-24,2
r1bqkb1r/pppp1ppp/2n2n2/4p3/2B1P3/5N2/PPPP1PPP/RNBQK2R w KQkq - 4 4,d2d3,15,14,-1
r1bqk2r/ppppbppp/2n2n2/4p3/2B1P3/2NP1N2/PPP2PPP/R1BQK2R b KQkq - 2 5,d7d6,-21,-22,1
r1bqk2r/ppp1bppp/2np1n2/4p3/2B1P3/2NP1N2/PPP2PPP/R1BQK2R w KQkq - 0 6,h2h3,23,-12,-35
r2qk2r/ppp1bppp/2npBn2/4p3/4P3/2NP1N1P/PPP2PP1/R1BQK2R b KQkq - 0 7,f7e6,5,7,2
r2qk2r/ppp1b1pp/2nppn2/4p3/4P3/2NP1N1P/PPP2PP1/R1BQK2R w KQkq - 0 8,d3d4,-4,-16,12
r2qk2r/ppp1b1pp/2nppn2/4p3/3PP3/2N2N1P/PPP2PP1/R1BQK2R b KQkq - 0 8,e5d4,14,14,0
5rk1/pppqb1pp/3p1n2/4n3/4P3/2N4P/PPP2PP1/R1BQ1RK1 w - - 2 13,f2f4,421,425,4
5rk1/pppqb1pp/3p1n2/8/2n1PP2/2N4P/PPP3P1/R1BQ1RK1 w - - 1 14,b2b3,435,442,7
5rk1/pppqb1pp/1n1p1n2/8/4PP2/1PN4P/P1P3P1/R1BQ1RK1 w - - 1 15,e4e5,423,393,-30
4n1k1/ppp1brpp/1n1pq3/4P3/5P2/BPN2Q1P/P1P3P1/3RR1K1 w - - 9 20,e5d6,715,726,11
4n1k1/ppp1brpp/1n1P2q1/8/5P2/BPN2Q1P/P1P3P1/3RR1K1 w - - 1 21,d6e7,805,817,12
3Rn1k1/ppp1Prpp/1n6/8/5P2/BPN2Q1P/P1q3P1/4R1K1 b - - 1 22,h7h6,-1121,-10000,8879
7R/ppp1Prp1/1n4kp/8/5P2/BPN2Q1P/P1q3P1/4R1K1 w - - 3 25,e7e8q,10000,10000,0
rnbqkbnr/pppppppp/8/8/8/8/PPPPPPPP/RNBQKBNR w KQkq - 0 1,e2e4,21,24,3
rnbqkbnr/pppppppp/8/8/4P3/8/PPPP1PPP/RNBQKBNR b KQkq - 0 1,e7e6,-25,-34,9
rnbqkbnr/pppp1ppp/4p3/8/4P3/5N2/PPPP1PPP/RNBQKB1R b KQkq - 1 2,d7d5,-29,-24,-5
rnbqkbnr/ppp2ppp/4p3/3p4/4P3/5N2/PPPP1PPP/RNBQKB1R w KQkq - 0 3,e4d5,21,4,-17
rnbqkbnr/ppp2ppp/4p3/3P4/8/5N2/PPPP1PPP/RNBQKB1R b KQkq - 0 3,e6d5,-11,-11,0
rnbqkbnr/ppp2ppp/8/3p4/8/5N2/PPPP1PPP/RNBQKB1R w KQkq - 0 4,d2d4,10,7,-3
rnbqkb1r/ppp2ppp/5n2/3p4/3P4/5N2/PPP2PPP/RNBQKB1R w KQkq - 1 5,h2h3,9,2,-7
r2q1rk1/pppn1ppp/3bbn2/3p2B1/3P4/3B1N1P/PPP2PP1/RN1QR1K1 b - - 8 9,h7h6,12,-1,-13
r2q1rk1/pppn1pp1/3bbn1p/3p4/3P3B/3B1N1P/PPP2PP1/RN1QR1K1 b - - 1 10,c7c6,8,18,10
r4rk1/pp1q1pp1/2pbbB1p/3p4/3P4/3B3P/PPP2PP1/RN1QR1K1 b - - 0 13,g7f6,-196,-192,-4
r4rk1/pp1q1p2/2pbbp1p/3p4/3P4/3B1Q1P/PPP2PP1/RN2R1K1 b - - 1 14,f6f5,-140,-94,-46
r7/pp1q1p1k/2p1b2p/3p1pr1/3P1Q2/3B3P/PPP2PP1/R3R1K1 w - - 1 19,g2g3,223,212,-11
6r1/pp1q1p1k/2p1b2p/3p1pr1/3P1Q2/3B2PP/PPP2P1K/R3R3 b - - 2 20,h6h5,-233,-267,34
6r1/pp1q1p1k/2p1b3/3p1prp/3P1Q2/3B2PP/PPP2P1K/R5R1 b - - 1 21,a7a6,-223,-240,17
6r1/1p1q1p1k/p1p1b3/3p1prp/3P1Q2/3B2PP/PPP2P1K/R5R1 w - - 0 22,a2a3,266,231,-35
6r1/1p1q1p1k/p1p1b3/3p1prp/3P1Q2/P2B2PP/1PP2P1K/R5R1 b - - 0 22,a6a5,-220,-269,49
6r1/1p1q1p1k/2p1b3/p2p1prp/3P1Q2/P2B2PP/1PP2P1K/4R1R1 b - - 1 23,b7b6,-240,-276,36
6r1/3q1p1k/1pp1b3/p2p1prp/3P1Q2/P2B2PP/1PP2P1K/4R1R1 w - - 0 24,b2b3,284,221,-63
6r1/3q1p1k/1pp1b3/p2p1prp/3P1Q2/PP1B2PP/2P2P1K/4R1R1 b - - 0 24,c6c5,-237,-233,-4
6r1/3q1p1k/1p2b3/p1pp1prp/3P1Q2/PP1B2PP/2P2P1K/4R1R1 w - - 0 25,d4c5,248,185,-63
6r1/3q1p1k/1p2b3/p1Pp1prp/5Q2/PP1B2PP/2P2P1K/4R1R1 b - - 0 25,b6c5,-196,-187,-9
8/3q1pk1/4b1r1/p1ppRprp/5Q2/PP1B2PP/2P2P1K/4R3 w - - 4 28,a3a4,239,199,-40
8/5p2/3qbrk1/p1ppRprp/P7/1P1BQ1PP/2P2P1K/4R3 b - - 22 39,d5d4,-323,-299,-24
8/5p2/3qbr1k/p1p1Rprp/P2p4/1P1B2PP/2P1QP1K/4R3 w - - 2 41,h3h4,339,132,-207
8/5p1k/3q2r1/1bp1Rp1p/P2p2rP/1P4P1/2P1QP1K/4R3 w - - 0 47,a4b5,146,166,20
1q6/5prk/8/1PQ1Rp1p/3p2rP/1P4P1/2P2P1K/4R3 b - - 0 49,f5f4,-348,-409,61
1q4k1/5pr1/8/1PQ1R3/3p1prP/1P4P1/2P2P1K/4R3 b - - 2 51,f4g3,-380,-411,31
1q4k1/5pr1/8/1PQ1R3/3p2rP/1P4p1/2P2P1K/4R3 w - - 0 52,f2g3,424,447,23
rnbqkbnr/pppppppp/8/8/8/5N2/PPPPPPPP/RNBQKB1R b KQkq - 1 1,g7g6,-21,-59,38
rnbqkbnr/pppppp1p/6p1/8/8/5N2/PPPPPPPP/RNBQKB1R w KQkq - 0 2,d2d4,46,30,-16
rnbqk1nr/ppppppbp/6p1/8/3P4/5N2/PPP1PPPP/RNBQKB1R w KQkq - 1 3,c2c4,62,28,-34
rnbqk1nr/ppppppbp/6p1/8/2PP4/5N2/PP2PPPP/RNBQKB1R b KQkq - 0 3,e7e6,-39,-78,39
rnbqk1nr/pppp1pbp/4p1p1/8/2PP4/2N2N2/PP2PPPP/R1BQKB1R b KQkq - 1 4,c7c6,-78,-193,115
rnbqk1nr/pp1p1pbp/2p1p1p1/8/2PP4/2N2N2/PP2PPPP/R1BQKB1R w KQkq - 0 5,e2e3,174,66,-108
rnbq1rk1/pp1pnpbp/2p1p1p1/8/2PP4/2NBPN2/PP3PPP/R1BQ1RK1 b - - 4 7,f7f5,-70,-131,61
rnbq1rk1/pp1pn1bp/2p1p1p1/5p2/2PP4/2NBPN2/PPQ2PPP/R1B2RK1 b - - 1 8,d7d5,-95,-143,48
rnbq1rk1/pp2n1bp/2p1p1p1/3p1p2/2PP4/2NBPN2/PPQ2PPP/R1B2RK1 w - - 0 9,c4d5,144,105,-39
rnbq1rk1/pp2n1bp/2p1p1p1/3P1p2/3P4/2NBPN2/PPQ2PPP/R1B2RK1 b - - 0 9,e6d5,-88,-138,50
rnbq1rk1/pp2n1bp/2p3p1/3p1p2/3P4/2NBPN2/PPQ2PPP/R1B2RK1 w - - 0 10,a2a3,141,85,-56
r1bq1rk1/pp1nn1bp/2p3p1/3p1p2/3P4/P1NBPN2/1PQ2PPP/R1B2RK1 w - - 1 11,b2b3,124,104,-20
r1bq1rk1/pp2n1bp/2p2np1/3p1p2/3P4/PPNBPN2/2Q2PPP/R1B2RK1 w - - 1 12,b3b4,113,85,-28
r1bq1rk1/pp2n1bp/2p3p1/3p1p2/1P1PB3/P1N1PN2/2Q2PPP/R1B2RK1 b - - 0 13,d5e4,105,38,-67
r2q1rk1/pp4bp/2p3p1/3b1p2/1PNPp3/PQ2P3/5PPP/R1B2RK1 b - - 1 17,b7b5,606,579,-27
r4rk1/p5bp/1qp3p1/1p3p2/1P1Pp3/P1Q1P3/3B1PPP/5RK1 w - - 1 21,a3a4,-541,-569,28
r4rk1/p5bp/1qp3p1/1p3p2/PP1Pp3/2Q1P3/3B1PPP/5RK1 b - - 0 21,b5a4,545,546,1
3r2k1/p4rbp/2p3p1/1q3p2/pP1Pp3/Q1B1P3/5PPP/1R4K1 w - - 6 25,d4d5,-565,-708,143
3r2k1/p4rbp/2p3p1/1q1P1p2/pP2p3/Q1B1P3/5PPP/1R4K1 b - - 0 25,c6d5,717,598,-119
3r2k1/p5rp/6p1/1q1p1p2/pP2p3/Q3P3/5PPP/1R4K1 w - - 0 27,h2h3,-621,-636,15
6k1/p1r4p/6p1/3p1p2/RP2p3/2r1P2P/5PPK/8 w - - 1 32,b4b5,-636,-641,5
6k1/p1r4p/6p1/1r1p1p2/3Rp3/4P2P/5PPK/8 w - - 0 34,g2g3,-728,-746,18
8/p4k1p/6p1/1rrp1p2/3Rp3/4P1PP/5PK1/8 w - - 3 36,h3h4,-724,-764,40
8/p6p/6p1/1rrpkp2/3Rp2P/4P1PK/5P2/8 w - - 3 38,g3g4,-668,-744,76
8/p6p/6p1/1rrpkp2/3Rp1PP/4P2K/5P2/8 b - - 0 38,h7h5,738,646,-92
8/p7/6p1/1rrpkp1p/3Rp1PP/4P2K/5P2/8 w - - 0 39,g4g5,-665,-748,83
8/p7/6p1/1rrpkpPp/3Rp2P/4P2K/5P2/8 b - - 0 39,f5f4,772,777,5
8/p7/6p1/1rrpk1Pp/3Rpp1P/4P2K/5P2/8 w - - 0 40,e3f4,-826,-889,63
8/p7/6p1/1r1R2Pp/4pk1P/2r4K/5P2/8 w - - 1 42,f2f3,-10000,-10000,0
rnbqkbnr/pppppppp/8/8/8/8/PPPPPPPP/RNBQKBNR w KQkq - 0 1,e2e4,30,32,2
rnbqkbnr/pppppppp/8/8/4P3/8/PPPP1PPP/RNBQKBNR b KQkq - 0 1,e7e5,-33,-26,-7
rnbqkbnr/pppp1ppp/8/4p3/4P3/8/PPPP1PPP/RNBQKBNR w KQkq - 0 2,d2d4,21,-14,-35
rnbqkbnr/pppp1ppp/8/4p3/3PP3/8/PPP2PPP/RNBQKBNR b KQkq - 0 2,d7d5,19,-158,-177
rnbqkbnr/ppp2ppp/8/3pp3/3PP3/8/PPP2PPP/RNBQKBNR w KQkq - 0 3,d4e5,139,132,-7
rnbqkbnr/ppp2ppp/8/3pP3/4P3/8/PPP2PPP/RNBQKBNR b KQkq - 0 3,d5e4,-149,-145,-4
r2k2nr/ppp2ppp/8/4P3/1bBnpBb1/2N5/PPP2PPP/3RK1NR w K - 8 9,f2f3,595,545,-50
3r2nr/ppp2kpp/8/4Pb2/1R2pB2/2N2P2/PPP3PP/4K1NR w K - 1 13,f3e4,715,689,-26
3r2nr/ppp2kpp/4b3/4P3/1R2PB2/2N2N2/PPP3PP/4K2R b K - 2 14,c7c5,-768,-867,99
2r4r/R3nkpp/4b3/2p1P3/4PB2/2N2N2/PPP3PP/4K2R b K - 0 17,h7h6,-825,-819,-6
2r4r/R3nkp1/4b2p/2p1P3/4PB2/2N2N2/PPP3PP/5RK1 b - - 1 18,g7g5,-773,-866,93
2r4r/R3nk2/4b2p/2p1P1N1/4PB2/2N5/PPP3PP/5RK1 b - - 0 19,h6g5,-869,-860,-9
rnbqkbnr/pppppppp/8/8/8/8/PPPPPPPP/RNBQKBNR w KQkq - 0 1,e2e4,23,28,5
rnbqkbnr/pppppppp/8/8/4P3/8/PPPP1PPP/RNBQKBNR b KQkq - 0 1,e7e5,-28,-26,-2
rnbqkbnr/pppp1ppp/8/4p3/4P3/5N2/PPPP1PPP/RNBQKB1R b KQkq - 1 2,d7d6,-26,-35,9
rnbqkbnr/ppp2ppp/3p4/4p3/2B1P3/5N2/PPPP1PPP/RNBQK2R b KQkq - 1 3,h7h6,-22,-85,63
rnbqkbnr/ppp2pp1/3p3p/4p3/2B1P3/2N2N2/PPPP1PPP/R1BQK2R b KQkq - 1 4,c7c6,-24,-55,31
rnbqkbnr/pp3pp1/2pp3p/4p3/2B1P3/2N2N2/PPPP1PPP/R1BQK2R w KQkq - 0 5,d2d3,58,29,-29
rnbqkbnr/pp3pp1/2pp3p/4p3/2B1P3/2NP1N2/PPP2PPP/R1BQK2R b KQkq - 0 5,b7b5,-32,-30,-2
rnbqkbnr/p4pp1/2pp3p/1p2p3/4P3/1BNP1N2/PPP2PPP/R1BQK2R b KQkq - 1 6,a7a5,-26,-26,0
rnbqkbnr/5pp1/2pp3p/pp2p3/4P3/1BNP1N2/PPP2PPP/R1BQK2R w KQkq - 0 7,a2a4,21,19,-2
rnbqkbnr/5pp1/2pp3p/pp2p3/P3P3/1BNP1N2/1PP2PPP/R1BQK2R b KQkq - 0 7,b5b4,-21,-18,-3
rnbqkbnr/5pp1/2pp3p/p3p3/Pp2P3/1B1P1N2/1PP1NPPP/R1BQK2R b KQkq - 1 8,c6c5,-21,-39,18
rnbqkbnr/5pp1/3p3p/p1p1p3/Pp2P3/1B1P1N2/1PP1NPPP/R1BQK2R w KQkq - 0 9,c2c3,34,27,-7
rn1qkb1r/5pp1/3p1n1p/p1p1p3/Pp2P1b1/1BPP1N2/1P3PPP/R1BQK1NR w KQkq - 3 11,c3b4,4,-63,-67
rn1qkb1r/5pp1/3p1n1p/p1p1p3/PP2P1b1/1B1P1N2/1P3PPP/R1BQK1NR b KQkq - 0 11,c5b4,65,-46,-111
rn1qkb1r/5pp1/3p1n1p/p3p3/Pp2P1b1/1B1P1N2/1P3PPP/R1BQK1NR w KQkq - 0 12,h2h3,56,32,-24
rn1qkb1r/5pp1/3p1n1p/p3p2b/Pp2P3/1B1P1N1P/1P3PP1/R1BQK1NR w KQkq - 1 13,g2g4,105,99,-6
r2qkb1r/5pp1/2np1nbp/p3p3/Pp2P1P1/1B1P3P/1P1N1P2/R1BQK1NR w KQkq - 3 15,h3h4,10,-105,-115
r2qkb1r/5pp1/3p1nbp/p3p3/Pp1nP1PP/1B1P4/1P1N1P2/R1BQK1NR w KQkq - 1 16,h4h5,-63,-43,-20
r2qkb1r/5ppb/3p3p/p3p2P/PpN1P1n1/1Q1P4/1P3P2/R1B1K1NR w KQkq - 0 19,f2f3,-137,-234,97
r2q1rk1/4bpp1/3p2b1/p3p3/PpN1PN2/3PBP2/1P6/R2QK1R1 b Q - 0 25,e5f4,40,33,-7
r2qr1k1/5pp1/3p2b1/p7/PpN1PB1b/1Q1P1P2/1P2K3/R5R1 b - - 4 28,d6d5,94,8,-86
r2q2k1/4rpp1/3N2b1/p2p4/Pp2PB1b/1Q1P1P2/1P1K4/R5R1 b - - 3 30,d5e4,-8,-333,325
3r2k1/4bpp1/7B/p7/Pp2N1R1/4KP2/1P6/7R b - - 6 38,f7f5,-735,-832,97
3r3k/4R3/7B/p4p2/Pp2N3/4KP2/1P6/7R b - - 0 40,f5e4,-898,-10000,9102
rnbqkbnr/pppppppp/8/8/8/8/PPPPPPPP/RNBQKBNR w KQkq - 0 1,e2e4,23,25,2
rnbqkbnr/pppppppp/8/8/4P3/8/PPPP1PPP/RNBQKBNR b KQkq - 0 1,d7d5,-26,-66,40
rnbqkbnr/ppp1pppp/8/3p4/4P3/8/PPPP1PPP/RNBQKBNR w KQkq - 0 2,e4e5,65,-14,-79
rnbqkbnr/ppp1pppp/8/3pP3/8/8/PPPP1PPP/RNBQKBNR b KQkq - 0 2,c7c5,18,16,-2
r2qkbnr/pp2pppp/2B5/2ppP3/6b1/5N2/PPPP1PPP/RNBQK2R b KQkq - 0 5,b7c6,11,9,-2
r3kbnr/p1q1pppp/2p5/2ppP3/6b1/5N2/PPPP1PPP/RNBQ1RK1 w kq - 2 7,c2c3,-3,-116,113
r3kbnr/p3pppp/2p5/2ppq3/8/2P2Q2/PP1P1PPP/RNB2RK1 w kq - 0 9,d2d3,-121,-144,23
r3kb1r/p3pppp/2p2n2/2pp1q2/5B2/2PP1Q2/PP3PPP/RN3RK1 w kq - 3 11,h2h3,-150,-287,137
r3kb1r/p3pppp/2p2n2/2pp1q2/5B2/2PP1Q1P/PP3PP1/RN3RK1 b kq - 0 11,e7e6,290,149,-141
r3kb1r/p4ppp/2p1pn2/2pp1q2/5B2/2PP1Q1P/PP3PP1/RN3RK1 w kq - 0 12,g2g4,-141,-153,12
r3kb1r/p4ppp/2p1pnq1/2pp4/5BP1/2PP2QP/PP3P2/RN3RK1 b kq - 2 13,h7h5,246,233,-13
r3kb1r/p4pp1/2p1pnq1/2pp3p/5BP1/2PP2QP/PP3P2/RN3RK1 w kq - 0 14,g4g5,-247,-236,-11
r3kb1r/p4pp1/2p1pnq1/2pp2Pp/5B2/2PP2QP/PP3P2/RN3RK1 b kq - 0 14,h5h4,236,232,-4
r3k2r/p3bpp1/2p1p1q1/2pp2Pn/7p/2PPB2P/PP3PQ1/RN3RK1 w kq - 4 17,f2f4,-204,-412,208
r3k2r/p3bpp1/2p1p1q1/2pp2P1/5P1p/2PP2nP/PP3BQ1/RN3RK1 b kq - 2 18,e6e5,483,288,-195
r3k2r/p3bpp1/2p3q1/2ppp1P1/5P1p/2PP2BP/PP4Q1/RN3RK1 b kq - 0 19,e5f4,273,-328,-601
r3k2r/p3bpp1/2p5/2pp2P1/5B1p/N1Pq3P/PP4Q1/R4RK1 b kq - 1 21,c5c4,-280,-414,134
r2k3r/p4pp1/2p5/3p2P1/2p2BQp/N1Pq3P/PP6/4R1K1 w - - 2 26,g5g6,242,-18,-260
r2k3r/p4pp1/2p3Q1/3p4/2p2B1p/N1P4P/PP6/4R1K1 b - - 0 27,f7g6,18,15,-3
r6r/p2k2p1/2p3p1/3p2B1/2p4p/N1P4P/PP6/4R1K1 w - - 2 29,b2b3,-17,-155,138
7r/p3R1p1/2p3p1/3p1k2/2p4p/NPP1B2P/P7/6K1 b - - 0 33,g6g5,-555,-561,6
8/p7/2p5/3pR3/2pB3p/NPPk1r1P/P7/6K1 w - - 3 38,b3c4,465,490,25
8/p7/2p5/3pR3/2PB3p/N1Pk1r1P/P7/6K1 b - - 0 38,d5c4,-528,-534,6
rnbqkbnr/pppppppp/8/8/8/8/PPPPPPPP/RNBQKBNR w KQkq - 0 1,d2d4,24,15,-9
rnbqkbnr/pppppppp/8/8/3P4/8/PPP1PPPP/RNBQKBNR b KQkq - 0 1,c7c6,-15,-36,21
rnbqkbnr/pp1ppppp/2p5/8/3P4/8/PPP1PPPP/RNBQKBNR w KQkq - 0 2,c2c4,31,18,-13
rnbqkbnr/pp1ppppp/2p5/8/2PP4/8/PP2PPPP/RNBQKBNR b KQkq - 0 2,d7d5,-23,-23,0
rnbqkbnr/pp2pppp/2p5/3p4/2PP4/2N5/PP2PPPP/R1BQKBNR b KQkq - 1 3,e7e6,-21,-40,19
rnbqk2r/pp2bppp/2p1pn2/3p4/2PP3B/2N2N2/PP2PPPP/R2QKB1R b KQkq - 5 6,h7h6,29,-26,-55
rnbq1rk1/pp2bpp1/2p1pn1p/3p4/2PP4/2N2NB1/PP2PPPP/R2QKB1R w KQ - 2 8,e2e3,12,10,-2
r1bq1rk1/pp1nbpp1/2p1pn1p/3p4/2PP4/2NBPNB1/PP3PPP/R2QK2R b KQ - 2 9,d5c4,28,17,-11
r1bq1rk1/pp2bpp1/2p1pn1p/8/3P4/2nBPNB1/PP3PPP/R2Q1RK1 w - - 0 13,b2c3,50,31,-19
r1bq1rk1/pp2bpp1/2p1p2p/3n4/3P4/2PBPNB1/P1Q2PPP/R4RK1 b - - 2 14,f7f5,-59,-207,148
r1bq1rk1/pp2b1p1/2p1p2p/3n1p2/3P4/2PBPNB1/P1Q2PPP/R4RK1 w - - 0 15,e3e4,199,192,-7
r1bq1rk1/pp2b1p1/2p1p2p/3n1p2/3PP3/2PB1NB1/P1Q2PPP/R4RK1 b - - 0 15,f5e4,-199,-217,18
4rnk1/pp1r2p1/2p1pq1p/8/3P4/2PB2R1/P1Q2PPP/5RK1 w - - 6 31,h2h3,168,129,-39
3r1nk1/pp1r2p1/2p1pq1p/8/3P4/2PB2RP/P3QPP1/5RK1 b - - 2 32,e6e5,-152,-330,178
5nk1/pp1r2p1/2p4p/3qp3/3P4/2P2R1P/P3QPP1/5RK1 w - - 0 36,d4e5,457,436,-21
5nk1/pp4p1/2p4p/4P3/8/2P2R1P/P2r1PP1/5RK1 w - - 0 38,e5e6,417,421,4
5nk1/pp4p1/2p1P2p/8/8/2P1r2P/P4PP1/5RK1 w - - 0 40,f2e3,381,370,-11
8/pp4p1/2p4p/3k4/8/2PKP2P/P5P1/8 w - - 5 47,e3e4,-134,-227,93
8/pp4p1/2p4p/4k3/4P3/2PK3P/P5P1/8 w - - 1 48,c3c4,-245,-273,28
8/pp4p1/2p4p/4k3/2P1P3/3K3P/P5P1/8 b - - 0 48,b7b6,285,286,1
8/p5p1/1pp4p/4k3/2P1P3/4K2P/P5P1/8 b - - 1 49,c6c5,355,0,-355
8/p5p1/1p5p/2p1k3/2P1P3/4K2P/P5P1/8 w - - 0 50,g2g4,0,-116,-116
8/p5p1/1p5p/2p1k3/2P1P1P1/4K2P/P7/8 b - - 0 50,g7g6,122,1,-121
8/p7/1p4pp/2p1k3/2P1P1P1/4K2P/P7/8 w - - 0 51,h3h4,-1,-1,0
8/p7/1p4pp/2p1k3/2P1P1PP/4K3/P7/8 b - - 0 51,g6g5,1,0,-1
8/p7/1p5p/2p1k1p1/2P1P1PP/4K3/P7/8 w - - 0 52,h4g5,0,-1,-1
8/p7/1p5p/2p1k1P1/2P1P1P1/4K3/P7/8 b - - 0 52,h6g5,0,0,0
8/p7/1p6/2p1k1p1/2P1P1P1/5K2/P7/8 b - - 1 53,a7a6,527,583,56
8/8/pp6/2p1k1p1/2P1P1P1/4K3/P7/8 b - - 1 54,b6b5,583,602,19
8/8/p7/1pp1k1p1/2P1P1P1/4K3/P7/8 w - - 0 55,c4b5,-613,-617,4
8/8/p7/1Pp1k1p1/4P1P1/4K3/P7/8 b - - 0 55,a6b5,643,697,54
8/8/8/1pp1k1p1/4P1P1/3K4/P7/8 b - - 1 56,c5c4,707,713,6
8/8/8/1K4p1/2p2kP1/8/P7/8 b - - 0 59,c4c3,713,755,42
8/8/8/6p1/2K2kP1/2p5/P7/8 b - - 1 60,c3c2,758,806,48
8/8/8/6p1/2K2kP1/8/P1p5/8 w - - 0 61,a2a4,-859,-1005,146
8/8/8/6p1/P1K2kP1/8/2p5/8 b - - 0 61,c2c1q,1019,1084,65
8/8/K7/6p1/P4kP1/q7/8/8 w - - 4 64,a4a5,-1101,-1130,29
rnbqkbnr/pppppppp/8/8/8/8/PPPPPPPP/RNBQKBNR w KQkq - 0 1,b2b3,21,-30,-51
rnbqkbnr/pppppppp/8/8/8/1P6/P1PPPPPP/RNBQKBNR b KQkq - 0 1,g7g6,32,4,-28
rnbqkb1r/pppppp1p/5np1/8/8/1P6/PBPPPPPP/RN1QKBNR w KQkq - 2 3,a2a3,-5,-22,17
rnbqk2r/ppppppbp/5np1/8/8/PP6/1BPPPPPP/RN1QKBNR w KQkq - 1 4,g2g4,-31,-123,92
rnbq1rk1/ppppppbp/5np1/8/6P1/PP6/1BPPPP1P/RN1QKBNR w KQ - 1 5,g4g5,-78,-85,7
rnbq1rk1/ppppppbp/5np1/6P1/8/PP6/1BPPPP1P/RN1QKBNR b KQ - 0 5,b7b6,85,-359,-444
rnbq1rk1/p1ppppbp/1p3np1/6P1/8/PP6/1BPPPP1P/RN1QKBNR w KQ - 0 6,g5f6,364,339,-25
rnbq1rk1/p1ppppbp/1p3Pp1/8/8/PP6/1BPPPP1P/RN1QKBNR b KQ - 0 6,e7f6,-350,-354,4
rnbq1rk1/p1pp1pbp/1p3pp1/8/8/PP6/1BPPPPBP/RN1QK1NR b KQ - 1 7,f6f5,-350,-594,244
2bq1r2/p1pp1pkp/1pB3p1/5p2/8/PP6/2PPPP1P/RN1QK1NR b KQ - 0 10,d7c6,-604,-599,-5
2b2r2/p1p2pkp/1pp2qp1/5p2/8/PP6/2PPPP1P/RNQ1K1NR w KQ - 2 12,c2c3,544,522,-22
2b2r2/p1p2pkp/1pp2qp1/5p2/8/PPP5/3PPP1P/RNQ1K1NR b KQ - 0 12,b6b5,-530,-617,87
2b2r2/p1p2pkp/2p2qp1/1p3p2/8/PPP5/1Q1PPP1P/RN2K1NR b KQ - 1 13,a7a5,-497,-563,66
2b2rk1/2p2p1p/2p2qp1/pp3p2/8/PPP5/RQ1PPP1P/1N2K1NR w K - 2 15,c3c4,596,622,26
2b2rk1/2p2p1p/2pq2p1/pp3p2/2P5/PPN5/RQ1PPP1P/4K1NR b K - 2 16,b5c4,-555,-608,53
2b2rk1/2p2p1p/2pq2p1/p4p2/2p5/PPN5/RQ1PPP1P/4K1NR w K - 0 17,b3c4,582,588,6
5rk1/2p2p1p/2pqb1p1/p4p2/2P5/P1N5/RQ1PPP1P/4K1NR w K - 1 18,c4c5,718,565,-153
3r2k1/2p2p1p/2p1b1p1/p1q2p2/8/P1N5/R1QPPP1P/4K1NR w K - 2 20,e2e3,557,491,-66
3r2k1/2p2p1p/1qp1b1p1/p4p2/8/P1N1P3/R1QP1P1P/4K1NR w K - 1 21,d2d4,627,492,-135
3r2k1/2p2p1p/1qp1b1p1/p4p2/3P4/P1N1P3/R1Q2P1P/4K1NR b K - 0 21,c6c5,-464,-543,79
3r2k1/2p2p1p/1N4p1/p1p2p2/3P4/P3P3/b1Q2P1P/4K1NR b K - 0 23,c7b6,-675,-681,6
rnbqkbnr/pppppppp/8/8/8/8/PPPPPPPP/RNBQKBNR w KQkq - 0 1,e2e4,20,16,-4
rnbqkbnr/pppppppp/8/8/4P3/8/PPPP1PPP/RNBQKBNR b KQkq - 0 1,e7e6,-16,-35,19
rnbqkbnr/pppp1ppp/4p3/8/4P3/8/PPPP1PPP/RNBQKBNR w KQkq - 0 2,d2d4,33,35,2
rnb2rk1/ppppqppp/4p1n1/8/3PP3/2N2N2/PPP2PPP/R2QKB1R w KQ - 2 7,h2h4,164,178,14
rnb2rk1/ppppqppp/4p1n1/8/3PP2P/2N2N2/PPP2PP1/R2QKB1R b KQ - 0 7,h7h5,-178,-319,141
rnb2rk1/ppppqpp1/4p3/6Np/3PPn1P/2N5/PPPQ1PP1/R3KB1R b KQ - 3 9,e6e5,-288,-324,36
rnb2rk1/ppppqpp1/8/4p1Np/3PPn1P/2N5/PPPQ1PP1/R3KB1R w KQ - 0 10,d4e5,323,381,58
rnb2rk1/pppp1pp1/5q2/7p/4Pn1P/2N2N2/PPPQ1PP1/R3KB1R w KQ - 2 12,e4e5,273,247,-26
rnb2rk1/pppp1pp1/7q/4P1np/7P/2N5/PPPQ1PP1/2KR1B1R w - - 0 15,h4g5,517,515,-2
rnb2rk1/pppp1pp1/4q3/4P1Pp/8/2NB4/PPPQ1PP1/2KR3R w - - 3 17,f2f4,647,465,-182
rnb2rk1/pppp1pp1/4q3/4P1Pp/5P2/2NB4/PPPQ2P1/2KR3R b - - 0 17,g7g6,-551,-539,-12
rnb2rk1/pppp1p2/4q1p1/4P1Pp/5P2/2NB4/PPPQ2P1/2K3RR b - - 1 18,b7b6,-411,-572,161
rnb2rk1/p1pp1p2/1p2q1p1/4P1Pp/5P2/2NB4/PPPQ2P1/2K3RR w - - 0 19,g2g4,574,442,-132
rn3rk1/pbpp1p2/1p2q1p1/4P1Pp/5PP1/2NB4/PPPQ3R/2K3R1 b - - 2 20,h5g4,-416,-589,173
rn3rk1/pbpp1p2/1p2q1p1/4P1P1/4NPp1/3B4/PPPQ3R/2K3R1 b - - 1 21,d7d5,-472,-10000,9528
rn3rk1/pbp2p2/1p2q1p1/3pP1P1/4NPp1/3B4/PPPQ3R/2K4R b - - 1 22,f7f6,-10000,-10000,0
rn2kr1R/pbp4R/1p3qp1/3pP1P1/5Pp1/3B4/PPPQ4/2K5 w - - 0 26,g5f6,10000,10000,0
rnbqkbnr/pppppppp/8/8/8/8/PPPPPPPP/RNBQKBNR w KQkq - 0 1,e2e4,18,19,1
rnbqkbnr/pppppppp/8/8/4P3/8/PPPP1PPP/RNBQKBNR b KQkq - 0 1,e7e5,-15,-18,3
r1b2rk1/pppp1ppp/1b3n2/8/4P3/2N5/PPPPBP1P/R1BK4 w - - 6 13,d2d3,-593,-617,24
r1b2rk1/pppp1ppp/5n2/6B1/4P3/2NP4/PPP1Bb1P/R2K4 b - - 1 14,d7d6,606,610,4
r1b2rk1/ppp2ppp/3p1B2/8/4P3/2NP4/PPP1Bb1P/R2K4 b - - 0 15,g7f6,612,624,12
r1b2rk1/ppp2p1p/3p1p2/3N4/4P3/3P4/PPP1Bb1P/R2K4 b - - 1 16,f6f5,634,590,-44
1rb2rk1/pp3p1p/3p4/1N3p2/4P3/3P4/PPP1Bb1P/R2K4 b - - 2 18,f5f4,643,558,-85
1rb2rk1/pp3p1p/8/1N6/4Pp2/3Pb3/PPP1B2P/R2K4 b - - 2 20,a7a6,598,558,-40
1r3r2/1p3pkp/p7/3N4/4Pp2/3Pb2b/PPP1B2P/R2K4 w - - 4 23,c2c4,-513,-541,28
4rr2/1p3p1p/p5k1/3N4/2P1Pp2/3Pb2b/PPK1B2P/R7 w - - 3 25,b2b4,-498,-519,21
4rr2/1p3p1p/p5k1/3N4/1PP1Pp2/3Pb2b/P1K1B2P/R7 b - - 0 25,f7f5,506,501,-5
4rr2/1p5p/p5k1/3N1p2/1PP1Pp2/3Pb2b/P1K1B2P/R7 w - - 0 26,e4f5,-494,-509,15
4r3/1p5p/p7/3Nk3/1PP2p2/2KP4/r6P/5R2 w - - 0 32,d3d4,434,-210,-644
rnbqkbnr/pppppppp/8/8/8/8/PPPPPPPP/RNBQKBNR w KQkq - 0 1,e2e4,17,14,-3
rnbqkbnr/pppppppp/8/8/4P3/8/PPPP1PPP/RNBQKBNR b KQkq - 0 1,d7d5,-11,-64,53
rnbqkbnr/ppp1pppp/8/3p4/4P3/8/PPPP1PPP/RNBQKBNR w KQkq - 0 2,e4d5,62,67,5
rnb1kbnr/ppp1pppp/8/q7/8/2N5/PPPP1PPP/R1BQKBNR w KQkq - 2 4,d2d3,74,21,-53
rnb1kbnr/ppp1pppp/8/q7/8/2NP4/PPP2PPP/R1BQKBNR b KQkq - 0 4,c7c6,-23,-45,22
rnb1kbnr/pp2pppp/1qp5/8/8/2NP4/PPPB1PPP/R2QKBNR w KQkq - 2 6,b2b3,38,20,-18
rn2kb1r/pp2pppp/1qp2n2/8/6b1/1PNP1N2/P1PBBPPP/R2QK2R b KQkq - 4 8,e7e6,-9,-9,0
rn2k2r/pp2bppp/1qp1pn2/4N3/8/1PNP4/P1PBQPPP/R3K2R w KQkq - 1 11,f2f4,4,-2,-6
r4rk1/ppqn1ppp/2p1pn2/8/1bN2P2/1PNP4/P1PBQ1PP/R4RK1 w - - 9 16,d3d4,-3,-24,21
3r1rk1/ppq2ppp/2p1pn2/4n3/3P4/1P2QR2/PBP3PP/5RK1 w - - 0 27,d4e5,-35,-73,38
5rk1/ppqr1ppp/2p1p3/3nP3/8/1P3R2/PBP2QPP/5RK1 w - - 3 29,a2a3,-22,-64,42
5rk1/ppqr1ppp/2p1p3/3nP3/8/PP3R2/1BP2QPP/5RK1 b - - 0 29,a7a6,64,-13,-77
5rk1/1pqr1ppp/p1p1p3/3nP3/8/PP3R2/1BP2QPP/5RK1 w - - 0 30,c2c4,20,14,-6
3r2k1/1pqr1ppp/pnp1p3/4P3/2P5/PP4R1/5QPP/2B2RK1 b - - 4 32,g7g6,-298,-518,220
6k1/1p3p1p/p1p1p1p1/8/2P5/PP3r2/6PP/6K1 w - - 0 42,g2f3,-428,-440,12
8/1p3p1p/p1p1p1p1/5k2/2P5/PP2KP2/7P/8 w - - 5 45,f3f4,-440,-493,53
8/1p3p1p/p1p1p1p1/5k2/2P2P2/PP2K3/7P/8 b - - 0 45,f7f6,498,483,-15
8/1p5p/p1p1ppp1/5k2/2P2P2/PP2K3/7P/8 w - - 0 46,b3b4,-484,-488,4
8/1p5p/p1p1ppp1/5k2/1PP2P2/P3K3/7P/8 b - - 0 46,e6e5,493,497,4
rnbqkbnr/pppppppp/8/8/8/8/PPPPPPPP/RNBQKBNR w KQkq - 0 1,c2c4,13,-4,-17
rnbqkb1r/pppppppp/5n2/8/2P5/8/PP1PPPPP/RNBQKBNR w KQkq - 1 2,f2f3,18,-113,-131
rnbqkb1r/pppppppp/5n2/8/2P5/5P2/PP1PP1PP/RNBQKBNR b KQkq - 0 2,g7g6,107,-18,-125
rnbqk2r/ppppppbp/5np1/8/2P5/2N2P2/PP1PP1PP/R1BQKBNR w KQkq - 2 4,e2e3,25,-65,-90
rnbqk2r/ppppppbp/5np1/8/2P5/2N1PP2/PP1P2PP/R1BQKBNR b KQkq - 0 4,d7d6,71,12,-59
rnbqk2r/ppp1ppbp/3p1np1/8/2P5/2N1PP2/PP1P2PP/R1BQKBNR w KQkq - 0 5,d2d4,-22,-19,-3
rnbq1rk1/ppp1ppbp/3p1np1/8/2PP4/2NBPP2/PP4PP/R1BQK1NR b KQ - 2 6,c7c5,51,31,-20
rnbq1rk1/pp2ppbp/3p1np1/2p5/2PP4/2NBPP2/PP4PP/R1BQK1NR w KQ - 0 7,d4d5,-31,-35,4
rnbq1rk1/pp2ppbp/3p1np1/2pP4/2P5/2NBPP2/PP4PP/R1BQK1NR b KQ - 0 7,e7e6,43,45,2
rnbq1rk1/pp3pbp/3ppnp1/2pP4/2P5/2NBPP2/PP4PP/R1BQK1NR w KQ - 0 8,e3e4,-45,-43,-2
rnbq1rk1/pp3pbp/3ppnp1/2pP4/2P1P3/2NB1P2/PP4PP/R1BQK1NR b KQ - 0 8,e6d5,39,52,13
rnbq1rk1/pp3pbp/3p1np1/2pp4/2P1P3/2NB1P2/PP4PP/R1BQK1NR w KQ - 0 9,c4d5,-52,-56,4
r1bqr1k1/pp1n1pbp/3p2p1/1BpP3n/4P3/2N2P2/PP2N1PP/R1BQ1RK1 b - - 6 12,a7a6,78,70,-8
r2qr1k1/1p1b1pbp/p2p2p1/2pP3n/4P3/2N2P2/PP2N1PP/R1BQ1RK1 w - - 0 14,a2a4,-74,-111,37
r2qr1k1/1p1b1pbp/p2p2p1/2pP3n/P3P3/2N2P2/1P2N1PP/R1BQ1RK1 b - - 0 14,b7b5,106,110,4
r2qr1k1/3b1pbp/p2p2p1/1ppP3n/P3P3/2N2P2/1P2N1PP/R1BQ1RK1 w - - 0 15,a4b5,-104,-220,116
r2qr1k1/3b1pbp/p2p2p1/1PpP3n/4P3/2N2P2/1P2N1PP/R1BQ1RK1 b - - 0 15,a6b5,230,231,1
q3r1k1/3b1pbp/3p2p1/1ppP3n/4PB2/2N2P2/1P2N1PP/3Q1RK1 b - - 1 17,b5b4,450,386,-64
q5k1/5p1p/3p2p1/1bpPr2n/1p2P3/5P2/1P1NN1PP/3Q1RK1 w - - 2 21,b2b3,-126,-169,43
6k1/5p1p/q2p2p1/2pPr2n/1pb1P3/1P3P2/4N1PP/3Q1RK1 w - - 0 23,b3c4,-280,-276,-4
6k1/5p1p/3p2p1/2pPr2n/1pq1P3/5P2/4N1PP/3Q1R1K b - - 1 24,g6g5,348,227,-121
6k1/5p1p/3p4/2pPr1pn/1pq1P3/5P2/4N1PP/3Q1R1K w - - 0 25,g2g4,-221,-235,14
6k1/5pnp/3p4/2pPr1p1/1pq1P1P1/5P2/4N2P/Q4R1K b - - 2 26,h7h5,502,296,-206
6k1/5pn1/3p4/2pPr1pp/1pq1P1P1/5P2/4N2P/Q4R1K w - - 0 27,g4h5,-290,-591,301
6k1/5p2/3p4/2pPr1p1/1pq1P3/5Pn1/7P/Q4R1K w - - 0 29,h2g3,-470,-514,44
Q7/5pk1/3p4/2pPr1p1/1p2P3/5qP1/6R1/7K b - - 1 32,g5g4,777,618,-159
rnbqkbnr/pppppppp/8/8/8/8/PPPPPPPP/RNBQKBNR w KQkq - 0 1,e2e4,33,15,-18
rnbqkbnr/pppppppp/8/8/4P3/8/PPPP1PPP/RNBQKBNR b KQkq - 0 1,e7e5,-18,-25,7
r1bqkb1r/pppp1ppp/2n5/1B2p3/4n3/5N2/PPPP1PPP/RNBQR1K1 b kq - 1 5,d7d5,-21,-288,267
r1bqkb1r/ppp2ppp/2n5/1B1pp3/4n3/5N2/PPPP1PPP/RNBQR1K1 w kq - 0 6,d2d3,291,299,8
r1bqkb1r/ppp2ppp/2n5/1B1pp3/4n3/3P1N2/PPP2PPP/RNBQR1K1 b kq - 0 6,a7a6,-293,-417,124
r1bqkb1r/1pp2ppp/p1B5/3pp3/4n3/3P1N2/PPP2PPP/RNBQR1K1 b kq - 0 7,b7c6,-413,-409,-4
r1bqkb1r/2p2ppp/p1p5/3pp3/4n3/3P1N2/PPP2PPP/RNBQR1K1 w kq - 0 8,d3e4,426,402,-24
r1bqk2r/2p2ppp/p1p5/2bpp3/4P3/5N2/PPP2PPP/RNBQR1K1 w kq - 1 9,e4d5,515,495,-20
rnbqkbnr/pppppppp/8/8/8/8/PPPPPPPP/RNBQKBNR w KQkq - 0 1,b2b3,30,-25,-55
rnbqkbnr/pppppppp/8/8/8/1P6/P1PPPPPP/RNBQKBNR b KQkq - 0 1,g7g6,27,6,-21
rnbqkb1r/pppppp1p/5np1/8/8/1P6/PBPPPPPP/RN1QKBNR w KQkq - 2 3,g2g4,1,-42,-43
rnbqkb1r/pppppp1p/5np1/8/6P1/1P6/PBPPPP1P/RN1QKBNR b KQkq - 0 3,b7b6,55,-379,-434
rnbqkb1r/p1pppp1p/1p3np1/8/6P1/1P6/PBPPPP1P/RN1QKBNR w KQkq - 0 4,g4g5,336,322,-14
rnbqkbnr/pppppppp/8/8/8/8/PPPPPPPP/RNBQKBNR w KQkq - 0 1,b2b3,25,-27,-52
rnbqkbnr/pppppppp/8/8/8/1P6/P1PPPPPP/RNBQKBNR b KQkq - 0 1,c7c5,31,5,-26
rnbqkbnr/pp1ppppp/8/2p5/8/1P6/PBPPPPPP/RN1QKBNR b KQkq - 1 2,d7d6,9,-18,-27
rnbqkbnr/pp2pppp/3p4/2p5/8/1P6/PBPPPPPP/RN1QKBNR w KQkq - 0 3,d2d3,25,1,-24
rnbqkbnr/pp2pppp/3p4/2p5/8/1P1P4/PBP1PPPP/RN1QKBNR b KQkq - 0 3,f7f6,1,-44,-45
rnbqkbnr/pp2p1pp/3p1p2/2p5/8/1P1P4/PBPNPPPP/R2QKBNR b KQkq - 1 4,e7e5,5,-2,-7
rnbqkbnr/pp4pp/3p1p2/2p1p3/8/1P1P4/PBPNPPPP/R2QKBNR w KQkq - 0 5,c2c4,10,-25,-35
rn1qkbnr/pp1b2pp/3p1p2/2p1p3/2P5/1P1P4/PB1NPPPP/R2QKBNR w KQkq - 1 6,f2f3,16,-63,-79
rn1qk1nr/pp1bb1pp/3p1p2/2p1p3/2P5/1P1P1P2/PB1NP1PP/R2QKBNR w KQkq - 1 7,h2h3,-71,-270,199
rnbqkbnr/pppppppp/8/8/8/8/PPPPPPPP/RNBQKBNR w KQkq - 0 1,d2d4,21,21,0
rnbqkbnr/pppppppp/8/8/3P4/8/PPP1PPPP/RNBQKBNR b KQkq - 0 1,d7d5,-17,-19,2
rnbqkbnr/ppp1pppp/8/3p4/3P4/8/PPP1PPPP/RNBQKBNR w KQkq - 0 2,c2c4,17,19,2
rnbqkb1r/ppp1pppp/5n2/3p4/2PP4/2N5/PP2PPPP/R1BQKBNR b KQkq - 2 3,e7e6,-9,-21,12
rnbqkb1r/ppp2ppp/4pn2/3p4/2PP4/2N5/PP2PPPP/R1BQKBNR w KQkq - 0 4,a2a3,15,0,-15
rnbqk2r/ppp1bppp/4pn2/3p4/2PP4/P1N5/1P2PPPP/R1BQKBNR w KQkq - 1 5,c4c5,-2,-23,21
r1bq1rk1/ppp1bppp/2n1pn2/1NPp4/3P1B2/P7/1P2PPPP/R2QKBNR b KQ - 4 7,a7a6,77,56,-21
2bq1rk1/rpN1bppp/p1n1pn2/2Pp4/3P1B2/P7/1P2PPPP/R2QKBNR w KQ - 1 9,e2e3,-114,-128,14
2bq1rk1/rpN1bppp/p1n1p3/2Pp3Q/3P1B2/P3P3/1P3PPP/R3KBNR b KQ - 0 10,g7g6,-175,-252,77
rnbqkbnr/pppppppp/8/8/8/8/PPPPPPPP/RNBQKBNR w KQkq - 0 1,e2e4,21,20,-1
rnbqkbnr/pppppppp/8/8/4P3/8/PPPP1PPP/RNBQKBNR b KQkq - 0 1,g7g6,-23,-64,41
rnbqk1nr/ppppppbp/6p1/8/4P3/5N2/PPPP1PPP/RNBQKB1R w KQkq - 2 3,c2c3,54,32,-22
rnbqk1nr/ppppppbp/6p1/8/4P3/2P2N2/PP1P1PPP/RNBQKB1R b KQkq - 0 3,d7d6,-35,-31,-4
rnbqk1nr/ppp1ppbp/3p2p1/8/4P3/2P2N2/PP1P1PPP/RNBQKB1R w KQkq - 0 4,d2d4,34,39,5
rn1q1rk1/ppp1ppbp/3p1np1/8/3PP1b1/2PB1N2/PP1N1PPP/R1BQ1RK1 b - - 6 7,c7c5,-83,-76,-7
rn1q1rk1/pp2ppbp/3p1np1/2p5/3PP1b1/2PB1N2/PP1N1PPP/R1BQ1RK1 w - - 0 8,d4d5,88,31,-57
r2q1rk1/pp1nppbp/3p1np1/2pP4/4P1b1/2PB1N2/PPQN1PPP/R1B2RK1 b - - 2 9,b7b5,-31,-183,152
r2q1rk1/p2nppbp/3p1np1/1ppP4/4P1b1/2PB1N2/PPQN1PPP/R1B2RK1 w - - 0 10,b2b3,173,24,-149
r2q1rk1/p2nppbp/3p1np1/1ppP4/4P3/1PPB1N2/P1Q2PPP/R1B2RK1 b - - 0 11,a7a6,-50,-41,-9
r2qr1k1/3nppbp/p2p1np1/1ppP4/4P3/1PPB1N2/PBQ2PPP/R4RK1 w - - 2 13,c3c4,39,46,7
r2qr1k1/3nppbp/p2p1np1/1ppP4/2P1P3/1P1B1N2/PBQ2PPP/R4RK1 b - - 0 13,b5c4,-41,-105,64
r2qr1k1/3nppbp/p2p1np1/2pP4/2B1P3/1P3N2/PBQ2PPP/R4RK1 b - - 0 14,e7e5,-97,-277,180
r2qr1k1/3n1pbp/p2p1np1/2pPp3/2B1P3/1P3N2/PBQ2PPP/R4RK1 w - e6 0 15,d5e6,251,259,8
r2qr1k1/3n1pbp/p2pPnp1/2p5/2B1P3/1P3N2/PBQ2PPP/R4RK1 b - - 0 15,f7e6,-283,-270,-13
r2qr1k1/3n2bp/p2ppnp1/2p5/2B1P3/1P3N2/PBQ2PPP/4RRK1 b - - 1 16,d6d5,-178,-143,-35
r2qr1k1/3n2bp/p3pnp1/2pp4/2B1P3/1P3N2/PBQ2PPP/4RRK1 w - - 0 17,e4d5,136,144,8
r2qr1k1/3n2bp/p3pnp1/2pP4/2B5/1P3N2/PBQ2PPP/4RRK1 b - - 0 17,e6d5,-141,-151,10
3q4/3r2kp/pn2Qbp1/2p5/2B5/1P3N2/P4PPP/4R1K1 w - - 7 25,h2h4,278,37,-241
rnbqkbnr/pppppppp/8/8/8/5N2/PPPPPPPP/RNBQKB1R b KQkq - 1 1,g7g6,-18,-39,21
rnbqkbnr/pppppp1p/6p1/8/8/5N2/PPPPPPPP/RNBQKB1R w KQkq - 0 2,d2d4,36,25,-11
rnbqk1nr/ppppppbp/6p1/8/3P4/5N2/PPP1PPPP/RNBQKB1R w KQkq - 1 3,c2c4,55,19,-36
rnbqk1nr/ppppppbp/6p1/8/2PP4/5N2/PP2PPPP/RNBQKB1R b KQkq - 0 3,e7e6,-18,-80,62
rnbqk2r/ppppnpbp/4p1p1/8/2PP4/2N2N2/PP2PPPP/R1BQKB1R w KQkq - 2 5,e2e3,104,30,-74
rnbq1rk1/ppppnpbp/4p1p1/8/2PP4/2NBPN2/PP3PPP/R1BQK2R b KQ - 2 6,f7f5,-20,-55,35
rnbq1rk1/ppppn1bp/4p1p1/5p2/2PP4/2NBPN2/PPQ2PPP/R1B1K2R b KQ - 1 7,c7c6,-36,-109,73
rnbq1rk1/pp1pn1bp/2p1p1p1/5p2/2PP4/2NBPN2/PPQ2PPP/R1B2RK1 b - - 1 8,d7d5,-98,-137,39
rnbq1rk1/pp2n1bp/2p1p1p1/3p1p2/2PP4/2NBPN2/PPQB1PPP/R4RK1 b - - 1 9,d5c4,-104,-207,103
rnbq1rk1/pp2n1bp/2p1p1p1/5p2/2BP4/2N1PN2/PPQB1PPP/R4RK1 b - - 0 10,b7b5,-220,-226,6
rnb2rk1/p5bp/2p1p1p1/1p1q1p2/3P4/3BPN2/PPQB1PPP/R4RK1 w - - 0 13,a2a3,250,237,-13
rn3rk1/p2b2bp/2p1p1p1/1p1q1p2/3P4/P2BPN2/1PQB1PPP/R4RK1 w - - 1 14,b2b3,320,173,-147
r4rk1/p1nb2bp/2p1p1p1/1p1q1p2/3P4/PPBBPN2/2Q2PPP/R4RK1 w - - 3 16,e3e4,245,242,-3
r4rk1/p1nb2bp/2p1p1p1/1p1q1p2/3PP3/PPBB1N2/2Q2PPP/R4RK1 b - - 0 16,f5e4,-255,-254,-1
r4rk1/p1nb3p/2pqp1p1/1p2b3/3PB3/PPB5/2Q2PPP/R4RK1 w - - 0 19,d4e5,362,404,42
3r4/p2bk2p/2p1p1p1/1p1nP3/8/PP1R4/2B2PPP/5RK1 w - - 2 27,b3b4,301,273,-28
3r4/p2bk2p/2p1p1p1/1p1nP3/1P6/P2R4/2B2PPP/5RK1 b - - 0 27,a7a6,-262,-345,83
3r4/3bk2p/p1p1p1p1/1p1nP3/1P6/P2R4/2B2PPP/5RK1 w - - 0 28,f2f3,349,250,-99
3r4/3bk2p/p1pRp1p1/1p1nP3/1P6/P4P2/2B3PP/5RK1 w - - 7 32,g2g3,313,240,-73
5r2/3bk2p/p1pRp1p1/1p1nP3/1P6/P4PP1/2B4P/5RK1 w - - 1 33,f3f4,303,256,-47
5r2/3bk2p/p1pRp1p1/1p1nP3/1P3P2/P5P1/2B4P/5RK1 b - - 0 33,h7h6,-256,-458,202
5r2/3bk3/p1pRp1pp/1p1nP3/1P3P2/P5P1/2B4P/5RK1 w - - 0 34,h2h4,478,372,-106
8/3bk3/p1pRp1pp/1p1nPr2/1P3P1P/P5P1/2B5/5RK1 w - - 1 35,g3g4,435,398,-37
rnbqkbnr/pppppppp/8/8/8/8/PPPPPPPP/RNBQKBNR w KQkq - 0 1,b2b3,18,-42,-60
rnbqkbnr/pppppppp/8/8/8/1P6/P1PPPPPP/RNBQKBNR b KQkq - 0 1,b7b6,38,-15,-53
rnbqkbnr/p1pppppp/1p6/8/8/1P6/PBPPPPPP/RN1QKBNR b KQkq - 1 2,c7c6,-14,-46,32
rnbqkbnr/p2ppppp/1pp5/8/8/1P6/PBPPPPPP/RN1QKBNR w KQkq - 0 3,a2a4,29,4,-25
rnbqkbnr/p2ppppp/1pp5/8/P7/1P6/1BPPPPPP/RN1QKBNR b KQkq - 0 3,b6b5,-2,-116,114
rnbqkbnr/p2ppppp/2p5/1p6/P7/1P6/1BPPPPPP/RN1QKBNR w KQkq - 0 4,a4b5,99,104,5
rnbqkbnr/p2ppppp/2p5/1P6/8/1P6/1BPPPPPP/RN1QKBNR b KQkq - 0 4,c6b5,-103,-101,-2
rnbqkbnr/p2ppppp/8/1p6/8/1PB5/2PPPPPP/RN1QKBNR b KQkq - 1 5,a7a6,0,-554,-554
rnbqkbnB/3ppp1p/p7/1p6/8/1P6/2PPPPPP/RN1QKBNR b KQq - 0 8,e7e5,-598,-621,23
rnbqkbn1/3p1p1p/p7/1p2B3/8/1P6/2PPPPPP/RN1QKBNR b KQq - 0 9,f7f6,-620,-770,150
rnbqkbn1/3p3p/p4p2/1p6/8/1P6/1BPPPPPP/RN1QKBNR b KQq - 1 10,d7d6,-691,-829,138
rnbqkbn1/7p/p2p1p2/1p6/8/1P6/1BPPPPPP/RN1QKBNR w KQq - 0 11,c2c4,820,722,-98
rn1qkbn1/1b5p/p2p1p2/1p6/2P5/1P6/1B1PPPPP/RN1QKBNR w KQq - 1 12,f2f3,834,716,-118
rn1qkbn1/1b5p/p2p1p2/1p6/2P5/1P3P2/1B1PP1PP/RN1QKBNR b KQq - 0 12,d6d5,-712,-723,11
rn1qkbn1/1b5p/p4p2/1p1p4/2P5/1P3P2/1B1PP1PP/RN1QKBNR w KQq - 0 13,c4d5,727,700,-27
rn1qkbn1/7p/p4p2/1p1b4/8/1P3P2/1B1PP1PP/RN1QKBNR w KQq - 0 14,e2e4,684,649,-35
rn2kbn1/3q3p/p4p2/1p1b4/4P3/1P3P2/1B1P2PP/RN1QKBNR w KQq - 1 15,e4d5,928,916,-12
8/7p/5pk1/1Q6/8/1P3P2/1B1P2PP/RN2KBNR w KQ - 1 28,h2h4,10000,10000,0
8/7p/5pk1/1Q6/7P/1P3P2/1B1P2P1/RN2KBNR b KQ - 0 28,f6f5,-10000,-10000,0
8/7p/6k1/1Q3p2/7P/1P3P2/1B1P2P1/RN2KBNR w KQ - 0 29,h4h5,10000,10000,0
8/7p/8/1Q3pkP/8/1P3P2/1B1P2P1/RN2KBNR w KQ - 1 30,h5h6,10000,10000,0
8/7p/7P/1Q3p2/8/1P3Pk1/3P2P1/RNB1KBNR w KQ - 3 32,d2d3,10000,10000,0
8/7p/7P/1Q3p2/8/1P1P1Pk1/6P1/RNB1KBNR b KQ - 0 32,f5f4,-10000,-10000,0
rnbqkbnr/pppppppp/8/8/8/8/PPPPPPPP/RNBQKBNR w KQkq - 0 1,e2e4,19,25,6
rnbqkbnr/pppppppp/8/8/4P3/8/PPPP1PPP/RNBQKBNR b KQkq - 0 1,c7c6,-25,-33,8
rnbqkbnr/pp1ppppp/2p5/8/4P3/5N2/PPPP1PPP/RNBQKB1R b KQkq - 1 2,d7d5,-29,-26,-3
rnbqkbnr/pp2pppp/2p5/3p4/4P3/5N2/PPPP1PPP/RNBQKB1R w KQkq - 0 3,e4e5,28,21,-7
rn1qkbnr/pp2pppp/2p5/3pP3/6b1/5N2/PPPP1PPP/RNBQKB1R w KQkq - 1 4,d2d4,11,6,-5
rn1qkbnr/pp2pppp/2p5/3pP3/3P2b1/5N2/PPP2PPP/RNBQKB1R b KQkq - 0 4,e7e6,-8,-4,-4
rn1qkbnr/pp3ppp/2p1p3/3pP3/3P2b1/5N2/PPP2PPP/RNBQKB1R w KQkq - 0 5,c2c3,1,-3,-4
rn1qkb1r/pp2nppp/2p1p3/3pP3/3P2b1/2P2N2/PP2BPPP/RNBQK2R b KQkq - 2 6,h7h5,20,-61,-81
rn2kb1r/pp2npp1/1qp1p3/3pP2p/3P2b1/2P2N2/PP2BPPP/RNBQ1RK1 w kq - 2 8,b2b3,90,21,-69
r3kb1r/pp1n1pp1/1qp1p3/3pP2p/3P2b1/1PP1nN2/P2NBPPP/R2Q1RK1 w kq - 0 11,f2e3,19,18,-1
r3kb1r/pp1n1pp1/1qp1p3/3pP2p/3P2b1/1PP1PN2/P2NB1PP/R2Q1RK1 b kq - 0 11,c6c5,-27,-50,23
r3kb1r/pp1n1pp1/1q2p3/2ppP2p/3P2b1/1PP1PN2/P2NB1PP/R2Q1RK1 w kq - 0 12,h2h3,61,33,-28
2r1k2r/pp1nbpp1/1q2p3/2ppP2p/3P3N/1PPQPN1P/P5P1/R4RK1 w k - 1 17,e3e4,-11,-165,154
2r1k2r/pp1nbpp1/1q2p3/2ppP2p/3PP2N/1PPQ1N1P/P5P1/R4RK1 b k - 0 17,c5d4,186,132,-54
2r1k2r/pp1nbpp1/1q2p3/3pP2p/3pP2N/1PPQ1N1P/P5P1/R4RK1 w k - 0 18,c3d4,-120,-193,73
2r1k2r/pp1nbpp1/1q2p3/3pP2p/3PP2N/1P1Q1N1P/P5P1/R4RK1 b k - 0 18,d5e4,178,192,14
2rqk2r/pp1n1pp1/4p3/4P1Np/3P1Q1N/1P5P/P5P1/R4RK1 b k - 0 21,f7f6,-595,-760,165
2rqk2r/pp1n2p1/4pp2/4P1Np/3P1Q1N/1P5P/P5P1/R4RK1 w k - 0 22,e5f6,789,689,-100
2rqk2r/pp1n2p1/4pP2/6Np/3P1Q1N/1P5P/P5P1/R4RK1 b k - 0 22,g7f6,-760,-774,14
rnbqkbnr/pppppppp/8/8/8/8/PPPPPPPP/RNBQKBNR w KQkq - 0 1,e2e4,22,29,7
rnbqkbnr/pppppppp/8/8/4P3/8/PPPP1PPP/RNBQKBNR b KQkq - 0 1,c7c5,-30,-27,-3
rnbqkbnr/pp1ppppp/8/2p5/4P3/5N2/PPPP1PPP/RNBQKB1R b KQkq - 1 2,e7e6,-21,-39,18
rnbqkbnr/pp1p1ppp/4p3/2p5/4P3/5N2/PPPPBPPP/RNBQK2R b KQkq - 1 3,d7d5,-14,-12,-2
rnbqkbnr/pp3ppp/4p3/2pp4/4P3/5N2/PPPPBPPP/RNBQK2R w KQkq - 0 4,e4e5,9,-58,-67
rnbqkbnr/pp3ppp/4p3/2ppP3/8/5N2/PPPPBPPP/RNBQK2R b KQkq - 0 4,f7f6,45,-4,-49
rnbqkbnr/pp4pp/4pp2/2ppP3/8/5N2/PPPPBPPP/RNBQK2R w KQkq - 0 5,d2d4,6,-25,-31
r1bqkbnr/pp4pp/2n1pp2/2ppP3/3P4/5N2/PPP1BPPP/RNBQK2R w KQkq - 1 6,e5f6,4,-47,-51
r1bqkb1r/pp4pp/2n1pn2/2pp4/3P4/5N2/PPP1BPPP/RNBQK2R w KQkq - 0 7,d4c5,-36,-114,78
r1bq1rk1/pp2b1pp/2n1pn2/3p2B1/8/2N2N2/PPP1BPPP/R2Q1RK1 b - - 5 10,h7h6,55,40,-15
r1bq1rk1/pp2b1p1/2n1pn1p/3p4/7B/2N2N2/PPP1BPPP/R2Q1RK1 b - - 1 11,a7a6,32,45,13
r1b2rk1/1p4p1/p1nqpn1p/3p4/8/2NB1N2/PPP2PPP/R2Q1RK1 b - - 1 14,e6e5,193,183,-10
r1b2rk1/1p4p1/p1nq1nBp/3pp3/8/2N2N2/PPP2PPP/R2Q1RK1 b - - 1 15,e5e4,222,-106,-328
r4rk1/1p3qp1/p4n1p/3pn3/3Np3/2N5/PPP2PPP/R2Q1RK1 w - - 3 20,f2f4,-120,-180,60
r4rk1/1p3qp1/p4n1p/3p4/3NpPn1/2N5/PPP3PP/R2Q1RK1 w - - 1 21,h2h3,51,-258,-309
r4rk1/1p3qp1/p6p/3p3n/3NpP2/2N4P/PPP1Q1P1/5RK1 w - - 1 24,g2g3,-250,-552,302
r5k1/1p4p1/p6p/3p4/3Npr2/2N4P/PPP1K3/8 b - - 1 28,b7b5,578,577,-1
8/6p1/pN1k3p/1p6/4K3/8/PPr5/8 w - - 3 39,b2b3,-580,-634,54
8/6p1/p2k3p/1p6/8/1P2K3/8/8 b - - 0 43,g7g5,617,606,-11
8/8/p6K/1p4p1/8/1Pk5/8/8 b - - 0 47,g5g4,878,969,91
8/8/p7/1p4K1/6p1/1Pk5/8/8 b - - 1 48,g4g3,969,996,27
8/8/p7/1p6/5K2/1Pk3p1/8/8 b - - 1 49,g3g2,1003,1010,7
8/8/p7/1p2K3/8/1Pk5/6p1/8 b - - 1 50,g2g1q,1010,1013,3
8/8/pK6/1p6/1q6/1Pk5/8/8 b - - 5 53,a6a5,1017,1011,-6
8/8/K7/pp6/1q6/1Pk5/8/8 b - - 1 54,a5a4,1011,1067,56
8/8/1K6/1p6/pq6/1Pk5/8/8 b - - 1 55,a4b3,1121,1300,179
8/8/2K5/1p6/1q6/1pk5/8/8 b - - 1 56,b3b2,10000,10000,0
8/8/4K3/1p6/3q4/2k5/1p6/8 b - - 3 58,b2b1q,10000,10000,0
rnbqkbnr/pppppppp/8/8/8/8/PPPPPPPP/RNBQKBNR w KQkq - 0 1,e2e4,26,25,-1
rnbqkbnr/pppppppp/8/8/4P3/8/PPPP1PPP/RNBQKBNR b KQkq - 0 1,d7d5,-22,-78,56
rnbqkbnr/ppp1pppp/8/3p4/4P3/8/PPPP1PPP/RNBQKBNR w KQkq - 0 2,e4d5,60,64,4
rnbqkb1r/ppp1pppp/5n2/3P4/8/8/PPPP1PPP/RNBQKBNR w KQkq - 1 3,d2d4,70,69,-1
rnbqkb1r/ppp1pppp/5n2/3P4/3P4/8/PPP2PPP/RNBQKBNR b KQkq - 0 3,c7c6,-73,-94,21
rnbqkb1r/pp2pppp/2p2n2/3P4/3P4/8/PPP2PPP/RNBQKBNR w KQkq - 0 4,c2c4,85,19,-66
rnbqkb1r/pp2pppp/2p2n2/3P4/2PP4/8/PP3PPP/RNBQKBNR b KQkq - 0 4,c6d5,-11,-21,10
rnbqkb1r/pp2pppp/5n2/3p4/2PP4/8/PP3PPP/RNBQKBNR w KQkq - 0 5,c4c5,15,-27,-42
r2qkb1r/pp2pppp/2n2n2/2Pp4/3P4/2N5/PP2NPPP/R1BQK2R b KQkq - 0 8,g7g6,-44,-40,-4
r2qk2r/pp2ppbp/2n2np1/2Pp2B1/3P4/2N5/PP2NPPP/R2Q1RK1 b kq - 3 10,e7e6,-19,-53,34
r2qk2r/pp3pbp/2n1pnp1/2Pp2B1/3P4/2N5/PP2NPPP/R2Q1RK1 w kq - 0 11,a2a3,57,44,-13
r3k2r/ppq2pbp/2n1pnp1/2Pp2B1/3P4/P1N5/1P2NPPP/R2Q1RK1 w kq - 1 12,b2b4,105,63,-42
r3k2r/ppq2pbp/2n1pnp1/2Pp2B1/1P1P4/P1N5/4NPPP/R2Q1RK1 b kq - 0 12,h7h5,-61,-150,89
rq6/pp1k1Nbr/2n1pnp1/2Pp2Bp/1P1P4/P1N5/5PPP/R2Q1RK1 b - - 2 16,h5h4,-204,-454,250
rq6/pp1k1Nbr/2n1pnp1/2Pp2B1/1P1P3p/P1N5/5PPP/R2Q1RK1 w - - 0 17,h2h3,467,412,-55
rq6/pp1k1N1r/4p1Q1/2Pp2B1/1P1n3p/P1N3nP/5PPb/R4R1K w - - 3 22,f2g3,821,749,-72
8/pp6/2k1p3/2Pp4/1P5B/P4N1P/6P1/4R2K b - - 2 31,a7a6,-960,-1006,46
8/1p6/p7/2PpR3/1Pk5/P4N1P/5BP1/7K b - - 4 34,b7b5,-988,-1150,162
8/8/p7/1pPpR3/1Pk5/P4N1P/5BP1/7K w - b6 0 35,c5b6,1205,1244,39
8/8/pP6/3pR3/1Pk5/P4N1P/5BP1/7K b - - 0 35,a6a5,-1314,-1364,50
8/8/1P6/p2pR3/1Pk5/P4N1P/5BP1/7K w - - 0 36,b6b7,10000,10000,0
8/1P6/8/p2pR3/1Pk5/P4N1P/5BP1/7K b - - 0 36,d5d4,-10000,-10000,0
8/1P6/8/p3R3/1PkB4/P4N1P/6P1/7K b - - 0 37,a5a4,-10000,-10000,0
8/1P6/8/4R3/pPkB4/P4N1P/6P1/7K w - - 0 38,b7b8q,10000,10000,0
rnbqkbnr/pppppppp/8/8/8/2N5/PPPPPPPP/R1BQKBNR b KQkq - 1 1,g7g6,10,-38,-48
rnbqk1nr/ppppppbp/6p1/8/8/2N2N2/PPPPPPPP/R1BQKB1R w KQkq - 2 3,e2e4,56,40,-16
rnbqk1nr/pppppp1p/6p1/8/4P3/2b2N2/PPPP1PPP/R1BQKB1R w KQkq - 0 4,h2h3,132,-425,-557
rnbqk1nr/ppppppbp/6p1/8/4P3/5N1P/PPPPQPP1/R1B1KB1R b KQkq - 2 5,f7f6,488,373,-115
rnbqk1nr/ppppp1bp/5pp1/8/4P2N/7P/PPPPQPP1/R1B1KB1R b KQkq - 1 6,b7b6,453,428,-25
rn1qk1nr/pbppp1bp/1p3pp1/8/4P2N/5Q1P/PPPP1PP1/R1B1KB1R w KQkq - 2 8,g2g4,-418,-515,97
rn1qk1nr/pbppp1bp/1p3pp1/8/4P1PN/5Q1P/PPPP1P2/R1B1KB1R b KQkq - 0 8,d7d5,485,441,-44
rn1qk1nr/pbp1p1bp/1p3pp1/3p4/4P1PN/5Q1P/PPPP1P2/R1B1KB1R w KQkq - 0 9,g4g5,-439,-543,104
rn1qk1nr/pbp1p1bp/1p3pp1/3p2P1/4P2N/5Q1P/PPPP1P2/R1B1KB1R b KQkq - 0 9,d5e4,543,504,-39
rn1qk1nr/pbp1p1bp/1p3pp1/6P1/4p3/5Q1P/PPPP1PN1/R1B1KB1R b KQkq - 1 10,e4f3,889,890,1
rn1qk1nr/pbp1p1bp/1p3pp1/6P1/7N/5p1P/PPPP1P2/R1B1KB1R b KQkq - 1 11,f6g5,942,970,28
rn2kbnr/pbpqp2p/1p4p1/6p1/8/3BNp1P/PPPP1P2/R1B1K2R b KQkq - 5 14,e7e6,932,932,0
rn2kbnr/pbpq3p/1p2p1p1/5Np1/8/3B1p1P/PPPP1P2/R1B1K2R b KQkq - 1 15,e6f5,1024,990,-34
rn2kbnr/pbpq3p/1p4p1/5pp1/8/3B1p1P/PPPP1P2/R1B1K1R1 b Qkq - 1 16,c7c5,1042,1036,-6
rn2kbnr/pb1q3p/1p4p1/2p2pp1/8/3B1p1P/PPPP1P2/R1B2KR1 b kq - 1 17,c5c4,1119,1010,-109
rn2kbnr/pb5p/1pq3p1/5pp1/8/3B1p1P/PPPP1P2/R1B2KR1 b kq - 2 19,b6b5,1103,974,-129
rn2kbnr/pb5p/2q3p1/1p3pp1/8/3B1p1P/PPPP1P2/R1B2KR1 w kq - 0 20,a2a4,-997,-1004,7
rn2kbnr/p6p/2q3p1/1b3pp1/P7/5p1P/1PPP1P2/R1B2KR1 w kq - 0 22,a4b5,-10000,-10000,0
rn2kbnr/p6p/6p1/1q3pp1/8/5p1P/1PPP1P2/R1B2KR1 w kq - 0 23,c2c4,-953,-10000,9047
rn2kbnr/p6p/6p1/5pp1/2q5/5p1P/1P1P1P2/R1B2KR1 w kq - 0 24,d2d3,-10000,-10000,0
rn2kb1r/p6p/6p1/3q1pp1/8/n4p1P/1P3P2/4K1R1 w kq - 0 33,b2b3,-10000,-10000,0
rnbqkbnr/pppppppp/8/8/8/8/PPPPPPPP/RNBQKBNR w KQkq - 0 1,e2e4,29,26,-3
rnbqkbnr/pppppppp/8/8/4P3/8/PPPP1PPP/RNBQKBNR b KQkq - 0 1,g7g6,-26,-64,38
rnbqk1nr/ppppppbp/6p1/8/4P3/5N2/PPPP1PPP/RNBQKB1R w KQkq - 2 3,c2c3,63,32,-31
rnbqk1nr/ppppppbp/6p1/8/4P3/2P2N2/PP1P1PPP/RNBQKB1R b KQkq - 0 3,d7d6,-31,-61,30
rnbqk1nr/ppp1ppbp/3p2p1/8/4P3/2P2N2/PP1P1PPP/RNBQKB1R w KQkq - 0 4,d2d4,49,49,0
rnbq1rk1/ppp1ppbp/3p1np1/8/3PP3/2PB1N2/PP3PPP/RNBQ1RK1 b - - 4 6,c7c5,-41,-78,37
rnbq1rk1/pp2ppbp/3p1np1/2p5/3PP3/2PB1N2/PP3PPP/RNBQ1RK1 w - - 0 7,d4d5,82,5,-77
rnbqr1k1/pp2ppbp/3p1np1/2pP4/4P3/2PB1N2/PP3PPP/RNBQ1RK1 w - - 1 8,c3c4,38,25,-13
rnbqr1k1/pp2ppbp/3p1np1/2pP4/2P1P3/3B1N2/PP3PPP/RNBQ1RK1 b - - 0 8,b7b6,-28,-98,70
rnbqr1k1/p3ppbp/1p1p1np1/2pP4/2P1P3/3B1N2/PP3PPP/RNBQ1RK1 w - - 0 9,b2b3,99,-290,-389
rnbqr1k1/p3ppbp/1p1p1np1/2pP4/2P1P3/1P1B1N2/P4PPP/RNBQ1RK1 b - - 0 9,e7e6,229,19,-210
rnbqr1k1/p4pbp/1p1ppnp1/2pP4/2P1P3/1P1B1N2/PB3PPP/RN1Q1RK1 b - - 1 10,e6d5,21,-8,-29
rnbqr1k1/p4pbp/1p1p1np1/2pp4/2P1P3/1P1B1N2/PB3PPP/RN1Q1RK1 w - - 0 11,c4d5,5,-93,-98
r2qr1k1/p2n1pbp/1p1p1np1/2pP4/4P1b1/1P1B1N2/PBQN1PPP/R4RK1 b - - 4 13,a7a6,-47,-49,2
r2qr1k1/3n1pbp/pp1p1np1/2pP4/4P1b1/1P1B1N2/PBQN1PPP/4RRK1 b - - 1 14,b6b5,-15,-16,1
r2qr1k1/3n1pbp/p2p1np1/1ppP4/4P1b1/1P1B1N2/PBQN1PPP/4RRK1 w - - 0 15,h2h3,26,24,-2
2rqr1k1/3n1p1p/p2p1bp1/1ppP4/4P3/1P1B1N1P/P1Q1RPP1/5RK1 b - - 1 18,c5c4,94,58,-36
2rqr1k1/3n1p1p/p2p1bp1/1p1P4/2p1P3/1P1B1N1P/P1Q1RPP1/5RK1 w - - 0 19,b3c4,-60,-81,21
2rqr1k1/3n1p1p/p2p1bp1/1p1P4/2P1P3/3B1N1P/P1Q1RPP1/5RK1 b - - 0 19,b5c4,78,19,-59
2r5/4rpkp/pq1p2p1/3P4/4P3/3Q3P/P3RPP1/5R1K w - - 2 28,f2f4,153,115,-38
2r5/4rpkp/pq1p2p1/3P4/4PP2/3Q3P/P3R1P1/5R1K b - - 0 28,f7f6,-95,-89,-6
2r5/4r1kp/pq1p1pp1/3P4/4PP2/3Q3P/P3R1P1/5R1K w - - 0 29,f4f5,89,53,-36
4r3/4r1kp/pq1p1pp1/3P1P2/4P3/3Q3P/P3R1P1/5R1K w - - 1 30,f5g6,119,109,-10
4r3/4r1kp/pq1p1pP1/3P4/4P3/3Q3P/P3R1P1/5R1K b - - 0 30,h7g6,-107,-115,8
4r3/5rk1/p2p1pp1/3P4/1q2P3/4RQ1P/P5P1/4R2K b - - 5 33,f6f5,-29,-27,-2
4r3/5rk1/p2p2p1/3P1p2/1q2P3/4RQ1P/P5P1/4R2K w - - 0 34,e4f5,37,42,5
rnbqkbnr/pppppppp/8/8/8/8/PPPPPPPP/RNBQKBNR w KQkq - 0 1,e2e3,33,10,-23
rnbqkbnr/pppppppp/8/8/8/4P3/PPPP1PPP/RNBQKBNR b KQkq - 0 1,c7c5,-9,-14,5
rnbqkbnr/pp1ppppp/8/2p5/8/4P3/PPPP1PPP/RNBQKBNR w KQkq - 0 2,g2g3,14,-26,-40
rnbqkbnr/pp1ppppp/8/2p5/8/4P1P1/PPPP1P1P/RNBQKBNR b KQkq - 0 2,d7d6,33,-17,-50
rnbqkbnr/pp2pppp/3p4/2p5/8/4P1P1/PPPP1PBP/RNBQK1NR b KQkq - 1 3,e7e6,-15,-43,28
r1bq1rk1/pp3ppp/3pp3/2p1n1bQ/4B3/4P1P1/PPPP1P1P/R1B1K2R b KQ - 1 11,g7g6,609,613,4
r1bq1rk1/pp3p1p/3pp1p1/2p1n1b1/4B3/4P1PQ/PPPP1P1P/R1B1K2R b KQ - 1 12,d6d5,696,645,-51
r1bq1rk1/pp3p1p/4p1p1/1Bppn1b1/8/4P1PQ/PPPPKP1P/R1B4R b - - 5 15,a7a6,702,718,16
r1bq1rk1/1p3p1p/p3p1p1/2ppn1b1/B7/4P1PQ/PPPPKP1P/R1B4R b - - 1 16,b7b5,713,709,-4
r1bq1rk1/5p1p/p3p1p1/1pppn1b1/8/1B2P1PQ/PPPPKP1P/R1B4R b - - 1 17,c5c4,707,672,-35
r1bq1rk1/5p1p/p3p1p1/1p1pn1b1/2p5/1B2P1PQ/PPPPKP1P/R1B4R w - - 0 18,f2f4,-664,-654,-10
r1bq1rk1/5p1p/p3p1p1/1p1pn1b1/2p2P2/1B2P1PQ/PPPPK2P/R1B4R b - - 0 18,c4b3,643,606,-37
r1bq1rk1/5p1p/p3p1p1/1p1pn1b1/5P2/1p2P1PQ/PPPPK2P/R1B4R w - - 0 19,f4e5,-647,-626,-21
r1bq1rk1/5p1p/p3p1p1/1p1pP1b1/8/1p2P1PQ/PPPPK2P/R1B4R b - - 0 19,b3c2,609,577,-32
r1bq1rk1/5p1p/p3p1p1/1p1pP1b1/8/4P1P1/PPpPK2P/R1B2Q1R b - - 1 20,a6a5,599,501,-98
r1bq1rk1/5p1p/4p1p1/pp1pP1b1/8/4P1P1/PPpPK2P/R1B2Q1R w - - 0 21,h2h4,-564,-570,6
r2q1rk1/5p1p/b3p1p1/pp1pP1b1/7P/4P1P1/PPpPK3/R1B2Q1R w - - 1 22,h4g5,-350,-344,-6
r2q1rk1/5p1p/b3p1p1/pp1pP1P1/8/4P1P1/PPpPK3/R1B2Q1R b - - 0 22,b5b4,341,321,-20
r2q1rk1/5p1p/b3p1p1/p2pP1P1/1p6/4P1P1/PPpPK3/R1B2Q1R w - - 0 23,d2d3,-315,-314,-1
r2q1rk1/5p1p/b3p1p1/p2pP1P1/1p6/3PP1P1/PPp1K3/R1B2Q1R b - - 0 23,d5d4,298,133,-165
r2q1rk1/5p1p/b3p1p1/p3P1P1/1p1p4/3PP1P1/PPp1K3/R1B2Q1R w - - 0 24,b2b3,-155,-421,266
r2q1rk1/5p1p/b3p1p1/p3P1P1/1p1p4/1P1PP1P1/P1p1K3/R1B2Q1R b - - 0 24,d4e3,476,479,3
rnbqkbnr/pppppppp/8/8/8/8/PPPPPPPP/RNBQKBNR w KQkq - 0 1,b2b3,32,-29,-61
rnbqkbnr/pppppppp/8/8/8/1P6/PBPPPPPP/RN1QKBNR w KQkq - 3 3,a2a3,93,38,-55
r1bqkbnr/pppppppp/2n5/8/8/PP6/1BPPPPPP/RN1QKBNR w KQkq - 1 4,b3b4,94,45,-49
rnbqkbnr/pppppppp/8/8/1P6/P7/1BPPPPPP/RN1QKBNR w KQkq - 1 5,g2g3,92,58,-34
rnbqkbnr/pppppppp/8/8/1P6/P5P1/1BPPPPBP/RN1QK1NR w KQkq - 3 7,b4b5,176,78,-98
rnbqkb1r/pppppppp/5n2/1P6/8/P5P1/1BPPPPBP/RN1QK1NR w KQkq - 1 8,a3a4,81,75,-6
rnbqkbnr/pppppppp/8/1P6/P7/6P1/1BPPPPBP/RN1QK1NR w KQkq - 1 9,h2h4,182,126,-56
rnbqkb1r/pppppppp/5n2/1P6/P6P/6P1/1BPPPPB1/RN1QK1NR w KQkq - 1 10,h4h5,139,108,-31
rnbqkbnr/pppppppp/8/1P5P/P7/6P1/1BPPPPB1/RN1QK1NR w KQkq - 1 11,h5h6,238,225,-13
rnbqkb1r/pppppppp/7n/1P6/P7/6P1/1BPPPPB1/RN1QK1NR w KQkq - 0 12,d2d3,414,65,-349
rnbqkbnr/pppppppp/8/1P6/P7/3P2P1/1BP1PPB1/RN1QK1NR w KQkq - 1 13,g3g4,86,76,-10
rnbqkb1r/pppppppp/7n/1P6/P5P1/3P4/1BP1PPB1/RN1QK1NR w KQkq - 1 14,f2f4,303,-45,-348
rnbqkbnr/pppppppp/8/1P6/P4PP1/3P4/1BP1P1B1/RN1QK1NR w KQkq - 1 15,g4g5,145,137,-8
rnbqkbnr/pppppppp/8/1P4P1/P4P2/3P4/1BP1P1B1/RN1QK1NR b KQkq - 0 15,e7e6,-138,-147,9
rnbqk3/ppppnp1p/4p3/1P4P1/P4PB1/3P4/2P1P3/RN1QK1NR w KQq - 0 22,g5g6,646,528,-118
rnbqk1n1/pppp1p1p/4p1P1/1P6/P4PB1/3P4/2P1P3/RN1QK1NR w KQq - 1 23,g6h7,813,878,65
rnbqk3/ppppnp1P/4p3/1P6/P4PB1/3P4/2P1P3/RN1QK1NR w KQq - 1 24,h7h8q,1278,1290,12
rnb3q1/ppppkp2/4p3/1P6/P4PB1/Q2P4/2P1P3/RN2K1NR b KQ - 1 27,d7d6,-766,-787,21
rnb5/ppp1kpq1/3pp3/1P6/P4P2/Q1NP1B2/2PKP3/R5NR b - - 5 30,e6e5,-820,-869,49
rnb5/ppp1kpq1/3p4/1P2p3/P4P2/Q1NP1B2/2PKP3/R5NR w - - 0 31,f4e5,904,794,-110
B1N5/8/4k3/1P6/P7/3P4/2PKP3/R5N1 w - - 2 50,b5b6,1271,1414,143
B1k5/8/1P6/8/P7/3P4/2PKP3/1R4N1 w - - 0 52,b6b7,10000,10000,0
Bk6/1P6/8/8/P7/3P4/2PKP3/1R4N1 w - - 1 53,d3d4,10000,10000,0
B7/kP6/8/8/P2P4/8/2PKP3/1R4N1 w - - 1 54,c2c4,10000,10000,0
Bk6/1P6/8/8/P1PP4/8/3KP3/1R4N1 w - - 1 55,c4c5,10000,10000,0
B7/1Pk5/8/2P5/P2P4/8/3KP3/1R4N1 w - - 1 56,b7b8q,10000,10000,0
8/3k4/1Q6/2P5/P2P4/8/3KP1B1/1R4N1 w - - 5 59,a4a5,10000,10000,0
2k5/8/1Q6/P1P5/3P4/8/3KP1B1/1R4N1 w - - 1 60,a5a6,10000,10000,0
8/3k4/PQ6/2P5/3P4/8/3KP1B1/1R4N1 w - - 1 61,a6a7,10000,10000,0
2k5/P7/1Q6/2P5/3P4/8/3KP1B1/1R4N1 w - - 1 62,a7a8q,10000,10000,0
8/1Q6/Q7/2P2k2/3P4/8/3KP1B1/1R4N1 w - - 5 65,c5c6,10000,10000,0
8/1Q6/Q1P5/8/3P1k2/8/3KP1B1/1R4N1 w - - 1 66,c6c7,10000,10000,0
8/1QP5/Q7/5k2/3P4/8/3KP1B1/1R4N1 w - - 1 67,c7c8q,10000,10000,0
rnbqkbnr/pppppppp/8/8/8/8/PPPPPPPP/RNBQKBNR w KQkq - 0 1,e2e4,18,24,6
rnbqkbnr/pppppppp/8/8/4P3/8/PPPP1PPP/RNBQKBNR b KQkq - 0 1,c7c5,-20,-19,-1
rnbqkbnr/pp1ppppp/8/2p5/4P3/5N2/PPPP1PPP/RNBQKB1R b KQkq - 1 2,d7d6,-21,-37,16
rnbqkbnr/pp2pppp/3p4/2p5/2B1P3/5N2/PPPP1PPP/RNBQK2R b KQkq - 1 3,e7e6,-4,-18,14
rnbqkbnr/pp3ppp/3pp3/2p5/2B1P3/5N2/PPPP1PPP/RNBQK2R w KQkq - 0 4,d2d3,18,8,-10
rnbqkbnr/pp3ppp/3pp3/2p5/2B1P3/3P1N2/PPP2PPP/RNBQK2R b KQkq - 0 4,a7a6,-3,-14,11
rnbqkbnr/1p3ppp/p2pp3/2p5/2B1P3/3P1N2/PPP2PPP/RNBQK2R w KQkq - 0 5,a2a3,16,-31,-47
rnbqkb1r/1p3ppp/p2ppn2/2p3N1/2B1P3/P2P4/1PP2PPP/RNBQK2R b KQkq - 2 6,h7h6,120,103,-17
rnbqk2r/1p2bpp1/p2ppn1p/2p5/2B1P3/P2P1N2/1PP2PPP/RNBQK2R w KQkq - 2 8,h2h3,-55,-59,4
rnbq1rk1/1p2bpp1/p2ppn1p/2p5/2B1P3/P2P1N1P/1PP2PP1/RNBQ1RK1 b - - 2 9,b7b5,56,24,-32
r4rk1/2qbbpp1/p1nppn1p/1pp5/4P3/P2P1N1P/BPP1NPP1/R1BQ1RK1 w - - 6 13,c2c3,-25,-48,23
1r3rk1/2qbbpp1/p1nppn1p/1pp5/4P3/P1PP1N1P/BP2NPP1/R1BQR1K1 b - - 2 14,a6a5,32,-9,-41
1r3rk1/2qbbpp1/2nppn1p/ppp5/4P3/P1PP1NNP/BP3PP1/R1BQR1K1 b - - 1 15,b5b4,-4,-33,29
1r3rk1/2qbbpp1/2nppn1p/p1p5/1p2P3/P1PP1NNP/BP3PP1/R1BQR1K1 w - - 0 16,a3b4,45,-6,-51
1r3rk1/2qbbpp1/2nppn1p/p1p5/1P2P3/2PP1NNP/BP3PP1/R1BQR1K1 b - - 0 16,a5b4,12,2,-10
1r3rk1/2qbbpp1/2nppn1p/2p5/1pB1P3/2PP1NNP/1P3PP1/R1BQR1K1 b - - 1 17,d6d5,67,59,-8
1r3rk1/2qbbpp1/2n1pn1p/2pp4/1pB1P3/2PP1NNP/1P3PP1/R1BQR1K1 w - - 0 18,e4d5,-56,-52,-4
1r3rk1/2qbbpp1/2n1pn1p/2pP4/1pB5/2PP1NNP/1P3PP1/R1BQR1K1 b - - 0 18,e6d5,53,53,0
1r3rk1/2q1bpp1/2n1bn1p/2pp4/1p6/2PP1NNP/1PB2PP1/R1BQR1K1 b - - 3 20,b4c3,84,38,-46
1r3rk1/2q1bpp1/2n1bn1p/2pp4/8/2pP1NNP/1PB2PP1/R1BQR1K1 w - - 0 21,b2c3,-23,-25,2
1r3rk1/2q1bpp1/2n1bn1p/2pp4/8/2PP1NNP/2B2PP1/R1BQR1K1 b - - 0 21,d5d4,31,7,-24
1r3rk1/2q1bpp1/2n1bn1p/2p5/3p4/2PP1NNP/2B2PP1/R1BQR1K1 w - - 0 22,c3c4,-13,-152,139
rnbqkbnr/pppppppp/8/8/8/8/PPPPPPPP/RNBQKBNR w KQkq - 0 1,e2e4,22,22,0
rnbqkbnr/pppppppp/8/8/4P3/8/PPPP1PPP/RNBQKBNR b KQkq - 0 1,e7e6,-25,-51,26
rnbqkbnr/pppp1ppp/4p3/8/4P3/8/PPPP1PPP/RNBQKBNR w KQkq - 0 2,d2d4,38,35,-3
rnbqkbnr/pppp1ppp/4p3/8/3PP3/8/PPP2PPP/RNBQKBNR b KQkq - 0 2,d7d5,-32,-34,2
rnbqkbnr/ppp2ppp/4p3/3p4/3PP3/8/PPP2PPP/RNBQKBNR w KQkq - 0 3,e4e5,29,26,-3
rnbqkbnr/ppp2ppp/4p3/3pP3/3P4/8/PPP2PPP/RNBQKBNR b KQkq - 0 3,c7c5,-22,-19,-3
rnbqkbnr/pp3ppp/4p3/2ppP3/3P4/8/PPP2PPP/RNBQKBNR w KQkq - 0 4,c2c3,18,19,1
r3kb1r/pp1b1ppp/1qn1p3/2ppP1B1/3P4/2P2N2/PP1Q1PPP/RN2K2R b KQkq - 3 9,c5d4,176,172,-4
r3k2r/pp1b1ppp/1q2p3/2bpn1B1/3N4/2P5/PP1Q1PPP/RN3RK1 w kq - 2 12,b2b4,-277,-287,10
r3k2r/pp1b1ppp/4p3/3pn1B1/1P1q4/2P5/P4PPP/RN3RK1 w kq - 0 14,c3d4,-308,-331,23
r3k2r/pp1b1ppp/4p3/3p2B1/1PnP4/8/P4PPP/RN3RK1 w kq - 1 15,a2a4,-282,-274,-8
r4rk1/pp1b1ppp/4p3/3p2B1/PPnP4/2N5/5PPP/R4RK1 b - - 2 16,f7f6,270,254,-16
r4rk1/pp1b2pp/4pp2/3p4/PPnP3B/2N5/5PPP/R4RK1 b - - 1 17,g7g5,345,250,-95
2r2rk1/pp1b3p/4pp2/3p2p1/PPnP4/2N3B1/5PPP/R4RK1 w - - 2 19,b4b5,-233,-417,184
5rk1/pp1b3p/4pp2/1P1p1np1/P1r5/6B1/3RNPPP/5RK1 w - - 4 24,f2f4,-420,-429,9
5rk1/pp1b3p/4pp2/1P1p1np1/r4P2/6B1/3RN1PP/5RK1 w - - 0 25,f4g5,-425,-416,-9
5rk1/pp5p/4pp2/1b1p1nP1/r7/6B1/3RN1PP/5RK1 w - - 0 26,g5f6,-371,-397,26
rnbqkbnr/pppppppp/8/8/8/8/PPPPPPPP/RNBQKBNR w KQkq - 0 1,d2d4,19,18,-1
rnbqkbnr/pppppppp/8/8/3P4/8/PPP1PPPP/RNBQKBNR b KQkq - 0 1,d7d5,-16,-19,3
rnbqkbnr/ppp1pppp/8/3p4/3P4/8/PPP1PPPP/RNBQKBNR w KQkq - 0 2,c2c4,21,21,0
rnbqkbnr/ppp1pppp/8/3p4/2PP4/8/PP2PPPP/RNBQKBNR b KQkq - 0 2,e7e6,-23,-22,-1
rnbqkbnr/ppp2ppp/4p3/3p4/2PP4/2N5/PP2PPPP/R1BQKBNR b KQkq - 1 3,d5c4,-21,-45,24
rnbqkbnr/ppp2ppp/4p3/8/2pP4/2N2N2/PP2PPPP/R1BQKB1R b KQkq - 1 4,b7b6,8,-68,-76
rn1k1bnr/pbp2ppp/1p2p3/8/2pP4/2N2N2/PP2PPPP/R2QKB1R w KQ - 0 7,e2e4,709,680,-29
rn2k1nr/pbp1bppp/1p2p3/8/2BPP3/2N2N2/PP3PPP/R2QK2R w KQ - 1 9,d4d5,793,771,-22
rn2k2r/pbp1bppp/1p2pn2/3P4/2B1P3/2N2N2/PP3PPP/R2QK2R w KQ - 1 10,d5e6,765,749,-16
rn2k2r/pbp1bppp/1p2Pn2/8/2B1P3/2N2N2/PP3PPP/R2QK2R b KQ - 0 10,f7e6,-745,-748,3
rn2k2r/pbp1b1pp/1p2pn2/8/2B1P3/2N2N2/PP3PPP/R2QK2R w KQ - 0 11,e4e5,766,712,-54
N1k4r/p2nb1pp/1p6/2n1P3/8/5N2/PP3PPP/R2QK2R w KQ - 1 17,e5e6,917,788,-129
7r/p1NR2pp/1p3bk1/6n1/6Q1/5N2/PP3PPP/4K2R w K - 3 26,h2h4,1224,10000,8776
4r3/p1NR2pp/1p3bk1/6n1/6QP/5N2/PP3PP1/3K3R b - - 2 27,h7h6,-1071,-1521,450
4r3/p1NR2p1/1p3bkp/6n1/6QP/5N2/PP3PP1/3K3R w - - 0 28,h4g5,10000,10000,0
rnbqkbnr/pppppppp/8/8/8/8/PPPPPPPP/RNBQKBNR w KQkq - 0 1,e2e4,21,30,9
rnbqkb1r/pppppppp/5n2/8/4P3/8/PPPP1PPP/RNBQKBNR w KQkq - 1 2,e4e5,71,63,-8
rnbqkb1r/pppppppp/8/3nP3/8/8/PPPP1PPP/RNBQKBNR w KQkq - 1 3,d2d4,69,72,3
rnbqkb1r/pppppppp/8/3nP3/3P4/8/PPP2PPP/RNBQKBNR b KQkq - 0 3,d7d6,-71,-70,-1
rnbqkb1r/ppp1pppp/3p4/3nP3/3P4/8/PPP2PPP/RNBQKBNR w KQkq - 0 4,e5d6,65,39,-26
rnbqkb1r/ppp1pppp/3P4/3n4/3P4/8/PPP2PPP/RNBQKBNR b KQkq - 0 4,e7d6,-39,-45,6
rnbqkb1r/ppp2ppp/3p4/3n4/3P4/8/PPP2PPP/RNBQKBNR w KQkq - 0 5,c2c4,47,38,-9
rnbq1rk1/ppp1bppp/1n1p4/8/2PP4/2N2N2/PP3PPP/R1BQKB1R w KQ - 5 8,g2g3,56,-62,-118
r2q1rk1/ppp1bppp/2np4/8/2nP2b1/2N2NP1/PP3PBP/R1BQ1RK1 w - - 2 11,b2b3,-35,-57,22
r2q1rk1/ppp2ppp/1nnp1b2/8/3P2b1/1PN2NP1/PB3PBP/R2Q1RK1 w - - 3 13,d4d5,-121,-158,37
5rk1/p1b2ppp/B2p4/8/4Q3/1P4Pb/P4P1P/6K1 b - - 1 25,f7f5,-238,-563,325
4r2k/p1b3pp/3p4/3Q1p2/2B5/1P4Pb/P4P1P/6K1 w - - 4 28,f2f4,430,-10000,-10430
rnbqkbnr/pppppppp/8/8/8/8/PPPPPPPP/RNBQKBNR w KQkq - 0 1,e2e4,30,26,-4
rnbqkbnr/pppppppp/8/8/4P3/8/PPPP1PPP/RNBQKBNR b KQkq - 0 1,e7e5,-24,-29,5
rnbqkbnr/pppp1ppp/8/4p3/4P3/8/PPPP1PPP/RNBQKBNR w KQkq - 0 2,g2g3,19,-68,-87
r1bqk2r/pppp1ppp/2n2n2/2b1p3/4P3/2N3P1/PPPP1PBP/R1BQK1NR w KQkq - 5 5,d2d3,-7,-8,1
r1bqk2r/pppp1ppp/2n2n2/2b1p3/4P3/2NP2P1/PPP2PBP/R1BQK1NR b KQkq - 0 5,h7h6,2,-6,-8
r1bqk2r/pppp1pp1/2n2n1p/2b1p3/4P3/2NP2P1/PPP2PBP/R1BQK1NR w KQkq - 0 6,h2h3,2,1,-1
r1bqk2r/pppp1pp1/2n2n1p/2b1p3/4P3/2NP2PP/PPP2PB1/R1BQK1NR b KQkq - 0 6,d7d6,-2,-11,9
r1bqk2r/ppp2pp1/3p1n1p/2b1p3/3nP3/2NPBNPP/PPP2PB1/R2QK2R b KQkq - 3 8,c7c6,-5,-49,44
r2qk2r/pp3pp1/2ppbn1p/2b1p3/3nP3/2NPBNPP/PPP2PB1/R2Q1RK1 w kq - 2 10,a2a3,60,-39,-99
r2qk2r/pp3pp1/2ppbn1p/2b1p3/3nP3/P1NPBNPP/1PP2PB1/R2Q1RK1 b kq - 0 10,g7g5,42,-84,-126
r2qk2r/pp3p1n/2ppb2p/2b1p1p1/3nP3/P2PB1PP/1PP1NPBN/R2Q1RK1 b kq - 3 12,g5g4,-23,-99,76
r2qk2r/pp3p1n/2ppb2p/2b1p3/3nP1N1/P2PB1PP/1PP1NPB1/R2Q1RK1 b kq - 0 13,h6h5,-122,-187,65
r3k2r/pp3p1n/2ppbq2/2b1pn1p/4P3/P2PB1PP/1PP1NPB1/R2Q1RK1 w kq - 0 16,e4f5,104,105,1
r3k2r/pp3p1n/2pp1q2/2B1pb1p/8/P2P2PP/1PP1NPB1/R2Q1RK1 b kq - 0 17,d6c5,-93,-101,8
r3k2r/pp3p1n/2p2q2/2p1pb1p/8/P2P2PP/1PP1NPB1/R2Q1RK1 w kq - 0 18,f2f4,95,80,-15
2kr3r/pp3p1n/2p2q2/2p1pb1p/5P2/P2P2PP/1PPQN1B1/R4RK1 b - - 2 19,e5e4,121,119,-2
2kr3r/pp3p1n/2p5/2p2b1p/4pP2/P1qP2PP/1PP1N1B1/R4RK1 w - - 0 21,b2c3,-176,-257,81
2kr3r/pp3p1n/2p5/2p2b1p/4pP2/P1PP2PP/2P1N1B1/R4RK1 b - - 0 21,e4d3,280,254,-26
2kr3r/pp3p1n/2p5/2p2b1p/5P2/P1Pp2PP/2P1N1B1/R4RK1 w - - 0 22,c2d3,-294,-295,1
2kr2r1/pp3p2/2p2n2/2p4p/5P2/P1Pb1BPP/4N2K/3R1R2 b - - 5 25,c5c4,287,258,-29
8/ppk2B2/2p5/8/2prnP2/P2b2PP/7K/2R5 b - - 9 35,b7b5,573,578,5
8/p1k2B2/2p5/1p6/2prnP2/P2b2PP/7K/2R5 w - - 0 36,h3h4,-556,-584,28
8/p1k2B2/2p5/1p6/2pr1P1P/P2b2P1/5n1K/2R5 w - - 1 37,h4h5,-509,-519,10
8/p1k2B2/2p5/1p3b1P/2pr1P2/P5P1/5n1K/2R5 w - - 1 38,h5h6,-395,-656,261
8/p1k5/2p3B1/1p6/2p2Pn1/P1R3Pb/r7/4K3 w - - 10 45,f4f5,-592,-662,70
8/p1k4B/2p5/1p2nP2/2p5/P1R3Pb/3K4/r7 b - - 4 47,a7a5,643,577,-66
8/7B/2pk4/pp2nP2/2p5/P3R1Pb/3K4/r7 w - - 2 49,a3a4,-596,-631,35
8/7B/2pk4/pp2nP2/P1p5/4R1Pb/3K4/r7 b - - 0 49,b5b4,691,689,-2
8/8/2pk2B1/p4P2/Ppp3b1/3R2P1/r7/2K5 b - - 0 53,c4d3,814,841,27
8/8/2pk2B1/p4P2/Pp4b1/3p2P1/r7/2K5 w - - 0 54,f5f6,-851,-10000,9149
8/8/2pk1PB1/p7/Pp4b1/3p2P1/r7/2K5 b - - 0 54,d3d2,10000,10000,0
8/8/2pk1PB1/p7/Pp4b1/6P1/r2p4/1K6 b - - 1 55,d2d1q,10000,10000,0
8/8/2pkbPB1/p7/Pp6/6P1/1K6/3q4 b - - 2 57,b4b3,1084,1554,470
8/8/2pkbPB1/p7/P7/1p4P1/1K6/3q4 w - - 0 58,f6f7,-10000,-10000,0
rnbqkbnr/pppppppp/8/8/8/5N2/PPPPPPPP/RNBQKB1R b KQkq - 1 1,e7e6,-13,-24,11
rnbqkbnr/pppp1ppp/4p3/8/8/5N2/PPPPPPPP/RNBQKB1R w KQkq - 0 2,d2d4,24,22,-2
rnbqkbnr/pppp1ppp/4p3/8/3P4/5N2/PPP1PPPP/RNBQKB1R b KQkq - 0 2,c7c6,-15,-89,74
rnbqkbnr/pp1p1ppp/2p1p3/8/3P4/5N2/PPP1PPPP/RNBQKB1R w KQkq - 0 3,c2c4,94,31,-63
rnbqkbnr/pp1p1ppp/2p1p3/8/2PP4/5N2/PP2PPPP/RNBQKB1R b KQkq - 0 3,g7g6,-29,-139,110
rnb1k2r/pp1pqpbp/2p1p1p1/8/2PP4/2N2N2/PP2PPPP/R2QKB1R w KQkq - 0 7,e2e4,-39,-41,2
rnb2rk1/pp1pqpbp/2p1p1p1/8/2PPP3/2NB1N2/PP3PPP/R2QK2R b KQ - 2 8,f7f5,48,-15,-63
rnb2rk1/pp1pq1bp/2p1p1p1/5p2/2PPP3/2NB1N2/PPQ2PPP/R3K2R b KQ - 1 9,f5e4,55,41,-14
rnb2rk1/pp1pq1bp/2p1p1p1/8/2PPB3/2N2N2/PPQ2PPP/R3K2R b KQ - 0 10,d7d5,43,41,-2
rnb2rk1/pp2q1bp/2p1p1p1/3p4/2PPB3/2N2N2/PPQ2PPP/R3K2R w KQ - 0 11,c4d5,-57,-382,325
rnb2rk1/pp2q1bp/2p1p1p1/3P4/3PB3/2N2N2/PPQ2PPP/R3K2R b KQ - 0 11,e6d5,375,371,-4
rnb2rk1/pp2q1bp/2p3p1/3p4/3PB3/2N2N2/PPQ2PPP/R4RK1 b - - 1 12,d5e4,408,398,-10
rnb2rk1/pp2q2p/2p3p1/4b3/3Pp3/2N5/PPQ2PPP/R4RK1 w - - 0 14,d4e5,-408,-416,8
rnbqkbnr/pppppppp/8/8/8/8/PPPPPPPP/RNBQKBNR w KQkq - 0 1,e2e4,31,23,-8
rnbqkbnr/pppppppp/8/8/4P3/8/PPPP1PPP/RNBQKBNR b KQkq - 0 1,e7e5,-22,-19,-3
r1bqkbnr/pppp1ppp/2n5/4p3/2B1P3/5N2/PPPP1PPP/RNBQK2R b KQkq - 3 3,h7h6,-15,-86,71
r1bqk2r/ppppbpp1/2n2n1p/4p3/2B1P3/5N2/PPPP1PPP/RNBQR1K1 w kq - 4 6,c2c3,72,-33,-105
r1bq1rk1/ppppbpp1/2n2n1p/4p3/2B1P3/2P2N2/PP1P1PPP/RNBQR1K1 w - - 1 7,d2d4,66,52,-14
r1bq1rk1/ppppbpp1/2n2n1p/4p3/2BPP3/2P2N2/PP3PPP/RNBQR1K1 b - - 0 7,e5d4,-59,-61,2
r1bq1rk1/ppppbpp1/2n2n1p/8/2BpP3/2P2N2/PP3PPP/RNBQR1K1 w - - 0 8,c3d4,63,73,10
r1bq1rk1/ppppbpp1/2n2n1p/8/2BPP3/5N2/PP3PPP/RNBQR1K1 b - - 0 8,d7d6,-57,-102,45
r1bq1rk1/ppp1bpp1/2np1n1p/8/2BPP3/5N2/PP3PPP/RNBQR1K1 w - - 0 9,a2a3,114,111,-3
r2q1rk1/ppp1bpp1/2np1n1p/8/2BPP1b1/P3RN2/1P3PPP/RNBQ2K1 b - - 2 10,a7a6,42,-69,-111
r2q1rk1/1pp1bpp1/p1np1n1p/8/2BPP1b1/P1N1RN2/1P3PPP/R1BQ2K1 b - - 1 11,b7b5,-68,-124,56
r2q1rk1/2p1bpp1/p2p1n1p/np6/3PP1b1/P1N1RN2/1P2BPPP/R1BQ2K1 w - - 2 13,b2b3,86,15,-71
r2q1rk1/2p1bpp1/p2p1n1p/np6/3PP1b1/PPN1RN2/4BPPP/R1BQ2K1 b - - 0 13,c7c5,-2,7,9
r2q1rk1/4bpp1/p2p1n1p/npp5/3PP1b1/PPN1RN2/4BPPP/R1BQ2K1 w - - 0 14,d4c5,-8,16,24
r2q1rk1/4bpp1/p2p1n1p/npP5/4P1b1/PPN1RN2/4BPPP/R1BQ2K1 b - - 0 14,d6c5,-22,-35,13
r2r2k1/4bpp1/p4n1p/npp5/4P1b1/PPN1RN2/4BPPP/R1B3K1 w - - 0 16,e4e5,-189,-176,-13
r2r2k1/3nbpp1/p6p/npp1P3/6b1/PPN1RN2/4BPPP/R1B3K1 w - - 1 17,h2h3,-84,-324,240
r2r2k1/3nbpp1/p6p/npp1P2b/8/PPN1RN1P/4BPP1/R1B3K1 w - - 1 18,e5e6,161,-196,-357
r2r2k1/4bpp1/p3Pn1p/npp4b/8/PPN1RN1P/4BPP1/R1B3K1 w - - 1 19,e6f7,-66,-83,17
r3r3/4Nkp1/p6p/1pp4n/8/P1N1R2P/5PP1/4R1K1 b - - 2 26,b5b4,-368,-417,49
r3r3/4Nkp1/p6p/2p4n/1p6/P1N1R2P/5PP1/4R1K1 w - - 0 27,a3b4,425,390,-35
r3r3/4Nkp1/p6p/2p4n/1P6/2N1R2P/5PP1/4R1K1 b - - 0 27,c5b4,-419,-434,15
r3r3/4Nkp1/p4N1p/8/1p6/4R2P/5PP1/4R1K1 b - - 0 29,g7f6,-224,-233,9
r7/5k2/p1N2p1p/8/1p6/4R2P/5PP1/6K1 b - - 0 31,a6a5,-193,-217,24
r7/5k2/2N2p1p/p7/1p6/4R2P/5PP1/6K1 w - - 0 32,f2f4,222,4,-218
8/3NR3/r4pkp/p7/1p3P2/7P/6P1/6K1 w - - 7 36,g2g4,434,485,51
8/3NR3/r4pkp/p7/1p3PP1/7P/8/6K1 b - - 0 36,b4b3,-517,-10000,9483
rnbqkbnr/pppppppp/8/8/8/8/PPPPPPPP/RNBQKBNR w KQkq - 0 1,e2e4,26,22,-4
rnbqkbnr/pppppppp/8/8/4P3/8/PPPP1PPP/RNBQKBNR b KQkq - 0 1,d7d5,-28,-58,30
rnbqkbnr/ppp1pppp/8/3p4/4P3/8/PPPP1PPP/RNBQKBNR w KQkq - 0 2,e4d5,69,70,1
rnb1kbnr/ppp1pppp/8/3q4/8/8/PPPP1PPP/RNBQKBNR w KQkq - 0 3,d2d3,67,-12,-79
rnb1kbnr/ppp1pppp/8/3q4/8/3P4/PPP2PPP/RNBQKBNR b KQkq - 0 3,e7e5,15,-2,-17
2kr2nr/ppp2ppp/2n5/2q1p3/8/2BP1B2/PPP2PPP/R2Q1RK1 w - - 3 11,a2a4,228,90,-138
2kr3r/ppp1nppp/2n5/2q1p3/P7/2BP1B2/1PP2PPP/R2Q1RK1 w - - 1 12,a4a5,143,61,-82
2kr3r/ppp1nppp/2n5/P1q1p3/8/2BP1B2/1PP2PPP/R2Q1RK1 b - - 0 12,a7a6,-71,-86,15
2kr3r/1pp1nppp/p7/P1q1p3/3n4/3P1B2/1PPB1PPP/R2Q1RK1 w - - 2 14,c2c3,-11,-124,113
7r/1Qpknppp/p7/P1q1p3/8/2P1rB2/1P3PPP/R4RK1 w - - 0 18,f2e3,760,710,-50
7r/1Qpknppp/p7/P3p3/8/2P1qB2/1P4PP/R4R1K b - - 1 19,f7f5,-779,-758,-21
7r/2p1n1pp/Q3k3/P3pp2/8/2P1qB2/1P4PP/3R1R1K b - - 0 21,c7c6,-766,-10000,9234
7r/6Rp/Q5B1/P3p3/7k/2P1q3/1P4PP/5R1K b - - 0 28,h7g6,-10000,-10000,0
rnbqkbnr/pppppppp/8/8/8/8/PPPPPPPP/RNBQKBNR w KQkq - 0 1,d2d3,27,-18,-45
rnbqkbnr/pppppppp/8/8/8/3P4/PPP1PPPP/RNBQKBNR b KQkq - 0 1,b7b6,21,-13,-34
rn1qkbnr/pbpppppp/1p6/8/5B2/3P4/PPPQPP1P/RN2KBN1 b Qkq - 3 6,e7e5,599,537,-62
rn1qkbnr/pbpp1ppp/1p6/4p3/1Q3B2/3P4/PPP1PP1P/RN2KBN1 b Qkq - 1 7,e5f4,1042,842,-200
rn1q1knr/p1pp1ppp/1p6/8/5p2/3P1b2/PPP1PP1P/RN2K3 w Q - 0 11,e2f3,-1070,-1060,-10
rn3knr/pqpp1ppp/1p6/8/5p2/3P1P2/PPPN1P1P/R4K2 b - - 4 13,c7c6,1008,926,-82
rn3knr/pq1p1ppp/1pp5/8/4Np2/3P1P2/PPP2P1P/R4K2 b - - 1 14,b6b5,985,920,-65
rn3knr/pq1p1ppp/2p5/1p6/4Np2/3P1P2/PPP2P1P/R4K2 w - - 0 15,a2a4,-911,-924,13
rn3knr/pq1p1ppp/2p5/1p6/P3Np2/3P1P2/1PP2P1P/R4K2 b - - 0 15,d7d5,926,909,-17
rn3knr/pq3ppp/2p5/1p1p4/P3Np2/3P1P2/1PP2P1P/R4K2 w - - 0 16,h2h3,-931,-1070,139
rn3knr/pq3ppp/2p5/1p1p4/P3Np2/3P1P1P/1PP2P2/R4K2 b - - 0 16,d5e4,1097,1117,20
rn3knr/pq3ppp/2p5/1p6/P3pp2/3P1P1P/RPP2P2/5K2 b - - 1 17,b5a4,1137,1144,7
rn3knr/pq3ppp/2p5/8/p3pp2/3P1P1P/RPP2P2/5K2 w - - 0 18,h3h4,-1145,-1173,28
rn3knr/pq3ppp/2p5/8/p3pp1P/3P1P2/RPP2P2/5K2 b - - 0 18,a4a3,1178,1140,-38
rn3knr/pq3ppp/2p5/8/4pp1P/p2P1P2/RPP1KP2/8 b - - 1 19,a7a5,1218,1181,-37
rn3knr/1q3ppp/2p5/p7/4pp1P/p2P1P2/RPP1KP2/8 w - - 0 20,d3d4,-1181,-1262,81
rn3knr/1q3ppp/2p5/p7/3Ppp1P/p4P2/RPP1KP2/8 b - - 0 20,a3b2,1257,1271,14
rn3knr/1q3ppp/2p5/p7/3Ppp1P/5P2/RpP1KP2/8 w - - 0 21,h4h5,-1298,-1340,42
rn3knr/1q3ppp/2p5/p6P/3Ppp2/5P2/RpP1KP2/8 b - - 0 21,b2b1q,10000,1354,-8646
rn3knr/1q3ppp/2p5/p6P/3Ppp2/5P2/R1P1KP2/1q6 w - - 0 22,c2c3,-1381,-10000,8619
rn3knr/5ppp/2p5/p6P/3Ppp2/2P2P2/qq3PK1/8 w - - 4 25,h5h6,-10000,-10000,0
rn3knr/5ppp/2p4P/p7/3Ppp1K/2P2q2/q7/8 b - - 1 27,g7h6,10000,10000,0
rn3knr/5p1p/2p4p/p7/3Ppp1K/2P2q2/q7/8 w - - 0 28,d4d5,-10000,-10000,0
rnbqkbnr/pppppppp/8/8/8/8/PPPPPPPP/RNBQKBNR w KQkq - 0 1,e2e4,31,26,-5
rnbqkbnr/pppppppp/8/8/4P3/8/PPPP1PPP/RNBQKBNR b KQkq - 0 1,e7e5,-25,-23,-2
rnbqk2r/pppp1ppp/5n2/2b1p3/2B1P3/2N2N2/PPPP1PPP/R1BQK2R b KQkq - 5 4,d7d6,12,15,3
rnbqk2r/ppp2ppp/3p1n2/2b1p3/2B1P3/2N2N2/PPPP1PPP/R1BQK2R w KQkq - 0 5,d2d4,-6,-3,-3
rnbqk2r/ppp2ppp/3p1n2/2b1p3/2BPP3/2N2N2/PPP2PPP/R1BQK2R b KQkq - 0 5,e5d4,7,9,2
r1b2rk1/ppp1qppp/3p4/4n3/2BQP3/2N5/PPP2PPP/3RR1K1 w - - 5 13,b2b3,98,59,-39
2r3k1/pQ3ppp/3p4/3b2q1/4P3/1P2R3/P1r2PPP/3R2K1 w - - 0 21,e4d5,33,31,-2
rnbqkbnr/pppppppp/8/8/8/8/PPPPPPPP/RNBQKBNR w KQkq - 0 1,g2g3,19,7,-12
rnbqkbnr/pppppppp/8/8/8/6P1/PPPPPP1P/RNBQKBNR b KQkq - 0 1,c7c5,-16,-14,-2
rnbqkbnr/pp1ppppp/8/2p5/8/6P1/PPPPPPBP/RNBQK1NR b KQkq - 1 2,e7e6,-6,-21,15
rnbqkbnr/pp1p1ppp/4p3/2p5/8/6P1/PPPPPPBP/RNBQK1NR w KQkq - 0 3,d2d4,24,-4,-28
rnbqkbnr/pp1p1ppp/4p3/2p5/3P4/6P1/PPP1PPBP/RNBQK1NR b KQkq - 0 3,d7d5,22,-25,-47
rnbqkbnr/pp3ppp/4p3/2pp4/3P4/6P1/PPP1PPBP/RNBQK1NR w KQkq - 0 4,d4c5,25,-5,-30
rnbqkb1r/pp3ppp/4pn2/2Pp4/8/6P1/PPP1PPBP/RNBQK1NR w KQkq - 1 5,b2b3,-12,-59,47
rnbq1rk1/pp2bppp/4pn2/3p4/8/1P4P1/PBPNPPBP/R2QK1NR w KQ - 4 8,e2e3,-9,-46,37
r1bq1rk1/pp2bppp/2n1pn2/3p4/8/1P2P1P1/PBPNNPBP/R2QK2R b KQ - 2 9,e6e5,51,28,-23
r1bq1rk1/pp2bppp/2n2n2/3pp3/8/1P2P1P1/PBPNNPBP/R2Q1RK1 b - - 1 10,e5e4,37,-65,-102
r1bq1rk1/pp2bppp/2n2n2/3p4/4p3/1P2P1P1/PBPNNPBP/R2Q1RK1 w - - 0 11,c2c4,66,81,15
r1bq1rk1/pp2bppp/2n2n2/3p4/2P1p3/1P2P1P1/PB1NNPBP/R2Q1RK1 b - - 0 11,d5c4,-87,-127,40
3r1rk1/pp2bppp/5n2/8/2NBp3/1P2PBP1/P4P1P/R4RK1 b - - 0 16,e4f3,-146,-154,8
3r1rk1/pp3ppp/8/8/1b1B4/1P2PNP1/P4P1P/R2R2K1 b - - 0 21,f7f6,-566,-575,9
3r1rk1/pp4pp/5p2/8/1b1B4/1P2P1P1/P2N1P1P/R2R2K1 b - - 1 22,b7b6,-546,-542,-4
3r2k1/p4rpp/1p3p2/8/1bNB4/1P2P1P1/P4P1P/R2R2K1 w - - 2 24,a2a3,559,543,-16
3r2k1/p3brpp/1p3p2/8/2NB4/PP2P1P1/5P1P/R2R2K1 w - - 1 25,b3b4,549,528,-21
3r1bk1/p2r2pp/1p3p2/8/1P1B4/P3PNP1/5P1P/R2R2K1 b - - 4 27,g7g6,-562,-599,37
3r2k1/p2r2bp/1p3pp1/8/1P1B3N/P3P1P1/5PKP/R2R4 b - - 3 29,f6f5,-566,-559,-7
3r2k1/p6p/1p4p1/5p2/1P1r3N/P3P1P1/5PKP/R7 w - - 0 32,e3d4,500,501,1
8/7p/1p4p1/1N1k1p2/1Pr5/P5P1/5PKP/R7 w - - 3 42,a3a4,546,444,-102
8/6kp/1p4p1/5p2/P2N4/6P1/5PKP/R7 w - - 1 54,a4a5,841,807,-34
8/6kp/1p4p1/P4p2/3N4/6P1/5PKP/R7 b - - 0 54,h7h6,-801,-887,86
8/6k1/1p4pp/P4p2/3N4/6P1/5PKP/R7 w - - 0 55,a5b6,1041,1129,88
8/6k1/1P4pp/5p2/3N4/6P1/5PKP/R7 b - - 0 55,h6h5,-10000,-10000,0
8/6k1/1P4p1/5p1p/3N4/6P1/5PKP/R7 w - - 0 56,b6b7,10000,10000,0
8/1P4k1/6p1/5p1p/3N4/6P1/5PKP/R7 b - - 0 56,h5h4,-10000,-10000,0
8/1P4k1/6p1/5p2/3N3p/6P1/5PKP/R7 w - - 0 57,b7b8q,10000,10000,0
1Q6/6k1/6p1/5p2/3N3p/6P1/5PKP/R7 b - - 0 57,h4h3,-10000,-10000,0
8/8/4N1p1/5p1k/5Q2/6Pp/5P1P/R5K1 b - - 5 60,g6g5,-10000,-10000,0
rnbqkbnr/pppppppp/8/8/8/8/PPPPPPPP/RNBQKBNR w KQkq - 0 1,b2b3,22,-22,-44
rnbqkbnr/pppppppp/8/8/8/1P6/P1PPPPPP/RNBQKBNR b KQkq - 0 1,c7c6,30,3,-27
rnbqkbnr/pp1ppppp/2p5/8/8/1P6/PBPPPPPP/RN1QKBNR b KQkq - 1 2,g7g5,4,-506,-510
rnbqk1nr/pp1pppbp/2p5/6p1/8/1P6/P1PPPPPP/RN1QKBNR w KQkq - 0 4,c2c3,-645,-686,41
rnbqk1nr/pp1ppp1p/2p2b2/6p1/8/1PP5/P2PPPPP/RN1QKBNR w KQkq - 1 5,h2h4,-605,-592,-13
rnbqkbnr/pppppppp/8/8/8/8/PPPPPPPP/RNBQKBNR w KQkq - 0 1,e2e4,27,26,-1
rnbqkbnr/pppppppp/8/8/4P3/8/PPPP1PPP/RNBQKBNR b KQkq - 0 1,c7c5,-23,-30,7
r1bqkbnr/pp1ppppp/2n5/2p5/4P3/5N2/PPPP1PPP/RNBQKB1R w KQkq - 2 3,d2d4,23,22,-1
r1bqkbnr/pp1ppppp/2n5/2p5/3PP3/5N2/PPP2PPP/RNBQKB1R b KQkq - 0 3,c5d4,-22,-26,4
r1bqkbnr/pp1ppppp/2n5/8/3NP3/8/PPP2PPP/RNBQKB1R b KQkq - 0 4,e7e5,-31,-49,18
r1bqkbnr/pp1p1ppp/2N5/4p3/4P3/8/PPP2PPP/RNBQKB1R b KQkq - 0 5,b7c6,5,3,-2
r1bqk2r/p2p1ppp/2p2n2/4p3/1bB1P3/2N5/PPPB1PPP/R2QK2R b KQkq - 5 8,d7d5,43,40,-3
r1bqk2r/p4ppp/2p2n2/3pp3/1bB1P3/2N5/PPPB1PPP/R2QK2R w KQkq - 0 9,e4d5,-39,-56,17
r1bqk2r/p4ppp/2p2n2/3Pp3/1bB5/2N5/PPPB1PPP/R2QK2R b KQkq - 0 9,c6d5,57,57,0
r1b4r/p3kppp/8/4p3/1nB5/8/PPP2PPP/2KRR3 b - - 3 14,f7f6,258,267,9
r1b4r/p3k1pp/5p2/4p3/1nB5/8/PPP2PPP/2KRR3 w - - 0 15,f2f4,-305,-307,2
3r3r/p3k1pp/b4p2/4p3/1n3P2/1B6/PPP3PP/2KRR3 w - - 3 17,f4e5,-330,-331,1
7r/p3k1pp/b4p2/4P3/1n6/1B6/PPP3PP/2KR4 b - - 0 18,f6e5,352,339,-13
7r/p5pp/b4k2/4p3/1n6/1B6/PPP3PP/2K1R3 w - - 2 20,h2h4,-345,-413,68
7r/p5pp/b4k2/4p3/1n5P/1B6/PPP3P1/2K1R3 b - - 0 20,h7h6,399,321,-78
7r/p5p1/b4k1p/4p3/1n5P/1B6/PPP3P1/2K1R3 w - - 0 21,g2g4,-345,-405,60
7r/p5p1/b4k1p/4p3/1n4PP/1B6/PPP5/2K1R3 b - - 0 21,g7g5,420,359,-61
4B3/p5k1/b6p/4pRp1/1n4PP/8/PPP5/2K5 b - - 0 25,e5e4,-349,-452,103
4B3/p5k1/b6p/5Rp1/1n2p1PP/8/PPP5/2K5 w - - 0 26,h4g5,452,452,0
4B3/p5k1/b6p/5RP1/1n2p1P1/8/PPP5/2K5 b - - 0 26,h6g5,-469,-535,66
rnbqkbnr/pppppppp/8/8/8/8/PPPPPPPP/RNBQKBNR w KQkq - 0 1,d2d3,26,-23,-49
rnbqkbnr/pppppppp/8/8/8/3P4/PPP1PPPP/RNBQKBNR b KQkq - 0 1,g7g6,23,9,-14
rnbqkbnr/pppppp1p/6p1/8/8/3P4/PPP1PPPP/RNBQKBNR w KQkq - 0 2,e2e3,-8,-21,13
rnbqk1nr/ppppppbp/6p1/8/8/3PP3/PPP1BPPP/RNBQK1NR b KQkq - 2 3,h7h6,32,-6,-38
rnbqk1nr/ppppppb1/6pp/8/8/3PPB2/PPP2PPP/RNBQK1NR b KQkq - 1 4,g6g5,47,-26,-73
rnbqk1nr/ppppppb1/7p/6p1/6B1/3PP3/PPP2PPP/RNBQK1NR b KQkq - 1 5,f7f5,65,-185,-250
rnbq1k1r/ppppp1b1/5n1p/5pp1/8/3PPB2/PPP2PPP/RNBQK1NR w KQ - 4 8,b2b3,-21,-89,68
rnbq1k1r/ppppp1b1/5n1p/5pp1/8/1P1PPB2/P1P2PPP/RNBQK1NR b KQ - 0 8,g5g4,78,69,-9
rnbq1k1r/ppppp1b1/5n1p/5p2/6p1/1P1PP3/P1P1BPPP/RNBQK1NR b KQ - 1 9,b7b6,85,35,-50
rnbq1k1r/p1ppp1b1/1p3n1p/5p2/6p1/1P1PP3/P1P1BPPP/RNBQK1NR w KQ - 0 10,d3d4,-37,-73,36
rn1q1k1r/p1ppp1b1/1p3n1p/5p2/2BP2p1/1P2P3/P1P2PPP/RNB1K1NR b KQ - 0 14,d7d5,682,623,-59
rn1q1k1r/p1p1p1b1/1p3n1p/1B1p1p2/3P2p1/1P2P3/P1P2PPP/RNB1K1NR b KQ - 1 15,c7c6,664,619,-45
rn1q1k1r/p3p1b1/1pp2n1p/3p1p2/2BP2p1/1P2P3/P1P2PPP/RNB1K1NR b KQ - 1 16,d5c4,818,805,-13
rn1q1k1r/p3p1b1/1pp2n1p/5p2/2pP2p1/1P2P3/P1P2PPP/RNB1K1NR w KQ - 0 17,b3c4,-800,-790,-10
rn3k1r/p3p1b1/1ppq1n1p/5p2/2PP2p1/4P3/P1P2PPP/RNB1K1NR w KQ - 1 18,e3e4,-729,-864,135
rn3k1r/p3p3/1ppq1n2/5p2/2PP2p1/4b3/P1P1NPPP/RN3RK1 w - - 2 22,g2g3,-757,-847,90
rn1q1k1r/p3p3/1pp2n2/5p2/2PP1bp1/6P1/P1P2P1P/RN3RK1 w - - 0 24,g3f4,-949,-982,33
rn3k1r/p1q1p3/1pp5/N4p2/2PP1np1/8/P1P2P1P/R4RK1 b - - 3 27,b6a5,10000,997,-9003
rn3k1r/pq2p3/2p5/p4p2/2PP1np1/8/P1P2P1P/1R3R1K b - - 3 29,c6c5,942,682,-260
rnbqkbnr/pppppppp/8/8/8/8/PPPPPPPP/RNBQKBNR w KQkq - 0 1,e2e4,20,21,1
rnbqkbnr/pppppppp/8/8/4P3/8/PPPP1PPP/RNBQKBNR b KQkq - 0 1,e7e6,-19,-54,35
rnbqkbnr/pppp1ppp/4p3/8/4P3/5N2/PPPP1PPP/RNBQKB1R b KQkq - 1 2,d7d5,-14,-10,-4
rnbqkbnr/ppp2ppp/4p3/3p4/4P3/5N2/PPPP1PPP/RNBQKB1R w KQkq - 0 3,e4e5,11,13,2
rnbqkbnr/ppp2ppp/4p3/3pP3/8/5N2/PPPP1PPP/RNBQKB1R b KQkq - 0 3,c7c5,-9,-24,15
rnbqkbnr/pp3ppp/4p3/2ppP3/8/5N2/PPPP1PPP/RNBQKB1R w KQkq - 0 4,c2c3,20,26,6
r1bqkbnr/pp3ppp/2n1p3/2ppP3/8/2P2N2/PP1P1PPP/RNBQKB1R w KQkq - 1 5,d2d4,28,22,-6
r3k2r/pp1bbppp/1qn1p3/2ppP3/3P4/2P2N2/PP1N1PPP/R1BQ1RK1 w kq - 4 10,d4c5,22,27,5
r3k2r/pp1b1ppp/1qn1p3/2bpP3/8/2P2N2/PP1N1PPP/R1BQ1RK1 w kq - 0 11,b2b4,36,-9,-45
r3k2r/pp1bbppp/1qn1p3/3pP3/1P6/2P2N2/P2N1PPP/R1BQ1RK1 w kq - 1 12,a2a4,-13,-12,-1
r3k2r/ppqbbppp/2n1p3/3pP3/PP6/2P2N2/3N1PPP/R1BQ1RK1 w kq - 1 13,b4b5,2,-162,-164
5rk1/pp1r1ppp/4p3/1P1p4/P7/b1PQ4/5PPP/5RK1 b - - 1 21,b7b6,48,54,6
5rk1/p2r1ppp/1p2p3/1P1p4/P7/b1PQ4/5PPP/5RK1 w - - 0 22,c3c4,-52,-58,6
5rk1/p2r1ppp/1p2p3/1Pbp4/P1P5/3Q4/5PPP/5RK1 w - - 1 23,c4d5,-47,-119,72
3r2k1/p4ppp/1p2p3/1Pbr4/P7/5Q2/5PPP/5RK1 w - - 2 25,h2h3,-122,-135,13
3r2k1/p4ppp/1p2p3/1Pbr4/P7/5Q1P/5PP1/5RK1 b - - 0 25,g7g6,130,134,4
3r2k1/p4p1p/1p2p1p1/1Pbr4/P7/5Q1P/5PP1/5RK1 w - - 0 26,g2g4,-138,-137,-1
3r4/p4pkp/1p2p1p1/1Pbr4/P5P1/5Q1P/5P2/5RK1 w - - 1 27,h3h4,-90,-188,98
rnbqkbnr/pppppppp/8/8/8/8/PPPPPPPP/RNBQKBNR w KQkq - 0 1,b2b3,27,-28,-55
rnbqkbnr/pppppppp/8/8/8/1P6/P1PPPPPP/RNBQKBNR b KQkq - 0 1,c7c6,35,4,-31
rnbqkbnr/pp1ppppp/2p5/8/8/1P6/PBPPPPPP/RN1QKBNR b KQkq - 1 2,a7a6,9,-20,-29
rnbqkbnr/1p1ppppp/p1p5/8/8/1P6/PBPPPPPP/RN1QKBNR w KQkq - 0 3,a2a3,19,-8,-27
rnbqkbnr/1p1ppppp/p1p5/8/8/PP6/1BPPPPPP/RN1QKBNR b KQkq - 0 3,a6a5,5,-31,-36
rnbqkbnr/1p1ppppp/2p5/p7/8/PP6/1BPPPPPP/RN1QKBNR w KQkq - 0 4,b3b4,32,-26,-58
rnbqkbnr/1p1ppppp/2p5/p7/1P6/P7/1BPPPPPP/RN1QKBNR b KQkq - 0 4,a5a4,31,-113,-144
rnbqkbnr/1p1ppppp/2p5/8/pP6/P7/1BPPPPPP/RN1QKBNR w KQkq - 0 5,b4b5,123,-9,-132
1nbqkbnr/rp1ppppp/2p5/1P6/p7/P7/1BPPPPPP/RN1QKBNR w KQk - 1 6,b5c6,95,31,-64
2bqkbnr/rp1ppppp/2n5/8/p7/P7/1BPPPPPP/RN1QKBNR w KQk - 0 7,d2d3,88,-7,-95
r1bqkbnr/1p1ppppp/2n5/8/p7/P2P4/1BP1PPPP/RN1QKBNR w KQk - 1 8,g2g3,10,-7,-17
r1bqkbnr/1p1ppppp/2B5/8/p7/P2P2P1/1BP1PP1P/RN1QK1NR b KQk - 0 10,d7c6,33,23,-10
r1bqkbnr/1p2pppp/2p5/8/p7/P2P2P1/1BP1PP1P/RN1QK1NR w KQk - 0 11,h2h4,-9,-67,58
r2qkbnr/1p2pppp/2p5/8/p5bP/P2P2P1/1BP1PP2/RN1QK1NR w KQk - 1 12,f2f3,-36,-48,12
r2qkbnr/1p2pppp/2p5/7b/p6P/P2P1PP1/1BP1P3/RN1QK1NR w KQk - 1 13,g3g4,238,234,-4
r2qkbnr/1p2pppp/2p3b1/8/p5PP/P2P1P2/1BP1P3/RN1QK1NR w KQk - 1 14,h4h5,337,344,7
r2qkbnr/1p2pppp/2p5/7P/p5P1/P2b1P2/1BP1P3/RN1QK1NR w KQk - 0 15,e2d3,456,406,-50
r2qkbnr/1p2pppp/2p5/7P/p5P1/P2P1P2/1BP5/RN1QK1NR b KQk - 0 15,e7e6,-367,-393,26
r2qkbnr/1p3ppp/2p1p3/7P/p5P1/P2P1P2/1BP5/RN1QK1NR w KQk - 0 16,h5h6,389,322,-67
r3kbnr/1p3ppp/2p1pq1P/8/p5P1/P2P1P2/1BP5/RN1QK1NR w KQk - 1 17,h6g7,761,428,-333
r3kbnr/1p3pqp/2p1p3/8/p5P1/P2P1P2/R1P5/1N1QK1NR w Kk - 0 19,c2c4,-252,-276,24
r3k1nr/1p3p1p/2p1p3/2Q5/p1P3P1/P2P1P2/R7/1N2K1NR b Kk - 0 22,b7b5,-906,-1033,127
6nr/3k1p1p/2p1p3/1p2Q3/p1P3P1/P2P1P2/R7/1N2K1NR b K - 2 25,c6c5,-1106,-1146,40
8/5Q1p/2k1p3/1pp5/p1P3P1/P2P1P2/R7/1N2K1NR b K - 0 28,b5c4,-1372,-10000,8628
2k5/5Q1p/8/2p5/p5P1/P2P1P2/R7/1N2K1NR b K - 2 31,h7h6,-10000,-10000,0
8/8/7Q/2p4R/p2k2P1/P2P1P2/R2K4/1N4N1 b - - 4 36,c5c4,-10000,-10000,0
8/8/2Q5/7R/p1pk2P1/P2P1P2/R2K4/1N4N1 b - - 1 37,c4d3,-10000,-10000,0
rnbqkbnr/pppppppp/8/8/8/8/PPPPPPPP/RNBQKBNR w KQkq - 0 1,e2e4,21,21,0
rnbqkbnr/pppppppp/8/8/4P3/8/PPPP1PPP/RNBQKBNR b KQkq - 0 1,c7c5,-23,-31,8
rnbqkbnr/pp1ppppp/8/2p5/4P3/5N2/PPPP1PPP/RNBQKB1R b KQkq - 1 2,d7d6,-35,-49,14
rnbqkbnr/pp2pppp/3p4/2p5/2B1P3/5N2/PPPP1PPP/RNBQK2R b KQkq - 1 3,e7e6,-15,-25,10
rnbqkbnr/pp3ppp/3pp3/2p5/2B1P3/5N2/PPPP1PPP/RNBQK2R w KQkq - 0 4,a2a3,23,-9,-32
rnbqkb1r/pp3ppp/3ppn2/2p5/2B1P3/P4N2/1PPP1PPP/RNBQK2R w KQkq - 1 5,d2d3,-9,-9,0
rnbqk2r/pp2bppp/3ppn2/2p5/2B1P3/P1NP1N2/1PP2PPP/R1BQK2R b KQkq - 2 6,a7a6,6,14,8
rnbqk2r/1p2bppp/p2ppn2/2p5/2B1P3/P1NP1N2/1PP2PPP/R1BQK2R w KQkq - 0 7,h2h3,-14,-20,6
rnbqk2r/1p2bppp/p2ppn2/2p5/2B1P3/P1NP1N1P/1PP2PP1/R1BQK2R b KQkq - 0 7,b7b5,22,31,9
r4rk1/1bqnbppp/p2ppn2/1pp5/4PB2/P1NP1N1P/BPP2PP1/2RQR1K1 b - - 9 12,b5b4,46,-23,-69
2r2rk1/1bqnbppp/p2ppn2/2p5/1p2PB2/P2P1N1P/BPP1NPP1/2RQR1K1 w - - 2 14,c2c3,44,-32,-76
2r2rk1/1b1nbppp/p2ppn2/q1p5/1p2PB2/PQPP1N1P/BP2NPP1/2R1R1K1 b - - 2 15,d6d5,0,-70,-70
2r2rk1/1b1nbppp/p3pn2/q1pp4/1p2PB2/PQPP1N1P/BP2NPP1/2R1R1K1 w - - 0 16,c3b4,82,67,-15
2r2rk1/1b1nbppp/p3pn2/q1pp4/1P2PB2/PQ1P1N1P/BP2NPP1/2R1R1K1 b - - 0 16,c5b4,-86,-125,39
2r2rk1/1b1nbppp/p3pn2/q2p4/1p2PB2/PQ1P1N1P/BP2NPP1/2R1R1K1 w - - 0 17,a3b4,180,-185,-365
2r2rk1/1b1n1ppp/p3pn2/q2p4/1b2PB2/1Q1P1N1P/BP2NPP1/2RR2K1 b - - 1 18,d5e4,244,260,16
2r2rk1/1b1n1ppp/p3pn2/q7/1b2pB2/1Q1P1N1P/BP2NPP1/2RR2K1 w - - 0 19,d3e4,-284,-276,-8
2r2rk1/3n1ppp/p3pn2/3b2N1/1b1N1B2/6QP/qP3PP1/2RR2K1 b - - 1 22,h7h6,502,488,-14
2r2rk1/3n1pp1/p3Nn1p/3b4/1b1N1B2/6QP/qP3PP1/2RR2K1 b - - 0 23,f7e6,517,484,-33
2R5/3n1rpk/p3bn2/6B1/1b6/3Q3P/1q3PP1/3R2K1 b - - 1 28,g7g6,328,332,4
2R5/3n1r1k/p3b1p1/4q1Bn/1b5Q/7P/5PP1/3R2K1 w - - 4 31,g2g4,-366,-476,110
2R5/3n1r1k/p2bb1p1/4q1Bn/6PQ/7P/5P2/3R2K1 w - - 1 32,f2f4,-335,-559,224
2R5/3n1r1k/p3b1p1/8/5bP1/7P/6K1/3R4 b - - 1 36,g6g5,531,531,0
1n6/r6k/p2RR3/6p1/5bP1/7P/6K1/8 b - - 2 39,a6a5,455,15,-440
rnbqkbnr/pppppppp/8/8/8/8/PPPPPPPP/RNBQKBNR w KQkq - 0 1,e2e4,21,18,-3
rnbqkbnr/pppppppp/8/8/4P3/8/PPPP1PPP/RNBQKBNR b KQkq - 0 1,d7d5,-20,-65,45
rnbqkbnr/ppp1pppp/8/3p4/4P3/8/PPPP1PPP/RNBQKBNR w KQkq - 0 2,e4e5,71,-18,-89
rnbqkbnr/ppp1pppp/8/3pP3/8/8/PPPP1PPP/RNBQKBNR b KQkq - 0 2,c7c5,23,13,-10
r2qkbnr/pp2pppp/2B5/2ppP3/6b1/5N2/PPPP1PPP/RNBQK2R b KQkq - 0 5,b7c6,2,5,3
r3kbnr/p1q1pppp/2p5/2ppP3/6b1/5N2/PPPP1PPP/RNBQ1RK1 w kq - 2 7,d2d4,1,-109,-110
r3kbnr/p1q1pppp/2p5/2ppP3/3P2b1/5N2/PPP2PPP/RNBQ1RK1 b kq - 0 7,c5d4,118,109,-9
r3kbnr/p1q1pppp/2p5/3pP3/3Q4/5b2/PPP2PPP/RNB2RK1 w kq - 0 9,g2f3,-134,-123,-11
r3kbnr/p1q1pppp/2p5/3pP3/3Q4/5P2/PPP2P1P/RNB2RK1 b kq - 0 9,h7h5,132,40,-92
r3kbnr/p1q1ppp1/2p5/3pP2p/3Q4/2N2P2/PPP2P1P/R1B2RK1 b kq - 1 10,e7e6,113,118,5
r3kbnr/p1q2pp1/2p1p3/3pP2p/3Q4/2N2P2/PPP2P1P/R1B2RK1 w kq - 0 11,f3f4,-115,-125,10
r3kb1r/p1q2pp1/2p1p3/3pPn1p/5P2/2N1B3/PPPQ1P1P/R4RK1 b kq - 4 13,h5h4,414,208,-206
r3kb1r/p1q2pp1/2p1p3/3pPn2/5P1p/4B3/PPPQNP1P/R4RK1 b kq - 1 14,h4h3,184,169,-15
r3kb1r/p1q2pp1/2p1p3/3pP3/5P1n/4B1Np/PPPQ1P1P/R4R1K b kq - 3 16,a7a5,192,142,-50
r3kb1r/2q2pp1/2p1p3/p2pP3/5P1n/4B1Np/PPP1QP1P/R4R1K b kq - 1 17,c6c5,174,157,-17
r3kb1r/2q2pp1/4p3/p1ppP3/5PQn/4B1Np/PPP2P1P/R4R1K b kq - 1 18,d5d4,242,234,-8
r3kb1r/5pp1/2q1p3/p1p1P3/3p1PQn/6Np/PPPB1P1P/R4R1K w kq - 2 20,f2f3,-204,-205,1
1r2kb1r/5pp1/2q1p3/p1p1P3/3p1PQn/5PNp/PPPB3P/R4R1K w k - 1 21,b2b3,-146,-152,6
4kb1r/5pp1/2q1p3/p1p1P3/1B1p1PQn/1P3PNp/P1P4P/R4R1K b k - 0 22,a5b4,-146,-136,-10
4kb1r/5pp1/2q1p3/2p1P3/1p1p1PQn/1P3PNp/P1P4P/R4R1K w k - 0 23,a2a3,139,64,-75
4kb1r/5pp1/2q1p3/2p1P3/1p1p1PQn/PP3PNp/2P4P/R4R1K b k - 0 23,b4a3,-10,-204,194
4k2r/R3bpp1/2q1p3/2p1P3/3p1PQn/1P3PNp/2P4P/5R1K b k - 2 25,g7g6,-166,-172,6
4k2r/R3bp2/2q1p1p1/2p1P3/3p1PQn/1P3PNp/2P4P/R6K b k - 1 26,f7f5,-187,-400,213
4k2r/R3b3/2q1p1p1/2p1PN2/3p1PQn/1P3P1p/2P4P/R6K b k - 0 27,g6f5,57,-271,-328
rnbqkbnr/pppppppp/8/8/8/8/PPPPPPPP/RNBQKBNR w KQkq - 0 1,e2e4,23,25,2
rnbqkbnr/pppppppp/8/8/4P3/8/PPPP1PPP/RNBQKBNR b KQkq - 0 1,d7d5,-27,-64,37
rnbqkbnr/ppp1pppp/8/3p4/4P3/8/PPPP1PPP/RNBQKBNR w KQkq - 0 2,e4d5,66,69,3
rnbqkbnr/ppp1pppp/8/8/8/2N2N2/PPPP1PPP/R1BQKB1R b KQkq - 3 4,e7e6,-74,-77,3
rnbqkbnr/ppp2ppp/4p3/8/8/2N2N2/PPPPBPPP/R1BQK2R b KQkq - 1 5,h7h6,-51,-69,18
rnbqkbnr/ppp2pp1/4p2p/8/8/2N2N2/PPPPBPPP/R1BQK2R w KQkq - 0 6,d2d3,68,41,-27
rnbqk2r/ppp2pp1/3bpn1p/8/8/2NPBN2/PPP1BPPP/R2Q1RK1 b kq - 4 8,c7c5,-22,-85,63
rnbqk2r/pp3pp1/3bpn1p/2p5/N7/3PBN2/PPP1BPPP/R2Q1RK1 b kq - 1 9,b7b6,23,6,-17
r2q1rk1/pb2bpp1/np2p2p/2pn4/8/2NP1NB1/PPPQBPPP/R4RK1 b - - 11 15,f7f5,35,5,-30
r2q1rk1/pb2b1p1/np2p2p/2pN1p2/8/3P1NB1/PPPQBPPP/R4RK1 b - - 0 16,e6d5,25,-63,-88
r2q1rk1/pb2b1p1/np5p/2pp1p2/8/3P1NB1/PPPQBPPP/R3R1K1 b - - 1 17,d5d4,-20,-42,22
5rk1/pb4p1/np5p/2pq1p1Q/3p4/3P4/PPP1RPPP/R5K1 w - - 6 26,f2f3,-223,-310,87
5rk1/pbn3p1/1p5p/2pq1p1Q/3p4/3P1P2/PPP1R1PP/R5K1 w - - 1 27,a2a3,-293,-347,54
rnbqkbnr/pppppppp/8/8/8/8/PPPPPPPP/RNBQKBNR w KQkq - 0 1,e2e3,29,13,-16
rnbqkbnr/pppppppp/8/8/8/4P3/PPPP1PPP/RNBQKBNR b KQkq - 0 1,g7g6,-15,-21,6
rnbqkbnr/pppppp1p/6p1/8/8/4P3/PPPP1PPP/RNBQKBNR w KQkq - 0 2,e3e4,19,-22,-41
rnbqk1nr/ppppppbp/6p1/8/4P3/8/PPPP1PPP/RNBQKBNR w KQkq - 1 3,f2f4,24,-48,-72
rnbqk1nr/ppppppbp/6p1/8/4PP2/8/PPPP2PP/RNBQKBNR b KQkq - 0 3,h7h6,52,-38,-90
rnbqk1nr/ppppppb1/6pp/8/4PP2/8/PPPP2PP/RNBQKBNR w KQkq - 0 4,g2g4,47,-195,-242
rnbqk1nr/ppppppb1/6pp/8/4PPP1/8/PPPP3P/RNBQKBNR b KQkq - 0 4,b7b6,196,52,-144
rnbqk1nr/p1ppppb1/1p4pp/8/4PPP1/8/PPPP3P/RNBQKBNR w KQkq - 0 5,h2h4,-52,-52,0
rn1qk1nr/pbppppb1/1p4pp/8/4PPPP/8/PPPP4/RNBQKBNR w KQkq - 1 6,d2d3,-56,-65,9
rn1qk1nr/pbppppb1/1p4pp/8/4PPPP/3P4/PPP5/RNBQKBNR b KQkq - 0 6,f7f5,59,-203,-262
rn1qk1nr/pbppp1b1/1p4pp/5p2/4PPPP/3P4/PPP5/RNBQKBNR w KQkq - 0 7,e4f5,210,-429,-639
rn1qk1nr/pbppp1b1/1p4pp/5P2/5PPP/3P4/PPP5/RNBQKBNR b KQkq - 0 7,g6f5,421,110,-311
rn1qk1nr/pbppp1b1/1p5p/5p2/5PPP/3P4/PPP4R/RNBQKBN1 b Qkq - 1 8,h6h5,105,-54,-159
rn1qk1nr/p1ppp1b1/1p6/5p1p/5PPP/3P4/PPP3R1/RNBQK1N1 b Qkq - 0 10,f5g4,387,302,-85
rn1qk1nr/p1ppp1b1/1p6/7p/5PpP/3P4/PPP2R2/RNBQK1N1 b Qkq - 1 11,g4g3,437,132,-305
rn1qk1nr/p1ppp1b1/1p6/7p/5P1P/3P2p1/PPP1R3/RNBQK1N1 b Qkq - 1 12,e7e6,252,242,-10
rn2k1nr/p1pp2b1/1p2pq2/7p/5P1P/3PR1p1/PPPQ4/RNB1K1N1 b Qkq - 3 14,g3g2,317,66,-251
rn2k1nr/p1pp2b1/1p2pq2/7p/5P1P/3PR3/PPPQ2p1/RNB1K1N1 w Qkq - 0 15,d3d4,-70,-482,412
rn2k1nr/p1pp2b1/1p2pq2/7p/3P1P1P/4R3/PPPQ2p1/RNB1K1N1 b Qkq - 0 15,d7d5,501,214,-287
rn2k1nr/p1p3b1/1p2p3/3p3p/3q1P1P/4R3/PPP3Q1/RNB1K1N1 w Qkq - 0 17,c2c3,271,109,-162
rn2k1nr/p1p3b1/1p2p3/2qp3p/5P1P/2P1R3/PP4Q1/RNB1K1N1 w Qkq - 1 18,b2b4,473,-79,-552
rn4nr/pkp5/1p6/7p/1P2QP1P/8/P2B4/bN2K1N1 b - - 4 25,c7c6,-33,-194,161
rn2r3/pk6/1pp2n2/7p/1P1Q1P1P/2N5/P3N3/4K3 b - - 2 29,c6c5,-5,-522,517
rn6/pk6/1p3Q2/2p4p/1P3P1P/8/P3N3/4K3 b - - 0 31,c5b4,-697,-773,76
rnbqkbnr/pppppppp/8/8/8/8/PPPPPPPP/RNBQKBNR w KQkq - 0 1,e2e4,22,32,10
rnbqkbnr/pppppppp/8/8/4P3/8/PPPP1PPP/RNBQKBNR b KQkq - 0 1,c7c5,-36,-33,-3
rnbqkbnr/pp1ppppp/8/2p5/4P3/5N2/PPPP1PPP/RNBQKB1R b KQkq - 1 2,e7e6,-35,-36,1
rnbqkbnr/pp1p1ppp/4p3/2p5/4P3/5N2/PPPPBPPP/RNBQK2R b KQkq - 1 3,d7d5,-9,-21,12
rnbqkbnr/pp3ppp/4p3/2pp4/4P3/5N2/PPPPBPPP/RNBQK2R w KQkq - 0 4,e4e5,18,-45,-63
rnbqkbnr/pp3ppp/4p3/2ppP3/8/5N2/PPPPBPPP/RNBQK2R b KQkq - 0 4,f7f6,42,-9,-51
rnbqkbnr/pp4pp/4pp2/2ppP3/8/5N2/PPPPBPPP/RNBQK2R w KQkq - 0 5,d2d3,6,-71,-77
rnbqkbnr/pp4pp/4pp2/2ppP3/8/3P1N2/PPP1BPPP/RNBQK2R b KQkq - 0 5,f6e5,69,50,-19
rnbqkb1r/pp4pp/4pn2/2ppN3/8/3P4/PPP1BPPP/RNBQK2R w KQkq - 1 7,d3d4,-35,-65,30
r1bqkb1r/pp4pp/2N1pn2/2pp4/3P4/8/PPP1BPPP/RNBQK2R b KQkq - 0 8,b7c6,65,66,1
r1bqkb1r/p5pp/2p1pn2/2pp4/3P4/8/PPP1BPPP/RNBQK2R w KQkq - 0 9,c2c3,-55,-65,10
r1bq1rk1/p3b1pp/2p1pn2/2pp4/3P4/2P1B3/PP2BPPP/RN1Q1RK1 b - - 4 11,c5d4,17,12,-5
r1bq1rk1/p3b1pp/2p1pn2/3p4/3B4/2P5/PP2BPPP/RN1Q1RK1 b - - 0 12,c6c5,149,51,-98
r1b2rk1/p5pp/3qpn2/2pp4/8/2P5/PP2BPPP/RN1Q1RK1 w - - 0 15,c3c4,-55,-56,1
r1b2rk1/p5pp/3qpn2/2pp4/2P5/8/PP2BPPP/RN1Q1RK1 b - - 0 15,d5d4,53,53,0
1rb1r1k1/p5pp/3qpn2/2p5/2Pp4/5B2/PP2QPPP/RN1R2K1 b - - 5 18,e6e5,188,170,-18
1rb1r1k1/p5pp/3q1n2/2p1p3/2Pp4/2N2B2/PP2QPPP/R2R2K1 b - - 1 19,e5e4,174,44,-130
1r2r1k1/pb4pp/3q4/2p5/2PpB3/8/PP2QPPP/R2R2K1 w - - 1 22,f2f3,-41,-47,6
1r2r1k1/p5pp/8/2p5/2Ppbq2/3Q1P2/PP4PP/R2R2K1 w - - 0 24,f3e4,-291,-263,-28
6k1/p3q1pp/8/2p5/2Pp1Q2/4r3/PP4PP/5RK1 b - - 2 30,h7h6,82,79,-3
8/p3q1pk/7p/2p5/2Pp1Q2/4r3/PP4PP/5RK1 b - - 3 32,d4d3,80,8,-72
8/p3q1pk/7p/2p2Q2/2P5/3pr3/PP4PP/5RK1 b - - 1 33,g7g6,4,2,-2
8/p3q2k/4r1pp/2p5/2P5/3Q4/PP4PP/5RK1 b - - 0 35,h6h5,-40,-40,0
rnbqkbnr/pppppppp/8/8/8/8/PPPPPPPP/RNBQKBNR w KQkq - 0 1,d2d4,34,20,-14
rnbqkbnr/pppppppp/8/8/3P4/8/PPP1PPPP/RNBQKBNR b KQkq - 0 1,d7d5,-23,-24,1
rnbqkbnr/ppp1pppp/8/3p4/3P4/8/PPP1PPPP/RNBQKBNR w KQkq - 0 2,c2c4,22,24,2
rn1qkb1r/ppp1pppp/5n2/3p4/2PP4/5N2/PP2PPPP/R1BQKB1R b KQkq - 0 5,e7e6,-61,-40,-21
rn1qkb1r/ppp2ppp/4pn2/3p4/2PP4/5N2/PP2PPPP/R1BQKB1R w KQkq - 0 6,g2g3,44,25,-19
rn1qk2r/ppp2ppp/4pn2/3p4/1bPP4/5NP1/PP1BPP1P/R2QKB1R b KQkq - 2 7,a7a5,-28,-29,1
rn1qk2r/1pp2ppp/4pn2/p2p4/1bPP4/5NP1/PP1BPPBP/R2QK2R b KQkq - 1 8,d5c4,-29,-71,42
r2qk2r/1pp2ppp/2n1pn2/p7/QBpP4/5NP1/PP2PPBP/R3K2R b KQkq - 0 10,a5b4,96,105,9
r2q1rk1/1pp2ppp/4p3/3n4/2Q5/5Nn1/PP3PBP/R4R1K w - - 0 16,f2g3,344,4,-340
r4rk1/1pp2ppp/3qp3/3n4/2Q5/5NP1/PP4BP/3R1R1K b - - 2 17,f7f5,-102,-399,297
5rk1/1pp3pp/8/3R1p2/8/6P1/PP5P/5R1K b - - 0 22,g7g5,-574,-623,49
5rk1/1ppR3p/8/5pp1/8/6P1/PP5P/5R1K b - - 1 23,f5f4,-548,-565,17
5rk1/1pR4p/8/6p1/5p2/6P1/PP5P/5R1K b - - 0 24,f4f3,-557,-542,-15
5rk1/1R5p/8/6p1/8/5pP1/PP5P/5R1K b - - 0 25,g5g4,-551,-579,28
5rk1/1R5p/8/8/6p1/5pP1/PP5P/5R1K w - - 0 26,a2a4,575,614,39
4r1k1/1R5p/8/8/P5p1/5pP1/1P5P/5R1K w - - 1 27,b2b4,651,590,-61
6k1/1R5p/8/8/PP4p1/5pP1/4r2P/5R1K w - - 1 28,a4a5,659,693,34
6k1/1R5p/8/P7/1P4p1/5pP1/4r2P/5R1K b - - 0 28,f3f2,-727,-735,8
6k1/1R5p/8/P7/1P4p1/6P1/4rpKP/5R2 b - - 1 29,h7h5,-715,-752,37
r5k1/1R6/8/P6p/1P4p1/6P1/R5KP/8 w - - 3 32,a5a6,786,817,31
r4k2/1R6/P7/7p/1P4p1/6P1/R5KP/8 w - - 1 33,a6a7,882,921,39
r4k2/PR6/8/7p/1P4p1/6P1/R5KP/8 b - - 0 33,h5h4,-1080,-1168,88
1r3k2/P7/8/8/1P4pp/6P1/R5KP/8 w - - 0 35,a7b8q,10000,10000,0
8/8/R7/3k4/1P3Qpp/6P1/6KP/8 b - - 6 38,h4h3,0,0,0
rnbqkbnr/pppppppp/8/8/8/8/PPPPPPPP/RNBQKBNR w KQkq - 0 1,b2b3,32,-24,-56
rnbqkbnr/pppppppp/8/8/8/1P6/P1PPPPPP/RNBQKBNR b KQkq - 0 1,d7d6,31,-6,-37
rnbqkbnr/ppp1pppp/3p4/8/8/1P6/PBPPPPPP/RN1QKBNR b KQkq - 1 2,c7c6,-5,-12,7
rnbqkbnr/pp2pppp/2pp4/8/8/1P6/PBPPPPPP/RN1QKBNR w KQkq - 0 3,a2a3,13,-14,-27
rnbqkbnr/pp2pppp/2pp4/8/8/PP6/1BPPPPPP/RN1QKBNR b KQkq - 0 3,b7b6,15,-46,-61
rnbqkbnr/p3pppp/1ppp4/8/8/PP6/1BPPPPPP/RN1QKBNR w KQkq - 0 4,b3b4,49,8,-41
rnbqkbnr/p3pppp/1ppp4/8/1P6/P7/1BPPPPPP/RN1QKBNR b KQkq - 0 4,a7a6,-9,-24,15
rnbqkbnr/4pppp/pppp4/8/1P6/P7/1BPPPPPP/RN1QKBNR w KQkq - 0 5,g2g3,22,26,4
rnbqkbnr/4pppp/pppp4/8/1P6/P5P1/1BPPPP1P/RN1QKBNR b KQkq - 0 5,e7e6,-26,-15,-11
rnbqkbnr/5ppp/ppppp3/8/1P6/P5P1/1BPPPPBP/RN1QK1NR b KQkq - 1 6,f7f6,-22,-110,88
rnbqkbnr/6pp/pppppp2/8/1P6/P5P1/1BPPPPBP/RN1QK1NR w KQkq - 0 7,h2h4,112,66,-46
rnbqkbnr/6pp/pppppp2/8/1P5P/P5P1/1BPPPPB1/RN1QK1NR b KQkq - 0 7,e6e5,-54,-97,43
rnbqkbnr/6pp/pppp1p2/4p3/1P5P/P5P1/1BPPPPB1/RN1QK1NR w KQkq - 0 8,h4h5,104,20,-84
rnbqkbnr/6pp/pppp1p2/4p2P/1P6/P5P1/1BPPPPB1/RN1QK1NR b KQkq - 0 8,d6d5,-17,-16,-1
rnbqkbnr/6pp/ppp2p2/3pp2P/1P6/P5P1/1BPPPPB1/RN1QK1NR w KQkq - 0 9,g3g4,17,-118,-135
rnbqkbnr/6pp/ppp2p2/3pp2P/1P4P1/P7/1BPPPPB1/RN1QK1NR b KQkq - 0 9,c6c5,111,-106,-217
rnbqkbnr/6pp/pp3p2/2ppp2P/1P4P1/P7/1BPPPPB1/RN1QK1NR w KQkq - 0 10,f2f3,120,-149,-269
rnbqkbnr/6pp/pp3p2/2ppp2P/1P4P1/P4P2/1BPPP1B1/RN1QK1NR b KQkq - 0 10,c5b4,161,97,-64
rnbqkbnr/6pp/pp3p2/3pp2P/1p4P1/P4P2/1BPPP1B1/RN1QK1NR w KQkq - 0 11,a3b4,-121,-119,-2
rnbqk1nr/6pp/pp3p2/3pp2P/1b4P1/5P2/1BPPP1B1/RN1QK1NR w KQkq - 0 12,c2c3,-50,-118,68
rnbqk1nr/6pp/pp3p2/b2pp2P/6P1/2P2P2/1B1PP1B1/RN1QK1NR w KQkq - 1 13,h5h6,-57,-203,146
rnbqk1nr/6pp/pp3p1P/b2pp3/6P1/2P2P2/1B1PP1B1/RN1QK1NR b KQkq - 0 13,g7g6,211,23,-188
rnbqk1nr/7p/pp3ppP/b2pp3/6P1/2P2P2/1B1PP1B1/RN1QK1NR w KQkq - 0 14,f3f4,-22,-11,-11
rnbqk1nr/7p/pp3ppP/b2pp3/5PP1/2P5/1B1PP1B1/RN1QK1NR b KQkq - 0 14,b6b5,20,-94,-114
rnbqk1nr/7p/p4ppP/bp1pp3/5PP1/2P5/1B1PP1B1/RN1QK1NR w KQkq - 0 15,f4e5,90,1,-89
rnbqk1nr/2b4p/p4ppP/1p1pP3/6P1/2P5/1B1PP1B1/RN1QK1NR w KQkq - 1 16,e5f6,95,-193,-288
rnbqk2r/2b4p/p4npP/1p1p4/6P1/2P5/1B1PP1B1/RN1QK1NR w KQkq - 0 17,c3c4,-86,-193,107
rnbq1rk1/2b4p/p4npP/1p1p4/2P3P1/8/1B1PP1B1/RN1QK1NR w KQ - 1 18,g4g5,-179,-325,146
rnbq2k1/5rBp/p2b2pP/1p1p2P1/2P1B3/8/3PP3/RN1QK1NR w KQ - 1 21,c4d5,186,-10000,-10186
rnbq2k1/5rBp/p5pP/1p1P2P1/1b2B3/1Q6/3PP3/RN2K1NR b KQ - 2 22,a6a5,-392,-543,151
rnbqkbnr/pppppppp/8/8/8/8/PPPPPPPP/RNBQKBNR w KQkq - 0 1,e2e4,33,29,-4
rnbqkbnr/pppppppp/8/8/4P3/8/PPPP1PPP/RNBQKBNR b KQkq - 0 1,c7c5,-31,-32,1
rnbqkbnr/pp1ppppp/8/2p5/4P3/5N2/PPPP1PPP/RNBQKB1R b KQkq - 1 2,e7e6,-34,-49,15
rnbqkbnr/pp1p1ppp/4p3/2p5/4P3/5N2/PPPP1PPP/RNBQKB1R w KQkq - 0 3,d2d4,44,37,-7
rnbqkbnr/pp1p1ppp/4p3/2p5/3PP3/5N2/PPP2PPP/RNBQKB1R b KQkq - 0 3,c5d4,-47,-48,1
rnbqkbnr/pp1p1ppp/4p3/8/3NP3/8/PPP2PPP/RNBQKB1R b KQkq - 0 4,a7a6,-42,-51,9
rnb1kbnr/1pqp1ppp/p3p3/6B1/3NP3/2N5/PPP2PPP/R2QKB1R b KQkq - 3 6,h7h6,13,-5,-18
rnb1kbnr/1pqp1pp1/p3p2p/8/3NP3/2N1B3/PPP2PPP/R2QKB1R b KQkq - 1 7,b7b6,0,-40,-40
rnb1k2r/2qp1pp1/pp2pn1p/8/1b1NP3/2N1B3/PPPQ1PPP/2KR1B1R w kq - 4 10,f2f4,41,-212,-253
rnb1k2r/3p1pp1/pp2pn1p/8/3NPP2/2q1B3/PPP3PP/2KR1B1R w kq - 0 12,b2c3,-89,-86,-3
rnb1k2r/3p1pp1/pp2p2p/8/3NnP2/2PBB3/P1P3PP/2KR3R b kq - 1 13,d7d5,210,3,-207
rnb1k2r/5pp1/pp2p2p/3p4/1n1N1P2/3BB3/1KPR2PP/4R3 w kq - 2 17,c2c3,-228,-323,95
rnbqkbnr/pppppppp/8/8/8/8/PPPPPPPP/RNBQKBNR w KQkq - 0 1,e2e4,28,32,4
rnbqkbnr/pppppppp/8/8/4P3/8/PPPP1PPP/RNBQKBNR b KQkq - 0 1,d7d5,-31,-63,32
rnbqkbnr/ppp1pppp/8/3p4/4P3/8/PPPP1PPP/RNBQKBNR w KQkq - 0 2,e4e5,57,-15,-72
rnbqkbnr/ppp1pppp/8/3pP3/8/8/PPPP1PPP/RNBQKBNR b KQkq - 0 2,c7c5,13,20,7
rnbqkbnr/pp2pppp/8/2ppP3/8/8/PPPP1PPP/RNBQKBNR w KQkq - 0 3,c2c3,-16,-21,5
r1bqkbnr/pp2pppp/2n5/2ppP3/8/2P5/PP1P1PPP/RNBQKBNR w KQkq - 1 4,d2d4,3,-5,-8
r1bqkbnr/pp2pppp/2n5/2ppP3/3P4/2P5/PP3PPP/RNBQKBNR b KQkq - 0 4,g7g6,16,-44,-60
r2qkb1r/pp2pp1p/2B3pn/2ppP3/3P2b1/2P2N2/PP3PPP/RNBQK2R b KQkq - 0 7,b7c6,-56,-83,27
r2qk2r/p3pp1p/2p3p1/2ppP3/3P4/2P2b2/PP1Q1PPP/R3K2R w KQkq - 0 11,g2f3,-41,-40,-1
r2qk2r/p3pp1p/2p3p1/2ppP3/3P4/2P2P2/PP1Q1P1P/R3K2R b KQkq - 0 11,c5c4,41,17,-24
r3k2r/p2qpp1p/2p3p1/3pP3/2pP4/2P2P2/PP1Q1P1P/R4R1K b kq - 3 13,h7h5,74,46,-28
2kr3r/p2qpp2/2p3p1/3pP1Qp/2pP4/2P2P2/PP3P1P/R4R1K w - - 2 15,b2b3,-20,-15,-5
2k3rr/p2qpp2/2p3p1/3pP1Qp/2pP4/1PP2P2/P4P1P/R4R1K w - - 1 16,b3c4,87,99,12
2k3rr/p3pp2/2p1q1p1/3pP1Qp/2PP4/2P2P2/P4P1P/1R3R1K b - - 2 17,f7f6,-160,-295,135
2k3rr/p3p3/2p1qpp1/3pP1Qp/2PP4/2P2P2/P4P1P/1R3R1K w - - 0 18,e5f6,290,298,8
2k3rr/p3p3/2p1qPp1/3p2Qp/2PP4/2P2P2/P4P1P/1R3R1K b - - 0 18,e7f6,-288,-718,430
2k3rr/p7/2p1qpp1/3p3p/2PP4/2P2PQ1/P4P1P/1R3R1K b - - 1 19,g6g5,-720,-10000,9280
rnbqkbnr/pppppppp/8/8/8/8/PPPPPPPP/RNBQKBNR w KQkq - 0 1,e2e4,32,34,2
rnbqkbnr/pppppppp/8/8/4P3/8/PPPP1PPP/RNBQKBNR b KQkq - 0 1,e7e5,-31,-27,-4
r1bqkb1r/pppp1ppp/2n2n2/4p3/4P3/2N2N2/PPPP1PPP/R1BQKB1R w KQkq - 4 4,d2d4,16,10,-6
r1bqkb1r/pppp1ppp/2n2n2/4p3/3PP3/2N2N2/PPP2PPP/R1BQKB1R b KQkq - 0 4,e5d4,-6,-4,-2
r1bqkb1r/pppp1ppp/5n2/8/3QP3/2N5/PPP2PPP/R1B1KB1R b KQkq - 0 6,d7d6,-119,-123,4
r3kb1r/pppq1ppp/3p4/3n4/3QP1b1/3B4/PPP2PPP/R1B2RK1 w kq - 0 10,e4d5,267,250,-17
Q2r1b1r/1ppkqppp/3p4/1B1P4/6b1/8/PPP2PPP/R1B2RK1 b - - 4 13,c7c6,-10000,-10000,0
Q2r1b1r/1p1kqppp/2pp4/1B1P4/6b1/8/PPP2PPP/R1B2RK1 w - - 0 14,d5c6,10000,757,-9243
Q2rkb1r/1p2qppp/2Pp4/1B6/6b1/8/PPP2PPP/R1B2RK1 w - - 1 15,c6c7,892,928,36
Q2rkb1r/1pPbqppp/3p4/1B6/8/8/PPP2PPP/R1B2RK1 w - - 1 16,c7d8q,931,928,-3
7r/1p1k1ppp/3p1b2/8/8/4B3/PPP2PPP/R3R1K1 w - - 2 21,c2c3,673,678,5
2r5/1p1k1ppp/3p4/6b1/3B4/2P5/PP2RPPP/R5K1 b - - 4 23,f7f6,-688,-712,24
2r5/1p1k2pp/3p1p2/6b1/3B4/2P5/PP2RPPP/R5K1 w - - 0 24,g2g3,707,722,15
2r5/1p1k2pp/3p1p2/6b1/3B4/2P3P1/PP2RP1P/R5K1 b - - 0 24,h7h5,-710,-717,7
2r5/1p1k2p1/3p1p2/7p/8/2P1R1P1/PP3P1P/R5K1 b - - 0 26,b7b5,-662,-695,33
2r5/3k2p1/3p1p2/1p5p/8/2P1R1P1/PP3P1P/4R1K1 b - - 1 27,g7g5,-698,-729,31
r7/5R2/2kp1p2/1p4pp/8/2P3P1/PP3P1P/4R1K1 w - - 4 30,a2a3,737,737,0
r7/5R2/2kp1p2/1p4pp/8/P1P3P1/1P3P1P/4R1K1 b - - 0 30,b5b4,-731,-779,48
r7/5R2/2kp1p2/6pp/1p6/P1P3P1/1P3P1P/4R1K1 w - - 0 31,c3b4,780,770,-10
r7/2R5/3p1p2/3k2pp/1P6/P5P1/1P3P1P/4R1K1 b - - 2 32,f6f5,-770,-775,5
r7/2R1R3/3p4/3k1ppp/1P6/P5P1/1P3P1P/6K1 b - - 1 33,f5f4,-737,-750,13
r7/2R1R3/3p4/3k2pp/1P3p2/P5P1/1P3P1P/6K1 w - - 0 34,g3f4,755,710,-45
r7/2R1R3/3p4/3k2pp/1P3P2/P7/1P3P1P/6K1 b - - 0 34,g5f4,-740,-734,-6
r7/2R1R3/3p4/3k3p/1P3p2/P7/1P3P1P/6K1 w - - 0 35,b4b5,737,687,-50
1r6/2R1R3/3p4/1P1k3p/5p2/P7/1P3P1P/6K1 w - - 1 36,a3a4,735,726,-9
2r5/1R2R3/3p4/1P5p/P2k1p2/8/1P3P1P/6K1 w - - 3 38,a4a5,704,611,-93
2r5/1R2R3/3p4/PP5p/3k1p2/8/1P3P1P/6K1 b - - 0 38,d6d5,-650,-698,48
2r5/1R2R3/8/PP1p3p/3k1p2/8/1P3P1P/6K1 w - - 0 39,a5a6,693,727,34
8/1R2R3/P7/1P1p3p/3k1p2/8/1P3PKP/1r6 w - - 3 41,a6a7,773,777,4
8/PR2R3/8/1P1p3p/3k1p2/8/1r3PKP/8 w - - 0 42,a7a8q,1050,1079,29
8/1R2R3/8/1P1p3p/5p2/8/1k3PKP/8 w - - 0 45,b5b6,857,916,59
8/1R2R3/1P6/3p3p/5p2/8/1k3PKP/8 b - - 0 45,d5d4,-981,-10000,9019
8/3RR3/1P6/7p/3p1p2/2k5/5PKP/8 w - - 2 47,b6b7,10000,10000,0
8/1P1RR3/8/7p/3p1p2/2k5/5PKP/8 b - - 0 47,d4d3,-10000,-10000,0
8/1P1RR3/8/7p/5p2/2kp4/5PKP/8 w - - 0 48,b7b8q,10000,10000,0
1Q6/3RR3/8/7p/5p2/2kp4/5PKP/8 b - - 0 48,d3d2,-10000,-10000,0
8/3RR3/8/7p/5Q2/2k5/3p1PKP/8 b - - 0 49,d2d1q,-10000,-10000,0
8/4R3/8/7p/5Q2/2k5/5PKP/3R4 b - - 0 50,h5h4,-10000,-10000,0
rnbqkbnr/pppppppp/8/8/8/8/PPPPPPPP/RNBQKBNR w KQkq - 0 1,e2e4,25,30,5
rnbqkbnr/pppppppp/8/8/4P3/8/PPPP1PPP/RNBQKBNR b KQkq - 0 1,g7g6,-31,-72,41
rnbqk1nr/ppppppbp/6p1/8/4P3/8/PPPPBPPP/RNBQK1NR w KQkq - 2 3,d2d4,52,60,8
rnbqk1nr/ppppppbp/6p1/8/3PP3/8/PPP1BPPP/RNBQK1NR b KQkq - 0 3,e7e6,-55,-73,18
rnbq1rk1/ppppnpbp/4p1p1/8/3PP3/2N1BN2/PPP1BPPP/R2QK2R b KQ - 5 6,f7f5,-86,-102,16
rnbq1rk1/ppppn1bp/4p1p1/5p2/3PP3/2N1BN2/PPP1BPPP/R2Q1RK1 b - - 1 7,f5e4,-43,-96,53
rnbq1rk1/ppppn1bp/4p1p1/8/3PN3/4BN2/PPP1BPPP/R2Q1RK1 b - - 0 8,c7c6,-107,-158,51
rnbq1rk1/pp1pn1bp/2p1p1p1/8/3PN3/4BN2/PPP1BPPP/R2Q1RK1 w - - 0 9,c2c3,150,138,-12
rnb3k1/ppqp1rbp/2p1p1p1/3n4/3P4/2P2NN1/PPQBBPPP/R4RK1 b - - 6 12,a7a6,-186,-290,104
rnb3k1/1pqp1rbp/p1p1p1p1/3n4/3P4/2P2NN1/PPQBBPPP/R4RK1 w - - 0 13,b2b4,304,175,-129
rnb3k1/1p1p1rbp/p1p1p1p1/8/1P1P1q2/2P2NN1/P1Q1BPPP/R3R1K1 b - - 1 15,d7d5,-120,-110,-10
rnb3k1/1p3rbp/p1p1p1p1/3p4/1P1P1q2/2P2NN1/P1Q2PPP/R3RBK1 b - - 1 16,a6a5,-75,-81,6
rnb3k1/1p3rbp/2p1p1p1/p2p4/1P1P1q2/2P3N1/P1QN1PPP/R3RBK1 b - - 1 17,a5b4,230,220,-10
rnb3k1/1p3rbp/2p1p1p1/3p4/1p1P1q2/2P3N1/P1QN1PPP/R3RBK1 w - - 0 18,c3b4,-219,-407,188
rnb3k1/1p3r1p/2p1p1p1/3p4/1P6/3B2N1/P1QN1qPP/R6K b - - 0 21,b7b5,419,301,-118
rnbqkbnr/pppppppp/8/8/8/8/PPPPPPPP/RNBQKBNR w KQkq - 0 1,e2e4,35,37,2
rnbqkbnr/pppppppp/8/8/4P3/8/PPPP1PPP/RNBQKBNR b KQkq - 0 1,c7c5,-34,-32,-2
rnbqkbnr/pp1ppppp/8/2p5/2B1P3/8/PPPP1PPP/RNBQK1NR b KQkq - 1 2,e7e6,10,6,-4
rnbqkbnr/pp1p1ppp/4p3/2p5/2B1P3/8/PPPP1PPP/RNBQK1NR w KQkq - 0 3,d2d3,-5,-31,26
rnbqkbnr/pp1p1ppp/4p3/2p5/2B1P3/3P4/PPP2PPP/RNBQK1NR b KQkq - 0 3,d7d5,29,29,0
rnbqkbnr/pp3ppp/4p3/2pp4/2B1P3/3P4/PPP2PPP/RNBQK1NR w KQkq - 0 4,e4d5,-29,-29,0
rnbqkbnr/pp3ppp/4p3/2pP4/2B5/3P4/PPP2PPP/RNBQK1NR b KQkq - 0 4,e6d5,28,25,-3
r1bqkbnr/pp3ppp/2B5/2pp4/8/3P4/PPP2PPP/RNBQK1NR b KQkq - 0 6,b7c6,71,70,-1
r1bqk2r/p3bppp/2p2n2/2pp4/8/2NP1N2/PPP2PPP/R1BQK2R w KQkq - 4 9,d3d4,-29,-128,99
r1bq1rk1/p3bppp/2p2n2/2pp4/3P4/2N2N2/PPP2PPP/R1BQK2R w KQ - 1 10,d4c5,-89,-169,80
r2qr1k1/p4ppp/2p2n2/2bp4/5Bb1/2N2N2/PPP2PPP/R2Q1RK1 w - - 4 13,h2h3,-84,-100,16
r2qr1k1/p4ppp/2p2n2/2bp3b/5B2/2N2N1P/PPP2PP1/R2Q1RK1 w - - 1 14,g2g4,-85,-170,85
r2qr1k1/p4ppp/2p5/2bp3b/5Bn1/2N2N1P/PPP2P2/R2Q1RK1 w - - 0 15,h3g4,-154,-149,-5
rnbqkbnr/pppppppp/8/8/8/8/PPPPPPPP/RNBQKBNR w KQkq - 0 1,d2d4,30,20,-10
rnbqkbnr/pppppppp/8/8/3P4/8/PPP1PPPP/RNBQKBNR b KQkq - 0 1,d7d5,-15,-23,8
rnbqkbnr/ppp1pppp/8/3p4/3P4/8/PPP1PPPP/RNBQKBNR w KQkq - 0 2,e2e3,23,5,-18
rnbqkbnr/ppp1pppp/8/3p4/3P4/4P3/PPP2PPP/RNBQKBNR b KQkq - 0 2,c7c6,-2,-26,24
rnbqkbnr/pp2pppp/2p5/3p4/3P4/4PN2/PPP2PPP/RNBQKB1R b KQkq - 1 3,b7b6,-6,-43,37
rnbqkbnr/p3pppp/1pp5/3p4/3P4/4PN2/PPP1BPPP/RNBQK2R b KQkq - 1 4,a7a6,-11,-45,34
rn1qkbnr/1b2pppp/ppp5/3p4/3P4/4PN2/PPP1BPPP/RNBQ1RK1 w kq - 2 6,b2b3,43,23,-20
rn1qkbnr/1b2pppp/ppp5/3p4/3P4/1P2PN2/P1P1BPPP/RNBQ1RK1 b kq - 0 6,c6c5,-26,-127,101
rn1qkbnr/1b2pppp/pp6/2pp4/3P4/1P2PN2/PBP1BPPP/RN1Q1RK1 b kq - 1 7,c5d4,-53,-91,38
rn1qkbnr/1b2pppp/pp6/3p4/3N4/1P2P3/PBP1BPPP/RN1Q1RK1 b kq - 0 8,e7e6,-69,-129,60
rn2k1nr/1b2bppp/pp1qp3/3p4/3N4/1P2PB2/PBPN1PPP/R2Q1RK1 w kq - 4 11,c2c4,229,239,10
rn1bk1nr/1b3ppp/pp1qp3/3p4/2PN4/1P2PB2/PB1N1PPP/R2Q1RK1 w kq - 1 12,c4d5,540,564,24
rn2k1nr/1bb2ppp/pp1qp3/3P4/3N4/1P2PB2/PB1N1PPP/R2Q1RK1 w kq - 1 13,d5e6,583,-10000,-10583
rnbqkbnr/pppppppp/8/8/8/8/PPPPPPPP/RNBQKBNR w KQkq - 0 1,e2e4,23,26,3
rnbqkbnr/pppppppp/8/8/4P3/8/PPPP1PPP/RNBQKBNR b KQkq - 0 1,d7d6,-28,-45,17
rn1qkbnr/ppp1pppp/3p4/8/2B1P3/5Q2/PPPP1PPP/RNB1K2R b KQkq - 0 4,e7e6,-105,-115,10
rn1qkbnr/ppp2ppp/3pp3/8/2B1P3/5Q2/PPPP1PPP/RNB1K2R w KQkq - 0 5,d2d4,101,104,3
rn1qkb1r/ppp1nppp/3pp3/8/2BPP3/5Q2/PPP2PPP/RNB2RK1 b kq - 2 6,d6d5,-120,-137,17
rn1qkb1r/ppp1nppp/4p3/3p4/2BPP3/5Q2/PPP2PPP/RNB2RK1 w kq - 0 7,e4d5,133,130,-3
rn1qkb1r/ppp1nppp/4p3/3P4/2BP4/5Q2/PPP2PPP/RNB2RK1 b kq - 0 7,e6d5,-146,-273,127
rn1qkb1r/ppp1nppp/8/3p4/3P4/3B1Q2/PPP2PPP/RNB2RK1 b kq - 1 8,g7g6,-202,-292,90
rn1qkb1r/ppp1np1p/6p1/3p4/3P4/3B1Q2/PPP2PPP/RNB2RK1 w kq - 0 9,c2c3,295,164,-131
3r2k1/ppp2pbp/2n2qp1/8/3P4/1QPB1N2/PP3PPP/4R1K1 b - - 6 18,b7b6,-271,-277,6
rnbqkbnr/pppppppp/8/8/8/8/PPPPPPPP/RNBQKBNR w KQkq - 0 1,d2d4,26,18,-8
rnbqkbnr/pppppppp/8/8/3P4/8/PPP1PPPP/RNBQKBNR b KQkq - 0 1,d7d5,-18,-24,6
rnbqkbnr/ppp1pppp/8/3p4/3P4/8/PPP1PPPP/RNBQKBNR w KQkq - 0 2,c2c4,22,24,2
rnbqkbnr/ppp1pppp/8/3p4/2PP4/8/PP2PPPP/RNBQKBNR b KQkq - 0 2,c7c5,-24,-51,27
rnbqkbnr/pp2pppp/8/2pp4/2PP4/2N5/PP2PPPP/R1BQKBNR b KQkq - 1 3,d5c4,-15,-45,30
rnbqkbnr/pp2pppp/8/2p5/2pP4/2N5/PP2PPPP/R1BQKBNR w KQkq - 0 4,d4d5,43,41,-2
rnbqkb1r/pp2pppp/5n2/2pP4/2p5/2N5/PP2PPPP/R1BQKBNR w KQkq - 1 5,e2e4,43,45,2
rnbqkb1r/pp2pppp/5n2/2pP4/2p1P3/2N5/PP3PPP/R1BQKBNR b KQkq - 0 5,e7e5,-56,-156,100
rnbqkb1r/pp3ppp/5n2/2pPp3/2B1P3/2N5/PP3PPP/R1BQK1NR b KQkq - 0 6,a7a6,-139,-148,9
rnbqkb1r/1p3ppp/p4n2/2pPp3/2B1P3/2N2N2/PP3PPP/R1BQK2R b KQkq - 1 7,b7b5,-114,-121,7
rnbqkb1r/5ppp/p4n2/1ppPp3/4P3/2NB1N2/PP3PPP/R1BQK2R b KQkq - 1 8,c5c4,19,-40,-59
rn1qk2r/5ppp/p4n2/1pbPN3/2p1P1b1/2N5/PP3PPP/RBBQK2R w KQkq - 1 11,f2f3,476,76,-400
rn1qk2r/5ppp/p4n2/1pbPN3/2p1P3/2N2b2/PP4PP/RBBQK2R w KQkq - 0 12,g2f3,332,318,-14
r4rk1/2qn1ppp/p1Nn4/1pbP2B1/2p1P3/2N2P2/PPBQ3P/2KR3R b - - 10 17,b5b4,-408,-449,41
r3r1k1/2q2ppp/p1N5/2nP4/1pp1P3/5P2/PPBQ3P/2KR2R1 b - - 1 22,b4b3,-419,-495,76
r3r1k1/5ppp/p1N4Q/2nPq3/2p1P3/1p3P2/PPB4P/2KR2R1 w - - 2 24,a2b3,809,706,-103
r3r1k1/5ppp/p1N4Q/2nPq3/2p1P3/1P3P2/1PB4P/2KR2R1 b - - 0 24,c4b3,-754,-881,127
rnbqkbnr/pppppppp/8/8/8/8/PPPPPPPP/RNBQKBNR w KQkq - 0 1,e2e4,31,33,2
rnbqkbnr/pppppppp/8/8/4P3/8/PPPP1PPP/RNBQKBNR b KQkq - 0 1,d7d5,-28,-63,35
rnbqkbnr/ppp1pppp/8/3p4/4P3/8/PPPP1PPP/RNBQKBNR w KQkq - 0 2,e4e5,60,-9,-69
rnbqkbnr/ppp1pppp/8/3pP3/8/8/PPPP1PPP/RNBQKBNR b KQkq - 0 2,e7e6,13,-21,-34
rnbqkbnr/ppp2ppp/4p3/3pP3/8/8/PPPP1PPP/RNBQKBNR w KQkq - 0 3,d2d4,24,23,-1
r2qkbnr/pppb1ppp/2n1p3/3pP3/3P4/5N2/PPP2PPP/RNBQKB1R w KQkq - 3 5,c2c3,105,101,-4
r1q1kbnr/pppb1ppp/2n1p3/3pP3/3P4/2PB1N2/PP3PPP/RNBQK2R b KQkq - 2 6,a7a6,-150,-163,13
r1q1kbnr/1ppb1ppp/p1n1p3/3pP3/3P4/2PB1N2/PP3PPP/RNBQ1RK1 b kq - 1 7,b7b5,-147,-202,55
r1q1kbnr/2pb1ppp/p1n1p3/1p1pP3/3P4/2PB1N2/PP3PPP/RNBQ1RK1 w kq - 0 8,b2b4,197,131,-66
1rq1kb1r/2pb1ppp/p1n1p2n/1p1pP3/1P1P4/1NPB1N2/P4PPP/R1BQ1RK1 b k - 4 10,g7g5,-285,-480,195
1rq1k1r1/2pb1p1p/p1n1pB2/1pNpP3/1P1n4/2PB1N2/P4PPP/R2Q1RK1 w - - 0 15,c3d4,786,761,-25
1rq1k3/2pb1p1p/p3pBr1/1pNpP2Q/1P1N4/3B4/P4PPP/R4RK1 b - - 2 17,c7c6,-1053,-10000,8947
1rq1k3/3b1p1p/p1p1pBB1/1pNpP2Q/1P1N4/8/P4PPP/R4RK1 b - - 0 18,f7g6,-10000,-10000,0
rnbqkbnr/pppppppp/8/8/8/8/PPPPPPPP/RNBQKBNR w KQkq - 0 1,e2e4,32,24,-8
rnbqkbnr/pppppppp/8/8/4P3/8/PPPP1PPP/RNBQKBNR b KQkq - 0 1,e7e6,-23,-31,8
rnbqkbnr/pppp1ppp/4p3/8/4P3/5N2/PPPP1PPP/RNBQKB1R b KQkq - 1 2,d7d6,-11,-88,77
rnbqkbnr/ppp2ppp/3pp3/8/4P3/5N2/PPPP1PPP/RNBQKB1R w KQkq - 0 3,c2c3,87,52,-35
rnbqkbnr/ppp2ppp/3pp3/8/4P3/2P2N2/PP1P1PPP/RNBQKB1R b KQkq - 0 3,f7f6,-54,-120,66
rnbqkbnr/ppp3pp/3ppp2/8/4P3/2P2N2/PP1P1PPP/RNBQKB1R w KQkq - 0 4,d2d4,115,125,10
rnbqkbnr/ppp3pp/3ppp2/8/3PP3/2P2N2/PP3PPP/RNBQKB1R b KQkq - 0 4,b7b6,-123,-204,81
rnbqkbnr/p1p3pp/1p1ppp2/8/3PP3/2P2N2/PP3PPP/RNBQKB1R w KQkq - 0 5,e4e5,185,57,-128
rnb1kbnr/p1pq2pp/1p1ppp2/4P3/3P1B2/2P2N2/PP3PPP/RN1QKB1R b KQkq - 2 6,g7g5,-59,-82,23
rnb1kbnr/p1pq3p/1p1ppp2/4P1p1/3P1B2/2P2N2/PP3PPP/RN1QKB1R w KQkq - 0 7,e5d6,75,-315,-390
rnb1kbnr/p1pq3p/1p1Ppp2/6p1/3P1B2/2P2N2/PP3PPP/RN1QKB1R b KQkq - 0 7,g5f4,317,306,-11
rnb1kbnr/p1pq3p/1p1Ppp2/8/3P1p2/2P2N2/PP3PPP/RN1QKB1R w KQkq - 0 8,d6c7,-319,-324,5
rnbqkbnr/pppppppp/8/8/8/8/PPPPPPPP/RNBQKBNR w KQkq - 0 1,e2e4,27,26,-1
rnbqkbnr/pppppppp/8/8/4P3/8/PPPP1PPP/RNBQKBNR b KQkq - 0 1,e7e5,-29,-35,6
r1bqkb1r/pppp1ppp/2n2n2/4p3/2B1P3/2N5/PPPP1PPP/R1BQK1NR w KQkq - 4 4,d2d3,-7,0,7
r1bqk2r/pppp1ppp/2n2n2/4p1B1/1bB1P3/2NP4/PPP2PPP/R2QK1NR b KQkq - 2 5,d7d6,-1,-12,11
r1b1k2r/ppp1qppp/2np1n2/4p1B1/1bB1P3/2NP4/PPPQ1PPP/R3K1NR w KQkq - 2 7,a2a3,11,-21,-32
r1b1k2r/ppp1qppp/2np1n2/b3p1B1/2B1P3/P1NP4/1PPQ1PPP/R3K1NR w KQkq - 1 8,b2b4,190,184,-6
r1b1k2r/pppq1ppp/1bnp1N2/4p1B1/1PB1P3/P2P4/2PQ1PPP/R3K1NR b KQkq - 0 10,g7f6,-78,-75,-3
r1b1k1r1/pppq1p1p/3p1p2/4p3/1PBnP3/P2P4/2PQ1PPP/R3K1NR w KQq - 3 14,g2g3,13,-119,-132
r1b1k1r1/pppq1p1p/3p1p2/4p3/1PBnP3/P2P2P1/2PQ1P1P/R3K1NR b KQq - 0 14,b7b6,87,-30,-117
2kr1r2/pbp4p/1p1p1p2/4p3/1P2P3/PB1P2P1/2P2P1P/R3K2R b KQ - 2 20,f6f5,-151,-167,16
2kr1r2/pbp4p/1p1p4/4pp2/1P2P3/PB1P2P1/2P2P1P/R3K2R w KQ - 0 21,f2f3,141,130,-11
2kr1r2/pbp4p/1p1p4/4pp2/1P2P3/PB1P1PP1/2P4P/R3K2R b KQ - 0 21,f5f4,-137,-217,80
2kr1r2/pbp4p/1p1p4/4p3/1P2Pp2/PB1P1PP1/2P4P/R3K2R w KQ - 0 22,g3g4,229,218,-11
2kr4/pbp4p/1p1p1r2/4p3/1P2PpP1/PB1P1P2/2P4P/R3K2R w KQ - 1 23,h2h4,235,238,3
2kr4/pbp4p/1p1p1r2/4p3/1P2PpPP/PB1P1P2/2P5/R3K2R b KQ - 0 23,d6d5,-232,-247,15
2kr4/pbp4p/1p3r2/3pp3/1P2PpPP/PB1P1P2/2P5/3RK2R b K - 1 24,d5e4,-207,-184,-23
2kr4/pbp4p/1p3r2/4p3/1P2ppPP/PB1P1P2/2P5/3RK2R w K - 0 25,d3e4,185,170,-15
2k5/pbp4p/1p3r2/4p3/1P2PpPP/PB3P2/2P5/3K3R b - - 0 26,h7h6,-168,-305,137
2k5/p1p5/bp3r1p/4p3/1P2PpPP/PB3P2/2P2K2/7R b - - 3 28,c7c5,-193,-231,38
2k5/p7/bp3r1p/2p1p3/1P2PpPP/PB3P2/2P2K2/7R w - - 0 29,b4c5,277,277,0
2k5/p7/bp3r1p/2P1p3/4PpPP/PB3P2/2P2K2/7R b - - 0 29,b6c5,-272,-246,-26
rnbqkbnr/pppppppp/8/8/8/8/PPPPPPPP/RNBQKBNR w KQkq - 0 1,e2e4,28,33,5
rnbqkbnr/pppppppp/8/8/4P3/8/PPPP1PPP/RNBQKBNR b KQkq - 0 1,d7d5,-32,-57,25
rnbqkbnr/ppp1pppp/8/3p4/4P3/8/PPPP1PPP/RNBQKBNR w KQkq - 0 2,e4d5,52,55,3
rnb1kb1r/ppp1pppp/8/3q4/8/8/PPPP1PPP/R1BQKBNR w KQkq - 0 5,b2b3,-18,-338,320
rnb1kb1r/ppp1pppp/8/3q4/8/1P6/P1PP1PPP/R1BQKBNR b KQkq - 0 5,e7e5,406,29,-377
r1b1k2r/ppp2ppp/1qnb4/4p3/2B5/1PB2N2/P1PP1PPP/R2QK2R w KQkq - 8 10,a2a4,191,49,-142
r1b1k2r/ppp2ppp/1qnb4/4p3/P1B5/1PB2N2/2PP1PPP/R2QK2R b KQkq - 0 10,a7a5,-29,-165,136
r1b2rk1/1pp2ppp/1qBb4/p3p3/P7/1PB2N2/2PP1PPP/R2QK2R b KQ - 0 12,b7c6,147,3,-144
r3r1k1/2p2ppp/1qpb2b1/p3p1N1/P7/1PB2Q2/2PP1PPP/4RRK1 b - - 7 16,h7h6,19,23,4
3rr1k1/2p2pp1/1qpN2bp/p3p3/P7/1PB2Q2/2PP1PPP/4RRK1 b - - 0 18,c7d6,23,11,-12
3rr1k1/5pp1/1qpp2bp/p3p3/P7/1PB2Q2/2PP1PPP/4RRK1 w - - 0 19,d2d3,-7,-173,166
3rr1k1/5pp1/2pp2bp/p2Qp3/P7/1P2R3/1B3PPP/5RK1 b - - 0 23,c6d5,427,399,-28
3rr1k1/5pp1/3p2bp/p2pp3/P7/1P2R3/1B3PPP/4R1K1 b - - 1 24,d5d4,424,176,-248
3rr1k1/5pp1/3p2bp/p3p3/P2p4/1P3R2/1B3PPP/4R1K1 b - - 1 25,f7f6,473,460,-13
r3r1k1/6p1/3p1pbp/p3p3/P2p4/1P3R2/3B1PPP/4R1K1 w - - 4 28,g2g4,-414,-470,56
r3r1k1/5bp1/3p1p1p/p3p3/P2p2P1/1P3R2/3B1P1P/4R1K1 w - - 1 29,h2h3,-442,-478,36
rr4k1/5bp1/3p1p1p/p3p3/P2p2P1/1P3R1P/3B1P2/1R4K1 b - - 2 30,e5e4,499,395,-104
rr4k1/5bp1/3p1p1p/p7/P2ppRP1/1P5P/3B1P2/1R4K1 b - - 1 31,d6d5,390,400,10
rr4k1/5bp1/5p1p/p2p4/P2ppRP1/1P5P/3B1P2/1R4K1 w - - 0 32,h3h4,-403,-390,-13
r5k1/5bp1/5p1p/p2p4/PB1ppRPP/1P6/5P2/1R4K1 b - - 0 33,a5b4,106,89,-17
r5k1/5bp1/5p1p/3p4/Pp1ppRPP/1P6/5P2/3R2K1 b - - 1 34,d4d3,140,170,30
r7/4kbp1/5p1p/3p4/Pp2pRPP/1P1p4/3R1P2/5K2 w - - 4 37,f2f3,-232,-188,-44
r7/4kbp1/5p1p/3p4/Pp2pRPP/1P1p1P2/3R4/5K2 b - - 0 37,g7g5,177,177,0
r7/4kb2/5p1p/3p2p1/Pp2pRPP/1P1p1P2/3R4/5K2 w - - 0 38,h4g5,-195,-197,2
r7/4kb2/5p1p/3p2P1/Pp2pRP1/1P1p1P2/3R4/5K2 b - - 0 38,h6g5,221,194,-27
r7/4k3/4bp2/3p1Rp1/Pp2p1P1/1P1p1P2/3R4/5K2 w - - 2 40,f3e4,-193,-226,33
r7/4k3/5p2/3p1bp1/Pp2P1P1/1P1p4/3R4/5K2 w - - 0 41,e4f5,-114,-71,-43
8/8/5p2/3pkPp1/PR4P1/1Pr5/4K3/8 b - - 2 47,d5d4,-169,-258,89
8/8/5p2/4kPp1/PR1p2P1/1Pr5/4K3/8 w - - 0 48,a4a5,288,306,18
8/8/5p2/P3kPp1/R2p2P1/1P6/4K3/1r6 w - - 3 50,a5a6,508,530,22
8/8/P4p2/4kPp1/R2p2P1/1r6/4K3/8 w - - 0 51,a6a7,620,629,9
8/P7/5p2/4kPp1/R2p2P1/6r1/3K4/8 w - - 3 53,a7a8q,654,764,110
8/8/6R1/4KPpk/8/8/8/8 b - - 4 74,g5g4,-754,-1103,349
8/6R1/7k/4KP2/6p1/8/8/8 w - - 2 76,f5f6,1195,10000,8805
8/6R1/5P2/4K2k/6p1/8/8/8 w - - 1 77,f6f7,10000,10000,0
8/5PR1/8/4K3/6pk/8/8/8 w - - 1 78,f7f8q,10000,10000,0
rnbqkbnr/pppppppp/8/8/8/8/PPPPPPPP/RNBQKBNR w KQkq - 0 1,e2e4,35,35,0
rnbqkbnr/pppppppp/8/8/4P3/8/PPPP1PPP/RNBQKBNR b KQkq - 0 1,c7c5,-34,-30,-4
rnbqkbnr/pp1ppppp/8/2p5/4P3/5N2/PPPP1PPP/RNBQKB1R b KQkq - 1 2,e7e6,-29,-36,7
rnbqkbnr/pp1p1ppp/4p3/2p5/4P3/5N2/PPPP1PPP/RNBQKB1R w KQkq - 0 3,d2d4,43,35,-8
rnbqkbnr/pp1p1ppp/4p3/2p5/3PP3/5N2/PPP2PPP/RNBQKB1R b KQkq - 0 3,c5d4,-46,-49,3
r1bqkbnr/pp1p1ppp/2n1p3/8/4P3/1N6/PPP2PPP/RNBQKB1R b KQkq - 2 5,d7d5,-5,-5,0
r1bqkbnr/pp3ppp/2n1p3/3p4/4P3/1N6/PPP2PPP/RNBQKB1R w KQkq - 0 6,e4d5,3,11,8
r1b1kbnr/pp3ppp/2n1p3/3Q4/8/1N6/PPP2PPP/RNB1KB1R b KQkq - 0 7,e6d5,-39,-41,2
r3kb1r/pp3ppp/2n1bn2/3p4/8/1NN5/PPP1BPPP/R1B2RK1 b kq - 5 10,d5d4,-26,-27,1
2r1k2r/pp3ppp/4bn2/2b5/3N4/8/PPP1BPPP/R1B2RK1 w k - 1 14,c2c3,226,52,-174
2r2rk1/pp3ppp/1b2N3/3n2B1/8/2P5/PP2BPPP/R4RK1 b - - 0 17,f7e6,-248,-263,15
2r2rk1/pp4pp/1b2p3/8/8/2P1n3/PP2BPPP/R4RK1 w - - 0 19,f2e3,5,8,3
6k1/ppr3pp/4p3/2b5/6B1/2P5/PP4PP/5R1K b - - 5 24,e6e5,-3,-6,3
6k1/pp2r1pp/8/2b1p3/6B1/2P5/PP4PP/5R1K b - - 3 26,b7b6,18,5,-13
6k1/p3r1pp/1p6/2b1p3/8/2P5/PP4PP/3B1R1K b - - 1 27,e5e4,15,-613,-628
rnbqkbnr/pppppppp/8/8/8/8/PPPPPPPP/RNBQKBNR w KQkq - 0 1,e2e4,39,36,-3
rnbqkbnr/pppppppp/8/8/4P3/8/PPPP1PPP/RNBQKBNR b KQkq - 0 1,c7c5,-33,-42,9
rnbqkbnr/pp1ppppp/8/2p5/2B1P3/8/PPPP1PPP/RNBQK1NR b KQkq - 1 2,e7e6,0,1,1
rnbqkbnr/pp1p1ppp/4p3/2p5/2B1P3/8/PPPP1PPP/RNBQK1NR w KQkq - 0 3,d2d3,-7,-30,23
r1bqkbnr/pp1p1ppp/2n1p3/2p5/2B1PB2/3P4/PPP2PPP/RN1QK1NR b KQkq - 2 4,d7d5,43,45,2
r1bqkbnr/pp3ppp/2n1p3/2pp4/2B1PB2/3P1N2/PPP2PPP/RN1QK2R b KQkq - 1 5,d5c4,442,428,-14
r1bqkbnr/pp3ppp/2n1p3/2p5/2p1PB2/3P1N2/PPP1QPPP/RN2K2R b KQkq - 1 6,c4d3,498,505,7
r1bqkbnr/pp3ppp/2n1p3/2p5/4PB2/3p1N2/PPP1QPPP/RN2K2R w KQkq - 0 7,c2d3,-494,-590,96
r1bqkb1r/pp3ppp/2n1pn2/2p5/4PB2/3P1N2/PP2QPPP/RN2K2R w KQkq - 1 8,e4e5,-579,-622,43
r1b2rk1/pp1n1ppp/2n1p3/2p1P1q1/8/2NP4/PP2QPPP/R4RK1 w - - 0 13,h2h3,-646,-744,98
r1bq1rk1/pp3ppp/2n1p1n1/1Np5/8/3P3P/PP2QPP1/3R1RK1 w - - 4 16,d3d4,-861,-875,14
r1bq1rk1/pp3ppp/2n1p1n1/1Np5/3P4/7P/PP2QPP1/3R1RK1 b - - 0 16,a7a6,857,723,-134
r1b2rk1/1p3ppp/p3p3/2p3N1/3q1n2/7P/PP3PP1/5R1K w - - 2 22,f2f3,-1112,-1157,45
r1b2rk1/1p3ppp/p3p3/2p3N1/5n2/5P1P/PP1q2P1/6RK b - - 2 23,h7h6,1107,1094,-13
r1b2rk1/1p3pp1/p3p2p/2p3N1/5n2/5P1P/PP1q2P1/6RK w - - 0 24,a2a4,-1098,-1267,169
r1b2rk1/1p3pp1/p3p2p/2p3N1/P4n2/5P1P/1P1q2P1/6RK b - - 0 24,h6g5,1263,1335,72
r1b2rk1/1p3pp1/p3p3/2p3p1/P4n2/5P1P/1P1q2P1/6RK w - - 0 25,b2b3,-1333,-1497,164
r1b2rk1/1p3pp1/p3p3/2p3p1/P4n2/1P3P1P/3q2P1/6RK b - - 0 25,e6e5,1508,1290,-218
r1b2rk1/1p3pp1/p7/2p1p1p1/P4n2/1P3P1P/3q2P1/6RK w - - 0 26,b3b4,-1286,-1425,139
r1b2rk1/1p3pp1/p7/2p1p1p1/PP3n2/5P1P/3q2P1/6RK b - - 0 26,e5e4,1466,1241,-225
r1b2rk1/1p3pp1/p7/2p3p1/PP2pn2/5P1P/3q2P1/6RK w - - 0 27,b4c5,-1270,-1335,65
r1b2rk1/1p3pp1/p7/2P3p1/P3pn2/5P1P/3q2P1/6RK b - - 0 27,e4f3,1425,1314,-111
r1b2rk1/1p3pp1/p7/2P3p1/P4n2/5p1P/3q2P1/6RK w - - 0 28,g2f3,-10000,-10000,0
r1b2rk1/1p3pp1/p7/2P3p1/P7/5P2/5q2/7K w - - 0 31,c5c6,-10000,-10000,0
rnbqkbnr/pppppppp/8/8/8/8/PPPPPPPP/RNBQKBNR w KQkq - 0 1,e2e4,33,31,-2
rnbqkbnr/pppppppp/8/8/4P3/8/PPPP1PPP/RNBQKBNR b KQkq - 0 1,g7g6,-28,-62,34
rnbqk1nr/ppppppbp/6p1/8/4P3/5N2/PPPP1PPP/RNBQKB1R w KQkq - 2 3,c2c3,52,37,-15
r1bqk1nr/ppppppbp/2n3p1/8/4P3/2P2N2/PP1P1PPP/RNBQKB1R w KQkq - 1 4,d2d4,57,57,0
r1bqk1nr/ppppppbp/2n3p1/8/3PP3/2P2N2/PP3PPP/RNBQKB1R b KQkq - 0 4,a7a6,-54,-60,6
r1bqk1nr/1pppppbp/p1n3p1/8/2BPP3/2P2N2/PP3PPP/RNBQK2R b KQkq - 1 5,e7e6,-57,-76,19
r1bqk1nr/1ppp1pbp/p1n1p1p1/8/2BPP3/2P2N2/PP3PPP/RNBQK2R w KQkq - 0 6,d4d5,71,6,-65
r1bqk1nr/1ppp1pbp/p1n1p1p1/3P4/2B1P3/2P2N2/PP3PPP/RNBQK2R b KQkq - 0 6,e6d5,-9,-8,-1
r1bqk2r/1ppp1pbp/p1n3p1/3n4/4P3/2P2N2/PP3PPP/RNBQ1RK1 w kq - 0 9,e4d5,44,44,0
r1bq2k1/1ppp1pbp/p5p1/3P4/8/2P2N2/PP3PPP/RNB1Q1K1 b - - 0 13,d7d6,-487,-490,3
r2q2k1/1pp2pbp/p2p2p1/3P1b2/8/2P1BN2/PP1N1PPP/R3Q1K1 b - - 3 15,c7c6,-495,-540,45
r2q2k1/1p3pbp/p1pp2p1/3P1b2/8/2P1BN2/PP1N1PPP/R3Q1K1 w - - 0 16,d5c6,526,512,-14
r2q2k1/1p3pbp/p1Pp2p1/5b2/8/2P1BN2/PP1N1PPP/R3Q1K1 b - - 0 16,b7c6,-516,-503,-13
r2q2k1/5p1p/p1pp2p1/5b2/3B4/2P5/PP1N1PPP/R3Q1K1 b - - 0 18,c6c5,-522,-547,25
rnbqkbnr/pppppppp/8/8/8/8/PPPPPPPP/RNBQKBNR w KQkq - 0 1,d2d4,19,13,-6
rnbqkb1r/pppppppp/5n2/8/3P4/8/PPP1PPPP/RNBQKBNR w KQkq - 1 2,e2e3,14,2,-12
rnbqkb1r/pppppppp/5n2/8/3P4/4P3/PPP2PPP/RNBQKBNR b KQkq - 0 2,g7g6,3,-16,-19
rnbq1rk1/ppppppbp/5np1/8/3P4/4PN2/PPP1BPPP/RNBQ1RK1 b - - 5 5,d7d6,1,-17,-18
rnbq1rk1/ppp1ppbp/3p1np1/8/3P4/4PN2/PPP1BPPP/RNBQ1RK1 w - - 0 6,c2c3,15,-12,-27
rnbq1rk1/ppp1ppbp/3p1np1/8/3P4/2P1PN2/PP2BPPP/RNBQ1RK1 b - - 0 6,c7c5,11,8,-3
rnbq1rk1/pp2ppbp/3p1np1/2p5/3P4/2P1PN2/PP2BPPP/RNBQ1RK1 w - - 0 7,d4c5,-12,-28,16
rnbq1rk1/pp2ppbp/3p1np1/2P5/8/2P1PN2/PP2BPPP/RNBQ1RK1 b - - 0 7,d6c5,26,27,1
rnbr2k1/pp2ppbp/5np1/2p5/8/2P1PN2/PP2BPPP/RNB2RK1 w - - 0 9,b2b3,-33,-144,111
r1br2k1/pp2ppbp/2n3p1/2p5/4n3/1PP1PN2/PB2BPPP/RN3RK1 w - - 3 11,a2a3,-159,-225,66
r1br2k1/pp2ppbp/6p1/n1p5/4n3/PPP1PN2/1B2BPPP/RN3RK1 w - - 1 12,b3b4,-188,-196,8
6k1/pp2ppbp/6p1/2p5/1P6/PbP1P3/1r3PPP/R5K1 w - - 0 20,a3a4,-741,-785,44
6k1/pp2pp1p/6p1/2p5/PP6/1bb1P3/1r3PPP/R5K1 w - - 0 21,b4c5,-808,-791,-17
6k1/pp2pp1p/6p1/2P5/b7/2b1P3/1r3PPP/R5K1 w - - 0 22,c5c6,-786,-862,76
6k1/pp2pp1p/2b3p1/8/8/2b1P3/1r3PPP/R5K1 w - - 0 23,h2h3,-862,-871,9
6k1/pp2pp1p/2b3p1/8/8/2b1P2P/1r3PP1/R5K1 b - - 0 23,a7a5,884,886,2
6k1/1p2pp1p/2b3p1/p7/8/2b1P2P/1r3PPK/R7 b - - 1 24,b7b5,985,897,-88
6k1/4pp1p/2b3p1/pp6/8/2b1P2P/1r3PPK/2R5 b - - 1 25,b5b4,926,909,-17
6k1/4pp1p/2b3p1/p7/1p6/2b1P2P/1r3PPK/2R5 w - - 0 26,g2g3,-922,-977,55
6k1/4pp1p/2b3p1/p7/1p6/2b1P1PP/1r3P1K/2R5 b - - 0 26,a5a4,996,935,-61
6k1/4pp1p/2b3p1/8/pp6/2b1P1PP/1r3P1K/2R5 w - - 0 27,h3h4,-951,-1003,52
6k1/4pp1p/2b3p1/8/pp5P/2b1P1PK/5r2/2R5 b - - 1 28,h7h5,10000,961,-9039
6k1/3bpp2/6p1/7p/pp5P/2R1P1PK/5r2/8 w - - 1 30,g3g4,-971,-1088,117
6k1/4pp2/6p1/7p/pp4bP/2R1Pr2/6K1/8 b - - 3 32,b4c3,10000,10000,0
6k1/4pp2/6p1/7p/p5bP/2p1Pr2/6K1/8 w - - 0 33,e3e4,-10000,-10000,0
6k1/4pp2/6p1/7p/p3P1bP/2p2r2/6K1/8 b - - 0 33,c3c2,10000,10000,0
6k1/4pp2/6p1/7p/p3P1bP/5r2/2p3K1/8 w - - 0 34,e4e5,-10000,-10000,0
6k1/4pp2/6p1/4P2p/p5bP/5r2/2p3K1/8 b - - 0 34,c2c1q,10000,10000,0
6k1/4pp2/6p1/4P2p/p5bP/5r2/6K1/2q5 w - - 0 35,e5e6,-10000,-10000,0
rnbqkbnr/pppppppp/8/8/8/8/PPPPPPPP/RNBQKBNR w KQkq - 0 1,e2e4,26,22,-4
rnbqkbnr/pppppppp/8/8/4P3/8/PPPP1PPP/RNBQKBNR b KQkq - 0 1,e7e6,-19,-28,9
rnbqkbnr/pppp1ppp/4p3/8/4P3/8/PPPP1PPP/RNBQKBNR w KQkq - 0 2,d2d4,30,29,-1
rnbqkbnr/pppp1ppp/4p3/8/3PP3/8/PPP2PPP/RNBQKBNR b KQkq - 0 2,d7d5,-29,-33,4
rnbqkbnr/ppp2ppp/4p3/3p4/3PP3/8/PPP2PPP/RNBQKBNR w KQkq - 0 3,e4e5,31,32,1
rnbqkbnr/ppp2ppp/4p3/3pP3/3P4/8/PPP2PPP/RNBQKBNR b KQkq - 0 3,c7c5,-32,-30,-2
r1b1kbnr/pp3ppp/2n1p3/q1ppP3/3P4/4BN2/PPP2PPP/RN1QKB1R w KQkq - 4 6,c2c3,-4,-30,26
r1b1kbnr/pp3ppp/2n1p3/q1ppP3/3P4/2P1BN2/PP3PPP/RN1QKB1R b KQkq - 0 6,c5d4,37,39,2
rnbqkbnr/pppppppp/8/8/8/8/PPPPPPPP/RNBQKBNR w KQkq - 0 1,d2d4,17,18,1
rnbqkbnr/pppppppp/8/8/3P4/8/PPP1PPPP/RNBQKBNR b KQkq - 0 1,e7e6,-18,-31,13
rnbqkbnr/pppp1ppp/4p3/8/3P4/8/PPP1PPPP/RNBQKBNR w KQkq - 0 2,c2c4,29,15,-14
rnb1kbnr/ppppqppp/4p3/8/2PP4/2N5/PP2PPPP/R1BQKBNR b KQkq - 2 3,c7c6,-130,-136,6
rnb1kbnr/pp1pqppp/2p1p3/8/2PP4/1QN5/PP2PPPP/R1B1KBNR b KQkq - 1 4,b7b6,-65,-130,65
rnb1kbnr/p2pqppp/1pp1p3/8/2PP4/1QN5/PP1BPPPP/R3KBNR b KQkq - 1 5,a7a6,-109,-286,177
rnb1kbnr/3pqppp/ppp1p3/8/2PP4/1QN5/PP1BPPPP/2KR1BNR b kq - 1 6,c6c5,-168,-218,50
rnb1kbnr/3pqppp/pp2p3/2p5/2PP4/1QN2N2/PP1BPPPP/2KR1B1R b kq - 1 7,d7d6,-159,-246,87
rnb1kbnr/4qppp/pp1pp3/2p5/2PP4/1QN2N2/PP1BPPPP/2KR1B1R w kq - 0 8,d4c5,244,71,-173
rn2kbnr/1b2qppp/pp1pp3/2P5/2P5/1QN2N2/PP1BPPPP/2KR1B1R w kq - 1 9,c5d6,434,353,-81
5b1r/4nppp/p3p1k1/6B1/2P5/2N2NQ1/PP2PPPP/2KR1B1R b - - 4 18,f7f6,-1345,-1357,12
rnbqkbnr/pppppppp/8/8/8/8/PPPPPPPP/RNBQKBNR w KQkq - 0 1,e2e4,15,22,7
rnbqkbnr/pppppppp/8/8/4P3/8/PPPP1PPP/RNBQKBNR b KQkq - 0 1,c7c5,-23,-31,8
rnbqkbnr/pp1ppppp/8/2p5/4P3/5N2/PPPP1PPP/RNBQKB1R b KQkq - 1 2,d7d6,-28,-33,5
rnbqkbnr/pp2pppp/3p4/2p5/2B1P3/5N2/PPPP1PPP/RNBQK2R b KQkq - 1 3,e7e6,-6,-26,20
rnbqkbnr/pp3ppp/3pp3/2p5/2B1P3/5N2/PPPP1PPP/RNBQK2R w KQkq - 0 4,a2a3,26,-19,-45
rnbqkb1r/pp3ppp/3ppn2/2p5/2B1P3/P4N2/1PPP1PPP/RNBQK2R w KQkq - 1 5,d2d3,-16,-12,-4
rnbqkb1r/pp3ppp/3ppn2/2p5/2B1P3/P2P1N2/1PP2PPP/RNBQK2R b KQkq - 0 5,a7a6,14,7,-7
rnbq1rk1/1p2bppp/p2ppn2/2p5/2B1P3/P1NP1N2/1PP2PPP/R1BQ1RK1 w - - 4 8,h2h3,-15,-18,3
rnbq1rk1/1p2bppp/p2ppn2/2p5/2B1P3/P1NP1N1P/1PP2PP1/R1BQ1RK1 b - - 0 8,b7b5,20,18,-2
r2qr2k/3bbppp/p1nppn2/1pp5/4P3/P1NP1N1P/BPPQ1PPB/R3R1K1 b - - 13 15,b5b4,-2,-72,70
r2qr2k/3bbppp/p1nppn2/2p5/1p2P3/P2P1N1P/BPPQNPPB/R3R1K1 b - - 1 16,a6a5,-1,6,7
r2qr2k/3bbppp/2nppn2/p1p5/1p2P3/P2P1N1P/BPPQNPPB/R3R1K1 w - - 0 17,c2c3,-5,-2,-3
r3r2k/3bbppp/1qnppn2/p1p5/1p2P3/P1PP1N1P/BP1QNPPB/1R2R1K1 b - - 2 18,b4b3,475,467,-8
r3r2k/3bbppp/2nppn2/p1p3N1/4P3/PqPP3P/1P1QNPPB/1R2R1K1 b - - 1 20,h7h6,464,143,-321
r3r1k1/3bb1p1/2nppn1N/p1p5/4P3/PqPP3P/1P1QNPPB/1R2R1K1 b - - 0 22,g7h6,313,325,12
r3r2k/3bb2n/3pp1Q1/p1p5/4P3/PqPP3P/1P3PPB/1R2R1K1 w - - 1 27,f2f4,-343,-512,169
r3r2k/3bb2n/3pp1Q1/p1p5/4PP2/PqPP3P/1P4PB/1R2R1K1 b - - 0 27,e6e5,496,454,-42
r3r2k/3bb2n/3p2Q1/p1p1p3/4PP2/PqPP3P/1P4PB/1R2R1K1 w - - 0 28,f4f5,-454,-473,19
rnbqkbnr/pppppppp/8/8/8/8/PPPPPPPP/RNBQKBNR w KQkq - 0 1,d2d4,26,17,-9
rnbqkbnr/pppppppp/8/8/3P4/8/PPP1PPPP/RNBQKBNR b KQkq - 0 1,d7d5,-14,-19,5
rnbqkbnr/ppp1pppp/8/3p4/3P4/8/PPP1PPPP/RNBQKBNR w KQkq - 0 2,c2c4,17,20,3
rnbqkbnr/ppp1pppp/8/3p4/2PP4/8/PP2PPPP/RNBQKBNR b KQkq - 0 2,c7c5,-20,-51,31
rnbqkbnr/pp2pppp/8/2pp4/2PP4/2N5/PP2PPPP/R1BQKBNR b KQkq - 1 3,d5c4,-8,-32,24
rnbqkbnr/pp2pppp/8/2p5/2pP4/2N5/PP2PPPP/R1BQKBNR w KQkq - 0 4,d4d5,31,32,1
rn1qkbnr/pp2pppp/8/2pP1b2/2p5/2N5/PP2PPPP/R1BQKBNR w KQkq - 1 5,e2e4,251,255,4
rn1qkb1r/pp2pppp/5N2/2pP4/2p5/8/PP3PPP/R1BQKBNR b KQkq - 0 7,g7f6,-501,-612,111
rn1qk2r/pp2ppbp/5p2/2pP4/2B5/5N2/PP3PPP/R1BQK2R b KQkq - 2 9,e7e6,-564,-632,68
rn1qk2r/pp3pbp/4pp2/2pP4/2B5/5N2/PP3PPP/R1BQ1RK1 b kq - 1 10,e6d5,-618,-688,70
8/R7/5p2/8/5k2/8/PPB2PPP/R5K1 w - - 1 35,b2b4,1063,1248,185
rnbqkbnr/pppppppp/8/8/8/8/PPPPPPPP/RNBQKBNR w KQkq - 0 1,e2e4,26,26,0
rnbqkbnr/pppppppp/8/8/4P3/8/PPPP1PPP/RNBQKBNR b KQkq - 0 1,d7d5,-22,-72,50
rnbqkbnr/ppp1pppp/8/3p4/4P3/8/PPPP1PPP/RNBQKBNR w KQkq - 0 2,e4d5,63,60,-3
rnbqkbnr/ppp1pppp/8/8/8/2N2N2/PPPP1PPP/R1BQKB1R b KQkq - 3 4,e7e6,-65,-77,12
rnbqkbnr/ppp2ppp/4p3/8/8/2N2N2/PPPP1PPP/R1BQKB1R w KQkq - 0 5,d2d3,70,32,-38
rnbqkbnr/ppp2ppp/4p3/8/8/2NP1N2/PPP2PPP/R1BQKB1R b KQkq - 0 5,h7h6,-31,-45,14
rnbqkb1r/ppp2pp1/4pn1p/8/8/2NP1N2/PPP1BPPP/R1BQ1RK1 b kq - 3 7,a7a6,-32,-46,14
rnbq1rk1/1pp2pp1/p3p2p/8/4Q3/3P1N2/PPP1BPPP/R4RK1 b - - 0 12,f7f5,-27,-127,100
r1b2rk1/1pp3p1/p1n1pq1p/5p2/8/3PQN2/PPP1BPPP/R4RK1 w - - 4 15,c2c3,139,20,-119
r1b2rk1/1pp3p1/p1n1pq1p/5p2/8/2PPQN2/PP2BPPP/R4RK1 b - - 0 15,f5f4,-16,-19,3
r1b2rk1/1pp3p1/p1n1pq1p/8/4Qp2/2PP1N2/PP2BPPP/R4RK1 b - - 1 16,e6e5,-8,9,17
r4r1k/1pp3p1/p1n2q1p/3Qpb2/5p2/2PP1N2/PP2BPPP/R3R1K1 w - - 4 19,d3d4,-41,-165,124
5r1k/1pp3p1/p1nr3p/4pb2/3P1p2/2P2N2/PP2BPPP/R3R1K1 w - - 0 22,d4e5,111,102,-9
5r1k/1pp3p1/p6p/4Nb2/5p2/2P5/PP1rBPPP/R3R1K1 w - - 1 24,b2b3,513,482,-31
4r2k/1pp3p1/p6p/4Nb2/5p2/1PP2B2/P2r1PPP/R3R1K1 b - - 2 25,c7c6,-510,-665,155
4r2k/1p4p1/p1p4p/4Nb1B/5p2/1PP5/P2r1PPP/R3R1K1 b - - 1 26,g7g6,-475,-525,50
rnbqkbnr/pppppppp/8/8/8/8/PPPPPPPP/RNBQKBNR w KQkq - 0 1,e2e4,26,30,4
rnbqkbnr/pppppppp/8/8/4P3/8/PPPP1PPP/RNBQKBNR b KQkq - 0 1,e7e6,-30,-30,0
rnbqkbnr/pppp1ppp/4p3/8/4P3/8/PPPP1PPP/RNBQKBNR w KQkq - 0 2,d2d4,31,37,6
rnbqkbnr/pppp1ppp/4p3/8/3PP3/8/PPP2PPP/RNBQKBNR b KQkq - 0 2,d7d5,-24,-30,6
rnbqkbnr/ppp2ppp/4p3/3p4/3PP3/8/PPP2PPP/RNBQKBNR w KQkq - 0 3,e4e5,28,27,-1
rnbqkbnr/ppp2ppp/4p3/3pP3/3P4/8/PPP2PPP/RNBQKBNR b KQkq - 0 3,c7c5,-25,-27,2
rnbqkbnr/pp3ppp/4p3/2ppP3/3P4/8/PPP2PPP/RNBQKBNR w KQkq - 0 4,c2c3,31,33,2
2r1kb1r/pp1bnppp/1qn1p3/2ppP1B1/3P4/2PB1N2/PPQ2PPP/RN3RK1 b k - 10 9,c5d4,105,100,-5
2r2rk1/pp1b1ppp/1q2p1n1/2bp4/8/2P2N2/PPQNBPPP/1R3RK1 b - - 7 15,h7h6,356,300,-56
rnbqkbnr/pppppppp/8/8/8/8/PPPPPPPP/RNBQKBNR w KQkq - 0 1,e2e4,28,25,-3
rnbqkbnr/pppppppp/8/8/4P3/8/PPPP1PPP/RNBQKBNR b KQkq - 0 1,d7d6,-21,-39,18
rnbqkbnr/ppp1pppp/3p4/8/4P3/8/PPPP1PPP/RNBQKBNR w KQkq - 0 2,d2d4,33,28,-5
rnbqkbnr/ppp1pppp/3p4/8/3PP3/8/PPP2PPP/RNBQKBNR b KQkq - 0 2,c7c6,-33,-69,36
rnbqkbnr/pp2pppp/2pp4/8/3PP3/5N2/PPP2PPP/RNBQKB1R b KQkq - 1 3,a7a6,-64,-99,35
rnbqkbnr/1p2pppp/p1pp4/8/3PP3/5N2/PPP2PPP/RNBQKB1R w KQkq - 0 4,c2c3,94,92,-2
rnbqkbnr/1p2pppp/p1pp4/8/3PP3/2P2N2/PP3PPP/RNBQKB1R b KQkq - 0 4,b7b6,-90,-117,27
rn2kbnr/1bq1pppp/pppp4/8/3PP3/2PB1N2/PP2QPPP/RNB2RK1 b kq - 5 7,c6c5,-125,-174,49
rn2kbnr/1bq1pppp/pp1p4/2p5/3PP3/2PB1N2/PP2QPPP/RNB2RK1 w kq - 0 8,d4c5,168,132,-36
rn2kbnr/1bq1pppp/pp1p4/2P5/4P3/2PB1N2/PP2QPPP/RNB2RK1 b kq - 0 8,d6d5,-130,-312,182
rn2kbnr/1bq1pppp/pp6/2Pp4/4P3/2PB1N2/PP2QPPP/RNB2RK1 w kq - 0 9,e4d5,320,321,1
rn2kbnr/1b2pppp/pp6/2qP4/8/2PB1N2/PP2QPPP/RNB2RK1 w kq - 0 10,g2g3,456,38,-418
4kbnr/2rnpppp/ppb5/8/2B5/1NP3P1/PP2RP1P/3R2K1 b k - 1 19,e7e6,659,612,-47
4kbnr/2rn1ppp/ppb1p3/8/2B5/1NP3P1/PP2RP1P/4R1K1 b k - 1 20,b6b5,637,601,-36
4kbnr/2rn1ppp/p1b1p3/1p6/8/1NPB2P1/PP2RP1P/4R1K1 b k - 1 21,a6a5,737,534,-203
2r1kbnr/1b1n1ppp/4p3/pN6/8/2PB2P1/PP2RP1P/4R1K1 w k - 1 24,c3c4,-572,-639,67
rnbqkbnr/pppppppp/8/8/8/8/PPPPPPPP/RNBQKBNR w KQkq - 0 1,e2e4,28,21,-7
rnbqkbnr/pppppppp/8/8/4P3/8/PPPP1PPP/RNBQKBNR b KQkq - 0 1,e7e5,-19,-24,5
r1bqk1nr/pppp1ppp/2n5/2b1p3/2B1P3/5N2/PPPP1PPP/RNBQ1RK1 b kq - 5 4,d7d6,-16,-28,12
r1bqk1nr/ppp2ppp/2np4/2b1p3/2B1P3/5N2/PPPP1PPP/RNBQ1RK1 w kq - 0 5,c2c3,25,25,0
r2qk1nr/ppp2ppp/2np4/2b1p3/2B1P1b1/2P2N2/PP1P1PPP/RNBQ1RK1 w kq - 1 6,d2d4,44,-53,-97
r3k1nr/ppp2ppp/2np1q2/2b1p3/2BPP3/2P2Q2/PP3PPP/RNB2RK1 w kq - 1 8,d4c5,536,541,5
r3k1nr/ppp2ppp/2np4/2P1p3/2B1P3/2P2q2/PP3PPP/RNB2RK1 w kq - 0 9,g2f3,560,551,-9
r3k1nr/ppp2ppp/2np4/2P1p3/2B1P3/2P2P2/PP3P1P/RNB2RK1 b kq - 0 9,d6c5,-539,-536,-3
r3k2r/ppp1nppp/2n5/2B1p3/2B1P3/2P2P2/PP3P1P/RN3RK1 b kq - 0 11,f7f5,-495,-577,82
r3k2r/ppp1n1pp/2n5/2B1pp2/2B1P3/2P2P2/PP3P1P/RN3RK1 w kq - 0 12,e4f5,584,512,-72
3r4/p1p1k1pp/8/4p3/2n1B3/1NP2P2/P4P1P/5RK1 b - - 2 21,h7h6,-429,-451,22
rnbqkbnr/pppppppp/8/8/8/8/PPPPPPPP/RNBQKBNR w KQkq - 0 1,e2e4,22,28,6
rnbqkbnr/pppppppp/8/8/4P3/8/PPPP1PPP/RNBQKBNR b KQkq - 0 1,e7e6,-27,-28,1
rnbqkbnr/pppp1ppp/4p3/8/4P3/8/PPPP1PPP/RNBQKBNR w KQkq - 0 2,d2d4,29,36,7
rnbqkbnr/pppp1ppp/4p3/8/3PP3/8/PPP2PPP/RNBQKBNR b KQkq - 0 2,d7d5,-38,-38,0
rnbqkbnr/ppp2ppp/4p3/3p4/3PP3/8/PPP2PPP/RNBQKBNR w KQkq - 0 3,e4d5,38,9,-29
rnbqkbnr/ppp2ppp/4p3/3P4/3P4/8/PPP2PPP/RNBQKBNR b KQkq - 0 3,e6d5,-7,-10,3
rnbqk2r/ppp2ppp/3b1n2/3p2B1/3P4/2NB4/PPP2PPP/R2QK1NR b KQkq - 5 6,c7c6,-5,5,10
rn1q1rk1/pp3ppp/2pb1n2/3p2B1/3P2b1/2NB4/PPPQNPPP/R3K2R w KQ - 4 9,f2f3,48,46,-2
rn1q1rk1/pp3ppp/2pb1nb1/3p2B1/3P4/2NB1P2/PPPQN1PP/2K1R2R b - - 4 11,b7b5,-9,-45,36
rn1q1rk1/p4ppp/2pb1nB1/1p1p2B1/3P4/2N2P2/PPPQN1PP/2K1R2R b - - 0 12,f7g6,-40,-63,23
rn1q1rk1/p5pp/2pb1np1/1p1p4/3P1B2/2N2P2/PPPQN1PP/2K1R2R b - - 1 13,a7a5,7,-5,-12
rn3rk1/6pp/2pq1np1/pp1p4/3P4/2N2PN1/PPPQ2PP/2K1R2R b - - 1 15,a5a4,102,49,-53
rn3rk1/6pp/2pq1np1/1p1p4/p2P4/2N2PN1/PPPQR1PP/2K4R b - - 1 16,b5b4,109,106,-3
rn3rk1/6pp/2pq1np1/3p4/pp1P4/5PN1/PPPQR1PP/2KN3R b - - 1 17,b4b3,118,69,-49
rn3rk1/6pp/2pq1np1/3p4/p2P4/1p3PN1/PPPQR1PP/2KN3R w - - 0 18,a2a3,-67,-78,11
4n1k1/6pp/n1pq2p1/Q2p4/p2P4/Pp3PN1/1PP3PP/2KN4 b - - 1 22,c6c5,-31,-97,66
4n1k1/6pp/n2q2p1/Q1pp4/p2P4/Pp3PN1/1PP3PP/2KN4 w - - 0 23,d4c5,92,1,-91
4n1k1/6pp/3q2p1/Q1np4/p7/PpN2PN1/1PP3PP/2K5 b - - 1 24,b3c2,345,-154,-499
4n1k1/6pp/3q2p1/Q1np4/p7/P1N2PN1/1PK3PP/8 b - - 0 25,d5d4,-97,-203,106
4n1k1/6pp/3q2p1/Q1n5/p2pN3/P4PN1/1PK3PP/8 b - - 1 26,d4d3,-139,-150,11
4n1k1/6pp/4q1p1/8/Q3N3/P2p1P2/1P4PP/3K4 b - - 0 29,h7h5,-217,-286,69
8/6pk/6p1/6qp/8/P2p1P2/1P4PP/1K2Q3 b - - 2 34,d3d2,271,85,-186
8/6pk/6p1/7p/8/P4P2/1P1p2QP/1K6 b - - 0 36,d2d1q,-20,-21,1
8/6pk/6p1/3q3p/8/P4P2/KP4QP/8 w - - 6 40,b2b3,33,26,-7
8/6p1/6pk/3q3p/8/PP3P2/1K4QP/8 b - - 2 41,g6g5,-18,-37,19
8/6p1/7k/3q2pp/8/PP3P2/1K4QP/8 w - - 0 42,b3b4,31,-20,-51
8/6p1/7k/3q2pp/1P6/P4P2/1K4QP/8 b - - 0 42,g5g4,17,15,-2
8/6p1/6k1/7p/1P4p1/P4q2/1K1Q3P/8 w - - 2 45,a3a4,-14,-24,10
8/6p1/6k1/7p/PP4p1/5q2/1K1Q3P/8 b - - 0 45,h5h4,21,23,2
8/6p1/6k1/8/PP4pp/5q2/1K1Q3P/8 w - - 0 46,a4a5,-21,-20,-1
8/6p1/6k1/P7/1P4pp/5q2/1K1Q3P/8 b - - 0 46,g4g3,18,15,-3
8/6p1/6k1/P7/1P5p/5qp1/1K1Q3P/8 w - - 0 47,h2g3,-18,-16,-2
8/6p1/6k1/P7/1P5p/5qP1/1K1Q4/8 b - - 0 47,h4g3,4,0,-4
8/6p1/5k2/P7/1P6/6p1/1K6/8 w - - 0 51,a5a6,0,0,0
8/6p1/P4k2/8/1P6/6p1/1K6/8 b - - 0 51,g3g2,0,0,0
8/6p1/P4k2/8/1P6/8/1K4p1/8 w - - 0 52,a6a7,0,0,0
8/P5p1/5k2/8/1P6/8/1K4p1/8 b - - 0 52,g2g1q,0,0,0
8/P5p1/5k2/8/1P6/8/1K6/6q1 w - - 0 53,a7a8q,0,0,0
8/6p1/2K2k2/8/1P6/8/8/8 b - - 0 62,g7g5,-1,0,1
8/8/2K2k2/6p1/1P6/8/8/8 w - - 0 63,b4b5,0,0,0
8/8/2K2k2/1P4p1/8/8/8/8 b - - 0 63,g5g4,0,0,0
8/8/2K2k2/1P6/6p1/8/8/8 w - - 0 64,b5b6,0,0,0
8/8/1PK2k2/8/6p1/8/8/8 b - - 0 64,g4g3,0,0,0
8/8/1PK2k2/8/8/6p1/8/8 w - - 0 65,b6b7,0,0,0
8/1P6/2K2k2/8/8/6p1/8/8 b - - 0 65,g3g2,0,0,0
8/1P6/2K2k2/8/8/8/6p1/8 w - - 0 66,b7b8q,0,0,0
1Q6/8/2K2k2/8/8/8/6p1/8 b - - 0 66,g2g1q,0,0,0
rnbqkbnr/pppppppp/8/8/8/8/PPPPPPPP/RNBQKBNR w KQkq - 0 1,d2d4,28,15,-13
rnbqkbnr/pppppppp/8/8/3P4/8/PPP1PPPP/RNBQKBNR b KQkq - 0 1,c7c5,-16,-84,68
rnbqkbnr/pp1ppppp/8/2p5/3P4/8/PPP1PPPP/RNBQKBNR w KQkq - 0 2,d4d5,65,68,3
rnbqkbnr/pp1ppppp/8/2pP4/8/8/PPP1PPPP/RNBQKBNR b KQkq - 0 2,d7d6,-66,-76,10
rn1qkbnr/pp2pppp/3p4/2pP4/6b1/5N2/PPP1PPPP/RNBQKB1R w KQkq - 2 4,e2e3,90,65,-25
rn1qkb1r/pp2pppp/3p1n2/2pP4/6b1/4PN2/PPP1BPPP/RNBQK2R b KQkq - 2 5,e7e6,-50,-56,6
rn1qkb1r/pp3ppp/3ppn2/2pP4/6b1/4PN2/PPP1BPPP/RNBQK2R w KQkq - 0 6,d5e6,38,3,-35
r2qkb1r/pp3ppp/2npbn2/2p5/8/4PN2/PPP1BPPP/RNBQ1RK1 w kq - 2 8,b2b3,18,0,-18
r2q1rk1/pp2bppp/2npbn2/2p5/8/1P2PN2/PBP1BPPP/RN1Q1RK1 w - - 3 10,c2c4,7,-3,-10
r2q1rk1/pp2bppp/3pbn2/2p5/1nP5/1P2PN2/PB2BPPP/RN1Q1RK1 w - - 1 11,a2a3,107,108,1
r2q1rk1/pp2bppp/2npbn2/2p5/2P5/PPN1PN2/1B2BPPP/R2Q1RK1 b - - 2 12,h7h6,-98,-116,18
r2q1rk1/pp2bpp1/2npbn1p/2p5/2P5/PPN1PN2/1B2BPPP/R2Q1RK1 w - - 0 13,h2h3,128,93,-35
r2qr1k1/pp2bpp1/2npbn1p/2p5/2P5/PPN1PN1P/1B2BPP1/2RQ1RK1 b - - 2 14,a7a6,-77,-107,30
3r2k1/1p3pp1/p2pr2p/2R5/2P4n/PP2P2P/5PP1/3RNK2 b - - 0 34,d6c5,-293,-373,80
8/1p3ppk/p3r2p/2pR4/2P4n/PP2P2P/5PP1/4NK2 b - - 2 36,b7b6,-240,-303,63
8/5ppk/pp2r2p/2pR4/2P4n/PP2P2P/5PP1/4NK2 w - - 0 37,g2g3,302,285,-17
8/5ppk/ppn1r2p/2p5/2P5/PP1RPNPP/5P2/5K2 w - - 5 40,g3g4,226,216,-10
8/5ppk/pp2r2p/2pRn3/2P3PN/PP2P2P/4KP2/8 b - - 6 43,g7g6,-249,-259,10
8/5p1k/pp4pp/2p1n3/2P3P1/PP2P2P/3NKP2/8 w - - 0 47,f2f4,250,204,-46
8/5pk1/ppn3pp/2p5/2P2PP1/PP2PN1P/4K3/8 w - - 3 49,h3h4,196,169,-27
8/5pk1/ppn3pp/2p5/2P2PPP/PP2PN2/4K3/8 b - - 0 49,f7f6,-166,-161,-5
8/8/pp1k1ppp/n1pN4/2P2PPP/PPK1P3/8/8 b - - 11 55,g6g5,-353,-379,26
8/8/pp1k1N1p/n1p3p1/2P2PPP/PPK1P3/8/8 b - - 0 56,g5f4,-150,-427,277
8/8/pp1k1N1p/n1p5/2P2pPP/PPK1P3/8/8 w - - 0 57,e3f4,431,439,8
8/8/pp2k2p/n1pN4/2P2PPP/PPK5/8/8 b - - 2 58,b6b5,-466,-458,-8
8/8/p3k2p/nppN4/2P2PPP/PPK5/8/8 w - - 0 59,c4b5,464,477,13
8/8/p3k2p/nPpN4/5PPP/PPK5/8/8 b - - 0 59,a6b5,-463,-558,95
8/8/2n1k2p/1pp2N2/5PPP/PPK5/8/8 b - - 3 61,h6h5,-379,-401,22
8/8/2n1k3/1pp4p/5PPP/PPK1N3/8/8 b - - 1 62,h5g4,-283,-247,-36
8/8/8/1pp1Nk2/3n1P1P/PPK5/8/8 w - - 3 65,h4h5,354,191,-163
8/8/8/1pp1N2P/3n1k2/PPK5/8/8 w - - 0 66,h5h6,518,548,30
8/8/7P/1pp1Nn2/5k2/PPK5/8/8 w - - 1 67,h6h7,590,610,20
8/7P/8/1pp1kn2/8/PPK5/8/8 w - - 0 68,h7h8q,625,640,15
rnbqkbnr/pppppppp/8/8/8/8/PPPPPPPP/RNBQKBNR w KQkq - 0 1,d2d4,16,18,2
rnbqkbnr/pppppppp/8/8/3P4/8/PPP1PPPP/RNBQKBNR b KQkq - 0 1,d7d5,-18,-13,-5
rnbqkb1r/ppp1pppp/5n2/3p4/3P4/5N2/PPP1PPPP/RNBQKB1R w KQkq - 2 3,c2c4,15,16,1
rnbqkb1r/ppp1pppp/5n2/3p4/2PP4/5N2/PP2PPPP/RNBQKB1R b KQkq - 0 3,c7c6,-17,-22,5
rnbqkb1r/pp2pppp/2p2n2/3p4/2PP4/2N2N2/PP2PPPP/R1BQKB1R b KQkq - 1 4,d5c4,-18,-14,-4
rnbqkb1r/pp2pppp/2p2n2/8/2pP4/2N2N2/PP2PPPP/R1BQKB1R w KQkq - 0 5,e2e4,19,-21,-40
rn1qkb1r/pp2pppp/2p2n2/7b/3PP3/2N2N2/PP2BPPP/R1BQK2R b KQkq - 2 7,e7e6,-66,-67,1
rn1qkb1r/pp3ppp/2p1pnb1/6B1/3PP3/2N2N2/PP2BPPP/R2QK2R w KQkq - 2 9,e4e5,391,366,-25
rn1qkb1r/pp3ppp/2p1pnb1/4P1B1/3P4/2N2N2/PP2BPPP/R2QK2R b KQkq - 0 9,h7h6,-379,-376,-3
rn1qkb1r/pp3pp1/2p1pnbp/4P1B1/3P4/2N2N2/PP2BPPP/R2QK2R w KQkq - 0 10,e5f6,374,0,-374
rn1qkb1r/pp3pp1/2p1pPbp/6B1/3P4/2N2N2/PP2BPPP/R2QK2R b KQkq - 0 10,h6g5,0,0,0
rn1qkb1r/pp3pp1/2p1pPb1/6p1/3P4/2N2N2/PP2BPPP/R2QK2R w KQkq - 0 11,f6g7,0,-52,-52
r3k2r/ppqn1pb1/2p1p1b1/6p1/3P4/2N2N2/PP1QBPPP/R4RK1 w kq - 4 14,g2g3,-64,-36,-28
r3k2r/ppq2p2/2p1pQ2/4n1N1/3b4/2N3P1/PP3P1P/R4RK1 b kq - 3 18,c6c5,-127,-606,479
r7/ppq1kp2/4p3/2p1n1N1/3b3Q/2N3P1/PP3P1P/R4RK1 b - - 2 20,f7f6,-472,-733,261
rnbqkbnr/pppppppp/8/8/8/8/PPPPPPPP/RNBQKBNR w KQkq - 0 1,e2e4,24,22,-2
rnbqkbnr/pppppppp/8/8/4P3/8/PPPP1PPP/RNBQKBNR b KQkq - 0 1,c7c5,-28,-31,3
rnbqkbnr/pp1ppppp/8/2p5/4P3/5N2/PPPP1PPP/RNBQKB1R b KQkq - 1 2,b7b6,-29,-66,37
rnbqkbnr/p2ppppp/1p6/2p5/4P3/5N2/PPPP1PPP/RNBQKB1R w KQkq - 0 3,c2c3,66,30,-36
r1bqkbnr/p2ppppp/1pn5/2p5/4P3/2P2N2/PP1P1PPP/RNBQKB1R w KQkq - 1 4,d2d4,144,152,8
r1bqkbnr/p2ppppp/1pn5/2p5/3PP3/2P2N2/PP3PPP/RNBQKB1R b KQkq - 0 4,e7e6,-159,-166,7
r1bqkbnr/p2p1ppp/1pn1p3/2p5/3PP3/2P1BN2/PP3PPP/RN1QKB1R b KQkq - 1 5,d7d6,-47,-112,65
r2qkbnr/pb3ppp/1pnpp3/1Bp5/3PP3/2P1BN2/PP1N1PPP/R2QK2R b KQkq - 3 7,a7a6,-49,-46,-3
r2qkbnr/5ppp/pp1pp3/1bp5/3PP3/2P1BN2/PP1N1PPP/R2QR1K1 b kq - 3 10,c5c4,-109,-347,238
r2qkbnr/5ppp/pp1pp3/1b6/2pPP3/2P1BN2/PP1N1PPP/R2QR1K1 w kq - 0 11,e4e5,320,90,-230
r2qkbnr/5ppp/pp1pp3/1b2P3/2pP4/2P1BN2/PP1N1PPP/R2QR1K1 b kq - 0 11,d6d5,-79,-87,8
r2qkbnr/5ppp/pp2p3/1b1pP3/2pP4/2P1BN2/PP1N1PPP/R2QR1K1 w kq - 0 12,b2b3,86,36,-50
r3kbnr/3q1ppp/pp2p3/1b1pP3/2pP4/1PP1BN2/P2N1PPP/R2QR1K1 w kq - 1 13,a2a4,187,180,-7
r3kbnr/3q1ppp/ppb1p3/3pP3/P1pP4/1PP1BN2/3N1PPP/R2QR1K1 w kq - 1 14,b3c4,206,188,-18
r3kbnr/3q1ppp/ppb1p3/3pP3/P1PP4/2P1BN2/3N1PPP/R2QR1K1 b kq - 0 14,d5c4,-176,-325,149
1r2k1nr/3qbppp/ppb1p3/4P3/P1NP4/2P1BN2/2Q2PPP/R3R1K1 b k - 4 17,b6b5,-217,-211,-6
1r2k1nr/3qbppp/p1b1p3/1p2P3/P1NP4/2P1BN2/2Q2PPP/R3R1K1 w k - 0 18,a4b5,212,197,-15
1r2k1nr/3qbppp/p1b1p3/1P2P3/2NP4/2P1BN2/2Q2PPP/R3R1K1 b k - 0 18,a6b5,-218,-212,-6
1r2k1nr/3qbppp/2b1p3/1p2P3/3P4/2P1BN2/2QN1PPP/R3R1K1 b k - 1 19,b5b4,-161,-286,125
1r2k1nr/3qbppp/2b1p3/4P3/1p1P4/2P1BN2/2QN1PPP/R3R1K1 w k - 0 20,c3b4,294,228,-66
1r3rk1/3qbppp/4p3/1b2P3/3P4/1R2Q3/3N1PPP/1R2N1K1 b - - 2 28,f7f6,-75,-282,207
1r3rk1/3qb1pp/4pp2/1b2P3/3P4/1R2Q3/2NN1PPP/1R4K1 b - - 1 29,f6e5,-68,-94,26
1r3rk1/3qb1pp/4p3/1b2p3/3P4/1R2Q3/2NN1PPP/1R4K1 w - - 0 30,d4e5,96,45,-51
rnbqkbnr/pppppppp/8/8/8/8/PPPPPPPP/RNBQKBNR w KQkq - 0 1,e2e4,26,29,3
rnbqkbnr/pppppppp/8/8/4P3/8/PPPP1PPP/RNBQKBNR b KQkq - 0 1,e7e5,-31,-19,-12
rnbqk1nr/pppp1ppp/8/2bNp3/4P3/8/PPPP1PPP/R1BQKBNR w KQkq - 4 4,c2c3,56,39,-17
rnb1k2r/pppp1ppp/5q2/2b1p3/4P3/2P5/PP1P1PPP/R1BQKBNR w KQkq - 0 6,f2f3,-8,-120,112
rnb2rk1/pppp1ppp/5q2/2b1p3/2B1P3/2P2P2/PP1P2PP/R1BQK1NR b KQ - 2 7,d7d6,150,64,-86
rnb2rk1/ppp2ppp/3p1q2/2b1p3/2B1P3/2P2P2/PP1P2PP/R1BQK1NR w KQ - 0 8,b2b4,-77,-133,56
rnb2rk1/ppp2ppp/1b1p1q2/4p3/1PB1P3/2P2P2/P2P2PP/R1BQK1NR w KQ - 1 9,a2a4,-137,-151,14
rnb2rk1/ppp2ppp/1b1p1q2/4p3/PPB1P3/2P2P2/3P2PP/R1BQK1NR b KQ - 0 9,a7a6,131,75,-56
rnb2rk1/1pp2ppp/pb1p1q2/4p3/PPB1P3/2P2P2/3P2PP/R1BQK1NR w KQ - 0 10,a4a5,-72,-60,-12
rnb2rk1/bpp2ppp/p2p1q2/P3p3/1PB1P3/2P2P2/3P2PP/R1BQK1NR w KQ - 1 11,d2d3,-72,-59,-13
r4rk1/bpp2ppp/p1np4/P3p1B1/1Pb1P3/2PP1P2/6PP/R3K1NR w KQ - 0 15,d3c4,-58,-61,3
r4rk1/bpp2ppp/p1np4/P3p1B1/1PP1P3/2P2P2/6PP/R3K1NR b KQ - 0 15,h7h6,47,57,10
r4rk1/bpp2pp1/p2p2np/P3p3/1PP1P3/2P2P2/3BN1PP/2KR3R b - - 5 18,b7b6,30,4,-26
r4rk1/b1p2pp1/pp1p2np/P3p3/1PP1P3/2P2PN1/3B2PP/2KR3R b - - 1 19,b6a5,33,25,-8
r4rk1/b1p2pp1/p2p2np/p3p3/1PP1P3/2P2PN1/3B2PP/2KR3R w - - 0 20,b4a5,-27,-17,-10
6k1/2p2pp1/p2p3p/P3pN2/2P1PB2/b1P2P2/6PP/1K6 b - - 0 28,e5f4,-174,-190,16
5k2/2N2pp1/p2p3p/P1b5/2P1Pp2/2P2P2/6PP/1K6 b - - 0 31,g7g5,-367,-395,28
8/4kp2/3p3p/P1N3p1/2P1Pp2/2P2P2/6PP/1K6 b - - 0 33,d6c5,-656,-705,49
8/1k3p2/7p/PKp3p1/2P1Pp2/2P2P2/6PP/8 b - - 7 37,h6h5,-453,-491,38
8/5p2/k7/P5pp/1KP1Pp2/2P2P2/6PP/8 b - - 2 39,f7f6,-637,-669,32
8/8/k4p2/P5pp/1KP1Pp2/2P2P2/6PP/8 w - - 0 40,c4c5,682,746,64
8/8/k4p2/P1P3pp/1K2Pp2/2P2P2/6PP/8 b - - 0 40,g5g4,-803,-866,63
8/8/k4p2/P1P4p/1K2Ppp1/2P2P2/6PP/8 w - - 0 41,f3g4,896,500,-396
8/8/k4p2/P1P4p/1K2PpP1/2P5/6PP/8 b - - 0 41,h5g4,-526,-526,0
8/8/k4p2/P1P5/1K2Ppp1/2P5/6PP/8 w - - 0 42,c3c4,526,-501,-1027
8/8/k4p2/P1P5/1KP1Ppp1/8/6PP/8 b - - 0 42,f4f3,528,543,15
8/8/k4p2/P1P5/1KP1P1p1/5p2/6PP/8 w - - 0 43,g2f3,-545,-556,11
8/8/k4p2/P1P5/1KP1P1p1/5P2/7P/8 b - - 0 43,g4f3,550,557,7
8/8/k4p2/P1P5/1KP1P3/5p2/7P/8 w - - 0 44,c5c6,-568,-570,2
8/k7/2P2p2/P7/1KP1P3/5p2/7P/8 w - - 1 45,c6c7,-487,-523,36
8/2k5/5p2/PK6/2P1P3/5p2/7P/8 w - - 0 47,a5a6,-581,-606,25
1k6/8/P4p2/1K6/2P1P3/5p2/7P/8 w - - 1 48,c4c5,-533,-565,32
1k6/8/P4p2/1KP5/4P3/5p2/7P/8 b - - 0 48,f3f2,588,580,-8
1k6/8/PK3p2/2P5/4P3/8/5p1P/8 b - - 1 49,f2f1q,595,594,-1
1k6/8/PK3p2/2P5/4P3/8/7P/5q2 w - - 0 50,a6a7,-615,-642,27
k7/P7/1K3p2/2P5/4P3/8/7P/5q2 w - - 1 51,c5c6,-647,-658,11
k7/P7/K1P2p2/2q5/4P3/8/7P/8 w - - 11 57,h2h4,-729,-741,12
8/k7/2q2p2/K7/4P2P/8/8/8 w - - 0 59,h4h5,-751,-830,79
8/k7/5p2/7P/4q3/K7/8/8 w - - 0 62,h5h6,-856,-1264,408
rnbqkbnr/pppppppp/8/8/8/8/PPPPPPPP/RNBQKBNR w KQkq - 0 1,e2e4,20,23,3
rnbqkbnr/pppppppp/8/8/4P3/8/PPPP1PPP/RNBQKBNR b KQkq - 0 1,c7c5,-26,-32,6
rnbqkbnr/pp1ppppp/8/2p5/2B1P3/8/PPPP1PPP/RNBQK1NR b KQkq - 1 2,e7e6,6,3,-3
rnbqkbnr/pp1p1ppp/4p3/2p5/2B1P3/8/PPPP1PPP/RNBQK1NR w KQkq - 0 3,d2d3,-3,-23,20
rnbqkbnr/pp1p1ppp/4p3/2p5/2B1P3/3P4/PPP2PPP/RNBQK1NR b KQkq - 0 3,d7d5,29,39,10
rnbqkbnr/pp3ppp/4p3/2pp4/2B1P3/3P4/PPP2PPP/RNBQK1NR w KQkq - 0 4,e4e5,-32,-477,445
rnbqkbnr/pp3ppp/4p3/2ppP3/2B5/3P4/PPP2PPP/RNBQK1NR b KQkq - 0 4,d5c4,474,465,-9
rnbqkbnr/pp3ppp/4p3/2p1P3/2p5/3P4/PPP2PPP/RNBQK1NR w KQkq - 0 5,d3c4,-448,-563,115
r1b1kbnr/pp3ppp/2n1p3/2p1P3/2P5/5N2/PPP2PPP/RNBK3R b kq - 2 7,f7f6,528,533,5
r1b1kbnr/pp4pp/2n1pp2/2p1P3/2P5/5N2/PPP2PPP/RNBK3R w kq - 0 8,e5f6,-523,-563,40
r1b2rk1/pp4pp/4p3/2p3B1/2Pn4/2n1K3/PPP3PP/R7 w - - 0 18,b2c3,-888,-949,61
r1b1r1k1/pp4pp/3Bp3/2p5/2P5/2P5/P2K2PP/n7 b - - 3 21,e6e5,1039,971,-68
r3r1k1/pp4pp/8/2B1pb2/2P5/2P5/P2K2PP/n7 w - - 1 23,g2g4,-996,-997,1
r3r1k1/pp4pp/6b1/2B1p3/2P3P1/2P5/P2K3P/n7 w - - 1 24,h2h3,-994,-1009,15
r3r1k1/pp4pp/6b1/2B1p3/2P3P1/2P4P/P1nK4/8 w - - 1 25,h3h4,-1025,-1025,0
r3r1k1/pp4pp/6b1/2B1p3/2P3PP/2P5/P1nK4/8 b - - 0 25,h7h6,1030,983,-47
r3r1k1/pp4p1/6bp/2B1p3/2P3PP/2P5/P1nK4/8 w - - 0 26,h4h5,-993,-1002,9
r3r1k1/pp4pb/7p/4p2P/1nP3P1/2P5/P2K4/8 w - - 0 28,c3b4,-958,-971,13
r3r1k1/pp4pb/7p/4p2P/1PP3P1/8/P2K4/8 b - - 0 28,e5e4,995,1033,38
r3r1k1/pp4pb/7p/7P/1PP1p1P1/2K5/P7/8 b - - 1 29,e4e3,1199,1420,221
r3r1k1/pp4pb/7p/7P/1PP3P1/1K2p3/P7/8 b - - 1 30,e3e2,10000,10000,0
r3r1k1/pp4pb/7p/7P/KPP3P1/8/P3p3/8 b - - 1 31,e2e1q,10000,10000,0
2rr2k1/pp4pb/7p/7P/KPq3P1/8/8/8 b - - 1 37,b7b5,10000,10000,0
1r1r2k1/p5pb/7p/Kp5P/1Pq3P1/8/8/8 w - - 2 39,g4g5,-10000,-10000,0
rnbqkbnr/pppppppp/8/8/8/8/PPPPPPPP/RNBQKBNR w KQkq - 0 1,d2d4,25,16,-9
rnbqkbnr/pppppppp/8/8/3P4/8/PPP1PPPP/RNBQKBNR b KQkq - 0 1,d7d6,-20,-48,28
rnbqkbnr/ppp1pppp/3p4/8/3P4/8/PPP1PPPP/RNBQKBNR w KQkq - 0 2,e2e4,45,39,-6
r1bqkbnr/pppnpppp/3p4/1B6/3PP3/8/PPP2PPP/RNBQK1NR b KQkq - 2 3,c7c6,-6,-7,1
r1bqkbnr/pp1npppp/2pp4/8/B2PP3/8/PPP2PPP/RNBQK1NR b KQkq - 1 4,e7e5,12,12,0
r1bqkbnr/pp1n1ppp/2pp4/4p3/B2PP3/8/PPP2PPP/RNBQK1NR w KQkq - 0 5,d4d5,-6,-86,80
r1bqkbnr/pp1n1ppp/2pp4/3Pp3/B3P3/8/PPP2PPP/RNBQK1NR b KQkq - 0 5,c6c5,94,-91,-185
r1bqkbnr/pp1n1ppp/3p4/2pPp2Q/B3P3/8/PPP2PPP/RNB1K1NR b KQkq - 1 6,a7a6,21,-9,-30
r1bqkb1r/1p1n1ppp/p2p1n2/2pPp1B1/B3P2Q/8/PPP2PPP/RN2K1NR b KQkq - 3 8,b7b5,428,427,-1
r1bqkb1r/3n1ppp/p2p1n2/1ppPp1B1/4P2Q/1B6/PPP2PPP/RN2K1NR b KQkq - 1 9,c5c4,433,439,6
r1bqkb1r/3n1ppp/p2p1n2/1p1Pp1B1/2p1P2Q/1B3N2/PPP2PPP/RN2K2R b KQkq - 1 10,c4b3,512,513,1
r1bqkb1r/3n1ppp/p2p1n2/1p1Pp1B1/4P2Q/1p3N2/PPP2PPP/RN2K2R w KQkq - 0 11,a2b3,-483,-496,13
r1bqkb1r/3n1ppp/p2p1n2/1p1Pp1B1/4P2Q/1P3N2/1PP2PPP/RN2K2R b KQkq - 0 11,h7h6,494,479,-15
r1bqkb1r/3n1pp1/p2p1n1p/1p1Pp1B1/4P2Q/1P3N2/1PP2PPP/RN2K2R w KQkq - 0 12,c2c4,-464,-488,24
r1bqkb1r/3n1pp1/p2p1n1p/1p1Pp1B1/2P1P2Q/1P3N2/1P3PPP/RN2K2R b KQkq - 0 12,b5c4,477,471,-6
r1bqkb1r/3n1pp1/p2p1n1p/3Pp1B1/2p1P2Q/1P3N2/1P3PPP/RN2K2R w KQkq - 0 13,b3c4,-464,-450,-14
r1bqkb1r/3n1pp1/p2p1n1p/3Pp1B1/2P1P2Q/5N2/1P3PPP/RN2K2R b KQkq - 0 13,g7g6,459,404,-55
r1bqkb1r/3n1p2/p2p1npp/3Pp1B1/2P1P2Q/5N2/1P3PPP/RN2K2R w KQkq - 0 14,b2b4,-388,-448,60
r1bq1rk1/5pb1/p2p1npp/3Pp3/1PP1P2Q/N4N2/5PPP/R4RK1 b - - 3 17,g6g5,573,565,-8
r1bq1rk1/5pb1/p2p1n1p/3Pp1N1/1PP1P2Q/N7/5PPP/R4RK1 b - - 0 18,h6g5,543,538,-5
r1bq1rk1/5pb1/p2p1n2/3Pp3/1PP5/N3Q3/5PPP/R4RK1 w - - 2 21,f2f4,-523,-550,27
r1bq1rk1/5pb1/p2p1n2/3Pp3/1PP2P2/N3Q3/6PP/R4RK1 b - - 0 21,e5f4,553,556,3
rnbqkbnr/pppppppp/8/8/8/8/PPPPPPPP/RNBQKBNR w KQkq - 0 1,f2f3,33,-70,-103
rnbqkbnr/pppppppp/8/8/8/5P2/PPPPP1PP/RNBQKBNR b KQkq - 0 1,c7c6,80,-24,-104
rnbqkbnr/pp1ppppp/2p5/8/8/5P2/PPPPP1PP/RNBQKBNR w KQkq - 0 2,e2e4,26,5,-21
rnbqkbnr/pp1ppppp/2p5/8/4P3/5P2/PPPP2PP/RNBQKBNR b KQkq - 0 2,b7b6,-22,-76,54
rnbqkbnr/p2ppppp/1pp5/8/4P3/5P2/PPPP2PP/RNBQKBNR w KQkq - 0 3,d2d4,67,66,-1
rnbqkbnr/p2ppppp/1pp5/8/3PP3/5P2/PPP3PP/RNBQKBNR b KQkq - 0 3,a7a6,-62,-94,32
rn1qkbnr/1b1ppppp/ppp5/8/3PP3/5PN1/PPP1B1PP/RNBQ1RK1 b kq - 7 7,e7e6,-138,-164,26
rn1qk1nr/1b1p1ppp/pppbp3/8/3PP3/4BPN1/PPP1B1PP/RN1Q1RK1 w kq - 2 9,c2c4,231,206,-25
rn1qk1nr/1b1p1ppp/ppp1p3/8/2PPP3/4BPb1/PP2B1PP/RN1Q1RK1 w kq - 0 10,h2g3,195,195,0
rn2k1nr/1bqp1ppp/ppp1p3/8/2PPP3/4BPP1/PP2B1PK/RN1Q1R2 b kq - 2 11,h7h5,-197,-315,118
rn2k1nr/1bqp1pp1/ppp1p3/7p/2PPP3/5PP1/PP2BBPK/RN1Q1R2 b kq - 1 12,h5h4,65,41,-24
rn2k1nr/1bqp1pp1/ppp1p3/8/2PPP2p/5PP1/PP2BBP1/RN1Q1RK1 b kq - 1 13,h4g3,390,388,-2
rn2k1nr/1bqp1pp1/ppp1p3/8/2PPP3/5Pp1/PP2B1P1/RN1QBRK1 b kq - 1 14,d7d6,468,-114,-582
rn2k1nr/1b2qpp1/ppppp3/8/2PPP3/3Q1Pp1/PP2B1P1/RN2BRK1 w kq - 2 16,f3f4,64,-10000,-10064
rn2k1n1/1b3ppr/ppppp3/8/2PPPP2/2N5/PP1BBKP1/R4R2 b q - 3 21,f7f6,-178,-229,51
rn2k1n1/1b4pr/pppppp2/8/2PPPP2/2N5/PP1BBKP1/R6R b q - 1 22,g7g6,-201,-734,533
b7/3nn1k1/ppppppp1/8/2PPPP2/2N2B2/PP1B1KP1/7R b - - 1 29,f6f5,-705,-739,34
b7/3nn1k1/ppppp1p1/5p2/2PPPP2/2N2B2/PP1B1KP1/7R w - - 0 30,g2g4,766,724,-42
b7/3nn1k1/ppppp1p1/5p2/2PPPPP1/2N2B2/PP1B1K2/7R b - - 0 30,f5g4,-720,-700,-20
b7/3nn1k1/ppppp1p1/8/2PPPPB1/2N5/PP1B1K2/7R b - - 0 31,g6g5,-700,-773,73
8/4k3/ppB5/6p1/2PPPP2/2N5/PP1B1K2/8 w - - 1 40,d4d5,986,939,-47
8/8/ppBk4/3P2p1/2P1PP2/2N5/PP1B1K2/8 w - - 1 41,f4g5,996,997,1
8/8/ppB5/2kP2P1/2P1P3/2N5/PP1B1K2/8 w - - 1 42,g5g6,1047,1120,73
8/8/ppB3P1/3P4/2k1P3/2N5/PP1B1K2/8 w - - 0 43,g6g7,10000,10000,0
8/6P1/ppB5/3P4/3kP3/2N5/PP1B1K2/8 w - - 1 44,g7g8q,10000,10000,0
8/8/ppB5/3P4/N3P3/4Q3/PPk2K2/8 b - - 3 47,b6b5,-1047,-10000,8953
8/8/p1B5/1p1P4/N3P3/8/kPQ2K2/8 b - - 1 51,b5a4,-10000,-10000,0
8/8/p1B5/3P4/p3P3/8/kPQ2K2/8 w - - 0 52,b2b3,10000,10000,0
8/8/p1B5/3P4/p3P3/kP6/2Q2K2/8 w - - 1 53,b3a4,10000,10000,0
8/8/p1B5/3P4/P3P3/k7/2Q2K2/8 b - - 0 53,a6a5,-10000,-10000,0
rnbqkbnr/pppppppp/8/8/8/8/PPPPPPPP/RNBQKBNR w KQkq - 0 1,e2e4,28,19,-9
rnbqkbnr/pppppppp/8/8/4P3/8/PPPP1PPP/RNBQKBNR b KQkq - 0 1,e7e5,-20,-28,8
r1bqkbnr/pppp1ppp/2n5/4p3/4P3/5N2/PPPP1PPP/RNBQKB1R w KQkq - 2 3,d2d4,33,21,-12
r1bqkbnr/pppp1ppp/2n5/4p3/3PP3/5N2/PPP2PPP/RNBQKB1R b KQkq - 0 3,d7d6,-32,-75,43
r1bqkbnr/ppp2ppp/2np4/4p3/3PP3/5N2/PPP2PPP/RNBQKB1R w KQkq - 0 4,d4e5,74,49,-25
r1bqkbnr/ppp2ppp/3p4/4N3/4P3/8/PPP2PPP/RNBQKB1R b KQkq - 0 5,d6e5,-42,-31,-11
r1b1kb1r/ppp2ppp/5n2/4p3/2B1P3/8/PPP2PPP/RNB2RK1 w - - 4 9,f2f3,12,-19,-31
r1b2k1r/pppn1ppp/3b4/4p1B1/2B1P3/2N2P2/PPP3PP/3R1RK1 b - - 6 12,g7g6,-25,-209,184
r1b2k1r/pppn1p1p/3b2p1/4p1B1/2B1P3/2N2P2/PPP3PP/3R1RK1 w - - 0 13,f3f4,240,102,-138
r1b4r/pppn1pkp/3b2p1/4p1B1/2B1PP2/2N5/PPP3PP/3R1RK1 w - - 1 14,f4f5,315,57,-258
r1b1r3/pppn1pkp/3b2p1/4pPB1/2B1P3/2N5/PPP3PP/3R1RK1 w - - 1 15,f5f6,218,282,64
r1b1r1k1/pppn1p1p/3b1PpB/3Np3/2B1P3/8/PPP3PP/3R1RK1 b - - 4 17,c7c6,-38,-502,464
r1b1r1k1/pp1n1p1p/2pb1PpB/4p3/2B1P3/4N3/PPP3PP/3R1RK1 b - - 1 18,b7b5,-41,-343,302
r1b1r1k1/p2n1p1p/2pb1PpB/1p2p3/4P3/1B2N3/PPP3PP/3R1RK1 b - - 1 19,a7a5,-45,-524,479
r1b1r1k1/3n1p1p/2pR1PpB/pp2p3/4P3/1B2N3/PPP3PP/5RK1 b - - 0 20,a5a4,-515,-536,21
2r1r3/7R/4kPpB/1p2p3/p3b3/4N3/PPP3PP/5RK1 w - - 1 26,f6f7,717,781,64
2rr4/5P1R/4k1pB/1p2p3/p3b3/4N3/PPP3PP/5RK1 w - - 1 27,f7f8q,905,887,-18
rnbqkbnr/pppppppp/8/8/8/8/PPPPPPPP/RNBQKBNR w KQkq - 0 1,e2e4,29,31,2
rnbqkbnr/pppppppp/8/8/4P3/8/PPPP1PPP/RNBQKBNR b KQkq - 0 1,c7c5,-28,-31,3
rnbqkbnr/pp1ppppp/8/2p5/4P3/8/PPPP1PPP/RNBQKBNR w KQkq - 0 2,d2d4,34,6,-28
rnbqkbnr/pp1ppppp/8/2p5/3PP3/8/PPP2PPP/RNBQKBNR b KQkq - 0 2,c5d4,-14,-19,5
r1bqkbnr/pp1ppppp/2n5/8/4P3/8/PPP2PPP/RNBQKBNR b KQkq - 2 4,a7a6,11,-4,-15
r1bqkbnr/1p1ppppp/p1n5/8/4P3/8/PPP2PPP/RNBQKBNR w KQkq - 0 5,c2c3,4,-38,-42
r1bqkbnr/1p1ppppp/p1n5/8/4P3/2P5/PP3PPP/RNBQKBNR b KQkq - 0 5,g7g6,36,22,-14
r1bq1rk1/1p1pppbp/p1n2np1/8/2B1P3/2P2N2/PP1N1PPP/R1BQ1RK1 b - - 7 9,d7d6,56,26,-30
r1bq1rk1/1p2ppbp/p1np1np1/8/2B1P3/2P2N2/PP1N1PPP/R1BQ1RK1 w - - 0 10,a2a3,-27,-55,28
r2q1rk1/1p2ppbp/p1np1np1/8/2B1P1b1/P1P2N2/1P1N1PPP/R1BQ1RK1 w - - 1 11,h2h3,-4,-16,12
r2q1rk1/1p2ppbp/p2p1np1/8/2Q1P3/P1P4P/1P1N1PP1/R1B2RK1 b - - 0 14,b7b5,34,33,-1
r4rk1/3nppbp/pq1p2p1/1p6/4P3/P1P2N1P/1P2QPP1/R1B1R1K1 b - - 5 17,h7h6,13,-5,-18
r3r3/4ppk1/p1qp1np1/1p6/3Q4/P1P2N1P/1P3PP1/3RR1K1 w - - 2 24,g2g4,3,-215,-218
r3r3/4ppk1/p2p1np1/1p6/3N2P1/P1P4P/1P3PK1/3RR3 b - - 0 26,e7e6,30,33,3
r3r3/5pk1/p2ppnp1/1p6/3N2P1/P1P3KP/1P3P2/3RR3 b - - 1 27,d6d5,30,28,-2
1rr5/5pk1/p3pnp1/1p1p4/3N2P1/P1P1R1KP/1P3P2/4R3 w - - 4 30,f2f4,-25,-65,40
1rr5/5pk1/p3p1p1/1p1p4/3NnPP1/P1P1RK1P/1P6/4R3 b - - 2 31,a6a5,95,83,-12
1rr5/5pk1/4p1p1/pp1p4/3NnPP1/P1P1RK1P/1P6/4R3 w - - 0 32,h3h4,-85,-128,43
1r5r/5pk1/4p1p1/pp1p4/3NnPPP/P1P1RK2/1P6/7R b - - 2 33,b5b4,74,75,1
1r5r/5pk1/4p1p1/p2p4/1p1NnPPP/P1P1RK2/1P6/7R w - - 0 34,a3b4,-63,-130,67
1r5r/5pk1/4p1p1/p2p4/1P1NnPPP/2P1RK2/1P6/7R b - - 0 34,a5b4,122,111,-11
r6r/5pk1/4p1p1/3p4/1N3PPP/2P4R/1n2K3/7R w - - 0 39,h4h5,-33,-27,-6
r6r/5pk1/4p1p1/3p3P/1N3PP1/2P4R/1n2K3/7R b - - 0 39,g6h5,34,28,-6
r6r/5pk1/4p3/3p3p/1N3PP1/2P4R/1n2K3/7R w - - 0 40,g4h5,-27,-34,7
r7/5p2/4pk1r/3pn2P/5P2/2P3R1/4K3/7R w - - 0 44,f4e5,-213,-218,5
r7/5p2/3kp2r/3p3P/8/2PKR3/8/7R b - - 3 46,f7f5,212,190,-22
8/8/4p3/3p1p2/2R5/2PK2k1/8/8 b - - 0 57,d5c4,461,561,100
8/8/4p3/5p2/2K5/2P3k1/8/8 b - - 0 58,f5f4,536,528,-8
8/8/4p3/8/3K1p2/2P3k1/8/8 b - - 1 59,f4f3,502,519,17
8/8/4p3/8/3K4/2P2pk1/8/8 w - - 0 60,c3c4,-545,-546,1
8/8/4p3/8/2PK4/5pk1/8/8 b - - 0 60,f3f2,550,550,0
8/8/4p3/8/2PK4/6k1/5p2/8 w - - 0 61,c4c5,-555,-768,213
8/8/4p3/2P5/3K4/6k1/5p2/8 b - - 0 61,f2f1q,849,1056,207
8/8/4p3/2P5/3K4/6k1/8/5q2 w - - 0 62,c5c6,-1245,-1275,30
8/6K1/3qp3/5k2/8/8/8/8 b - - 9 68,e6e5,1284,10000,8716
rnbqkbnr/pppppppp/8/8/8/8/PPPPPPPP/RNBQKBNR w KQkq - 0 1,d2d4,27,22,-5
rnbqkbnr/pppppppp/8/8/3P4/8/PPP1PPPP/RNBQKBNR b KQkq - 0 1,d7d5,-21,-23,2
rnbqkbnr/ppp1pppp/8/3p4/3P4/8/PPP1PPPP/RNBQKBNR w KQkq - 0 2,c2c4,24,18,-6
rnbqkbnr/ppp1pppp/8/3p4/2PP4/8/PP2PPPP/RNBQKBNR b KQkq - 0 2,d5c4,-17,-26,9
rnbqkbnr/ppp1pppp/8/8/2pP4/2N5/PP2PPPP/R1BQKBNR b KQkq - 1 3,c7c5,3,-42,-45
rnbqkb1r/pp2pppp/5n2/2p5/2pP4/2N2N2/PP2PPPP/R1BQKB1R w KQkq - 2 5,d4d5,50,50,0
rn1qkb1r/pp2pppp/5n2/2pP1bB1/2p5/2N2N2/PP2PPPP/R2QKB1R b KQkq - 2 6,e7e6,-19,-271,252
rn1qkb1r/pp3ppp/4pn2/2pP1bB1/2p5/2N2N2/PP2PPPP/R2QKB1R w KQkq - 0 7,e2e4,244,250,6
rn1qkb1r/pp3ppp/4pn2/2pP1bB1/2p1P3/2N2N2/PP3PPP/R2QKB1R b KQkq - 0 7,e6d5,-241,-416,175
rn1qkb1r/pp3ppp/5n2/2pp1bB1/2p1P3/2N2N2/PP3PPP/R2QKB1R w KQkq - 0 8,e4e5,410,32,-378
7r/pp2b1pp/2k5/2p5/2Q5/8/PP3PPP/R2R2K1 b - - 2 21,b7b5,-945,-1063,118
7r/p3b1pp/1k6/1ppQ4/8/8/PP3PPP/R2R2K1 w - - 2 23,a2a4,1146,999,-147
rnbqkbnr/pppppppp/8/8/8/8/PPPPPPPP/RNBQKBNR w KQkq - 0 1,c2c4,26,-6,-32
rnbqkbnr/pppppppp/8/8/2P5/8/PP1PPPPP/RNBQKBNR b KQkq - 0 1,e7e5,8,9,1
rnbqkb1r/pppp1ppp/5n2/4p3/2P5/2N5/PP1PPPPP/R1BQKBNR w KQkq - 2 3,f2f3,-6,-94,88
rnbqkb1r/pppp1ppp/5n2/4p3/2P5/2N2P2/PP1PP1PP/R1BQKBNR b KQkq - 0 3,d7d5,103,100,-3
rnbqkb1r/ppp2ppp/5n2/3pp3/2P5/2N2P2/PP1PP1PP/R1BQKBNR w KQkq - 0 4,c4d5,-108,-103,-5
rnbqkb1r/ppp2ppp/8/3np3/8/2N2P2/PP1PP1PP/R1BQKBNR w KQkq - 0 5,e2e4,-97,-110,13
r1bqkb1r/ppp2ppp/2n2n2/4p3/4P3/2N2P2/PP1PN1PP/R1BQKB1R w KQkq - 3 7,b2b3,-131,-165,34
r2qk2r/ppp1bppp/2n1bn2/1N2p3/4P3/1P3P2/PB1PN1PP/R2QKB1R b KQkq - 4 9,a7a6,230,230,0
r2q1rk1/1pp1bppp/p1n1bn2/4p3/4P3/1PN2P2/PB1PN1PP/R2QKB1R w KQ - 2 11,g2g3,-208,-255,47
r2q1rk1/1pp1bppp/p3bn2/4p3/1n2P3/1PN2PP1/PB1PN2P/R2QKB1R w KQ - 1 12,a2a3,-215,-10000,9785
rnbqkbnr/pppppppp/8/8/8/8/PPPPPPPP/RNBQKBNR w KQkq - 0 1,e2e4,28,26,-2
rnbqkbnr/pppppppp/8/8/4P3/8/PPPP1PPP/RNBQKBNR b KQkq - 0 1,d7d5,-25,-51,26
rnbqkbnr/ppp1pppp/8/3p4/4P3/8/PPPP1PPP/RNBQKBNR w KQkq - 0 2,e4e5,65,-11,-76
rn1qkbnr/ppp1pppp/4b3/3pP3/8/8/PPPP1PPP/RNBQKBNR w KQkq - 1 3,d2d4,42,45,3
rn1qkbnr/ppp1pppp/4b3/3pP3/3P4/8/PPP2PPP/RNBQKBNR b KQkq - 0 3,c7c6,-59,-113,54
rn2kbnr/ppq1pppp/2p1b3/3pP3/3P4/5N2/PPP2PPP/RNBQKB1R w KQkq - 2 5,c2c3,122,101,-21
rn2kbnr/ppq1pppp/2p1b3/3pP3/3P4/2P2N2/PP3PPP/RNBQKB1R b KQkq - 0 5,f7f6,-102,-163,61
rn2kbnr/ppq1p1pp/2p1bp2/3pP3/3P4/2P2N2/PP3PPP/RNBQKB1R w KQkq - 0 6,e5f6,152,43,-109
rn2kb1r/ppq1p1pp/2p1bn2/3p2N1/3P4/2P5/PP3PPP/RNBQKB1R b KQkq - 1 7,h7h6,-64,-660,596
rn1k3r/pp2p1p1/2p2qNp/3p3Q/3Pn3/2P5/PP3PPP/RNB1KB1R w KQ - 5 12,f2f3,830,853,23
rn1k3r/pp2p1p1/2p3Np/3p2B1/3P4/2P2P2/PP4PP/RN2KB1R b KQ - 0 14,h6g5,-994,-985,-9
r2k4/pp2p1p1/2p1r3/3pn1p1/3P4/2PB1P2/PP1N2PP/2KR3R w - - 0 19,d4e5,714,714,0
r7/pp1kp1p1/2p5/3p1Bp1/8/2P2P2/PP1N2PP/2K1R3 b - - 2 22,e7e6,-709,-720,11
r7/pp4p1/2pkB3/3p2p1/8/2P2P2/PP1N2PP/2K1R3 w - - 1 24,c3c4,752,609,-143
7r/pp4p1/2pkB3/3p2p1/2P5/5P2/PP1N2PP/2K1R3 w - - 1 25,c4d5,714,735,21
8/pp4p1/2pkB3/3P2p1/8/5P2/PP1N2Pr/2K1R3 w - - 0 26,d5c6,747,724,-23
8/pp4p1/2PkB3/6p1/8/5P2/PP1N2Pr/2K1R3 b - - 0 26,b7c6,-756,-746,-10
8/p5p1/1kp1B3/6p1/4N3/5P2/PP4Pr/2KR4 w - - 4 29,a2a4,757,636,-121
8/p5p1/1kp1B3/6p1/P3N3/5P2/1P4Pr/2KR4 b - - 0 29,c6c5,-610,-751,141
rnbqkbnr/pppppppp/8/8/8/8/PPPPPPPP/RNBQKBNR w KQkq - 0 1,d2d4,22,20,-2
rnbqkbnr/pppppppp/8/8/3P4/8/PPP1PPPP/RNBQKBNR b KQkq - 0 1,d7d5,-19,-20,1
rnbqkbnr/ppp1pppp/8/3p4/3P4/8/PPP1PPPP/RNBQKBNR w KQkq - 0 2,c2c4,21,18,-3
rnbqkbnr/ppp1pppp/8/3p4/2PP4/8/PP2PPPP/RNBQKBNR b KQkq - 0 2,d5c4,-17,-25,8
rnbqkbnr/ppp1pppp/8/8/2pP4/8/PP2PPPP/RNBQKBNR w KQkq - 0 3,e2e3,26,28,2
rnbqkbnr/ppp1pppp/8/8/2pP4/4P3/PP3PPP/RNBQKBNR b KQkq - 0 3,b7b5,-27,-84,57
rnbqkbnr/p1p1pppp/8/1p6/2pP4/4P3/PP3PPP/RNBQKBNR w KQkq - 0 4,a2a4,84,84,0
rnbqkbnr/p1p1pppp/8/1p6/P1pP4/4P3/1P3PPP/RNBQKBNR b KQkq - 0 4,c7c6,-82,-175,93
rnbqkbnr/p3pppp/2p5/1p6/P1pP4/4P3/1P3PPP/RNBQKBNR w KQkq - 0 5,a4b5,195,188,-7
rnbqkbnr/p3pppp/2p5/1P6/2pP4/4P3/1P3PPP/RNBQKBNR b KQkq - 0 5,c6b5,-191,-327,136
rnbqkbnr/p3pppp/8/1p6/2pP4/4P3/1P3PPP/RNBQKBNR w KQkq - 0 6,b2b3,319,27,-292
rnb1kbnr/p1q1pppp/8/1p6/2pP4/1P2P3/5PPP/RNBQKBNR w KQkq - 1 7,b3c4,87,60,-27
rnb1kbnr/p1q1pppp/8/1p6/2PP4/4P3/5PPP/RNBQKBNR b KQkq - 0 7,b5c4,-77,-73,-4
r3kbnr/p2bpppp/2n5/8/2BP4/B3P3/5PPP/RN2K1NR b KQkq - 2 11,e7e5,-26,-70,44
r4knr/p2b1ppp/2n5/4p3/2BP4/4P3/5PPP/RN2K1NR w KQ - 0 13,d4d5,96,108,12
3r1k1r/R4ppp/8/4p3/8/2K1Pb2/5PPP/7R w - - 0 22,g2f3,-20,-21,1
3r1k1r/R4ppp/8/4p3/8/2K1PP2/5P1P/7R b - - 0 22,h7h5,19,29,10
1r3k2/5pp1/8/R3R2p/8/K3Pr2/7P/8 b - - 1 30,f7f6,419,370,-49
1r4k1/R3R1p1/5p2/7p/8/K3P3/6r1/8 b - - 5 35,h5h4,484,518,34
1r4k1/4R1p1/5p2/8/R6p/K3P3/6r1/8 b - - 1 36,h4h3,546,481,-65
1r4k1/4R1p1/5p2/8/7R/K3P2p/6r1/8 b - - 1 37,h3h2,464,481,17
rnbqkbnr/pppppppp/8/8/8/8/PPPPPPPP/RNBQKBNR w KQkq - 0 1,d2d4,25,17,-8
rnbqkbnr/pppppppp/8/8/3P4/8/PPP1PPPP/RNBQKBNR b KQkq - 0 1,d7d5,-14,-18,4
rnbqkbnr/ppp1pppp/8/3p4/3P4/8/PPP1PPPP/RNBQKBNR w KQkq - 0 2,c2c4,22,25,3
rnbqkbnr/ppp1pppp/8/3p4/2PP4/8/PP2PPPP/RNBQKBNR b KQkq - 0 2,d5c4,-24,-23,-1
rnbqkb1r/ppp1pppp/5n2/8/2pP4/5N2/PP2PPPP/RNBQKB1R w KQkq - 2 4,e2e3,29,27,-2
rnbqkb1r/ppp1pppp/5n2/8/2pP4/4PN2/PP3PPP/RNBQKB1R b KQkq - 0 4,b7b5,-25,-37,12
rnbqkb1r/p1p1pppp/5n2/1p6/2pP4/4PN2/PP3PPP/RNBQKB1R w KQkq - 0 5,a2a4,36,31,-5
rnbqkb1r/p1p1pppp/5n2/1p6/P1pP4/4PN2/1P3PPP/RNBQKB1R b KQkq - 0 5,a7a6,-26,-146,120
rnbqkb1r/2p1pppp/p4n2/1p6/P1pP4/4PN2/1P3PPP/RNBQKB1R w KQkq - 0 6,a4b5,146,110,-36
rnbqkb1r/2p1pppp/p4n2/1P6/2pP4/4PN2/1P3PPP/RNBQKB1R b KQkq - 0 6,e7e6,-104,-100,-4
r1bq1rk1/2pn1ppp/p3pn2/1P6/2BP4/4PN2/1P1N1PPP/R2Q1RK1 w - - 3 11,b5a6,355,338,-17
r1b2rk1/2p2ppp/P1Nqp3/3nn3/Q2P4/4P3/1P2BPPP/3R1RK1 w - - 0 19,d4e5,378,397,19
r1b2rk1/2p2ppp/PqN1p3/3nP3/Q7/4P3/1P2BPPP/2R2RK1 w - - 3 21,e3e4,330,2,-328
rnbqkbnr/pppppppp/8/8/8/8/PPPPPPPP/RNBQKBNR w KQkq - 0 1,e2e4,28,25,-3
rnbqkbnr/pppppppp/8/8/4P3/8/PPPP1PPP/RNBQKBNR b KQkq - 0 1,c7c5,-22,-29,7
rnbqkbnr/pp1ppppp/8/2p5/4P3/8/PPPP1PPP/RNBQKBNR w KQkq - 0 2,d2d4,33,7,-26
rnbqkbnr/pp1ppppp/8/2p5/3PP3/8/PPP2PPP/RNBQKBNR b KQkq - 0 2,e7e6,-29,-64,35
rnbqkbnr/pp1p1ppp/4p3/2p5/3PP3/8/PPP2PPP/RNBQKBNR w KQkq - 0 3,d4c5,70,16,-54
rnbqk1nr/pp1p1ppp/4p3/2b5/4P3/8/PPP2PPP/RNBQKBNR w KQkq - 0 4,e4e5,8,-48,-56
r1bqk1nr/pp1p1ppp/4p3/2b1n3/2B5/8/PPP2PPP/RNBQK1NR w KQkq - 0 6,b2b3,-253,-390,137
r1b1k1nr/pp1p1ppp/1q2p3/8/2n5/1P3N2/P1P2bPP/RNBQ1K1R w kq - 0 9,b3c4,-367,-381,14
r1b1k1nr/pp1p1ppp/1q2p3/2b5/2P5/2N2N2/P1P3PP/R1BQ1K1R b kq - 2 10,d7d5,379,286,-93
r1b1k1nr/pp3ppp/1q2p3/2bp4/2P5/2N2N2/P1P3PP/R1BQ1K1R w kq - 0 11,g2g3,-269,-412,143
r1b1k1nr/pp3ppp/1q2p3/2bp4/2P5/2N2NP1/P1P4P/R1BQ1K1R b kq - 0 11,d5c4,406,389,-17
r1b2rk1/pp3ppp/1q2p3/4N1b1/2p5/6P1/PBP4P/4RK1R b - - 1 18,f7f6,998,991,-7
r1b2rk1/pp4pp/4pp2/1q4b1/2N1R3/6P1/PBP4P/5K1R b - - 2 20,f6f5,1237,975,-262
r1b2rk1/pp4pp/4p3/1q3p2/2N2b2/6P1/PBP4P/5K1R w - - 0 22,g3f4,-1114,-1095,-19
r4rk1/pp4pp/4p3/5pK1/5P2/8/P6q/7b w - - 0 29,a2a4,-10000,-10000,0
r4rk1/pp4pp/4p3/5pK1/P4P2/8/7q/7b b - - 0 29,h7h6,10000,10000,0
rnbqkbnr/pppppppp/8/8/8/8/PPPPPPPP/RNBQKBNR w KQkq - 0 1,e2e4,22,21,-1
rnbqkbnr/pppppppp/8/8/4P3/8/PPPP1PPP/RNBQKBNR b KQkq - 0 1,g7g6,-28,-70,42
rnbqkbnr/pppppp1p/6p1/8/4P3/8/PPPP1PPP/RNBQKBNR w KQkq - 0 2,d2d4,66,66,0
rnbqk1nr/ppppppbp/6p1/8/3PP3/8/PPP2PPP/RNBQKBNR w KQkq - 1 3,e4e5,66,-31,-97
rnbqk1nr/ppppppbp/6p1/4P3/3P4/8/PPP2PPP/RNBQKBNR b KQkq - 0 3,d7d6,28,27,-1
rnbqk1nr/ppp1ppbp/3p2p1/4P3/3P4/8/PPP2PPP/RNBQKBNR w KQkq - 0 4,f2f4,-24,-79,55
rnbqk1nr/ppp1ppbp/3p2p1/4P3/3P1P2/8/PPP3PP/RNBQKBNR b KQkq - 0 4,d6e5,82,94,12
rnbqk1nr/ppp1ppbp/6p1/4p3/3P1P2/8/PPP3PP/RNBQKBNR w KQkq - 0 5,f4e5,-81,-86,5
rnbqk1nr/ppp1ppbp/6p1/4P3/3P4/8/PPP3PP/RNBQKBNR b KQkq - 0 5,f7f6,88,15,-73
rnbqk1nr/ppp1p1bp/5pp1/4P3/2BP4/8/PPP3PP/RNBQK1NR b KQkq - 1 6,f6e5,55,56,1
rnbqk1r1/ppp1p1bp/6p1/4p3/3P4/8/PPP3PP/RNBQK1NR w KQq - 0 8,d4d5,-177,-188,11
rnbqk1r1/ppp1p1bp/6p1/3Pp3/8/8/PPP3PP/RNBQK1NR b KQq - 0 8,c7c6,218,225,7
rnbqk1r1/pp2p1bp/2p3p1/3Pp3/8/2N5/PPP3PP/R1BQK1NR b KQq - 1 9,c6d5,223,194,-29
2kr2r1/pp2p1bp/n3b1p1/4p3/8/2N1BN2/PPP3PP/R3K2R b KQ - 6 14,e5e4,188,147,-41
2kr2r1/Bp2p2p/4N1p1/8/4p3/2b5/PP4PP/n4RK1 w - - 0 19,b2c3,-114,-317,203
8/1p6/2k3p1/8/1B2R3/2PK4/r7/8 b - - 1 31,b7b5,-328,-341,13
k1r5/4R3/8/1K6/1B6/2P5/8/8 w - - 7 52,c3c4,698,509,-189
k1r5/4R3/8/8/KBP5/8/8/8 w - - 3 54,c4c5,509,506,-3
k1r5/4R3/8/1KP5/1B6/8/8/8 w - - 3 56,c5c6,589,534,-55
rnbqkbnr/pppppppp/8/8/8/8/PPPPPPPP/RNBQKBNR w KQkq - 0 1,e2e4,33,32,-1
rnbqkbnr/pppppppp/8/8/4P3/8/PPPP1PPP/RNBQKBNR b KQkq - 0 1,c7c6,-34,-30,-4
rnbqkbnr/pp1ppppp/2p5/8/4P3/8/PPPP1PPP/RNBQKBNR w KQkq - 0 2,f2f4,30,-4,-34
rnbqkbnr/pp1ppppp/2p5/8/4PP2/8/PPPP2PP/RNBQKBNR b KQkq - 0 2,d7d5,9,7,-2
rnbqkbnr/pp2pppp/2p5/3p4/4PP2/8/PPPP2PP/RNBQKBNR w KQkq - 0 3,e4e5,-5,-33,28
rnbqkbnr/pp2pppp/2p5/3pP3/5P2/8/PPPP2PP/RNBQKBNR b KQkq - 0 3,e7e6,35,9,-26
rnbqk1nr/pp2bppp/2p1p3/3pP3/5P2/5N2/PPPP2PP/RNBQKB1R w KQkq - 2 5,d2d4,38,50,12
rnbqk1nr/pp2bppp/2p1p3/3pP3/3P1P2/5N2/PPP3PP/RNBQKB1R b KQkq - 0 5,f7f6,-48,-77,29
rn1qk1nr/pp1bb1pp/2p1pp2/3pP3/3P1P2/3B1N2/PPP3PP/RNBQK2R w KQkq - 2 7,c2c3,133,101,-32
rn1qk1nr/pp1bb1pp/2p1pp2/3pP3/3P1P2/2PB1N2/PP4PP/RNBQK2R b KQkq - 0 7,c6c5,-96,-98,2
rn1qk1nr/pp1bb1pp/4pp2/2ppP3/3P1P2/2PBBN2/PP4PP/RN1QK2R b KQkq - 1 8,c5c4,-84,-81,-3
rn1qk1nr/pp1bb1pp/4pp2/3pP3/2pP1P2/2P1BN2/PPB3PP/RN1QK2R b KQkq - 1 9,f6e5,-80,-174,94
rn1qk1nr/pp1bb1pp/4p3/3pp3/2pP1P2/2P1BN2/PPB3PP/RN1QK2R w KQkq - 0 10,f4e5,174,130,-44
rn1qk1nr/pp1bb1pp/4p3/3pP3/2pP4/2P1BN2/PPB3PP/RN1QK2R b KQkq - 0 10,h7h6,-129,-595,466
2kr2nr/pp1bq1p1/2n1p2p/3pP3/2pP4/2P1QN2/PPBN2PP/2KR1R2 w - - 5 16,g2g3,152,126,-26
1kr3nr/pp2q1p1/2n1p1Bp/3pP3/2pP4/2P1Q1P1/PP1N3P/2KR1R2 w - - 1 20,h2h4,216,137,-79
1kr3nr/pp2q1p1/2n1p1Bp/3pP3/2pP3P/2P1Q1P1/PP1N4/2KR1R2 b - - 0 20,h6h5,-148,-211,63
1kr4r/ppq3p1/2n1p1Bn/3pP3/2pP3P/2P2QP1/PP1N4/2KR3R w - - 5 25,g3g4,182,180,-2
1kr4r/pp4p1/2n1p1Bn/1q1pP3/2pP2PP/2P2Q2/PP1N4/1K1R3R w - - 3 27,g4g5,244,195,-49
1kr4r/pp4p1/2n1p1Bn/1q1pP1P1/2pP3P/2P2Q2/PP1N4/1K1R3R b - - 0 27,a7a5,-164,-378,214
1kr4r/1p4p1/2n1p1Bn/pq1pP1P1/2pP3P/2P2Q2/PP1N4/1K1R3R w - - 0 28,g5h6,377,389,12
1kr4r/1p4p1/2n1p1BP/pq1pP3/2pP3P/2P2Q2/PP1N4/1K1R3R b - - 0 28,g7h6,-371,-393,22
1kr4r/1p6/2n1p1Bp/pq1pP3/2pP2QP/2P5/PP1N4/1K1R3R b - - 1 29,a5a4,-379,-384,5
1kr4r/1p6/2n1Q1Bp/1q1pP3/p1pP3P/2P5/PP1N4/1K1R3R b - - 0 30,a4a3,-375,-468,93
1kr4r/1p6/2n1Q1Bp/1q1pP3/2pP3P/p1P5/PP1N4/1K1R3R w - - 0 31,b2b3,496,269,-227
1kr4r/1p6/2n1Q1Bp/1q1pP3/2pP3P/pPP5/P2N4/1K1R3R b - - 0 31,c4b3,-300,-412,112
rnbqkbnr/pppppppp/8/8/8/8/PPPPPPPP/RNBQKBNR w KQkq - 0 1,e2e4,28,32,4
r1bqkbnr/pppppppp/2n5/8/4P3/5N2/PPPP1PPP/RNBQKB1R b KQkq - 2 2,b7b6,-37,-129,92
r1bqkbnr/p1pppppp/1pn5/8/4P3/5N2/PPPP1PPP/RNBQKB1R w KQkq - 0 3,c2c3,142,121,-21
rnbqkbnr/p1pppppp/1p6/8/4P3/2P2N2/PP1P1PPP/RNBQKB1R w KQkq - 1 4,d2d4,136,143,7
rnbqkbnr/p1pppppp/1p6/8/3PP3/2PB1N2/PP3PPP/RNBQ1RK1 b kq - 4 6,h7h5,-229,-329,100
rnbqkbnr/p1ppppp1/1p6/7p/3PP3/2PB1N2/PP3PPP/RNBQ1RK1 w kq - 0 7,e4e5,318,294,-24
rnbqkbnr/p1ppppp1/1p6/4P2p/3P4/2PB1N2/PP3PPP/RNBQ1RK1 b kq - 0 7,e7e6,-284,-294,10
rnbqkbnr/p1pp1pp1/1p2p3/4P2p/3PB3/2P2N2/PP3PPP/RNBQ1RK1 b kq - 1 8,f7f6,-262,-636,374
Bnbqkbnr/p1pp2p1/1p2pp2/4P2p/3P4/2P2N2/PP3PPP/RNBQ1RK1 b k - 0 9,f6e5,-610,-737,127
Bnbqkbnr/p1pp2p1/1p2p3/4N2p/3P4/2P5/PP3PPP/RNBQ1RK1 b k - 0 10,h5h4,-664,-737,73
rnbqkbnr/pppppppp/8/8/8/8/PPPPPPPP/RNBQKBNR w KQkq - 0 1,e2e4,35,33,-2
rnbqkbnr/pppppppp/8/8/4P3/8/PPPP1PPP/RNBQKBNR b KQkq - 0 1,c7c5,-30,-36,6
r1bqkbnr/pp1ppppp/2n5/2p5/4P3/5N2/PPPP1PPP/RNBQKB1R w KQkq - 2 3,d2d4,36,31,-5
r1bqkbnr/pp1ppppp/2n5/2p5/3PP3/5N2/PPP2PPP/RNBQKB1R b KQkq - 0 3,c5d4,-31,-32,1
r1bqkbnr/pp1ppppp/2n5/8/3NP3/8/PPP2PPP/RNBQKB1R b KQkq - 0 4,e7e6,-36,-44,8
r1bqk1nr/pp1p1ppp/2N1p3/2b5/4P3/2N5/PPP2PPP/R1BQKB1R b KQkq - 0 6,b7c6,-34,-39,5
r1b1k1nr/p2p1ppp/2p1pq2/2b5/4P1Q1/2N5/PPP2PPP/R1B1KB1R w KQkq - 2 8,f2f4,55,32,-23
r1b1k1nr/p2p1ppp/2p1pq2/2b5/4PPQ1/2N5/PPP3PP/R1B1KB1R b KQkq - 0 8,d7d6,-35,-119,84
r1b1k2r/p3nppp/2pppq2/2b5/4PPQ1/2N5/PPPB2PP/2KR1B1R b kq - 3 10,e6e5,-116,-120,4
r1b1k2r/p3nppp/2pp1q2/2b1p3/4PPQ1/2N5/PPPB2PP/2KR1B1R w kq - 0 11,f4f5,124,137,13
r1b1k2r/p3nppp/2pp1q2/2b1pP2/4P1Q1/2N5/PPPB2PP/2KR1B1R b kq - 0 11,d6d5,-156,-270,114
r1b4r/p3kppp/2pq4/2bppP2/4P1Q1/2N5/PPP3PP/2KR1B1R w - - 0 14,e4d5,275,262,-13
rnbqkbnr/pppppppp/8/8/8/8/PPPPPPPP/RNBQKBNR w KQkq - 0 1,e2e4,30,29,-1
rnbqkbnr/pppppppp/8/8/4P3/8/PPPP1PPP/RNBQKBNR b KQkq - 0 1,f7f6,-31,-155,124
rnbqkbnr/ppppp1pp/5p2/8/4P3/5N2/PPPP1PPP/RNBQKB1R b KQkq - 1 2,f6f5,-132,-166,34
rnbqkbnr/ppppp1pp/8/5p2/4P3/5N2/PPPP1PPP/RNBQKB1R w KQkq - 0 3,e4e5,171,124,-47
rnbqkbnr/ppppp1pp/8/4Pp2/8/5N2/PPPP1PPP/RNBQKB1R b KQkq - 0 3,c7c6,-125,-183,58
rnbqkbnr/pp1pp1pp/2p5/4Pp2/8/5N2/PPPP1PPP/RNBQKB1R w KQkq - 0 4,d2d4,185,177,-8
rnbqkbnr/pp1pp1pp/2p5/4Pp2/3P4/5N2/PPP2PPP/RNBQKB1R b KQkq - 0 4,c6c5,-175,-291,116
rnbqkbnr/pp1pp1pp/8/2p1Pp2/2BP4/5N2/PPP2PPP/RNBQK2R b KQkq - 1 5,e7e6,-143,-319,176
rnb1kbnr/pp1pq1pp/4p3/2p1PpN1/2BP4/8/PPP2PPP/RNBQ1RK1 b kq - 3 7,h7h6,-163,-614,451
r1bk4/pp1p2p1/2nQp2N/4Pp2/2B5/8/PP3PPP/1NB2RK1 b - - 0 18,b7b5,-987,-1141,154
rnbqkbnr/pppppppp/8/8/8/8/PPPPPPPP/RNBQKBNR w KQkq - 0 1,e2e4,31,33,2
rnbqkbnr/pppppppp/8/8/4P3/8/PPPP1PPP/RNBQKBNR b KQkq - 0 1,d7d5,-31,-63,32
rnbqkbnr/ppp1pppp/8/3p4/4P3/8/PPPP1PPP/RNBQKBNR w KQkq - 0 2,e4d5,59,58,-1
rnbqkbnr/ppp1pppp/8/8/8/2N2N2/PPPP1PPP/R1BQKB1R b KQkq - 3 4,e7e6,-47,-72,25
rnbqkbnr/ppp2ppp/4p3/8/8/2N2N2/PPPPBPPP/R1BQK2R b KQkq - 1 5,h7h6,-40,-68,28
rnbqkbnr/ppp2pp1/4p2p/8/8/2N2N2/PPPPBPPP/R1BQK2R w KQkq - 0 6,d2d3,59,32,-27
rnbqkb1r/ppp2pp1/4pn1p/8/8/2NP1N2/PPP1BPPP/R1BQ1RK1 b kq - 2 7,c7c6,-42,-62,20
r1bqkb1r/pp1n1pp1/2p1p2p/4B2n/8/2NP1N2/PPP1BPPP/R2Q1RK1 w kq - 4 10,d3d4,56,63,7
r1bqkb1r/pp1n1pp1/2p1p2p/4B2n/3P4/2N2N2/PPP1BPPP/R2Q1RK1 b kq - 0 10,f7f6,-54,-388,334
r1bqkb1r/pp1n2p1/2p1pp1p/8/3P4/2N2Nn1/PPP1BPPP/R2Q1RK1 w kq - 0 12,f2g3,138,126,-12
r1bq1rk1/pp1n2p1/2p1pp1p/8/1b1PN2N/6P1/PPP1B1PP/R2Q1RK1 b - - 4 14,f6f5,-61,-60,-1
r1bq1rk1/pp1n2p1/2p1p2p/5p2/1b1P3N/6P1/PPP1BNPP/R2Q1RK1 b - - 1 15,c6c5,-62,-103,41
r1bq1rk1/pp1n2p1/4p2p/2p2p2/1b1P3N/6P1/PPP1BNPP/R2Q1RK1 w - - 0 16,c2c3,127,107,-20
r1bq1rk1/pp1n2p1/4p2p/b1p2p2/3P3N/2P3P1/PP2BNPP/R2Q1RK1 w - - 1 17,d4d5,106,-12,-118
r1bq1rk1/pp1n2p1/4p2p/b1pP1p2/7N/2P3P1/PP2BNPP/R2Q1RK1 b - - 0 17,e6e5,-13,-153,140
r1bq1rk1/pp1n2p1/7p/b1pPpp2/7N/2P3P1/PP2BNPP/R2Q1RK1 w - - 0 18,d5d6,179,187,8
r1bq4/pp1n2pk/1b1P1r1p/2p1pp2/2B4N/2P3P1/PP3NPP/R2Q1RK1 b - - 6 21,a7a6,-123,-295,172
r1bq4/1p1n2pk/pb1P1r1p/2p1pp2/2B4N/2P3P1/PP3NPP/R2Q1RK1 w - - 0 22,g3g4,296,286,-10
r1bq4/1p1n2pk/pb1P1r1p/2p1pp2/2B3PN/2P5/PP3NPP/R2Q1RK1 b - - 0 22,f5f4,-270,-314,44
r2q1r2/1p4pk/pb1P1n1p/2p1pb2/2B1NpP1/2PQ4/PP4PP/R4RK1 w - - 0 26,g4f5,151,150,-1
r2q1r2/bp4pk/p2P1n1p/2p1pP2/2B1Np2/2PQ4/PP4PP/R4R1K b - - 2 27,b7b5,-241,-233,-8
r2q1r2/b5pk/p2PBn1p/1pp1pP2/4Np2/2PQ4/PP4PP/R4R1K b - - 1 28,c5c4,-235,-252,17
r2q1r2/6pk/p2PB2p/1p2pP1Q/2p2p2/2P5/PP3bPP/R6K w - - 0 32,d6d7,-360,-403,43
rnbqkbnr/pppppppp/8/8/8/8/PPPPPPPP/RNBQKBNR w KQkq - 0 1,e2e4,26,29,3
rnbqkbnr/pppppppp/8/8/4P3/8/PPPP1PPP/RNBQKBNR b KQkq - 0 1,d7d5,-31,-67,36
rnbqkbnr/ppp1pppp/8/3p4/4P3/8/PPPP1PPP/RNBQKBNR w KQkq - 0 2,e4d5,60,58,-2
r1b1kb1r/ppp1pppp/2nq1n2/8/2B5/2N2Q2/PPPP1PPP/R1B1K1NR w KQkq - 6 6,d2d3,-50,-77,27
r3kb1r/ppp1pppp/2nq1n2/8/2B3b1/2NPQ3/PPP2PPP/R1B1K1NR b KQkq - 2 7,h7h5,88,-2,-90
r3kb1r/ppp1ppp1/2nq1n2/7p/2B3b1/2NPQ3/PPP2PPP/R1B1K1NR w KQkq - 0 8,h2h3,2,-9,-11
r3kb1r/ppp1ppp1/2nq1n2/5b1p/2B5/2NPQN1P/PPP2PP1/R1B1K2R b KQkq - 2 9,g7g6,-28,-72,44
r3k3/ppp1p2r/2nN1npb/5b1p/2B5/2NPQ2P/PPP2PP1/R1B1K2R b KQq - 0 12,c7d6,-632,-640,8
rnbqkbnr/pppppppp/8/8/8/8/PPPPPPPP/RNBQKBNR w KQkq - 0 1,e2e4,32,33,1
rnbqkbnr/pppppppp/8/8/4P3/8/PPPP1PPP/RNBQKBNR b KQkq - 0 1,e7e6,-32,-60,28
rnbqkbnr/pppp1ppp/4p3/8/4P3/8/PPPP1PPP/RNBQKBNR w KQkq - 0 2,d2d4,52,53,1
rnbqkbnr/pppp1ppp/4p3/8/3PP3/8/PPP2PPP/RNBQKBNR b KQkq - 0 2,c7c5,-31,-76,45
rnbqkbnr/pp1p1ppp/4p3/2p5/3PP3/5N2/PPP2PPP/RNBQKB1R b KQkq - 1 3,c5d4,-44,-39,-5
rnbqkbnr/pp1p1ppp/4p3/8/3NP3/8/PPP2PPP/RNBQKB1R b KQkq - 0 4,e6e5,-44,-81,37
rnbqk2r/pp1p1ppp/5n2/4p3/2B1P3/1Nb5/PPP2PPP/R1BQK2R w KQkq - 0 8,b2c3,34,62,28
rnbq1rk1/pp1p1ppp/5n2/4p3/2B1P3/1NP5/P1P2PPP/R1BQ1RK1 b - - 2 9,a7a6,-21,-56,35
rnbq1rk1/1p1p1ppp/p4n2/4p3/2B1P3/2P5/P1PN1PPP/R1BQ1RK1 b - - 1 10,b7b5,31,-47,-78
rnbq1rk1/3p1ppp/p4n2/1p2p3/4P3/1BP5/P1PN1PPP/R1BQ1RK1 b - - 1 11,d7d5,17,-116,-133
rnbq1rk1/5ppp/p4n2/1p1pp3/4P3/1BP5/P1PN1PPP/R1BQ1RK1 w - - 0 12,e4d5,122,115,-7
rn1qr1k1/1b3ppp/p7/1p2p3/4NB2/1BP2Q2/P1P2PPP/R3R1K1 b - - 0 16,e5f4,-547,-502,-45
rnbqkbnr/pppppppp/8/8/8/8/PPPPPPPP/RNBQKBNR w KQkq - 0 1,e2e4,25,22,-3
rnbqkbnr/pppppppp/8/8/4P3/8/PPPP1PPP/RNBQKBNR b KQkq - 0 1,e7e5,-23,-35,12
r1bqk2r/ppppbppp/2n2n2/4p3/2B1P3/2N2N2/PPPP1PPP/R1BQK2R w KQkq - 6 5,d2d3,19,17,-2
r1bq1rk1/ppppbppp/2n2n2/4p3/2B1P3/2NP1N2/PPP2PPP/R1BQ1RK1 b - - 2 6,a7a6,-17,-35,18
r1bq1rk1/1pppbppp/p1n2n2/4p1B1/2B1P3/2NP1N2/PPP2PPP/R2Q1RK1 b - - 1 7,b7b5,-15,-17,2
1r1q1rk1/1bppbppp/p1n2n2/1p2p1B1/4P3/1B1P1N2/PPP1NPPP/R2Q1RK1 w - - 4 10,c2c3,36,21,-15
1r1q1rk1/1bppbppp/p4n2/np2p1B1/4P3/2PP1N2/PPB1NPPP/R2Q1RK1 b - - 2 11,d7d5,-43,-42,-1
1r1q1rk1/1bp1bppp/p4n2/np1pN1B1/4P3/2PP4/PPB1NPPP/R2Q1RK1 b - - 0 12,d5e4,-71,-86,15
1r1q1rk1/1bp2ppp/p4b2/np2N3/4p3/2PP4/PPB1NPPP/R2Q1RK1 w - - 0 14,d3d4,-42,-115,73
2br1rk1/2p1qppp/p7/np2b3/3PN3/2P5/PPB1QPPP/R4RK1 b - - 4 18,g7g5,375,-256,-631
2br1rk1/2p1qp1p/p7/np2b1p1/3PN3/2P5/PPB1QPPP/R4RK1 w - - 0 19,d4e5,260,278,18
2br1rk1/2p2p1p/p7/np2q1p1/4N3/2P5/PPB1QPPP/R3R1K1 b - - 1 20,f7f5,-98,-198,100
2b2rk1/2pr2qp/p3R3/np3pNQ/8/2P5/PPB2PPP/R5K1 w - - 5 24,g2g4,448,429,-19
8/2p1k1N1/p7/1p5Q/2B3P1/2P5/PP2rP1P/3R2K1 b - - 0 33,b5c4,-1209,-10000,8791
rnbqkbnr/pppppppp/8/8/8/8/PPPPPPPP/RNBQKBNR w KQkq - 0 1,c2c4,24,-8,-32
rnbqkbnr/pppppppp/8/8/2P5/8/PP1PPPPP/RNBQKBNR b KQkq - 0 1,d7d6,11,-28,-39
rnbqkbnr/ppp1pppp/3p4/8/2P5/5N2/PP1PPPPP/RNBQKB1R b KQkq - 1 2,e7e5,-26,-24,-2
rnbqkbnr/ppp2ppp/3p4/4p3/2P5/5N2/PP1PPPPP/RNBQKB1R w KQkq - 0 3,e2e4,26,-3,-29
rnbqkbnr/ppp2ppp/3p4/4p3/2P1P3/5N2/PP1P1PPP/RNBQKB1R b KQkq - 0 3,c7c5,2,-4,-6
r2qkbnr/pp3ppp/2npb3/2pNp3/2P1P3/5N2/PP1P1PPP/R1BQKB1R w KQkq - 4 6,d2d3,1,2,1
r2qk2r/pp2nppp/2npb3/2p1p3/2P1P3/3P1N2/PP3PPP/R1BQKB1R w KQkq - 0 8,a2a3,-70,-88,18
r3k2r/pp1qnppp/2npb3/2p1p3/2P1P3/P2P1N2/1P3PPP/R1BQKB1R w KQkq - 1 9,b2b4,-45,-47,2
r4rk1/pp1qnppp/3pb3/2p1p3/1PPNP3/P2P4/3B1PPP/R2QKB1R b KQ - 0 11,c5d4,41,39,-2
r4rk1/pp1qnppp/3pb3/4p3/1PPpP3/P2P4/3BBPPP/R2QK2R b KQ - 1 12,f7f5,42,37,-5
r4rk1/pp1qn1pp/3pb3/4pp2/1PPpP3/P2P4/3BBPPP/R2QK2R w KQ - 0 13,e4f5,-40,-35,-5
r4rk1/pp1q2pp/3pb3/4pn2/1PPp4/P2P4/3BBPPP/R2QK2R w KQ - 0 14,h2h3,-30,-253,223
r4rk1/pp1q2pp/3pb3/4p3/1PPp3n/P2P3P/3BBPP1/R2QK2R w KQ - 1 15,g2g3,-221,-265,44
r4rk1/pp4pp/2qpb3/4p3/1PPp4/P2P2PP/3BBPn1/R2Q1K1R w - - 3 17,f2f3,209,-167,-376
r4rk1/pp4pp/2qpb3/4p3/1PPp4/P2PBPPP/4B3/R2Q1K1R b - - 0 18,d4e3,192,167,-25
r4rk1/pp4pp/2qpb3/4p3/1PP5/P2PpPPP/4B3/R2Q1K1R w - - 0 19,g3g4,-181,-298,117
5rk1/pp4pp/3pb1q1/4p3/1PP2rP1/P2PQP1P/4B1K1/R4R2 b - - 0 23,h7h5,43,84,41
rnbqkbnr/pppppppp/8/8/8/8/PPPPPPPP/RNBQKBNR w KQkq - 0 1,e2e4,31,29,-2
rnbqkbnr/pppppppp/8/8/4P3/8/PPPP1PPP/RNBQKBNR b KQkq - 0 1,d7d6,-32,-43,11
rnbqkbnr/ppp1pppp/3p4/8/4P3/5N2/PPPP1PPP/RNBQKB1R b KQkq - 1 2,e7e6,-30,-89,59
rnbqkbnr/ppp2ppp/3pp3/8/4P3/5N2/PPPP1PPP/RNBQKB1R w KQkq - 0 3,d2d4,85,77,-8
rnbqkbnr/ppp2ppp/3pp3/8/3PP3/5N2/PPP2PPP/RNBQKB1R b KQkq - 0 3,f7f6,-75,-185,110
rnbqkbnr/ppp3pp/3ppp2/8/3PP3/3B1N2/PPP2PPP/RNBQK2R b KQkq - 1 4,g7g6,-182,-180,-2
rnbqkbnr/ppp4p/3pppp1/8/3PP3/3B1N2/PPP2PPP/RNBQ1RK1 b kq - 1 5,h7h6,-119,-211,92
rnbqkbnr/ppp5/3ppppp/8/3PP3/3B1N2/PPP2PPP/RNBQ1RK1 w kq - 0 6,e4e5,214,208,-6
rnbqkbnr/ppp5/3ppppp/4P3/3P4/3B1N2/PPP2PPP/RNBQ1RK1 b kq - 0 6,f6f5,-208,-189,-19
rnbqkbnr/ppp5/3pp1pp/4Pp2/3P4/3B1N2/PPP2PPP/RNBQ1RK1 w kq - 0 7,e5d6,214,137,-77
rnbqkbnr/ppp5/3Pp1pp/5p2/3P4/3B1N2/PPP2PPP/RNBQ1RK1 b kq - 0 7,g6g5,-154,-376,222
rnbqkbnr/ppp5/3Pp2p/5pp1/3P4/3B1N2/PPP2PPP/RNBQ1RK1 w kq - 0 8,d4d5,362,268,-94
rnbqkbnr/ppp5/3Pp2p/3P1pp1/8/3B1N2/PPP2PPP/RNBQ1RK1 b kq - 0 8,h6h5,-286,-606,320
rnb1kbnr/ppp5/3qp3/3P1pBp/8/3B1N2/PPP2PPP/RN1Q1RK1 w kq - 0 10,d5e6,572,557,-15
rn2kbnr/ppp5/3qb3/5pBp/8/2NB1N2/PPP2PPP/R2Q1RK1 b kq - 1 11,h5h4,-610,-721,111
rn2kbnr/ppp5/3qb3/5pB1/7p/2NB1N2/PPP2PPP/R2Q1RK1 w kq - 0 12,h2h3,725,582,-143
rnbqkbnr/pppppppp/8/8/8/8/PPPPPPPP/RNBQKBNR w KQkq - 0 1,d2d4,29,20,-9
rnbqkbnr/pppppppp/8/8/3P4/8/PPP1PPPP/RNBQKBNR b KQkq - 0 1,d7d5,-20,-19,-1
rnbqkbnr/ppp1pppp/8/3p4/3P4/8/PPP1PPPP/RNBQKBNR w KQkq - 0 2,c2c4,20,25,5
rnbqkbnr/ppp1pppp/8/3p4/2PP4/8/PP2PPPP/RNBQKBNR b KQkq - 0 2,d5c4,-24,-23,-1
rnbqkbnr/ppp1pppp/8/8/2pP4/2N5/PP2PPPP/R1BQKBNR b KQkq - 1 3,g7g6,-13,-131,118
rnbqk2r/ppp1ppbp/5np1/6B1/2pP4/2N2N2/PP2PPPP/R2QKB1R w KQkq - 4 6,e2e4,40,60,20
rnbqk2r/ppp1ppbp/5np1/6B1/2pPP3/2N2N2/PP3PPP/R2QKB1R b KQkq - 0 6,h7h6,-49,-60,11
rnbqk2r/ppp1ppb1/5npp/8/2pPP2B/2N2N2/PP3PPP/R2QKB1R b KQkq - 1 7,g6g5,-35,-42,7
rn1qk2r/ppp1ppb1/5n1p/6p1/2pPP1b1/2N2NB1/PP3PPP/R2QKB1R w KQkq - 2 9,e4e5,129,46,-83
rn1qk2r/ppp1ppb1/7p/3nP1p1/2pP4/2N2bB1/PPQ2PPP/R3KB1R w KQkq - 0 11,g2f3,49,15,-34
rn1qk2r/ppp1ppb1/7p/4P1p1/2pP4/2Q2PB1/PP3P1P/R3KB1R b KQkq - 0 12,e7e6,-38,-20,-18
r3k2r/pppq1pb1/2n1p2p/4P1p1/2BP4/2Q2PB1/PP3P1P/2KR3R w kq - 3 15,d4d5,156,158,2
2kr3r/pppq1pb1/2n1p2p/3PP1p1/2B5/2Q2PB1/PP3P1P/2KR3R w - - 1 16,d5e6,361,302,-59
2kr3r/ppp1qpb1/2n1P2p/4P1p1/2B5/2Q2PB1/PP3P1P/2KR3R w - - 1 17,e6f7,278,296,18
rnbqkbnr/pppppppp/8/8/8/8/PPPPPPPP/RNBQKBNR w KQkq - 0 1,e2e4,31,30,-1
rnbqkbnr/pppppppp/8/8/4P3/8/PPPP1PPP/RNBQKBNR b KQkq - 0 1,c7c5,-25,-35,10
rnbqkbnr/pp1ppppp/8/2p5/4P3/5N2/PPPP1PPP/RNBQKB1R b KQkq - 1 2,d7d6,-30,-39,9
rnbqkbnr/pp2pppp/3p4/2p5/2B1P3/5N2/PPPP1PPP/RNBQK2R b KQkq - 1 3,a7a6,-2,-36,34
rnbqkbnr/1p2pppp/p2p4/2p5/2B1P3/5N2/PPPP1PPP/RNBQK2R w KQkq - 0 4,a2a3,39,-11,-50
rnbqkbnr/1p2pppp/p2p4/2p5/2B1P3/P4N2/1PPP1PPP/RNBQK2R b KQkq - 0 4,e7e6,2,5,3
rnbqkbnr/1p3ppp/p2pp3/2p5/2B1P3/P4N2/1PPP1PPP/RNBQK2R w KQkq - 0 5,d2d3,-6,5,11
rnbqk2r/1p2bppp/p2ppn2/2p5/2B1P3/P1NP1N2/1PP2PPP/R1BQK2R w KQkq - 3 7,h2h3,-10,-20,10
rnbq1rk1/1p2bppp/p2ppn2/2p5/2B1P3/P1NP1N1P/1PP2PP1/R1BQ1RK1 b - - 2 8,b7b5,24,26,2
r4rk1/3bbppp/pqnppn2/1pp5/4P3/P2P1NNP/BPP2PP1/1RBQ1RK1 b - - 7 12,b5b4,7,8,1
r4rk1/3bbppp/pqnppn2/2p5/1p2P3/P2PBNNP/BPP2PP1/1R1Q1RK1 b - - 1 13,h7h6,28,-4,-32
r4r2/3bbppk/pqnppn1p/2p5/1p2P3/P2PB1NP/BPPQ1PPN/1R3RK1 b - - 3 15,a6a5,42,45,3
r4r2/3bbppk/1qnppn1p/p1p5/1p2P3/P2PB1NP/BPPQ1PPN/1R3RK1 w - - 0 16,a3a4,-45,-62,17
r4r2/3bbppk/1q1ppn1p/p1p5/Pp1nP3/3PB1NP/BPPQ1PPN/1R3RK1 w - - 1 17,f2f4,-59,-157,98
r4r2/4bppk/1q1ppn1p/p1p5/bp1BPP2/3P2NP/BPPQ2PN/1R3RK1 b - - 0 18,c5d4,194,183,-11
r4r2/4bppk/1q1ppn1p/p7/1p1pPP2/1b1P2NP/1PPQ2PN/1R3RK1 w - - 0 20,c2b3,-203,-202,-1
2r2r2/4bppk/1q1ppn1p/p7/1p1pPP2/1P1P2NP/1P1Q2PN/1R3RK1 w - - 1 21,f4f5,-201,-226,25
2r2r2/4bppk/1q1ppn1p/p4P2/1p1pP3/1P1P2NP/1P1Q2PN/1R3RK1 b - - 0 21,e6e5,228,227,-1
2r2r2/4bppk/1q1p3p/p3pP2/1p1pP1n1/1P1P2NP/1P1Q2P1/1R3RK1 w - - 0 23,h3g4,-329,-304,-25
5r2/2r2ppk/1q1p3p/p3pPbN/1p1pP1P1/1P1P4/1P2Q1P1/1R3RK1 b - - 4 25,f7f6,348,341,-7
rnbqkbnr/pppppppp/8/8/8/8/PPPPPPPP/RNBQKBNR w KQkq - 0 1,e2e4,22,27,5
rnbqkbnr/pppppppp/8/8/4P3/8/PPPP1PPP/RNBQKBNR b KQkq - 0 1,e7e6,-21,-22,1
rnbqkbnr/pppp1ppp/4p3/8/2B1P3/8/PPPP1PPP/RNBQK1NR b KQkq - 1 2,d7d5,33,31,-2
rnbqkbnr/ppp2ppp/4p3/3p4/2B1P3/8/PPPP1PPP/RNBQK1NR w KQkq - 0 3,e4d5,-30,-37,7
rnbqkbnr/ppp2ppp/4p3/3P4/2B5/8/PPPP1PPP/RNBQK1NR b KQkq - 0 3,e6d5,34,30,-4
rnbqkb1r/ppp2ppp/5n2/3p4/8/1B6/PPPP1PPP/RNBQK1NR w KQkq - 2 5,d2d4,-28,-32,4
rnbqkb1r/ppp2ppp/5n2/3p4/3P4/1B6/PPP2PPP/RNBQK1NR b KQkq - 0 5,c7c5,31,15,-16
rnbqkb1r/pp3ppp/5n2/2pp4/3P4/1B6/PPP2PPP/RNBQK1NR w KQkq - 0 6,d4c5,-15,-15,0
r1bqk2r/pp3ppp/2B2n2/2bp4/8/8/PPP2PPP/RNBQK1NR b KQkq - 0 8,b7c6,284,283,-1
r1b1r1k1/p4ppp/1qp2n2/3p4/8/4bN2/PPP2PPP/RN1Q1RK1 w - - 2 13,f2e3,-415,-450,35
rnbqkbnr/pppppppp/8/8/8/8/PPPPPPPP/RNBQKBNR w KQkq - 0 1,e2e4,35,33,-2
rnbqkbnr/pppppppp/8/8/4P3/8/PPPP1PPP/RNBQKBNR b KQkq - 0 1,e7e5,-35,-28,-7
rnbqkbnr/pppp1ppp/8/4p3/4P3/2N5/PPPP1PPP/R1BQKBNR b KQkq - 1 2,d7d6,-12,-38,26
rn2kbnr/pppq1ppp/3pb3/4p3/4P3/1BN5/PPPP1PPP/R1BQK1NR w KQkq - 4 5,d2d3,65,31,-34
rn2k1nr/pppqbppp/3pb3/4p3/4P3/1BNP4/PPP2PPP/R1BQK1NR w KQkq - 1 6,f2f4,32,25,-7
rnq1k2r/ppp1bppp/3pbn2/4p3/4PP2/1BNP1N2/PPP3PP/R1BQK2R w KQkq - 3 8,h2h3,204,63,-141
rnq1k2r/ppp1bppp/3p1n2/4p3/4PP2/1bNP1N1P/PPP3P1/R1BQK2R w KQkq - 0 9,a2b3,66,76,10
r1q1k2r/ppp1bppp/3p1n2/4p3/3NPP2/1PNP3P/1PP1Q1P1/R1B1K2R b KQkq - 0 11,e5d4,-81,-74,-7
r1q1k2r/ppp1bppp/3p4/3n4/3pPP2/1P1P3P/1PP1Q1P1/R1B1K2R w KQkq - 0 13,e4d5,29,31,2
r4rk1/pppqbppp/3p4/3P4/3p1P2/1P1P3P/1PP1Q1P1/R1B2RK1 w - - 3 15,f4f5,18,-44,-62
r4rk1/pppq1ppp/3p1b2/3P1P2/3p2Q1/1P1P3P/1PP3P1/R1B2RK1 b - - 2 16,c7c5,46,-9,-55
r4rk1/pp1q1ppp/3p4/2pP1PQ1/3p4/1P1P3P/1PP3P1/R4RK1 b - - 0 18,f7f6,3,3,0
4rrk1/pp1q2pp/3p1p2/2pP1P2/3p2Q1/1P1P3P/1PP3P1/R4RK1 w - - 2 20,c2c3,15,-26,-41
4rrk1/pp1q2pp/3p1p2/2pP1P2/3p2Q1/1PPP3P/1P4P1/R4RK1 b - - 0 20,d4c3,29,5,-24
4rrk1/pp1q2pp/3p1p2/2pP1P2/6Q1/1PpP3P/1P4P1/R4RK1 w - - 0 21,b2c3,0,2,2
5rk1/pp1q2pp/3p1p2/2pPrP2/6Q1/1PPP3P/6P1/R4RK1 w - - 1 22,c3c4,44,-61,-105
4r1k1/pp1q2pp/3p1p2/2pPrP2/2P3Q1/1P1P1R1P/6P1/R5K1 b - - 2 23,a7a6,83,77,-6
6k1/1p1q2pp/p2p1p2/2pP1P2/2P3Q1/1P1P2RP/6PK/1r6 w - - 2 27,h3h4,121,-75,-196
6k1/1p1q2pp/p2p1p2/2pP1P2/2P3QP/1r1P2R1/6PK/8 w - - 0 28,h4h5,50,-44,-94
6k1/1p1q2pp/p2p1p2/2pP1P1P/2P3Q1/1r1P2R1/6PK/8 b - - 0 28,h7h6,38,48,10
6k1/1p1q2p1/p2p1pQp/2pP1P1P/2P5/1r1P2R1/6PK/8 b - - 1 29,a6a5,224,-368,-592
5k2/1p1q2pQ/3p1p1p/p1pP1P1P/2P5/1r1PR3/6PK/8 b - - 3 31,a5a4,-510,-10000,9490
7Q/1p1q1kp1/3pRp1p/2pP1P1P/p1P5/3r4/6PK/8 w - - 0 34,g2g4,0,0,0
7Q/1p1q1kp1/3pRp1p/2pP1P1P/p1P3P1/3r4/7K/8 b - - 0 34,a4a3,0,-363,-363
7Q/1p1q1kp1/3pRp1p/2pP1P1P/2P3P1/p2r4/7K/8 w - - 0 35,g4g5,467,613,146
7Q/1p1q1kp1/3pRp1p/2pP1PPP/2P5/p2r4/7K/8 b - - 0 35,f6g5,-615,-631,16
7Q/1p1q1kp1/3pR2p/2pP1PpP/2P5/p2r4/7K/8 w - - 0 36,f5f6,644,651,7
rnbqkbnr/pppppppp/8/8/8/8/PPPPPPPP/RNBQKBNR w KQkq - 0 1,e2e4,33,29,-4
r1bqkbnr/pppppppp/2n5/8/2B1P3/8/PPPP1PPP/RNBQK1NR b KQkq - 2 2,b7b6,16,-104,-120
r1bqkb1r/p1pppppp/1pn4n/8/2B1P3/2N5/PPPP1PPP/R1BQK1NR w KQkq - 2 4,d2d3,162,61,-101
r1bqkb1r/p1pppppp/1p5n/8/2BnP3/2NPB3/PPP2PPP/R2QK1NR b KQkq - 2 5,c7c5,-190,-186,-4
r1bqkb1r/p2ppppp/1p5n/2p5/2BnP3/2NPB3/PPPQ1PPP/R3K1NR b KQkq - 1 6,d7d6,-110,-178,68
r1bqkb1r/p3pppp/1p1p3n/2p5/2BnP3/2NPB3/PPPQ1PPP/2KR2NR b kq - 1 7,a7a5,-86,-246,160
r1bqkb1r/4pppp/1p1p3n/p1p5/2BnP3/2NPBN2/PPPQ1PPP/2KR3R b kq - 1 8,a5a4,-250,-332,82
r1bqkb1r/4pppp/1p1p3n/2p5/p1BnP3/2NPBN2/PPPQ1PPP/2KR3R w kq - 0 9,a2a3,325,225,-100
r2qkb1r/3bpppp/1p1p3n/2p5/p1BNP3/P1NPB3/1PPQ1PPP/2KR3R b kq - 0 10,c5d4,-314,-317,3
r2qkb1r/3bpppp/1p1p3n/8/p1BBP3/P1NP4/1PPQ1PPP/2KR3R b kq - 0 11,b6b5,-320,-352,32
rnbqkbnr/pppppppp/8/8/8/8/PPPPPPPP/RNBQKBNR w KQkq - 0 1,e2e4,29,30,1
rnbqkbnr/pppppppp/8/8/4P3/8/PPPP1PPP/RNBQKBNR b KQkq - 0 1,e7e6,-28,-43,15
rnbqkbnr/pppp1ppp/4p3/8/2B1P3/8/PPPP1PPP/RNBQK1NR b KQkq - 1 2,d7d5,33,29,-4
rnbqkbnr/ppp2ppp/4p3/3p4/2B1P3/8/PPPP1PPP/RNBQK1NR w KQkq - 0 3,e4d5,-28,-22,-6
rnbqkbnr/ppp2ppp/4p3/3P4/2B5/8/PPPP1PPP/RNBQK1NR b KQkq - 0 3,e6d5,27,21,-6
rnbq1rk1/ppp2ppp/3b1n2/3p4/8/1BN2N2/PPPP1PPP/R1BQ1RK1 b - - 7 7,c7c6,47,52,5
rn1q1rk1/pp3ppp/2pb1n2/3p4/6b1/1BN2N2/PPPP1PPP/R1BQR1K1 w - - 2 9,h2h3,-119,-124,5
rn1q1rk1/pp3ppp/2pb1n2/3p3b/8/1BN2N1P/PPPP1PP1/R1BQR1K1 w - - 1 10,g2g4,-117,-184,67
rn1q1rk1/pp3ppp/2pb4/3p3b/6n1/1BN2N1P/PPPP1P2/R1BQR1K1 w - - 0 11,h3g4,-188,-162,-26
rnbqkbnr/pppppppp/8/8/8/8/PPPPPPPP/RNBQKBNR w KQkq - 0 1,e2e4,30,18,-12
rnbqkbnr/pppppppp/8/8/4P3/8/PPPP1PPP/RNBQKBNR b KQkq - 0 1,c7c5,-25,-33,8
rnbqkbnr/pp1ppppp/8/2p5/4P3/8/PPPP1PPP/RNBQKBNR w KQkq - 0 2,f2f4,27,-5,-32
rnbqkbnr/pp1ppppp/8/2p5/4PP2/8/PPPP2PP/RNBQKBNR b KQkq - 0 2,e7e6,6,8,2
rnbqkbnr/pp1p1ppp/4p3/2p5/4PP2/5N2/PPPP2PP/RNBQKB1R b KQkq - 1 3,d7d5,8,5,-3
rnbqkbnr/pp3ppp/4p3/2pp4/4PP2/5N2/PPPP2PP/RNBQKB1R w KQkq - 0 4,e4d5,-6,-36,30
rnbqkbnr/pp3ppp/4p3/2pP4/5P2/5N2/PPPP2PP/RNBQKB1R b KQkq - 0 4,e6d5,52,51,-1
rnbqkbnr/pp3ppp/8/2pp4/5P2/5N2/PPPP2PP/RNBQKB1R w KQkq - 0 5,d2d4,-47,-59,12
rnbqkb1r/pp3ppp/5n2/2pp4/3P1P2/5N2/PPP3PP/RNBQKB1R w KQkq - 1 6,d4c5,-74,-168,94
rnbqk2r/pp3ppp/5n2/2bp4/5P2/5N2/PPP3PP/RNBQKB1R w KQkq - 0 7,c2c3,-151,-365,214
r2qr1k1/pp3ppp/2n5/1Nbp4/5Pb1/2PB1N2/PP1B2PP/2KR3R b - - 0 14,a7a6,618,647,29
r2qr1k1/1p3ppp/p7/2bp4/3nBPb1/2P2N2/PP1B2PP/2KR3R b - - 1 16,d5e4,922,927,5
rnbqkbnr/pppppppp/8/8/8/8/PPPPPPPP/RNBQKBNR w KQkq - 0 1,e2e4,32,33,1
rnbqkbnr/pppppppp/8/8/4P3/8/PPPP1PPP/RNBQKBNR b KQkq - 0 1,d7d6,-33,-65,32
rnbqkbnr/ppp1pppp/3p4/8/4P3/8/PPPP1PPP/RNBQKBNR w KQkq - 0 2,d2d4,47,48,1
rnbqkbnr/ppp1pppp/3p4/8/3PP3/8/PPP2PPP/RNBQKBNR b KQkq - 0 2,e7e6,-41,-89,48
rnbqkbnr/ppp2ppp/3pp3/8/3PP3/5N2/PPP2PPP/RNBQKB1R b KQkq - 1 3,g7g6,-91,-95,4
rnbqkbnr/ppp2p1p/3pp1p1/8/3PP3/3B1N2/PPP2PPP/RNBQK2R b KQkq - 1 4,h7h5,-88,-184,96
rnbqkbnr/ppp2p2/3pp1p1/7p/3PP3/3B1N2/PPP2PPP/RNBQK2R w KQkq - 0 5,c2c3,170,137,-33
rnbqkbnr/ppp2p2/3pp1p1/7p/3PP3/2PB1N2/PP3PPP/RNBQK2R b KQkq - 0 5,g6g5,-148,-316,168
rnb1k1nr/ppp1qp2/3pp3/7p/3PP3/2PB1N2/PP3PPP/RN1QK2R w KQkq - 0 8,d4d5,258,140,-118
rnb1k1nr/ppp1qp2/3pp3/3P3p/4P3/2PB1N2/PP3PPP/RN1QK2R b KQkq - 0 8,e6d5,-130,-149,19
rnb1k1nr/ppp1qp2/3p4/3p3p/4P3/2PB1N2/PP3PPP/RN1Q1RK1 b kq - 1 9,d5e4,-143,-162,19
rnb1k1nr/ppp1qp2/3p4/7p/4B3/2P2N2/PP3PPP/RN1Q1RK1 b kq - 0 10,f7f5,-154,-225,71
rnb1k1nr/ppp1q3/3p4/3B1p1p/8/2P2N2/PP3PPP/RN1Q1RK1 b kq - 1 11,f5f4,-271,-551,280
rnbqkbnr/pppppppp/8/8/8/8/PPPPPPPP/RNBQKBNR w KQkq - 0 1,e2e4,35,29,-6
rnbqkbnr/pppppppp/8/8/4P3/8/PPPP1PPP/RNBQKBNR b KQkq - 0 1,f7f6,-25,-147,122
rnbqkbnr/ppppp1pp/5p2/8/4P3/5N2/PPPP1PPP/RNBQKB1R b KQkq - 1 2,g7g5,-132,-422,290
rnbqkbnr/ppppp2p/5p2/4N1p1/4P3/8/PPPP1PPP/RNBQKB1R b KQkq - 1 3,h7h5,-289,-305,16
rnbqkbnr/ppppp3/5p2/6pp/2N1P3/8/PPPP1PPP/RNBQKB1R b KQkq - 1 4,d7d6,-100,-172,72
rnbqkbnr/ppp1p3/3p1p2/6pp/2N1P3/8/PPPP1PPP/RNBQKB1R w KQkq - 0 5,d2d4,192,183,-9
rn1qkbnr/ppp1p3/3p1p2/5bpp/2NPP3/8/PPP2PPP/RNBQKB1R w KQkq - 1 6,e4f5,628,608,-20
rnbqkbnr/pppppppp/8/8/8/8/PPPPPPPP/RNBQKBNR w KQkq - 0 1,e2e4,33,35,2
rnbqkbnr/pppppppp/8/8/4P3/8/PPPP1PPP/RNBQKBNR b KQkq - 0 1,c7c6,-32,-48,16
rnbqkbnr/pp1ppppp/2p5/8/4P3/8/PPPP1PPP/RNBQKBNR w KQkq - 0 2,d2d4,36,34,-2
rnbqkbnr/pp1ppppp/2p5/8/3PP3/8/PPP2PPP/RNBQKBNR b KQkq - 0 2,d7d5,-35,-39,4
rnbqkbnr/pp2pppp/2p5/3p4/3PP3/2N5/PPP2PPP/R1BQKBNR b KQkq - 1 3,e7e6,-15,-83,68
rnbqkbnr/pp3ppp/2p1p3/3p4/3PP3/2N5/PPP2PPP/R1BQKBNR w KQkq - 0 4,f2f4,77,50,-27
rnbqkbnr/pp3ppp/2p1p3/3p4/3PPP2/2N5/PPP3PP/R1BQKBNR b KQkq - 0 4,c6c5,-42,-68,26
rnbqkbnr/pp3ppp/4p3/2pp4/3PPP2/2N2N2/PPP3PP/R1BQKB1R b KQkq - 1 5,d5e4,-61,-80,19
rnbqkbnr/pp3ppp/4p3/2p5/3PNP2/5N2/PPP3PP/R1BQKB1R b KQkq - 0 6,c5d4,-103,-92,-11
r1b2rk1/pp2bppp/2N1pq2/8/5P2/3BB3/PPPQ2PP/R3K2R b KQ - 0 12,b7c6,-43,-46,3
r4rk1/pb2bppp/2p1pq2/8/5P2/3BB3/PPPQ2PP/R4RK1 w - - 2 14,f4f5,70,24,-46
r4rk1/pb2bppp/2p1pq2/5P2/8/3BB3/PPPQ2PP/R4RK1 b - - 0 14,e6f5,-36,-30,-6
r4rk1/pb2bppp/2p5/5R2/7q/3BB3/PPPQ2PP/R5K1 w - - 1 16,g2g3,172,90,-82
r4rk1/pb2bppp/2p5/5R2/8/3BB1Pq/PPP1Q2P/R5K1 b - - 2 17,c6c5,-8,-401,393
rnbqkbnr/pppppppp/8/8/8/8/PPPPPPPP/RNBQKBNR w KQkq - 0 1,e2e4,31,29,-2
rnbqkbnr/pppppppp/8/8/4P3/8/PPPP1PPP/RNBQKBNR b KQkq - 0 1,e7e5,-32,-28,-4
r1bqkbnr/pppp1ppp/2n5/4p3/2B1P3/8/PPPP1PPP/RNBQK1NR w KQkq - 2 3,d2d3,26,15,-11
r1bqk1nr/pppp1ppp/2n5/2b1p3/2B1P3/3P1N2/PPP2PPP/RNBQK2R b KQkq - 2 4,d7d6,-9,-14,5
r1bqk1nr/ppp2ppp/2np4/2b1p3/2B1P3/3P1N2/PPP2PPP/RNBQK2R w KQkq - 0 5,h2h3,9,-8,-17
r2qk2r/ppp2ppp/2npbn2/2b1p3/2B1P3/2NP1N1P/PPP2PP1/R1BQ1RK1 b kq - 4 7,h7h6,1,-11,-12
r2qk2r/ppp2pp1/2np1n1p/2bbp3/2B1P3/3P1N1P/PPP2PP1/R1BQ1RK1 w kq - 0 9,e4d5,12,4,-8
r2qk2r/ppp2pp1/1B1p1n1p/3Pp3/2B5/3P3P/PPP2PP1/R2Q1RK1 b kq - 0 12,a7b6,-27,-23,-4
r2qk2r/1pp2pp1/1p1p1n1p/3Pp3/2B5/3P3P/PPP2PP1/R2QR1K1 b kq - 1 13,c7c6,16,-49,-65
r2qk2r/1p3pp1/1ppp1n1p/3Pp3/2B5/3P3P/PPP2PP1/R2QR1K1 w kq - 0 14,b2b4,62,-44,-106
r2qk2r/1p3pp1/1ppp1n1p/3Pp3/1PB5/3P3P/P1P2PP1/R2QR1K1 b kq - 0 14,c6d5,40,55,15
r2qk2r/1p3pp1/1p1p3p/3np3/1P6/3P3P/P1P2PP1/R2QR1K1 w kq - 0 16,c2c4,-452,-486,34
r2qk2r/1p3pp1/1p1p1n1p/4p3/1PP5/3P3P/P4PP1/R2QR1K1 w kq - 1 17,a2a4,-466,-525,59
r2q1rk1/1p3pp1/1p1p1n1p/4p3/PPP5/3P3P/5PP1/R2QR1K1 w - - 1 18,c4c5,-516,-521,5
r2q1rk1/1p3pp1/1p1p1n1p/2P1p3/PP6/3P3P/5PP1/R2QR1K1 b - - 0 18,b6c5,520,516,-4
r2q1rk1/1p3pp1/3p1n1p/2p1p3/PP6/3P3P/5PP1/R2QR1K1 w - - 0 19,b4c5,-510,-515,5
r2q1rk1/1p3pp1/3p1n1p/2P1p3/P7/3P3P/5PP1/R2QR1K1 b - - 0 19,d6c5,509,506,-3
r2q1rk1/1p3pp1/5n1p/2p1p3/P7/3P3P/5PP1/R2QR1K1 w - - 0 20,a4a5,-499,-551,52
5rk1/1p3pp1/5n1p/2p1R3/8/2qP3P/5PP1/3Q2K1 w - - 1 23,d3d4,-528,-560,32
5rk1/1p3pp1/5n1p/2p1R3/3Q4/7P/5PP1/6K1 b - - 0 24,c5d4,658,644,-14
3r2k1/1R3pp1/5n1p/8/3p4/7P/5PP1/6K1 b - - 0 26,d4d3,719,711,-8
3r2k1/5pp1/5n1p/8/8/3p3P/5PP1/1R4K1 b - - 1 27,d3d2,707,746,39
3r2k1/5pp1/5n1p/8/8/7P/3p1PP1/1R3K2 b - - 1 28,d2d1q,827,802,-25
6k1/5pp1/5n1p/8/8/r6P/3K1PP1/8 w - - 4 32,f2f4,-808,-794,-14
6k1/5pp1/7p/3n4/5P2/r6P/3K2P1/8 w - - 1 33,f4f5,-796,-812,16
6k1/5pp1/7p/3n1P2/8/6rP/3K2P1/8 w - - 1 34,h3h4,-775,-814,39
6k1/5pp1/2K2n1p/5P2/8/8/3r4/8 b - - 5 40,h6h5,1053,10000,8947
6k1/5pp1/5n2/2K2P1p/8/8/3r4/8 b - - 1 41,h5h4,10000,10000,0
6k1/5pp1/5n2/5P2/2K4p/8/3r4/8 b - - 1 42,h4h3,10000,10000,0
3r2k1/5pp1/5n2/5P2/2K5/7p/8/8 b - - 3 44,h3h2,10000,10000,0
3r2k1/5pp1/5n2/2K2P2/8/8/7p/8 b - - 1 45,h2h1q,10000,10000,0
rnbqkbnr/pppppppp/8/8/8/8/PPPPPPPP/RNBQKBNR w KQkq - 0 1,d2d4,28,18,-10
rnbqkbnr/pppppppp/8/8/3P4/8/PPP1PPPP/RNBQKBNR b KQkq - 0 1,d7d5,-16,-25,9
rnbqkbnr/ppp1pppp/8/3p4/3P4/8/PPP1PPPP/RNBQKBNR w KQkq - 0 2,c2c4,27,22,-5
rnbqkbnr/ppp1pppp/8/3p4/2PP4/8/PP2PPPP/RNBQKBNR b KQkq - 0 2,d5c4,-20,-30,10
rnbqkbnr/ppp1pppp/8/8/2pP4/2N5/PP2PPPP/R1BQKBNR b KQkq - 1 3,g7g6,-12,-106,94
rnbqk2r/ppp1ppbp/5np1/6B1/2pP4/2N2N2/PP2PPPP/R2QKB1R w KQkq - 4 6,e2e4,39,53,14
rnbqk2r/ppp1ppbp/5np1/6B1/2pPP3/2N2N2/PP3PPP/R2QKB1R b KQkq - 0 6,h7h6,-61,-60,-1
rnbqk2r/ppp1ppb1/5npp/8/2pPP2B/2N2N2/PP3PPP/R2QKB1R b KQkq - 1 7,g6g5,-31,-29,-2
rn1qk2r/ppp1ppb1/5n1p/6p1/2pPP1b1/2N2NB1/PP3PPP/R2QKB1R w KQkq - 2 9,e4e5,129,45,-84
rn1qk2r/ppp1ppb1/7p/3nP1p1/2pP2b1/2N2NB1/PPQ2PPP/R3KB1R b KQkq - 2 10,e7e6,49,-38,-87
rn1qk2r/ppp2pb1/4p2p/3nP1p1/2pP4/2N2bB1/PPQ2PPP/2KR1B1R w kq - 0 12,g2f3,22,24,2
r2qk2r/ppp2pb1/2n1p2p/3nP1p1/2pP4/2N2PB1/PPQ2P1P/2KR1B1R w kq - 1 13,a2a3,93,-107,-200
r2qk2r/ppp2pb1/2n1p2p/3nP1p1/2pP4/P1N2PB1/1PQ2P1P/2KR1B1R b kq - 0 13,a7a6,84,-106,-190
1k1r3r/1pp1qpb1/1nB1p2p/2N1P1p1/3P4/P4PB1/1PQ2P1P/2KR3R b - - 0 19,b7c6,-288,-292,4
3r3r/1kpq1pb1/1np1p2p/4P1p1/1N1P4/P4PB1/1PQ2P1P/2KR3R w - - 4 22,f3f4,99,76,-23
r6r/1kpq1pb1/1np1p2p/4P1p1/1N1P1P2/P5B1/1PQ2P1P/2KR3R w - - 1 23,f4g5,77,75,-2
r6r/1kpq1pb1/1np1p2p/4P1P1/1N1P4/P5B1/1PQ2P1P/2KR3R b - - 0 23,h6g5,-71,-65,-6
r6r/1kpq1pb1/1np1p3/4P1p1/1N1P4/P5B1/1PQ2P1P/2KR3R w - - 0 24,f2f4,66,11,-55
r6r/1kpq1pb1/1np1p3/4P1p1/1N1P1P2/P5B1/1PQ4P/2KR3R b - - 0 24,g5g4,-13,-104,91
r6r/1kpq1pb1/1np1p3/4P3/1N1P1Pp1/P7/1PQ2B1P/2KR3R b - - 1 25,f7f6,41,-160,-201
r6r/1kpq2b1/1np1pp2/4P3/1N1P1Pp1/P7/1PQ2B1P/2KR3R w - - 0 26,d4d5,134,24,-110
r6r/1kpq2b1/1np1pp2/3PP3/1N3Pp1/P7/1PQ2B1P/2KR3R b - - 0 26,e6d5,-4,-159,155
r6r/1kpq2b1/1Bp2p2/3pP3/1N3Pp1/P7/1PQ4P/2KR3R b - - 0 27,c7b6,23,30,7
r6r/1k1q2b1/1pp2p2/3pP3/1N3Pp1/P7/1PQ4P/2KR3R w - - 0 28,e5f6,-21,-26,5
rnbqkbnr/pppppppp/8/8/8/8/PPPPPPPP/RNBQKBNR w KQkq - 0 1,e2e4,25,21,-4
rnbqkbnr/pppppppp/8/8/4P3/8/PPPP1PPP/RNBQKBNR b KQkq - 0 1,f7f6,-21,-152,131
rnbqkbnr/ppppp1pp/5p2/8/4P3/8/PPPP1PPP/RNBQKBNR w KQkq - 0 2,d2d4,147,148,1
rnbqkbnr/ppppp1pp/5p2/8/3PP3/8/PPP2PPP/RNBQKBNR b KQkq - 0 2,g7g5,-148,-10000,9852
rnbqkbnr/pppppppp/8/8/8/8/PPPPPPPP/RNBQKBNR w KQkq - 0 1,e2e4,23,23,0
rnbqkbnr/pppppppp/8/8/4P3/8/PPPP1PPP/RNBQKBNR b KQkq - 0 1,c7c5,-22,-24,2
rnbqkbnr/pp1ppppp/8/2p5/4P3/5N2/PPPP1PPP/RNBQKB1R b KQkq - 1 2,d7d6,-44,-42,-2
rnbqkbnr/pp2pppp/3p4/2p5/2B1P3/5N2/PPPP1PPP/RNBQK2R b KQkq - 1 3,e7e6,-11,-23,12
rnbqkbnr/pp3ppp/3pp3/2p5/2B1P3/5N2/PPPP1PPP/RNBQK2R w KQkq - 0 4,d2d3,30,10,-20
rnbqkbnr/pp3ppp/3pp3/2p5/2B1P3/3P1N2/PPP2PPP/RNBQK2R b KQkq - 0 4,a7a6,-12,-19,7
rnbqkbnr/1p3ppp/p2pp3/2p5/2B1P3/3P1N2/PPP2PPP/RNBQK2R w KQkq - 0 5,a2a3,16,-7,-23
rnbqk2r/1p2bppp/p2ppn2/2p3B1/2B1P3/P2P1N2/1PP2PPP/RN1QK2R w KQkq - 3 7,c2c3,-28,-43,15
rnbqk2r/1p2bppp/p2ppn2/2p3B1/2B1P3/P1PP1N2/1P3PPP/RN1QK2R b KQkq - 0 7,b7b5,48,41,-7
r2qk2r/1b1nbppp/p2ppn2/1pp3B1/4P3/P1PP1N2/BP1N1PPP/R2Q1RK1 b kq - 5 10,h7h6,55,51,-4
r2q1rk1/1b1nbpp1/p2ppn1p/1pp5/4P2B/P1PP1N2/BP1N1PPP/R2Q1RK1 w - - 2 12,h2h3,-14,-38,24
r3rbk1/1b1n1pp1/pq1ppn1p/1pp5/4P2B/P1PPNN1P/BP3PP1/R2QR1K1 b - - 6 15,b5b4,44,-18,-62
r3rbk1/1b1n1pp1/pq1ppn1p/2p5/1p2P2B/P1PPNN1P/BP3PP1/R2QR1K1 w - - 0 16,a3b4,18,8,-10
r3rbk1/1b1n1pp1/pq1ppn1p/2p5/1P2P2B/2PPNN1P/BP3PP1/R2QR1K1 b - - 0 16,c5b4,-11,-8,-3
r3rbk1/1b1n1pp1/pq1ppn1p/8/1p2P2B/1BPPNN1P/1P3PP1/R2QR1K1 b - - 1 17,a6a5,14,8,-6
r3rbk1/3n1pp1/1qbppn1p/p7/Bp2P2B/2PPNN1P/1P3PP1/R2QR1K1 w - - 2 19,c3c4,6,-95,-101
r3r1k1/4bpp1/1q1ppn1p/p1n5/1pP1P2B/3PNN1P/1P3PP1/R2QR1K1 w - - 3 22,b2b3,0,-42,-42
rr4k1/3qbpp1/3ppn1p/pNn5/1pP1P2B/1P1PN2P/5PP1/R2QR1K1 w - - 5 25,d3d4,34,-99,-133
rr4k1/1n1qbpp1/3ppn1p/pN6/1pPPP2B/1P2N2P/5PP1/R2QR1K1 w - - 1 26,f2f3,145,59,-86
rr1n2k1/3qbpp1/3ppn1p/pN6/1pPPP2B/1P2NP1P/4Q1P1/R3R1K1 b - - 2 27,e6e5,-57,-184,127
rr1n2k1/3qbpp1/3p1n1p/pN2p3/1pPPP2B/1P2NP1P/4Q1P1/R3R1K1 w - - 0 28,d4d5,178,-48,-226
rr6/1n2qppk/3p1n1p/pN1Pp3/1pP1P2B/1P2QP1P/6P1/R3R1K1 b - - 1 31,g7g6,-72,-237,165
r7/5pk1/3p1qpp/p1nPp3/1pP1P3/1P2QP1P/6P1/RR4K1 w - - 2 36,g2g3,76,61,-15
r7/5pk1/3p1qpp/p1nPp3/1pP1P3/1P2QPPP/8/RR4K1 b - - 0 36,h6h5,-57,-83,26
r2q4/5pk1/3p2p1/p1nPp2p/1pP1P3/1P2QPPP/6K1/RR6 w - - 2 38,f3f4,85,37,-48
r2q4/5pk1/3p2p1/p1nPp2p/1pP1PP2/1P2Q1PP/6K1/RR6 b - - 0 38,h5h4,-60,-258,198
r2q4/5pk1/3p2p1/p1nPp3/1pP1PP1p/1P2Q1PP/6K1/RR6 w - - 0 39,f4e5,255,273,18
r2q4/5pk1/3p2p1/p1nPP3/1pP1P2p/1P2Q1PP/6K1/RR6 b - - 0 39,h4g3,-266,-289,23
r2q4/5pk1/3p2p1/p1nPP3/1pP1P3/1P2Q1pP/6K1/RR6 w - - 0 40,e5d6,276,278,2
r5k1/5p2/3q2p1/p1nP4/1pPQP3/1P4pP/6K1/RR6 w - - 2 42,e4e5,299,308,9
r5k1/2q2p2/6p1/p1nPP3/1pPQ4/1P4pP/6K1/RR6 w - - 1 43,d5d6,326,318,-8
r5k1/5p2/3Pn1p1/p2qP3/1pP5/1P4KP/8/RR6 w - - 0 46,c4d5,399,404,5
rnbqkbnr/pppppppp/8/8/8/8/PPPPPPPP/RNBQKBNR w KQkq - 0 1,e2e4,26,28,2
rnbqkbnr/pppppppp/8/8/4P3/8/PPPP1PPP/RNBQKBNR b KQkq - 0 1,e7e5,-28,-27,-1
r1bqk2r/pppp1ppp/2n2n2/2b1p3/2B1P3/2N2N2/PPPP1PPP/R1BQK2R w KQkq - 6 5,d2d4,9,-90,-99
r1bqk2r/pppp1ppp/2n2n2/2b1p3/2BPP3/2N2N2/PPP2PPP/R1BQK2R b KQkq - 0 5,e5d4,92,94,2
r1bqk2r/pppp1ppp/2n2n2/2bN4/2BpP3/5N2/PPP2PPP/R1BQK2R b KQkq - 1 6,a7a5,103,-26,-129
r1bqk2r/1ppp1ppp/2Nn4/p1bN4/2Bp1B2/8/PPP2PPP/R2QK2R b KQkq - 0 9,d7c6,326,323,-3
r1b1k2r/1pq2ppp/2pn4/p1b5/2Bp1B2/5Q2/PPP2PPP/R3K2R b KQkq - 1 11,h7h6,525,274,-251
r1b1k2r/1pq2pp1/2pn3p/p1b5/2Bp1B2/5Q2/PPP2PPP/R3K2R w KQkq - 0 12,h2h4,-344,-448,104
r2k4/1pq1b3/2p5/p4Q2/2Bp3P/8/PPP2PP1/R3K2R b KQ - 0 20,a5a4,-706,-732,26
r2k4/1pq1b3/2p5/5Q2/p1Bp3P/8/PPP2PP1/R3K2R w KQ - 0 21,h4h5,726,605,-121
r2k4/1pq1b3/2p5/5Q1P/p1Bp4/8/PPP2PP1/R3K2R b KQ - 0 21,a4a3,-611,-600,-11
r2k4/1pq1b3/2p5/5Q1P/2Bp4/p7/PPP2PP1/R3K2R w KQ - 0 22,b2a3,620,607,-13
3k4/1pq1b3/2p5/5Q1P/2Bp4/r7/P1P2PP1/R3K2R w KQ - 0 23,h5h6,715,650,-65
3k4/1pq1b3/2p1B2P/5Q2/3p4/8/P1r2PP1/R3K2R w KQ - 0 25,h6h7,712,963,251
3k4/1p2b2P/2p1B3/q4Q2/3p4/8/P1r2PP1/R4K1R b - - 2 26,c6c5,-883,-1008,125
3k4/1p2b2P/4B3/q1p2Q2/3p4/8/P1r2PP1/R4K1R w - - 0 27,h7h8q,1202,10000,8798
2Q5/1p2b3/1k2B3/q1p5/3p4/8/P1Q2PP1/R4K1R b - - 0 29,c5c4,-1048,-10000,8952
rnbqkbnr/pppppppp/8/8/8/8/PPPPPPPP/RNBQKBNR w KQkq - 0 1,e2e4,27,25,-2
rnbqkb1r/pppppppp/5n2/8/4P3/8/PPPP1PPP/RNBQKBNR w KQkq - 1 2,e4e5,65,63,-2
rnbqkbnr/pppppppp/8/4P3/8/8/PPPP1PPP/RNBQKBNR w KQkq - 1 3,d2d4,103,110,7
rnbqkbnr/pppppppp/8/4P3/3P4/8/PPP2PPP/RNBQKBNR b KQkq - 0 3,f7f6,-110,-198,88
rnbqkbnr/ppppp1pp/5p2/4P3/3P4/5N2/PPP2PPP/RNBQKB1R b KQkq - 1 4,f6e5,-174,-177,3
rnbqkbnr/ppppp1pp/8/4N3/3P4/8/PPP2PPP/RNBQKB1R b KQkq - 0 5,d7d6,-120,-287,167
rnbqkbnr/ppp1p1pp/3p4/4N2Q/3P4/8/PPP2PPP/RNB1KB1R b KQkq - 1 6,g7g6,-314,-305,-9
rnbqkbnr/ppp1p2p/3p2N1/7Q/3P4/8/PPP2PPP/RNB1KB1R b KQkq - 0 7,h7g6,-305,-402,97
rnbqkb2/ppp1p3/3p1np1/8/3P3Q/8/PPP2PPP/RNB1KB1R b KQq - 2 9,e7e5,-353,-539,186
rnbqkb2/ppp5/3p1np1/4p3/3P3Q/8/PPP2PPP/RNB1KB1R w KQq - 0 10,d4e5,550,546,-4
rnbqkb2/ppp5/3p1np1/4P3/7Q/8/PPP2PPP/RNB1KB1R b KQq - 0 10,d6e5,-528,-542,14
Qn2k3/p1p5/6p1/4pB2/3q4/8/PPP2RPP/RNB3K1 b - - 0 17,g6f5,-977,-1051,74
1Q6/p1pk4/8/4pp2/3q4/2N5/PPP2RPP/R1B3K1 b - - 2 19,e5e4,-1070,-1240,170
1Q6/p1pk4/8/5p2/3qpB2/2N5/PPP2RPP/R5K1 b - - 1 20,e4e3,-1177,-1296,119
8/p1Q5/4k3/5p2/3q1B2/2N1p3/PPP2RPP/3R2K1 b - - 2 22,e3f2,-1263,-10000,8737
rnbqkbnr/pppppppp/8/8/8/8/PPPPPPPP/RNBQKBNR w KQkq - 0 1,d2d4,32,23,-9
rnbqkbnr/pppppppp/8/8/3P4/8/PPP1PPPP/RNBQKBNR b KQkq - 0 1,c7c6,-25,-34,9
rnbqkbnr/pp1ppppp/2p5/8/3P4/8/PPP1PPPP/RNBQKBNR w KQkq - 0 2,c2c4,39,30,-9
rnbqkbnr/pp1ppppp/2p5/8/2PP4/8/PP2PPPP/RNBQKBNR b KQkq - 0 2,e7e6,-30,-49,19
rnbqkbnr/pp1p1ppp/2p1p3/8/2PP4/8/PP2PPPP/RNBQKBNR w KQkq - 0 3,e2e4,54,41,-13
rnbqkbnr/pp1p1ppp/2p1p3/8/2PPP3/8/PP3PPP/RNBQKBNR b KQkq - 0 3,f7f6,-47,-179,132
rnbqkbnr/pp1p2pp/2p1pp2/8/2PPP3/8/PP3PPP/RNBQKBNR w KQkq - 0 4,e4e5,186,77,-109
rnbqkbnr/pp1p2pp/2p1pp2/4P3/2PP4/8/PP3PPP/RNBQKBNR b KQkq - 0 4,g7g5,-75,-373,298
rnbqkbnr/pp1p3p/2p1pp2/4P1p1/2PP4/8/PP3PPP/RNBQKBNR w KQkq - 0 5,d4d5,373,146,-227
rnbqkbnr/pp1p3p/2p1pp2/3PP1p1/2P5/8/PP3PPP/RNBQKBNR b KQkq - 0 5,f6f5,-152,-10000,9848
rnbqkbnr/pp1p3p/2p1p3/3PPpp1/2P5/8/PP3PPP/RNBQKBNR w KQkq - 0 6,d5e6,10000,186,-9814
rnbqkbnr/pp1p3p/2p1P3/4Ppp1/2P5/8/PP3PPP/RNBQKBNR b KQkq - 0 6,g5g4,-186,-184,-2
rnbqkbnr/pp1p3p/2p1P3/4Pp2/2P3p1/8/PP3PPP/RNBQKBNR w KQkq - 0 7,h2h3,187,179,-8
rnbqkbnr/pp1p3p/2p1P3/4Pp2/2P3p1/7P/PP3PP1/RNBQKBNR b KQkq - 0 7,g4h3,-175,-10000,9825
rnbqkbnr/pppppppp/8/8/8/8/PPPPPPPP/RNBQKBNR w KQkq - 0 1,e2e4,28,25,-3
rnbqkbnr/pppppppp/8/8/4P3/8/PPPP1PPP/RNBQKBNR b KQkq - 0 1,e7e6,-25,-38,13
rnbqkbnr/pppp1ppp/4p3/8/2B1P3/8/PPPP1PPP/RNBQK1NR b KQkq - 1 2,d7d5,27,33,6
rnbqkbnr/ppp2ppp/4p3/3p4/2B1P3/8/PPPP1PPP/RNBQK1NR w KQkq - 0 3,e4d5,-31,-26,-5
rnbqkbnr/ppp2ppp/4p3/3P4/2B5/8/PPPP1PPP/RNBQK1NR b KQkq - 0 3,e6d5,28,29,1
rnbqkb1r/ppp2ppp/5n2/3p4/8/1B6/PPPP1PPP/RNBQK1NR w KQkq - 2 5,d2d4,-30,-30,0
rnbq1rk1/ppp1bppp/5n2/3p2B1/3P4/1B3N2/PPP2PPP/RN1QK2R b KQ - 4 7,h7h6,21,18,-3
rnbq1rk1/ppp2pp1/5b1p/3p4/3P4/1B3N2/PPP2PPP/RN1Q1RK1 b - - 1 9,c7c6,17,16,-1
rn1q1rk1/pp3pp1/2p2b1p/3p1b2/3P4/1B3N2/PPP2PPP/RN1QR1K1 w - - 2 11,c2c4,-6,-106,100
rn1q1rk1/pp3pp1/2p2b1p/3p1b2/2PP4/1B3N2/PP3PPP/RN1QR1K1 b - - 0 11,d5c4,112,107,-5
r2q1rk1/pp3pp1/1np2b1p/5b2/2BP4/2N2N2/PP3PPP/R2QR1K1 w - - 3 14,b2b3,-5,-116,111
r2q1rk1/pp3pp1/2p2b1p/5b2/2nP4/1PN2N2/P4PPP/R2QR1K1 w - - 0 15,b3c4,-104,-107,3
3r1rk1/pp3pp1/2p2b1p/q4b2/2PP4/2N2N2/P4PPP/2RQR1K1 w - - 3 17,d4d5,-109,-576,467
3r1rk1/pp3pp1/2p4p/q2PNb2/2P5/8/P4PPP/2RQ2K1 b - - 0 19,c6d5,645,669,24
3r1rk1/pp3pp1/4b2p/q2pN3/2P5/8/P4PPP/3RQ1K1 b - - 3 21,d5c4,860,836,-24
3r2k1/pp3pp1/4b2p/4N3/2p5/2q5/P4PPP/6K1 w - - 0 24,g2g3,-1187,-1239,52
rnbqkbnr/pppppppp/8/8/8/8/PPPPPPPP/RNBQKBNR w KQkq - 0 1,d2d4,25,26,1
rnbqkbnr/pppppppp/8/8/3P4/8/PPP1PPPP/RNBQKBNR b KQkq - 0 1,c7c6,-20,-33,13
rnbqkbnr/pp1ppppp/2p5/8/3P4/8/PPP1PPPP/RNBQKBNR w KQkq - 0 2,e2e3,32,33,1
rnbqkbnr/pp1ppppp/2p5/8/3P4/4P3/PPP2PPP/RNBQKBNR b KQkq - 0 2,d7d5,-28,-35,7
rn1qkbnr/pp2pppp/2p5/3p4/3P2b1/4PN2/PPP1BPPP/RNBQK2R b KQkq - 3 4,e7e6,10,18,8
rn1qkbnr/pp3ppp/2p1p3/3p4/3P2b1/4PN2/PPP1BPPP/RNBQ1RK1 b kq - 1 5,c6c5,13,-83,-96
r2qkbnr/pp3ppp/2N1p3/2pp4/3P4/4P3/PPP1QPPP/RNB2RK1 b kq - 0 8,b7c6,-15,-17,2
r2qkbnr/p4ppp/2p1p3/2pp4/3P4/4P3/PPP1QPPP/RNB2RK1 w kq - 0 9,d4c5,11,10,-1
r2qk1nr/p4ppp/2p1p3/2bp4/8/4P3/PPP1QPPP/RNB2RK1 w kq - 0 10,b2b3,26,6,-20
r4rk1/p4ppp/2pqpn2/2bp4/8/1P2P3/PBPNQPPP/R4RK1 w - - 5 13,c2c4,50,20,-30
1r3rk1/p4ppp/2pqpn2/2bp4/2P5/1P2P3/PB1NQPPP/R4RK1 w - - 1 14,c4d5,55,19,-36
1r3rk1/p4ppp/2pqpn2/2bP4/8/1P2P3/PB1NQPPP/R4RK1 b - - 0 14,c6d5,-23,-14,-9
1r3rk1/p4ppp/3qpB2/2bp4/8/1P2P3/P2NQPPP/R4RK1 b - - 0 15,g7f6,0,-6,-6
6rk/p4prp/3qpp2/2bp4/Q7/1P2P3/P2N1PPP/R4RK1 w - - 8 20,g2g3,-18,-14,-4
6rk/p4prp/3qpp2/2bp4/Q7/1P2P1P1/P2N1P1P/R4RK1 b - - 0 20,h7h5,16,-14,-30
6rk/p4pr1/3qpp2/2bp3p/Q7/1P2PNP1/P4P1P/R4RK1 b - - 1 21,e6e5,-17,-54,37
6rk/p3Qp2/5p2/3pp1rp/8/1P2P1P1/P4P1P/R4RK1 b - - 0 27,h5h4,-770,-775,5
rnbqkbnr/pppppppp/8/8/8/8/PPPPPPPP/RNBQKBNR w KQkq - 0 1,e2e4,21,22,1
rnbqkbnr/pppppppp/8/8/4P3/8/PPPP1PPP/RNBQKBNR b KQkq - 0 1,e7e6,-22,-37,15
rnbqkbnr/pppp1ppp/4p3/8/4P3/8/PPPP1PPP/RNBQKBNR w KQkq - 0 2,d2d4,36,35,-1
rnbqkbnr/pppp1ppp/4p3/8/3PP3/8/PPP2PPP/RNBQKBNR b KQkq - 0 2,f7f6,-31,-146,115
rnbqkbnr/pppp2pp/4pp2/8/3PP3/8/PPP2PPP/RNBQKBNR w KQkq - 0 3,c2c4,149,123,-26
rnbqkbnr/pppp2pp/4pp2/8/2PPP3/8/PP3PPP/RNBQKBNR b KQkq - 0 3,g7g6,-105,-164,59
rnbqkbnr/pppp3p/4ppp1/8/2PPP3/8/PP3PPP/RNBQKBNR w KQkq - 0 4,e4e5,162,47,-115
rnbqkbnr/pppp3p/4ppp1/4P3/2PP4/8/PP3PPP/RNBQKBNR b KQkq - 0 4,h7h6,-47,-183,136
rnbqkbnr/pppp4/4pppp/4P3/2PP4/8/PP3PPP/RNBQKBNR w KQkq - 0 5,f2f4,176,131,-45
rnbqkbnr/pppp4/4pppp/4P3/2PP1P2/8/PP4PP/RNBQKBNR b KQkq - 0 5,f6f5,-124,-193,69
rnbqkbnr/pppp4/4p1pp/4Pp2/2PP1P2/5N2/PP4PP/RNBQKB1R b KQkq - 1 6,g6g5,-197,-271,74
rnbqkbnr/pppp4/4p2p/4Ppp1/2PP1P2/5N2/PP4PP/RNBQKB1R w KQkq - 0 7,g2g3,286,206,-80
rnbqkbnr/pppp4/4p2p/4Ppp1/2PP1P2/5NP1/PP5P/RNBQKB1R b KQkq - 0 7,h6h5,-204,-404,200
rnbqkbnr/pppp4/4p3/4Pppp/2PP1P2/3B1NP1/PP5P/RNBQK2R b KQkq - 1 8,g5g4,-170,-209,39
rnbqkbnr/pppp4/4p3/4Pp1p/2PP1Pp1/3B2P1/PP1N3P/RNBQK2R b KQkq - 1 9,h5h4,21,46,25
rnbqkbnr/pppp4/4p3/4Pp2/2PP1Ppp/3B2P1/PP1N1K1P/RNBQ3R b kq - 1 10,h4h3,161,-75,-236
rnb1k1nr/pppp3q/4p2b/4Pp2/2PP1Pp1/1NNBB1Pp/PP3K1P/R2Q3R w kq - 6 14,d4d5,277,276,-1
rnb1k1nr/pppp2bq/4p3/3PPp2/2P2Pp1/1NNBB1Pp/PP3K1P/R2Q3R w kq - 1 15,d5e6,347,184,-163
rnb2knr/pppp2bq/4P3/4Pp2/2P2Pp1/1NNBB1Pp/PP3K1P/R2Q3R w - - 1 16,c4c5,414,293,-121
rnb2k1r/ppppn1bq/4P3/2P1Pp2/5Pp1/1NNBB1Pp/PP3K1P/R2Q3R w - - 1 17,e6d7,342,347,5
rn3k1r/pppbn1bq/8/2P1Pp2/5Pp1/1NNBB1Pp/PP3K1P/R2Q3R w - - 0 18,c5c6,318,271,-47
rnbqkbnr/pppppppp/8/8/8/8/PPPPPPPP/RNBQKBNR w KQkq - 0 1,e2e4,28,31,3
rnbqkbnr/pppppppp/8/8/4P3/8/PPPP1PPP/RNBQKBNR b KQkq - 0 1,e7e5,-32,-29,-3
rnbqkbnr/pppp1ppp/8/4p3/4P3/5N2/PPPP1PPP/RNBQKB1R b KQkq - 1 2,d7d6,-31,-45,14
rnbqkb1r/ppp2ppp/3p1n2/4p3/4P3/5N2/PPPPBPPP/RNBQK2R w KQkq - 2 4,d2d3,-1,-13,12
rn1qk2r/ppp1bppp/3pbn2/4p3/4P3/2NP1N2/PPP1BPPP/R1BQ1RK1 b kq - 4 6,c7c5,-14,-5,-9
rn1qk2r/pp2bppp/3pbn2/2p1p3/4P3/2NP1N2/PPP1BPPP/R1BQ1RK1 w kq - 0 7,a2a3,12,-19,-31
r3k2r/pp2bppp/1qnpbn2/2p1p3/4P3/P1NP1N2/1PP1BPPP/1RBQ1RK1 w kq - 3 9,b2b4,10,8,-2
r4rk1/pp2bppp/1q1pbn2/2p1p3/1P1NP3/P1NP4/2PBBPPP/1R1Q1RK1 b - - 0 11,c5d4,52,59,7
r4rk1/pp2bppp/1q1p1n2/3bp3/1P1pP3/P2P4/2PBBPPP/1R1Q1RK1 w - - 0 13,e4d5,-72,-58,-14
r4rk1/pp2bppp/1q1p4/4p3/1P1p1B2/P2P1B2/2P2PPP/1R1Q1RK1 b - - 0 15,e5f4,-14,-18,4
4rrk1/pp2bppp/3p4/1q6/1P1p1p2/P2P1B2/2P2PPP/2RQR1K1 w - - 4 18,c2c3,-32,-53,21
4rrk1/pp2bppp/3p4/1q6/1P1p1p2/P1PP1B2/5PPP/2RQR1K1 b - - 0 18,d4c3,47,45,-2
4rrk1/pp2bppp/3p4/6q1/1P3p2/P1RP1B2/5PPP/2Q1R1K1 b - - 2 20,b7b6,26,0,-26
2r2rk1/p3bppp/1pBp4/6q1/1P3p2/P1RP4/5PPP/2Q1R1K1 w - - 2 22,b4b5,-16,-35,19
2r2rk1/p3Rppp/1pBp2q1/1P6/5p2/P1RP4/5PPP/2Q3K1 b - - 0 23,f4f3,-421,-502,81
2r2rk1/p3Rppp/1pBp2q1/1P6/8/P1RP1p2/5PPP/2Q3K1 w - - 0 24,g2g3,516,412,-104
2r2rk1/R4ppp/1pBp4/1P3q2/2R5/P2P1pP1/5P1P/5QK1 b - - 0 27,f7f6,-395,-520,125
2r2rk1/6pp/1pBp1p2/1P3q2/R1R5/P2P1pP1/5P1P/5QK1 b - - 1 28,d6d5,-487,-423,-64
3r1rk1/6pp/1pB2p2/1P1pq3/R7/P2P1RP1/5P1P/5QK1 w - - 1 31,d3d4,501,472,-29
3r1rk1/6pp/1pB2p2/1P1p4/R2P2q1/P3R1P1/5P1P/5QK1 w - - 3 33,h2h3,561,553,-8
rnbqkbnr/pppppppp/8/8/8/8/PPPPPPPP/RNBQKBNR w KQkq - 0 1,d2d4,31,19,-12
rnbqkbnr/pppppppp/8/8/3P4/8/PPP1PPPP/RNBQKBNR b KQkq - 0 1,e7e6,-17,-27,10
rnbqkbnr/pppp1ppp/4p3/8/3P4/8/PPP1PPPP/RNBQKBNR w KQkq - 0 2,e2e4,28,24,-4
rnbqkbnr/pppp1ppp/4p3/8/3PP3/8/PPP2PPP/RNBQKBNR b KQkq - 0 2,g7g6,-35,-130,95
rnbqkbnr/pppp1p1p/4p1p1/8/3PP3/8/PPP2PPP/RNBQKBNR w KQkq - 0 3,e4e5,117,63,-54
rnbqkbnr/pppp1p1p/4p1p1/4P3/3P4/8/PPP2PPP/RNBQKBNR b KQkq - 0 3,h7h5,-68,-145,77
rnbqkbnr/pppp1p2/4p1p1/4P2p/3P4/8/PPP2PPP/RNBQKBNR w KQkq - 0 4,f2f4,144,42,-102
rnb1kbnr/pppp1p2/4p1p1/4P2p/3P1P1q/8/PPP3PP/RNBQKBNR w KQkq - 1 5,g2g3,78,75,-3
rnb1k3/ppppqpbr/4p1pn/4P1Np/3PNP2/3BB1P1/PPPQ1K1P/R6R w q - 17 14,h2h4,555,255,-300
rnb1k2r/ppppqpb1/4p1pn/4P1Np/3PNP1P/3BB1P1/PPPQ1K2/R6R w q - 1 15,c2c4,240,177,-63
rnb1kr2/ppppqpb1/4p1pn/4P1Np/2PPNP1P/3BB1P1/PP1Q1K2/R6R w q - 1 16,a2a3,357,266,-91
rnb1kr1b/ppppqp2/4p1pn/4P1Np/2PPNP1P/P2BB1P1/1P1Q1K2/R6R w q - 1 17,b2b4,376,325,-51
rnb1kr1b/ppppqp2/4p1pn/4P1Np/1PPPNP1P/P2BB1P1/3Q1K2/R6R b q - 0 17,f7f6,-321,-449,128
rnb1kr1b/ppppq3/4pppn/4P1Np/1PPPNP1P/P2BB1P1/3Q1K2/R6R w q - 0 18,c4c5,433,257,-176
rnb1kr1b/ppppq3/4pppn/2P1P1Np/1P1PNP1P/P2BB1P1/3Q1K2/R6R b q - 0 18,f6g5,-233,-241,8
rnb1kr1b/ppppq3/4p1pn/2P1P1pp/1P1P1P1P/P1NBB1P1/3Q1K2/R6R b q - 1 19,g5h4,-40,-214,174
rnb1kr1b/ppppq3/4p1pn/2P1P2p/1P1P1P1p/P1NBB1P1/3Q1K2/R6R w q - 0 20,g3h4,231,-61,-292
rnbk2Bb/pppp1r2/4p3/2P1P2p/1P1P1PRP/P1N1B3/3QK3/R7 b - - 0 27,h5g4,-857,-869,12
rnbqkbnr/pppppppp/8/8/8/8/PPPPPPPP/RNBQKBNR w KQkq - 0 1,e2e4,33,30,-3
rnbqkbnr/pppppppp/8/8/4P3/8/PPPP1PPP/RNBQKBNR b KQkq - 0 1,c7c5,-32,-26,-6
rnbqkbnr/pp1ppppp/8/2p5/4P3/8/PPPP1PPP/RNBQKBNR w KQkq - 0 2,f2f4,27,-15,-42
rnbqkbnr/pp1ppppp/8/2p5/4PP2/8/PPPP2PP/RNBQKBNR b KQkq - 0 2,e7e6,17,6,-11
rnbqkbnr/pp1p1ppp/4p3/2p5/4PP2/8/PPPP2PP/RNBQKBNR w KQkq - 0 3,c2c4,-10,-31,21
rnbqkbnr/pp1p1ppp/4p3/2p5/2P1PP2/8/PP1P2PP/RNBQKBNR b KQkq - 0 3,d7d5,43,48,5
rnbqkbnr/pp3ppp/4p3/2pp4/2P1PP2/8/PP1P2PP/RNBQKBNR w KQkq - 0 4,c4d5,-51,-50,-1
rnbqkbnr/pp3ppp/4p3/2pP4/4PP2/8/PP1P2PP/RNBQKBNR b KQkq - 0 4,e6d5,55,59,4
rnbqkbnr/pp3ppp/8/2pp4/4PP2/8/PP1P2PP/RNBQKBNR w KQkq - 0 5,e4d5,-58,-64,6
rnbqkbnr/pp3ppp/8/2p5/5P2/5N2/PP1P2PP/RNBQKB1R w KQkq - 2 7,d2d3,-27,-103,76
r4rk1/pp2bppp/8/2p2b2/3qnP2/3P4/PPQ1B1PP/R1B2R1K w - - 0 15,d3e4,-314,-318,4
r4rk1/pp3ppp/8/2p5/5P2/2b2B2/PP5P/R5K1 w - - 0 23,b2c3,-518,-527,9
3r2k1/pp3ppp/8/2p5/5P2/2Pr1BK1/P6P/2R5 w - - 7 27,f4f5,-569,-563,-6
3r2k1/pp3ppp/8/2p2P2/8/2Pr1BK1/P6P/2R5 b - - 0 27,f7f6,559,534,-25
4r1k1/pp4pp/5p2/2p2P2/5K2/2Pr1B2/P6P/2R5 w - - 2 29,h2h4,-479,-523,44
6k1/pp4pp/5p2/2p2P2/5K1P/2r1rB2/P7/5R2 w - - 0 31,h4h5,-543,-550,7
6k1/pp4pp/5p2/2p2P1P/5K2/2rr1B2/P7/5R2 w - - 1 32,h5h6,-527,-582,55
6k1/pp4pp/5p1P/2p2P2/2r5/3r1BK1/P7/5R2 b - - 2 33,g7h6,621,616,-5
8/pp3k1p/5p1p/2K2P2/r7/5B2/8/5R2 b - - 0 38,b7b6,-97,-348,251
8/p4k1p/1p1K1p1p/5P2/1r6/5B2/8/5R2 b - - 3 40,a7a5,-427,-10000,9573
8/5k1p/1p1K1p1p/p4P2/1r6/5B2/8/4R3 b - - 1 41,h6h5,-452,-455,3
6k1/4R2p/1pK2p2/p4P1p/1r6/5B2/8/8 b - - 3 43,a5a4,-39,-381,342
8/7p/1pK1Bp2/5P1p/pr2R3/5k2/8/8 b - - 11 49,a4a3,650,-557,-1207
rnbqkbnr/pppppppp/8/8/8/8/PPPPPPPP/RNBQKBNR w KQkq - 0 1,e2e4,27,25,-2
rnbqkbnr/pppppppp/8/8/4P3/8/PPPP1PPP/RNBQKBNR b KQkq - 0 1,e7e5,-33,-33,0
r1bqkbnr/pppp1ppp/2n5/4p3/2B1P3/5N2/PPPP1PPP/RNBQK2R b KQkq - 3 3,d7d5,-14,-132,118
r1bqkbnr/ppp2ppp/2n5/3pp3/2B1P3/5N2/PPPP1PPP/RNBQK2R w KQkq - 0 4,e4d5,126,141,15
r1bqkbnr/ppp2ppp/8/3Pp3/1nB5/5N2/PPPP1PPP/RNBQK2R w KQkq - 1 5,c2c3,258,148,-110
r1bq1bnr/ppp1kBpp/8/4N3/5n2/2P5/PP1P1PPP/RNBQK2R w KQ - 1 8,d2d4,530,351,-179
rnbqkbnr/pppppppp/8/8/8/8/PPPPPPPP/RNBQKBNR w KQkq - 0 1,e2e4,34,33,-1
rnbqkbnr/pppppppp/8/8/4P3/8/PPPP1PPP/RNBQKBNR b KQkq - 0 1,e7e5,-36,-30,-6
r1bqkbnr/pppp1ppp/2n5/4p3/2B1P3/5N2/PPPP1PPP/RNBQK2R b KQkq - 3 3,h7h6,-12,-79,67
r1bqk1nr/pppp1pp1/2n4p/2b1p3/2B1P3/2N2N2/PPPP1PPP/R1BQK2R w KQkq - 2 5,d2d3,26,10,-16
r1bqk2r/pppp1pp1/2n4p/2b1p3/2B1P1n1/2NP1N2/PPP2PPP/R1BQ1RK1 w kq - 3 7,h2h3,60,84,24
r1bq1rk1/pppp1pp1/2n4p/4p3/2B1P3/2NP1N1P/PPP3P1/R1BQ2K1 b - - 2 10,d7d6,-269,-268,-1
r2q2k1/ppp2pp1/2npr2p/4p3/4P3/3P1NNP/PPP3P1/R1BQ2K1 w - - 0 14,c2c3,322,215,-107
r5k1/ppp2pp1/2np1qrp/4p3/4P3/2PPBN1P/PP4P1/R2Q1NK1 b - - 4 16,b7b6,-275,-365,90
r5k1/p1p1npp1/1p1p1qrp/4p3/4P3/2PPBN1P/PP1NQ1P1/R5K1 b - - 3 18,c7c5,-235,-279,44
r5k1/p3npp1/1p1p1qrp/2p1p3/4P3/2PPBN1P/PP1NQ1P1/5RK1 b - - 1 19,d6d5,-227,-414,187
5rk1/1q2npp1/1p5p/1Nppp3/4P3/2PPB2P/PP1N2P1/5QK1 b - - 0 26,f7f6,-114,-265,151
5rk1/1q2n1p1/1p3p1p/1Nppp3/4P3/2PPBQ1P/PP1N2P1/6K1 b - - 1 27,d5d4,-90,-96,6
5rk1/6p1/1pq2p1p/2p1pn2/3pP3/2PPBQ1P/PP1N2P1/6K1 w - - 0 30,e4f5,-273,-299,26
5rk1/6p1/1p3p1p/2p1pP2/3p4/2PPBN1P/PP4P1/6K1 b - - 0 31,d4e3,313,302,-11
1r4k1/6p1/1p3p1p/2p1pP2/8/2PPKN1P/PP4P1/8 w - - 1 35,d3d4,-156,-281,125
1r4k1/6p1/1p3p1p/2p1pP2/3P4/2P1KN1P/PP4P1/8 b - - 0 35,c5d4,299,257,-42
1r4k1/6p1/1p3p1p/4pP2/3p4/2P1KN1P/PP4P1/8 w - - 0 36,c3d4,-271,-274,3
4r1k1/6p1/1p3p1p/4pP2/3P4/4KN1P/PP4P1/8 w - - 1 37,d4e5,-176,-150,-26
4r1k1/6p1/1p3p1p/4PP2/8/4KN1P/PP4P1/8 b - - 0 37,f6e5,161,151,-10
r5k1/6p1/1p5p/4pP2/4K3/5N1P/PP4P1/8 w - - 2 39,a2a3,-180,-169,-11
rnbqkbnr/pppppppp/8/8/8/8/PPPPPPPP/RNBQKBNR w KQkq - 0 1,e2e4,30,24,-6
rnbqkbnr/pppppppp/8/8/4P3/8/PPPP1PPP/RNBQKBNR b KQkq - 0 1,e7e6,-23,-38,15
rnbqkbnr/pppp1ppp/4p3/8/4P3/8/PPPP1PPP/RNBQKBNR w KQkq - 0 2,d2d3,33,4,-29
rnbqkbnr/pppp1ppp/4p3/8/4P3/3P4/PPP2PPP/RNBQKBNR b KQkq - 0 2,f7f6,6,-78,-84
rnbqkbnr/pppp2pp/4pp2/8/4P3/3P4/PPP2PPP/RNBQKBNR w KQkq - 0 3,f2f4,68,22,-46
rnbqkbnr/pppp2pp/4pp2/8/4PP2/3P4/PPP3PP/RNBQKBNR b KQkq - 0 3,g7g6,-14,-71,57
rnbqkbnr/pppp3p/4ppp1/8/4PP2/3P1N2/PPP3PP/RNBQKB1R b KQkq - 1 4,h7h6,-79,-176,97
rnbqkbnr/pppp4/4pppp/8/4PP2/3P1N2/PPP3PP/RNBQKB1R w KQkq - 0 5,f4f5,173,164,-9
rnbqkbnr/pppp4/4pppp/5P2/4P3/3P1N2/PPP3PP/RNBQKB1R b KQkq - 0 5,g6g5,-164,-161,-3
rnbqkbnr/pppp4/4pp1p/5Pp1/4P3/3P1N2/PPP3PP/RNBQKB1R w KQkq - 0 6,f5e6,173,164,-9
rnbqkbnr/pppp4/4Pp1p/6p1/4P3/3P1N2/PPP3PP/RNBQKB1R b KQkq - 0 6,f6f5,-153,-345,192
rnbqkbnr/pppp4/4P2p/5pp1/4P3/3P1N2/PPP3PP/RNBQKB1R w KQkq - 0 7,e4f5,343,175,-168
rnbqkbnr/pppp4/4P2p/5Pp1/8/3P1N2/PPP3PP/RNBQKB1R b KQkq - 0 7,h6h5,-154,-440,286
rnbqkbnr/pppp4/4P3/5Ppp/8/3P1N2/PPP3PP/RNBQKB1R w KQkq - 0 8,e6d7,442,422,-20
r3k2r/ppp1n3/2n5/5q1p/8/2NP4/PPP1Q1PP/2K1RB1R w - - 2 17,g2g3,487,506,19
rnbqkbnr/pppppppp/8/8/8/8/PPPPPPPP/RNBQKBNR w KQkq - 0 1,c2c4,25,3,-22
rnbqkbnr/pppppppp/8/8/2P5/8/PP1PPPPP/RNBQKBNR b KQkq - 0 1,e7e5,-12,-7,-5
rnbqkbnr/pppp1ppp/8/4p3/2P5/8/PP1PPPPP/RNBQKBNR w KQkq - 0 2,d2d4,8,-16,-24
rnbqkbnr/pppp1ppp/8/4p3/2PP4/8/PP2PPPP/RNBQKBNR b KQkq - 0 2,e5d4,10,12,2
r1bq1rk1/pppp1ppp/2n2b2/8/2P5/2NQ4/PP2PPPP/2KR1BNR b - - 1 8,d7d6,167,141,-26
r1bq1rk1/ppp2ppp/3p4/8/1nP5/2b2N2/PP2PPPP/1QKR1B1R w - - 0 11,b2c3,-205,-194,-11
r1b2rk1/ppp2ppp/2np4/6q1/2P5/2P5/P3PPPP/1QKR1B1R w - - 0 13,e2e3,-685,-648,-37
r1b2r1k/ppp2ppB/3p4/8/1nP5/1q2P3/P2K1PPP/3R3R w - - 0 19,a2b3,-677,-687,10
r1b2r2/ppp2ppk/2np4/8/2P5/1PK1P3/5PPP/3R3R w - - 2 21,h2h3,-692,-707,15
r4rk1/ppp2pp1/2np4/7R/2P1b3/1PK1P2P/5PP1/7R w - - 5 24,f2f3,-616,-638,22
r3r1k1/ppp2pp1/2np2b1/6R1/2P5/1PK1PP1P/6P1/7R w - - 3 26,e3e4,-705,-696,-9
r3r1k1/ppp2ppb/2np4/6R1/2P1P3/1PK2P1P/6P1/7R w - - 1 27,g2g4,-668,-681,13
r3r1k1/ppp2ppb/2np4/6R1/2P1P1P1/1PK2P1P/8/7R b - - 0 27,f7f6,715,676,-39
1r2r1k1/ppp3pb/2np1p2/1R6/2P1P1P1/1PK2P1P/8/7R w - - 2 29,b3b4,-677,-696,19
1r2r1k1/ppp3pb/2np1p2/1R6/1PP1P1P1/2K2P1P/8/7R b - - 0 29,a7a6,722,641,-81
1r2r1k1/1pp1n1pb/p2p1p2/8/1PP1P1P1/2K2P1P/3R4/7R b - - 3 31,b7b5,666,672,6
1r2r1k1/2p1n1pb/p2p1p2/1p6/1PP1P1P1/2K2P1P/3R4/7R w - - 0 32,c4b5,-666,-679,13
1r2r1k1/2p1n1pb/p2p1p2/1P6/1P2P1P1/2K2P1P/3R4/7R b - - 0 32,a6b5,673,669,-4
rnbqkbnr/pppppppp/8/8/8/8/PPPPPPPP/RNBQKBNR w KQkq - 0 1,e2e4,28,24,-4
rnbqkbnr/pppppppp/8/8/4P3/8/PPPP1PPP/RNBQKBNR b KQkq - 0 1,e7e5,-22,-31,9
r1bqkbnr/pppp1ppp/2n5/4p3/4P3/5N2/PPPP1PPP/RNBQKB1R w KQkq - 2 3,d2d4,34,13,-21
r1bqkbnr/pppp1ppp/2n5/4p3/3PP3/5N2/PPP2PPP/RNBQKB1R b KQkq - 0 3,e5d4,-15,-16,1
r1bqkbnr/pppp1ppp/8/8/3QP3/8/PPP2PPP/RNB1KB1R b KQkq - 0 5,c7c5,-73,-155,82
r1bqkb1r/pp1p1ppp/5n2/2p3B1/2Q1P3/8/PPP2PPP/RN2KB1R b KQkq - 3 7,h7h6,-111,-113,2
r1bqkb1r/pp1p1pp1/5n1p/2p5/2Q1P2B/8/PPP2PPP/RN2KB1R b KQkq - 1 8,g7g5,-105,-136,31
r1b1k2r/pp1pbp2/1q3n1p/2p1B1p1/2Q1P3/8/PPP2PPP/RN2KB1R w KQkq - 4 11,b2b3,143,36,-107
r1b2rk1/pp1pbp2/5n1p/2p1B1p1/1Q2P3/1PN5/P1P2PPP/R3KB1R b KQ - 0 13,c5b4,-59,-59,0
r1b2r2/pp1p1pk1/5N1p/6p1/1p2P3/1P6/P1P2PPP/R3KB1R w KQ - 1 17,e4e5,620,522,-98
r1b2r2/pp1p1pk1/5N1p/4P1p1/1p6/1P6/P1P2PPP/R3KB1R b KQ - 0 17,b7b6,-521,-593,72
r4r2/pb1p1pk1/1p3N1p/4P1p1/1p6/1P1B4/P1P2PPP/R4RK1 w - - 6 21,f2f4,624,593,-31
2r2r2/pb1p1pk1/1p3N1p/4P1p1/1p3P2/1P1B4/P1P3PP/R4RK1 w - - 1 22,f4g5,619,586,-33
2r2r2/pb1p1pk1/1p3N1p/4P1P1/1p6/1P1B4/P1P3PP/R4RK1 b - - 0 22,h6g5,-615,-644,29
7r/pR6/1p3R2/4P1pk/1p2B3/1P6/P1P3PP/6K1 b - - 0 30,a7a5,-1006,-1029,23
7r/8/1R3R2/p3P1pk/1p2B3/1P6/P1P3PP/6K1 b - - 0 31,a5a4,-1097,-10000,8903
7r/8/1R3R2/4P1p1/pp5k/1P3B2/P1P3PP/6K1 w - - 2 33,g2g3,10000,10000,0
rnbqkbnr/pppppppp/8/8/8/8/PPPPPPPP/RNBQKBNR w KQkq - 0 1,e2e4,29,24,-5
rnbqkbnr/pppppppp/8/8/4P3/8/PPPP1PPP/RNBQKBNR b KQkq - 0 1,d7d5,-21,-59,38
rnbqkbnr/ppp1pppp/8/3p4/4P3/8/PPPP1PPP/RNBQKBNR w KQkq - 0 2,e4e5,57,-16,-73
rn1qkbnr/ppp1pppp/8/3pPb2/8/8/PPPP1PPP/RNBQKBNR w KQkq - 1 3,d2d4,5,-4,-9
rn1qkbnr/ppp1pppp/8/3pPb2/3P4/8/PPP2PPP/RNBQKBNR b KQkq - 0 3,e7e6,13,17,4
rn1qkbnr/ppp2ppp/4p3/3pPb2/3P4/5N2/PPP2PPP/RNBQKB1R b KQkq - 1 4,c7c5,18,19,1
r2qkbnr/pp3ppp/2n1p3/1BppPb2/3P4/5N2/PPP2PPP/RNBQ1RK1 b kq - 3 6,c5d4,16,-73,-89
r3kbnr/ppq2ppp/2n1p3/1B1pPN2/8/8/PPP2PPP/RNBQ1RK1 b kq - 0 8,e6f5,-196,-204,8
r2qk2r/pp2bppp/2B4n/3NPp2/8/5Q2/PPP2PPP/R1B2RK1 b kq - 0 12,b7c6,-760,-766,6
r3k2r/p3qppp/2p4B/4Pp2/8/5Q2/PPP2PPP/R4RK1 b kq - 0 14,g7h6,-621,-749,128
r3k1r1/p3qp1p/2p4p/4PQ2/8/8/PPP2PPP/R4RK1 w q - 1 16,g2g3,459,445,-14
rnbqkbnr/pppppppp/8/8/8/8/PPPPPPPP/RNBQKBNR w KQkq - 0 1,d2d4,36,23,-13
rnbqkbnr/pppppppp/8/8/3P4/8/PPP1PPPP/RNBQKBNR b KQkq - 0 1,e7e6,-25,-35,10
rnbqkbnr/pppp1ppp/4p3/8/3P4/8/PPP1PPPP/RNBQKBNR w KQkq - 0 2,e2e3,33,12,-21
rnbqkbnr/pppp1ppp/4p3/8/3P4/4P3/PPP2PPP/RNBQKBNR b KQkq - 0 2,f7f6,-7,-75,68
rnbqkbnr/pppp2pp/4pp2/8/3P4/4PN2/PPP2PPP/RNBQKB1R b KQkq - 1 3,g7g6,-68,-122,54
rnbqkbnr/pppp3p/4ppp1/8/3P4/4PN2/PPP1BPPP/RNBQK2R b KQkq - 1 4,h7h6,-73,-159,86
rnbqkbnr/pppp4/4pppp/8/3P4/4PN2/PPP1BPPP/RNBQ1RK1 b kq - 1 5,f6f5,-141,-167,26
rnbqkbnr/pppp4/4p1pp/5p2/3P4/4PN2/PPP1BPPP/RNBQ1RK1 w kq - 0 6,g2g3,175,95,-80
rnbqkbnr/pppp4/4p1pp/5p2/3P4/4PNP1/PPP1BP1P/RNBQ1RK1 b kq - 0 6,g6g5,-97,-275,178
rnbqkbnr/pppp4/4p2p/4Npp1/3P4/4P1P1/PPP1BP1P/RNBQ1RK1 b kq - 1 7,h6h5,-286,-735,449
rnbqkbnr/pppppppp/8/8/8/8/PPPPPPPP/RNBQKBNR w KQkq - 0 1,e2e4,29,29,0
rnbqkbnr/pppppppp/8/8/4P3/8/PPPP1PPP/RNBQKBNR b KQkq - 0 1,e7e6,-24,-35,11
rnbqkb1r/pppp1ppp/4pn2/8/2B1P3/8/PPPP1PPP/RNBQK1NR w KQkq - 2 3,d2d3,40,-71,-111
rnbqk2r/pppp1ppp/4pn2/2b5/2B1P3/3P1N2/PPP2PPP/RNBQK2R b KQkq - 2 4,d7d5,40,36,-4
rnbqk2r/ppp2ppp/4pn2/2bp4/2B1P3/3P1N2/PPP2PPP/RNBQK2R w KQkq - 0 5,h2h3,-31,-429,398
rnbqk2r/ppp2ppp/4pn2/2bp4/2B1P3/3P1N1P/PPP2PP1/RNBQK2R b KQkq - 0 5,d5c4,428,415,-13
rnbqk2r/ppp2ppp/4pn2/2b5/2p1P3/3P1N1P/PPP2PP1/RNBQK2R w KQkq - 0 6,d3d4,-448,-475,27
rnbqk2r/ppp2ppp/1b2pn2/8/2pPP3/5N1P/PPP2PP1/RNBQK2R w KQkq - 1 7,c2c3,-363,-471,108
rnbqk2r/ppp2ppp/1b2pn2/8/2pPP3/2P2N1P/PP3PP1/RNBQK2R b KQkq - 0 7,c7c5,467,396,-71
rnbqk2r/pp3ppp/1b2pn2/2p5/2pPP3/N1P2N1P/PP3PP1/R1BQK2R b KQkq - 1 8,c5d4,459,428,-31
rnbqk2r/pp3ppp/4pn2/8/2pbP3/N1P4P/PP3PP1/R1BQK2R w KQkq - 0 10,c3d4,-473,-422,-51
rnb1k2r/pp3ppp/4pq2/8/2pPnB2/N6P/PP3PP1/R2QK2R w KQkq - 2 12,g2g3,-355,-438,83
r1b1k2r/pp3ppp/3Bpq2/8/8/5nPP/PP3P2/R2Q1K1R b kq - 2 16,b7b6,466,417,-49
3rk2r/pq3ppp/1p2p3/4n3/1B6/6PP/PPQ2P2/2R3K1 w k - 5 24,g3g4,-467,-905,438
3rk2r/pq3ppp/1p2p3/4n3/1B4P1/7P/PPQ2P2/2R3K1 b k - 0 24,f7f6,865,492,-373
3rk2r/pq4pp/1p2pp2/4n3/1B4P1/7P/PPQ2P2/2R3K1 w k - 0 25,h3h4,-538,-884,346
3r3r/pq3kpp/1p2pp2/4n3/1B4PP/8/PPQ2P2/2R3K1 w - - 1 26,g4g5,-569,-735,166
3r3r/pq3kpp/1p2pp2/4n1P1/1B5P/8/PPQ2P2/2R3K1 b - - 0 26,f6f5,793,583,-210
3r3r/pq3kpp/1p2p3/4npP1/1B5P/8/PPQ2P2/2R3K1 w - - 0 27,h4h5,-609,-711,102
2r4r/pq3kpp/1p2p3/4npPP/1B6/8/PPQ2P2/2R3K1 w - - 1 28,g5g6,-703,-788,85
2q5/p5pp/1p2pkP1/4np1P/8/2B5/PP3P2/6K1 b - - 1 31,h7g6,618,687,69
2q5/p5p1/1p2pkp1/4np1P/8/2B5/PP3P2/6K1 w - - 0 32,h5g6,-775,-773,-2
8/p5p1/1p2p1k1/4Bpq1/8/8/PP3P2/5K2 b - - 4 35,f5f4,791,791,0
rnbqkbnr/pppppppp/8/8/8/8/PPPPPPPP/RNBQKBNR w KQkq - 0 1,c2c4,29,21,-8
rnbqkbnr/pppppppp/8/8/2P5/8/PP1PPPPP/RNBQKBNR b KQkq - 0 1,e7e6,-20,-27,7
rnbqkbnr/pppp1ppp/4p3/8/2P5/8/PP1PPPPP/RNBQKBNR w KQkq - 0 2,d2d4,24,25,1
rnbqkbnr/pppp1ppp/4p3/8/2PP4/8/PP2PPPP/RNBQKBNR b KQkq - 0 2,d7d5,-23,-24,1
rnbqkbnr/ppp2ppp/4p3/3p4/2PP4/5N2/PP2PPPP/RNBQKB1R b KQkq - 1 3,d5c4,-19,-22,3
rnbqkbnr/ppp2ppp/4p3/8/2pP4/5N2/PP2PPPP/RNBQKB1R w KQkq - 0 4,e2e4,23,12,-11
rnbqkbnr/ppp2ppp/4p3/8/2pPP3/5N2/PP3PPP/RNBQKB1R b KQkq - 0 4,b7b5,1,6,5
rnbqkbnr/p1p2ppp/4p3/1p6/2pPP3/2N2N2/PP3PPP/R1BQKB1R b KQkq - 1 5,c7c6,16,16,0
rn1qkbnr/pb3ppp/2p1p3/1p6/2pPP3/2N2N2/PP2BPPP/R1BQ1RK1 b kq - 3 7,a7a6,19,-22,-41
rn1qkbnr/1b3ppp/p1p1p3/1p6/2pPP3/2N2N2/PP2BPPP/R1BQ1RK1 w kq - 0 8,a2a3,22,-44,-66
rn1qkbnr/1b3ppp/p1p1p3/1p6/2pPP3/P1N2N2/1P2BPPP/R1BQ1RK1 b kq - 0 8,h7h6,50,4,-46
rn1qkbnr/1b3pp1/p1p1p2p/1p6/2pPP3/P1N2N2/1P2BPPP/R1BQ1RK1 w kq - 0 9,b2b4,27,-101,-128
r2qk2r/1b2bpp1/p1p1p2p/1p2n3/1PpPP3/P1N5/2Q1BPPP/3R1RK1 w kq - 0 15,d4e5,-359,-370,11
r4rk1/1bq1bpp1/p1p1p2p/1p2P3/1Pp1P3/P1N5/2Q1BPPP/3RR1K1 w - - 3 17,f2f4,-461,-446,-15
r1q2rk1/1b2bpp1/p1p1p2p/1p2P3/1Pp1PP2/P1N5/2Q1B1PP/3RR2K b - - 2 18,f7f6,348,106,-242
r1q2rk1/1b2b1p1/p1p1pp1p/1p2P3/1Pp1PP2/P1N5/2Q1B1PP/3RR2K w - - 0 19,e5f6,-115,-123,8
r5k1/1bq1b1p1/p1p1pr1p/1p6/1Pp1PP2/P1N5/4B1PP/2QRR2K w - - 2 21,e4e5,-23,-80,57
rnbqkbnr/pppppppp/8/8/8/8/PPPPPPPP/RNBQKBNR w KQkq - 0 1,d2d4,26,25,-1
rnbqkb1r/pppppppp/5n2/8/3P4/8/PPP1PPPP/RNBQKBNR w KQkq - 1 2,g2g3,22,2,-20
rnbqkbnr/pppppppp/8/8/3P4/6P1/PPP1PPBP/RNBQK1NR b KQkq - 2 3,f7f6,-91,-186,95
rnbqkbnr/ppppp1pp/5p2/8/3P4/5NP1/PPP1PPBP/RNBQK2R b KQkq - 1 4,g7g6,-166,-174,8
rnbqkbnr/ppppp2p/5pp1/8/3P4/5NP1/PPP1PPBP/RNBQK2R w KQkq - 0 5,e2e3,175,135,-40
rnbqkbnr/ppppp2p/5pp1/8/3P4/4PNP1/PPP2PBP/RNBQK2R b KQkq - 0 5,e7e6,-130,-150,20
rnbqkbnr/pppp3p/4ppp1/8/3P4/4PNP1/PPP2PBP/RNBQ1RK1 b kq - 1 6,d7d6,-152,-163,11
rnbqkbnr/ppp4p/3pppp1/8/3P4/4P1P1/PPPN1PBP/RNBQ1RK1 b kq - 1 7,f6f5,-85,-121,36
rnbqkbnr/ppp4p/3pp1p1/5p2/3P4/4P1P1/PPPNQPBP/RNB2RK1 b kq - 1 8,g6g5,-89,-290,201
rnbqkbnr/ppp4p/3pp3/1Q3pp1/3P4/4P1P1/PPPN1PBP/RNB2RK1 b kq - 1 9,c7c6,-112,-140,28
1r2kbnr/3n3p/3ppq2/5pp1/Q2P4/4P1P1/PPPN1P1P/RNB2RK1 b k - 2 14,h7h5,-258,-224,-34
1r2kbnr/3n4/3ppq2/5ppp/Q2P4/4PNP1/PPP2P1P/RNB2RK1 b k - 1 15,h5h4,-220,-231,11
1r2kbnr/3n4/3ppq2/5pp1/Q2P3p/4PNP1/PPP2PKP/RNB2R2 b k - 1 16,h4h3,53,-247,-300
1r2kbnr/3n4/3ppq2/5pp1/Q2P4/4PNPp/PPP2P1P/RNB2RK1 b k - 1 17,f5f4,-242,-354,112
1r2kbnr/3n4/3ppq2/6p1/Q2P1p2/4PNPp/PPP2P1P/RNB2RK1 w k - 0 18,e3f4,364,355,-9
1r2kbnr/3n4/3ppq2/6p1/Q2P1P2/5NPp/PPP2P1P/RNB2RK1 b k - 0 18,g5f4,-362,-372,10
rnbqkbnr/pppppppp/8/8/8/8/PPPPPPPP/RNBQKBNR w KQkq - 0 1,d2d4,28,23,-5
rnbqkbnr/pppppppp/8/8/3P4/8/PPP1PPPP/RNBQKBNR b KQkq - 0 1,d7d5,-21,-21,0
rnbqkbnr/ppp1pppp/8/3p4/3P4/8/PPP1PPPP/RNBQKBNR w KQkq - 0 2,c2c4,21,26,5
rnbqkbnr/ppp1pppp/8/3p4/2PP4/8/PP2PPPP/RNBQKBNR b KQkq - 0 2,c7c6,-26,-27,1
rnbqkbnr/pp2pppp/2p5/3p4/2PP4/2N5/PP2PPPP/R1BQKBNR b KQkq - 1 3,e7e6,-29,-52,23
rnbqkb1r/pp3ppp/2p1pn2/3p2B1/2PP4/2N2N2/PP2PPPP/R2QKB1R b KQkq - 3 5,h7h6,-15,-19,4
rnbqk2r/pp2bpp1/2p1p2p/3p4/2PPn3/2N2NB1/PP2PPPP/R2QKB1R w KQkq - 4 8,e2e3,35,33,-2
rnbqk2r/pp2bpp1/2p1p2p/3p4/2PP4/2N1PNn1/PP3PPP/R2QKB1R w KQkq - 0 9,h2g3,26,40,14
2kr3r/ppqbbpp1/2p1pn1p/3p4/2PP4/2NBPNP1/PPQ2PP1/1K1R3R w - - 9 14,c4d5,1,-5,-6
2kr3r/ppqbbpp1/2p1pn1p/3P4/3P4/2NBPNP1/PPQ2PP1/1K1R3R b - - 0 14,e6d5,5,-3,-8
2kr1r2/ppqbbpp1/2p2n1p/3pN3/3P4/2NBP1P1/PPQ2PP1/1K1R3R w - - 2 16,f2f4,6,-44,-50
2kr1r2/pp1q1pp1/2pb1n1p/3p4/3P1P2/2NBP1P1/PPQ3P1/1K1R3R w - - 0 18,e3e4,538,-26,-564
2kr1r2/pp1q1pp1/2pb1n1p/3p4/3PPP2/2NB2P1/PPQ3P1/1K1R3R b - - 0 18,d5e4,12,15,3
1k3r2/pp1q1pp1/2pbB2p/8/3P1P2/6P1/PPQ3P1/1K1RR3 b - - 0 23,f7e6,-314,-317,3
1k6/pp1q2p1/2pbpr1p/8/2QP1P2/6P1/PP2R1P1/1K1R4 b - - 3 25,g7g5,-288,-324,36
1k6/pp1q4/2pbpr1p/6p1/2QP1P2/6P1/PP2R1P1/1K1R4 w - - 0 26,f4g5,354,247,-107
1k6/pp1q4/2pbpr1p/6P1/2QP4/6P1/PP2R1P1/1K1R4 b - - 0 26,h6g5,-251,-247,-4
rnbqkbnr/pppppppp/8/8/8/8/PPPPPPPP/RNBQKBNR w KQkq - 0 1,e2e4,36,32,-4
rnbqkbnr/pppppppp/8/8/4P3/8/PPPP1PPP/RNBQKBNR b KQkq - 0 1,e7e5,-27,-30,3
r1bqk1nr/pppp1ppp/2n5/2b1p3/2B1P3/5N2/PPPP1PPP/RNBQK2R w KQkq - 4 4,d2d3,14,15,1
r1bqk2r/pppp1ppp/2n2n2/2b1p3/2B1P3/2NP1N2/PPP2PPP/R1BQK2R b KQkq - 2 5,a7a6,-11,-10,-1
r1bqk2r/1ppp1ppp/p1n2n2/2b1p1B1/2B1P3/2NP1N2/PPP2PPP/R2QK2R b KQkq - 1 6,d7d6,18,-104,-122
r2qk2r/1pp2ppp/p1npbN2/2b1p1B1/2B1P3/3P1N2/PPP2PPP/R2QK2R b KQkq - 0 8,g7f6,26,20,-6
r2qk2r/1pp2p1p/p1npBp2/2b1p1B1/4P3/3P1N2/PPP2PPP/R2QK2R b KQkq - 0 9,f7e6,22,22,0
r3k2r/1pp3qp/p1nppp2/2b1p3/4P2B/3P1N2/PPPQ1PPP/R3K2R w KQkq - 4 12,g2g3,-51,-53,2
2kr3r/1pp3qp/p1nppp2/2b1p3/4P2B/3P1NP1/PPPQ1P1P/2KR3R b - - 2 13,f6f5,50,-187,-237
3k3r/1pp3qp/p1npp3/2b1pp2/4P3/3P1NP1/PPPQ1P1P/2KR3R w - - 0 15,e4f5,245,241,-4
3k3r/1pp3qp/p1npp3/2b1pP2/8/3P1NP1/PPPQ1P1P/2KR3R b - - 0 15,e6f5,-246,-238,-8
2k2r2/1pp3qp/p1np4/2b1pp2/7N/2QP2P1/PPP2P1P/2KR3R w - - 4 18,f2f4,134,144,10
2k2r2/1pp3qp/p1np4/4pp2/3b1P1N/1Q1P2P1/PPP4P/2KR3R b - - 2 19,e5f4,-140,-136,-4
2k2r2/1pp3qp/p1np4/5p2/3b1p1N/1Q1P2P1/PPP4P/2KR3R w - - 0 20,g3f4,137,67,-70
rnbqkbnr/pppppppp/8/8/8/8/PPPPPPPP/RNBQKBNR w KQkq - 0 1,e2e4,30,29,-1
rnbqkbnr/pppppppp/8/8/4P3/8/PPPP1PPP/RNBQKBNR b KQkq - 0 1,d7d5,-29,-54,25
rnbqkbnr/ppp1pppp/8/3p4/4P3/8/PPPP1PPP/RNBQKBNR w KQkq - 0 2,e4e5,60,-21,-81
rnbqkbnr/ppp1pppp/8/3pP3/8/8/PPPP1PPP/RNBQKBNR b KQkq - 0 2,d5d4,21,-5,-26
rnbqkbnr/ppp1pppp/8/4P3/3p4/5N2/PPPP1PPP/RNBQKB1R b KQkq - 1 3,e7e6,-24,-33,9
rnbqkb1r/ppp2ppp/4p1n1/4P3/2Bp4/5N2/PPPP1PPP/RNBQ1RK1 w kq - 4 6,d2d3,5,-20,-25
r1bqkb1r/ppp2ppp/2n1p1n1/4P3/2Bp4/3P1N2/PPP2PPP/RNBQR1K1 b kq - 2 7,a7a6,-2,-7,5
r1bqkb1r/1pp2ppp/p1n1p1n1/4P3/2Bp4/3P1N2/PPP2PPP/RNBQR1K1 w kq - 0 8,c2c3,12,-38,-50
r1bqkb1r/1pp2ppp/p1n1p1n1/4P3/2Bp4/2PP1N2/PP3PPP/RNBQR1K1 b kq - 0 8,d4c3,50,-81,-131
r1bqkb1r/1pp2ppp/p1n1p1n1/4P3/2B5/2pP1N2/PP3PPP/RNBQR1K1 w kq - 0 9,b2c3,24,-30,-54
r1bqkb1r/1pp2ppp/p1n1p1n1/4P3/2B5/2PP1N2/P4PPP/RNBQR1K1 b kq - 0 9,b7b5,40,-40,-80
r1bqk2r/2p1bppp/p1n1p1n1/1p2P3/8/1BPP1N2/P4PPP/RNBQR1K1 w kq - 2 11,d3d4,76,86,10
r1bq1rk1/2p1bppp/p1n1p1n1/1p2P3/3P4/1BP2N2/P4PPP/RNBQR1K1 w - - 1 12,a2a4,108,-14,-122
r2q1rk1/1bp1bppp/p1n1p1n1/1p2P3/P2P4/1BP2N2/5PPP/RNBQR1K1 w - - 1 13,a4b5,-19,-29,10
r2q1rk1/1bp1bppp/p1n1p1n1/1P2P3/3P4/1BP2N2/5PPP/RNBQR1K1 b - - 0 13,a6b5,29,28,-1
b2q1rk1/2p1bppp/4p1n1/1p2P3/3P4/2P1BN2/2BQ1PPP/4R1K1 b - - 0 18,c7c6,19,-60,-79
b4rk1/2q1bppp/2p1p1n1/1p2P3/3P4/2PQBN2/2B2PPP/4R1K1 w - - 2 20,h2h4,69,63,-6
rnbqkbnr/pppppppp/8/8/8/8/PPPPPPPP/RNBQKBNR w KQkq - 0 1,d2d3,27,-20,-47
rnbqkbnr/pppppppp/8/8/8/3P4/PPP1PPPP/RNBQKBNR b KQkq - 0 1,e7e6,19,3,-16
rnbqkbnr/pppp1ppp/4p3/8/8/3P4/PPP1PPPP/RNBQKBNR w KQkq - 0 2,e2e3,-4,-18,14
rnbqkbnr/pppp1ppp/4p3/8/8/3PP3/PPP2PPP/RNBQKBNR b KQkq - 0 2,f7f5,17,-35,-52
rnbqkbnr/pppp2pp/4p3/5p2/8/3PP3/PPP2PPP/RNBQKBNR w KQkq - 0 3,f2f3,35,-35,-70
rnbqkbnr/pppp2pp/4p3/5p2/8/3PPP2/PPP3PP/RNBQKBNR b KQkq - 0 3,g7g5,36,-38,-74
rnbqkbnr/pppp3p/4p3/5pp1/8/3PPP2/PPP3PP/RNBQKBNR w KQkq - 0 4,c2c3,37,-15,-52
rnbqkbnr/pppp3p/4p3/5pp1/8/2PPPP2/PP4PP/RNBQKBNR b KQkq - 0 4,g5g4,0,-73,-73
rnbqkbnr/pppp3p/4p3/5p2/6p1/2PPPP2/PP4PP/RNBQKBNR w KQkq - 0 5,b2b3,73,-86,-159
rnbqkbnr/pppp3p/4p3/5p2/6p1/1PPPPP2/P5PP/RNBQKBNR b KQkq - 0 5,h7h5,73,69,-4
rnbqkbnr/pppp4/4p3/5p1p/6p1/1PPPPP2/P5PP/RNBQKBNR w KQkq - 0 6,f3g4,-62,-157,95
rnbqkbnr/pppp4/4p3/5p1p/6P1/1PPPP3/P5PP/RNBQKBNR b KQkq - 0 6,h5h4,136,-165,-301
rnbqkbnr/pppp4/4p3/5p2/6Pp/1PPPP3/P5PP/RNBQKBNR w KQkq - 0 7,g2g3,184,-59,-243
rnbqkbnr/pppp4/4p3/5p2/6Pp/1PPPP1P1/P6P/RNBQKBNR b KQkq - 0 7,h4h3,63,-279,-342
rnbqkbnr/pppp4/4p3/5p2/6P1/1PPPPNPp/P6P/RNBQKB1R b KQkq - 1 8,f5g4,-129,-100,-29
rnbqkbnr/pppp4/4p3/4N3/6p1/1PPPP1Pp/P6P/RNBQKB1R b KQkq - 1 9,d7d6,-104,-231,127
rnbqkbnr/ppp5/3pp3/4N3/6Q1/1PPPP1Pp/P6P/RNB1KB1R b KQkq - 0 10,c7c6,236,-10000,-10236
rnbqkbnr/pppppppp/8/8/8/8/PPPPPPPP/RNBQKBNR w KQkq - 0 1,d2d4,30,20,-10
rnbqkbnr/pppppppp/8/8/3P4/8/PPP1PPPP/RNBQKBNR b KQkq - 0 1,e7e5,-23,-115,92
rnbqkbnr/pppp1ppp/8/4p3/3P4/8/PPP1PPPP/RNBQKBNR w KQkq - 0 2,e2e3,115,20,-95
rnbqkbnr/pppp1ppp/8/4p3/3P4/4P3/PPP2PPP/RNBQKBNR b KQkq - 0 2,e5d4,-18,-20,2
rnbqkbnr/pppp1ppp/8/8/3Q4/4P3/PPP2PPP/RNB1KBNR b KQkq - 0 3,d7d6,50,-10,-60
rnbqk1nr/ppp1bppp/3p4/8/8/3QP3/PPP2PPP/RNB1KBNR b KQkq - 3 5,c7c6,36,16,-20
rnbqk1nr/pp2bppp/2pp4/8/8/4P3/PPP2PPP/RNBQKBNR b KQkq - 1 6,b7b6,26,-15,-41
rnbqk1nr/p3bppp/1ppp4/8/8/4PN2/PPP2PPP/RNBQKB1R b KQkq - 1 7,a7a6,-19,-28,9
rnbqk1nr/4bppp/pppp4/8/8/4PN2/PPP2PPP/RNBQKB1R w KQkq - 0 8,g2g3,33,5,-28
rnbqk1nr/4bppp/pppp4/8/8/4PNP1/PPP2P1P/RNBQKB1R b KQkq - 0 8,f7f5,2,-70,-72
rnbqk1nr/4b1pp/pppp4/5p2/8/4PNP1/PPP2PBP/RNBQK2R b KQkq - 1 9,g7g5,-70,-226,156
rnbqk1nr/4b2p/pppp4/5pp1/8/4PNP1/PPP2PBP/RNBQK2R w KQkq - 0 10,b2b3,209,144,-65
rnbqk1nr/4b2p/pppp4/5pp1/8/1P2PNP1/P1P2PBP/RNBQK2R b KQkq - 0 10,h7h5,-142,-234,92
rnbqk1nr/4b3/pppp4/5ppp/8/1P2PNP1/PBP2PBP/RN1QK2R b KQkq - 1 11,g5g4,-195,-493,298
rnbqk1nB/4b3/pppp4/5p1p/6p1/1P2PNP1/P1P2PBP/RN1QK2R b KQq - 0 12,g4f3,-498,-477,-21
rn6/5k2/pppp1n2/3q1p2/8/1P2P1P1/P1PNQP1P/R4RK1 w - - 6 21,c2c4,535,511,-24
rn6/5k2/pppp4/8/2PNq1n1/1P2P1P1/P2Q1P1P/R4RK1 w - - 5 27,f2f3,536,544,8
rn6/5k1q/pppp4/8/2PN2n1/1P2PPP1/P2Q3P/R4RK1 w - - 1 28,f3g4,841,892,51
8/2k4r/ppp2n2/5N2/2P3P1/1P2P1P1/P6P/R4RK1 w - - 2 37,e3e4,833,772,-61
8/2k5/ppp5/5N1r/2P3P1/1P4P1/P2R3P/4R1K1 b - - 2 41,c6c5,-949,-10000,9051
8/2k5/pp6/2p2r2/2P3P1/1P4P1/P2RR2P/6K1 w - - 0 43,g4f5,965,1107,142
8/2k5/pp6/2p2P2/2P5/1P4P1/P2RR2P/6K1 b - - 0 43,b6b5,-1150,-1287,137
8/2k5/p7/1pp2P2/2P5/1P4P1/P2RR2P/6K1 w - - 0 44,f5f6,1299,10000,8701
8/2k5/p4P2/1pp5/2P5/1P4P1/P2RR2P/6K1 b - - 0 44,a6a5,-10000,-10000,0
8/2k5/5P2/ppp5/2P5/1P4P1/P2RR2P/6K1 w - - 0 45,f6f7,10000,10000,0
8/2k2P2/8/ppp5/2P5/1P4P1/P2RR2P/6K1 b - - 0 45,b5c4,-10000,-10000,0
8/2k2P2/8/p1p5/2p5/1P4P1/P2RR2P/6K1 w - - 0 46,f7f8q,10000,10000,0
5Q2/2k5/8/p1p5/2p5/1P4P1/P2RR2P/6K1 b - - 0 46,c4c3,-10000,-10000,0
8/8/3R4/p1Q5/8/1P4P1/Pk5P/6K1 b - - 2 52,a5a4,-1058,-10000,8942
rnbqkbnr/pppppppp/8/8/8/8/PPPPPPPP/RNBQKBNR w KQkq - 0 1,e2e4,28,30,2
rnbqkbnr/pppppppp/8/8/4P3/8/PPPP1PPP/RNBQKBNR b KQkq - 0 1,e7e5,-27,-33,6
r1bqk2r/pppp1ppp/5n2/2b1n3/4P3/2N5/PPPPBPPP/R1BQK2R w KQkq - 0 6,d2d4,79,38,-41
r1bqk2r/pppp1ppp/5n2/4n3/3QP3/2N5/PPP1BPPP/R1B1K2R b KQkq - 0 7,d7d6,-200,-206,6
2kr3r/1pp1qppp/3pbn2/6B1/3nP3/Q1N5/PPP2PPP/R2BR1K1 b - - 4 13,h7h6,-303,-312,9
2kr3r/1pp1qpp1/2npbn1p/8/4P3/Q1N1B3/PPP2PPP/2RBR1K1 b - - 3 15,g7g5,-254,-296,42
2kr3r/1pp1qp2/2npbn1p/6p1/4P3/Q1N1B3/PPP1BPPP/2R1R1K1 b - - 1 16,g5g4,-299,-414,115
2kr3r/1pp1qp2/2npbn1p/1B6/4P1p1/Q1N1B3/PPP2PPP/2R1R1K1 b - - 1 17,h6h5,-389,-500,111
3r3r/1RQb1p2/2np1k2/2q4p/4P1p1/8/P1P2PPP/4R1K1 w - - 0 27,e4e5,-494,-666,172
rnbqkbnr/pppppppp/8/8/8/8/PPPPPPPP/RNBQKBNR w KQkq - 0 1,e2e4,26,25,-1
rnbqkbnr/pppppppp/8/8/4P3/8/PPPP1PPP/RNBQKBNR b KQkq - 0 1,d7d6,-33,-51,18
rnbqkbnr/ppp1pppp/3p4/8/4P3/5N2/PPPP1PPP/RNBQKB1R b KQkq - 1 2,e7e5,-43,-64,21
rnbqkb1r/ppp2ppp/3p1n2/4p3/2B1P3/5N2/PPPP1PPP/RNBQK2R w KQkq - 2 4,d2d3,25,19,-6
rnbq1rk1/ppp1bppp/3p1n2/4p3/2B1P3/3P1N2/PPP2PPP/RNBQ1RK1 w - - 3 6,a2a3,18,14,-4
r1bq1rk1/pppnbppp/3p1n2/4p3/2B1P3/P2P1N2/1PP2PPP/RNBQ1RK1 w - - 1 7,c2c3,8,-4,-12
r2q1rk1/ppp1bppp/1n1p1n2/4p1B1/4P1b1/P1PP1N2/BP3PPP/RN1Q1RK1 b - - 4 9,h7h6,-22,-24,2
r2q1rk1/pppn1pp1/3p1b1p/4p2b/4P3/P1PP1N2/BPQN1PPP/R4RK1 w - - 4 13,d3d4,-15,-23,8
r2q1rk1/pppn1pp1/3p1b1p/4p2b/3PP3/P1P2N2/BPQN1PPP/R4RK1 b - - 0 13,e5d4,26,-32,-58
r2q1rk1/pppn1pp1/3p1b1p/7b/3pP3/P1P2N2/BPQN1PPP/R4RK1 w - - 0 14,c3d4,35,-41,-76
r2q1rk1/pppn1pp1/3p3p/6bb/3PP3/P4N2/BPQN1PPP/R4RK1 w - - 1 15,e4e5,101,-44,-145
r2q1rk1/pppn1pp1/3p3p/4P3/3P4/P4b2/BP1Q1PPP/R4RK1 w - - 0 17,g2f3,-163,-190,27
r2q1rk1/pppn1pp1/3p3p/4P3/3P4/P4P2/BP1Q1P1P/R4RK1 b - - 0 17,d6e5,171,190,19
r2q1rk1/pppn1pp1/7p/4p3/3P4/P4P2/BP1Q1P1P/R4RK1 w - - 0 18,d4e5,-158,-245,87
r4rk1/ppp2pp1/7p/4n1Q1/8/P4P2/BP3P1P/R4RK1 b - - 0 20,h6g5,236,233,-3
r3r3/ppp2ppk/8/6p1/8/P4P2/BP3P1P/R4K2 b - - 2 26,f7f6,466,449,-17
r7/ppp1r1pk/5p2/6p1/8/P4P2/BP3PKP/R7 w - - 2 28,b2b4,-444,-462,18
3r4/ppp1r1pk/5p2/6p1/1P6/P4P2/B4PKP/R7 w - - 1 29,h2h4,-461,-488,27
8/ppp1r1pk/5p2/3B2p1/1P5P/P4P2/3r1PK1/R7 b - - 2 30,g5h4,687,446,-241
8/ppp1r1pk/5p2/8/1P2B2p/P4P2/3r1PK1/R7 b - - 1 31,g7g6,489,450,-39
8/ppp1r2k/5pp1/8/1P2B2p/P4P2/3r1PK1/7R b - - 1 32,f6f5,469,488,19
8/pBp1r1k1/6p1/5p2/1P5R/P4P2/3r1PK1/8 b - - 0 34,f5f4,486,284,-202
8/p1p1r1k1/6p1/8/1P2Bp1R/P4P2/3r1PK1/8 b - - 1 35,g6g5,271,257,-14
8/p1p4r/5k2/6p1/1P2BR2/P4P2/5PK1/7r b - - 0 41,g5f4,697,693,-4
8/p1p1r3/8/5k2/1P3p2/P2K1P2/5P2/8 b - - 5 45,c7c6,641,643,2
8/p3r3/2p5/5k2/1P3p2/P2K1P2/5P2/8 w - - 0 46,a3a4,-649,-645,-4
8/p3r3/2p5/5k2/PP3p2/3K1P2/5P2/8 b - - 0 46,a7a6,647,592,-55
8/4r3/p1p5/5k2/PP3p2/3K1P2/5P2/8 w - - 0 47,b4b5,-645,-662,17
8/3r4/p1p5/1P3k2/P1K2p2/5P2/5P2/8 b - - 2 48,c6b5,680,677,-3
8/3r4/p7/1p3k2/P1K2p2/5P2/5P2/8 w - - 0 49,a4b5,-677,-667,-10
8/3r4/p7/1P3k2/2K2p2/5P2/5P2/8 b - - 0 49,a6b5,702,704,2
8/8/8/8/5p2/8/4K1k1/8 b - - 6 58,f4f3,563,522,-41
8/8/8/8/8/4Kp2/6k1/8 b - - 1 59,f3f2,538,556,18
8/8/8/8/4K3/8/5pk1/8 b - - 1 60,f2f1q,547,538,-9
rnbqkbnr/pppppppp/8/8/8/8/PPPPPPPP/RNBQKBNR w KQkq - 0 1,e2e4,32,21,-11
rnbqkbnr/pppppppp/8/8/4P3/8/PPPP1PPP/RNBQKBNR b KQkq - 0 1,c7c5,-29,-32,3
rnbqkbnr/pp1ppppp/8/2p5/4P3/8/PPPP1PPP/RNBQKBNR w KQkq - 0 2,f2f4,30,-3,-33
rnbqkbnr/pp1ppppp/8/2p5/4PP2/8/PPPP2PP/RNBQKBNR b KQkq - 0 2,e7e6,4,10,6
rnbqkbnr/pp1p1ppp/4p3/2p5/4PP2/5N2/PPPP2PP/RNBQKB1R b KQkq - 1 3,d7d5,9,8,-1
rnbqkbnr/pp3ppp/4p3/2pp4/4PP2/5N2/PPPP2PP/RNBQKB1R w KQkq - 0 4,e4d5,-3,-43,40
rnbqkbnr/pp3ppp/4p3/2pP4/5P2/5N2/PPPP2PP/RNBQKB1R b KQkq - 0 4,e6d5,48,47,-1
rnbqkbnr/pp3ppp/8/2pp4/5P2/5N2/PPPP2PP/RNBQKB1R w KQkq - 0 5,d2d4,-49,-56,7
rnbqkb1r/pp3ppp/5n2/2pp4/3P1P2/5N2/PPP3PP/RNBQKB1R w KQkq - 1 6,c2c3,-56,-102,46
r1bq1rk1/pp2bppp/2n2n2/2ppN3/3P1P2/2PBB3/PP4PP/RN1QK2R b KQ - 6 9,g7g6,129,36,-93
r1bq1rk1/pp2bp1p/2n2np1/2ppN3/3P1P2/2PBB3/PP4PP/RN1Q1RK1 b - - 1 10,c5c4,70,-42,-112
r2q1rk1/pp3pbp/5np1/4n3/2pP1Pb1/2P1B1Q1/PPBN2PP/R4RK1 w - - 0 17,f4e5,349,373,24
r2q1rk1/pp3pbp/6p1/4P2n/2pP2Q1/2PBB3/PP1N1RPP/R5K1 b - - 2 20,c4d3,-310,-340,30
r2q1rk1/pp3pbp/6p1/4P2n/3P2Q1/2PpB3/PP1N1RPP/5RK1 b - - 1 21,f7f6,-343,-467,124
r2q1rk1/pp4bp/5pp1/4P2n/3P2Q1/2PpB3/PP1N1RPP/5RK1 w - - 0 22,e5f6,456,310,-146
rnbqkbnr/pppppppp/8/8/8/8/PPPPPPPP/RNBQKBNR w KQkq - 0 1,e2e4,31,34,3
rnbqkbnr/pppppppp/8/8/4P3/8/PPPP1PPP/RNBQKBNR b KQkq - 0 1,e7e5,-32,-38,6
r1bqkbnr/pppp1ppp/2n5/4p3/2B1P3/5N2/PPPP1PPP/RNBQK2R b KQkq - 3 3,h7h6,-19,-69,50
r1bqkbnr/pppp1pp1/2n4p/4p3/2B1P3/5N2/PPPP1PPP/RNBQK2R w KQkq - 0 4,d2d4,63,56,-7
r1bqkb1r/pppp1pp1/2n2n1p/4p3/2BPP3/5N2/PPP2PPP/RNBQK2R w KQkq - 1 5,d4d5,218,149,-69
r1bqkb1r/pppp1pp1/5n1p/3Pp3/1nB1P3/5N2/PPP2PPP/RNBQK2R w KQkq - 1 6,a2a3,181,190,9
r1bqkb1r/pppp1pp1/n4n1p/3Pp3/4P3/P4N2/BPP2PPP/RNBQK2R b KQkq - 2 7,c7c6,-49,-159,110
r1bqkb1r/pp1p1pp1/n1p2n1p/3Pp3/4P3/P1N2N2/BPP2PPP/R1BQK2R b KQkq - 1 8,c6d5,-39,-75,36
r1b4r/pp1p1kp1/3Q1n1p/2n1p3/4P3/P4N2/1PP2PPP/R1B2RK1 b - - 0 14,b7b6,-775,-791,16
r6r/pb1pN1pk/1p1Q1n1p/2n5/4P3/P7/1PP2PPP/R1B2RK1 w - - 5 18,f2f4,750,603,-147
r6r/pb1pN1pk/1p5p/8/4nPn1/P7/1PP3PP/R1BQ1RK1 w - - 2 20,f4f5,717,541,-176
5r1r/p2p2pk/1p4Np/5P2/6n1/P4Q2/1PP2nPP/R1B2K2 w - - 3 24,h2h3,523,538,15
7r/p2pN1pk/1p5p/5Q2/8/P3B2P/1PP3P1/R2n1K2 b - - 2 27,g7g6,-10000,-10000,0
rnbqkbnr/pppppppp/8/8/8/8/PPPPPPPP/RNBQKBNR w KQkq - 0 1,e2e4,35,35,0
rnbqkbnr/pppppppp/8/8/4P3/8/PPPP1PPP/RNBQKBNR b KQkq - 0 1,e7e6,-31,-35,4
rnbqkbnr/pppp1ppp/4p3/8/4P3/8/PPPP1PPP/RNBQKBNR w KQkq - 0 2,d2d4,29,29,0
rnbqkbnr/pppp1ppp/4p3/8/3PP3/8/PPP2PPP/RNBQKBNR b KQkq - 0 2,d7d5,-28,-34,6
rnbqkbnr/ppp2ppp/4p3/3p4/3PP3/8/PPPN1PPP/R1BQKBNR b KQkq - 1 3,d5e4,-18,-36,18
rnbqkb1r/ppp2ppp/4p3/8/3PB3/8/PPP2PPP/R1BQK1NR b KQkq - 0 6,f7f5,-49,-79,30
r1b1kb1r/ppp3pp/2n1pq2/5p2/3P4/4BB2/PPP1NPPP/R2QK2R b KQkq - 5 9,e6e5,-36,-120,84
r1b1kb1r/ppp3pp/2n2q2/4pp2/3P4/4BB2/PPP1NPPP/R2QK2R w KQkq - 0 10,d4d5,115,-14,-129
r1b1kb1r/ppp1n1pp/5q2/3Ppp2/8/4BB2/PPP1NPPP/R2Q1RK1 b kq - 2 11,e5e4,-16,-68,52
r1b1kb1r/ppp1n1pp/5q2/3P1p2/4pB2/5B2/PPP1NPPP/R2Q1RK1 b kq - 1 12,e4f3,175,180,5
r1b1kb1r/ppp1n1pp/5q2/3P1p2/5B2/5p2/PPP1NPPP/R2Q1RK1 w kq - 0 13,g2f3,-179,-428,249
r3kb1r/ppBb2pp/5qn1/3P1p2/8/5P2/PPP1NP1P/R2Q1RK1 w kq - 1 15,d5d6,-270,-258,-12
2r1kb1r/ppBb2pp/3P1qn1/5p2/8/5P2/PPP1NP1P/R2Q1RK1 w k - 1 16,f3f4,-128,-324,196
2r4r/pp4pp/3k4/3n1p2/8/8/PPP2P1P/3R1R1K w - - 2 25,f2f4,-344,-449,105
2r1r3/pp4pp/3k4/3n1p2/5P2/5R2/PPP4P/3R3K b - - 2 26,b7b5,428,164,-264
2r1r3/p5pp/3k4/1p1n1p2/5P2/5R2/PPP4P/3R3K w - - 0 27,b2b4,-135,-491,356
8/p2R2pp/1k4r1/1p3p2/5P2/8/P1R2K1P/6r1 w - - 5 38,a2a4,-292,-679,387
8/p2R2pp/1k4r1/1p3p2/P4P2/4K3/2r4P/8 w - - 0 40,a4b5,-679,-674,-5
8/p2R2pp/6r1/1kr2p2/5P2/4K3/7P/8 b - - 3 42,a7a5,664,662,-2
8/3R2pp/4r3/p1r2p2/2k2P2/5K2/7P/8 b - - 5 45,a5a4,715,686,-29
8/6Rp/4r3/2r2p2/p1k2P2/5K2/7P/8 b - - 0 46,a4a3,677,635,-42
8/7p/4r3/2r2p2/2k2P2/p4K2/7P/6R1 b - - 1 47,a3a2,693,720,27
rnbqkbnr/pppppppp/8/8/8/8/PPPPPPPP/RNBQKBNR w KQkq - 0 1,e2e4,29,33,4
rnbqkbnr/pppppppp/8/8/4P3/8/PPPP1PPP/RNBQKBNR b KQkq - 0 1,c7c5,-37,-36,-1
rnbqkbnr/pp1ppppp/8/2p5/4P3/8/PPPP1PPP/RNBQKBNR w KQkq - 0 2,d2d3,32,-10,-42
r1bqkbnr/pp1ppppp/2n5/2p5/4P3/3P4/PPP2PPP/RNBQKBNR w KQkq - 1 3,c2c3,-10,-15,5
r1bqkbnr/pp1ppppp/2n5/2p5/4P3/2PP4/PP3PPP/RNBQKBNR b KQkq - 0 3,d7d5,15,20,5
r1bqkbnr/pp2pppp/2n5/2pp4/4P3/2PP4/PPQ2PPP/RNB1KBNR b KQkq - 1 4,d5d4,64,61,-3
r1bqkbnr/pp2pppp/2n5/2p5/3pP3/2PP4/PPQ2PPP/RNB1KBNR w KQkq - 0 5,c3c4,-52,-131,79
r2qkbnr/pp1bpppp/2n5/2p5/2PpP3/3P4/PPQ2PPP/RNB1KBNR w KQkq - 1 6,a2a3,-123,-136,13
r3kbnr/pp1bpppp/8/q1p5/1nPpP3/P2P4/1P1Q1PPP/RNB1KBNR w KQkq - 3 8,b2b3,-151,-459,308
r3kbnr/pp1bpppp/8/n1p5/2PpP3/PP1P4/3N1PPP/R1B1KBNR b KQkq - 1 10,e7e5,59,47,-12
r3kbnr/pp1b1ppp/8/n1p1p3/2PpP3/PP1P1N2/3N1PPP/R1B1KB1R b KQkq - 1 11,f7f6,89,81,-8
r3kbnr/pp1b2pp/5p2/n1p1p3/2PpP3/PP1P1N2/3N1PPP/R1B1KB1R w KQkq - 0 12,g2g3,-71,-109,38
r3kb1r/pp1b2pp/5p1n/n1p1p3/2PpP3/PP1P1NP1/3N1P1P/R1B1KB1R w KQkq - 1 13,h2h3,-63,-93,30
r3kb1r/pp1b2pp/5p1n/n1p1p3/2PpP3/PP1P1NPP/3N1P2/R1B1KB1R b KQkq - 0 13,g7g5,94,74,-20
r3kb1r/pp1b3p/5p1n/n1p1p1p1/2PpP3/PP1P2PP/3N1P1N/R1B1KB1R b KQkq - 1 14,f6f5,136,-67,-203
r3kb1r/pp1b3p/7n/n1p1ppp1/2PpP3/PP1P2PP/3N1P1N/1RB1KB1R b Kkq - 1 15,g5g4,2,-235,-237
r3kb1r/pp1b3p/7n/n1p1pp2/2PpP1p1/PP1P2PP/3N1P1N/1RB1KB1R w Kkq - 0 16,h3h4,209,-147,-356
r3kb1r/pp1b3p/7n/n1p1pp2/2PpP1pP/PP1P2P1/3N1P1N/1RB1KB1R b Kkq - 0 16,f5e4,105,-203,-308
r3k2r/pp1bb2p/7n/n1p1p3/2PpN1pP/PP1P2P1/5PBN/1RB1K2R b Kkq - 2 18,b7b6,-155,-611,456
r3k1r1/p3b2p/1pb4n/n3p3/2PpN1pP/PP1P2P1/5PBN/1RB1K2R w Kq - 3 21,b3b4,572,555,-17
6r1/p4k1p/1p3b1B/3rp3/1PPp2pP/P2P2P1/5P1N/1R2K2R w K - 0 27,c4d5,864,837,-27
8/p3b2p/1p4k1/3rp3/1P1p2NP/P2P2P1/3B1P2/2R2RK1 w - - 2 32,f2f4,908,865,-43
8/p3b2p/1p4k1/3rp3/1P1p1PNP/P2P2P1/3B4/2R2RK1 b - - 0 32,e5f4,-890,-890,0
8/p3b2p/1p4k1/3r4/1P1p1RNP/P2P2P1/3B4/2R3K1 b - - 0 33,h7h5,-888,-916,28
rnbqkbnr/pppppppp/8/8/8/8/PPPPPPPP/RNBQKBNR w KQkq - 0 1,e2e4,37,33,-4
rnbqkbnr/pppppppp/8/8/4P3/8/PPPP1PPP/RNBQKBNR b KQkq - 0 1,c7c6,-37,-40,3
rnbqkbnr/pp1ppppp/2p5/8/4P3/5N2/PPPP1PPP/RNBQKB1R b KQkq - 1 2,d7d5,-23,-21,-2
rnbqkbnr/pp2pppp/2p5/3p4/4P3/5N2/PPPP1PPP/RNBQKB1R w KQkq - 0 3,e4d5,19,22,3
rnbqkbnr/pp2pppp/2p5/3P4/8/5N2/PPPP1PPP/RNBQKB1R b KQkq - 0 3,c6d5,-18,-20,2
rnbqkbnr/pp2pppp/8/3p4/8/5N2/PPPP1PPP/RNBQKB1R w KQkq - 0 4,d2d4,17,18,1
r1bqkbnr/pp2pppp/2n5/3p4/3P4/5N2/PPP2PPP/RNBQKB1R w KQkq - 1 5,c2c3,24,16,-8
r2qkb1r/pp2pppp/2n2n2/3p4/3P4/2PQ1N2/PP3PPP/RNB2RK1 b kq - 2 8,e7e6,12,13,1
r2q1rk1/pp2bppp/2n1pn2/3p4/3P1B2/2PQ1N2/PP1N1PPP/R3R1K1 b - - 5 11,h7h6,10,-16,-26
r2q1rk1/pp2bpp1/2n1pn1p/3p4/3P1B2/2PQ1N2/PP1N1PPP/R3R1K1 w - - 0 12,h2h3,2,3,1
2rn1rk1/pp2bpp1/1q2p2p/3pB3/3P4/1NPQ3P/PP2RPP1/4R1K1 b - - 0 17,f7f6,-9,-125,116
2rnr1k1/pp4p1/2q1ppQp/2Np4/3P4/2P4P/PP2RPP1/4R1K1 w - - 4 22,f2f4,216,119,-97
2rnr1k1/pp4p1/2q1ppQp/2Np4/3P1P2/2P4P/PP2R1P1/4R1K1 b - - 0 22,b7b6,-103,-206,103
2rn2k1/p3r1p1/1pq1ppQp/3p4/3P1P2/2PN3P/PP2R1P1/4R1K1 w - - 2 24,f4f5,193,207,14
2rn2k1/p3r1p1/1p2ppQp/3p1P2/2qP1N2/2P4P/PP2R1P1/4R1K1 b - - 2 25,e6e5,-432,-490,58
2rn2k1/p3r1p1/1p3pQp/3ppP2/2qP1N2/2P4P/PP2R1P1/4R1K1 w - - 0 26,d4e5,560,574,14
2rn2k1/p3r1p1/1p3pQp/3pPP2/5q2/2P4P/PP2R1P1/4R1K1 w - - 0 27,e5f6,912,905,-7
rnbqkbnr/pppppppp/8/8/8/8/PPPPPPPP/RNBQKBNR w KQkq - 0 1,d2d4,31,15,-16
rnbqkbnr/pppppppp/8/8/3P4/8/PPP1PPPP/RNBQKBNR b KQkq - 0 1,c7c5,-28,-59,31
rnbqkbnr/pp1ppppp/8/2p5/3P4/8/PPP1PPPP/RNBQKBNR w KQkq - 0 2,e2e3,63,14,-49
rnbqkbnr/pp1ppppp/8/2p5/3P4/4P3/PPP2PPP/RNBQKBNR b KQkq - 0 2,c5d4,-15,-17,2
rnbqkbnr/pp1ppppp/8/8/3p4/4P3/PPP2PPP/RNBQKBNR w KQkq - 0 3,e3d4,16,21,5
rnbqkbnr/pp1ppppp/8/8/3P4/8/PPP2PPP/RNBQKBNR b KQkq - 0 3,g7g6,-19,-33,14
rnbqkbnr/pp1ppp1p/6p1/8/3P4/8/PPP2PPP/RNBQKBNR w KQkq - 0 4,f2f4,33,-51,-84
rnb1k1nr/pp1pppbp/1q4p1/8/3P1P2/5N2/PPP3PP/RNBQKB1R w KQkq - 3 6,c2c3,-22,-17,-5
r1b1k1nr/pp1pppbp/1qn3p1/8/3P1P2/2P2N2/PP1N2PP/R1BQKB1R b KQkq - 2 7,d7d6,6,-21,-27
r1b1k1nr/ppq1ppbp/2np2p1/8/2NP1P2/2P2N2/PP4PP/R1BQKB1R w KQkq - 2 9,b2b4,29,-74,-103
r1b1k2r/ppq1ppbp/2np1np1/8/1PNP1P2/2P2N2/P5PP/R1BQKB1R w KQkq - 1 10,b4b5,-76,-97,21
r4rk1/ppq1ppbp/3p2p1/1P1n4/3P1Pb1/1QPB1N2/P2B2PP/R4RK1 w - - 8 16,h2h3,435,72,-363
2r2rk1/pp2ppbp/1q1p1np1/1P6/3P1P2/1QPBBR1P/P5P1/2R3K1 w - - 5 20,c3c4,53,27,-26
2r2rk1/pp2ppbp/1q1p1np1/1P6/2PP1P2/1Q1BBR1P/P5P1/2R3K1 b - - 0 20,e7e6,-31,-64,33
2r2rk1/pp3pbp/1q1ppnp1/1P6/2PP1P2/1Q1BBR1P/P5P1/2R3K1 w - - 0 21,a2a4,51,39,-12
2rq1rk1/pp3pbp/3ppnp1/1P6/P1PP1P2/1Q1BBR1P/6P1/2R3K1 w - - 1 22,g2g3,63,39,-24
2rq1rk1/pp3pbp/3ppnp1/1P6/P1PP1P2/1Q1BBRPP/8/2R3K1 b - - 0 22,b7b6,-42,-43,1
2rq1rk1/p4pbp/1p1ppnp1/1P6/P1PP1P2/1Q1B1RPP/5B2/2R3K1 b - - 1 23,d6d5,77,9,-68
2rq1rk1/p4pbp/1p2pnp1/1P1p4/P1PP1P2/1Q1B1RPP/5B2/2R3K1 w - - 0 24,c4c5,-16,-11,-5
2rq1rk1/p4pbp/1p2pnp1/1PPp4/P2P1P2/1Q1B1RPP/5B2/2R3K1 b - - 0 24,b6c5,10,-143,-153
2rq1rk1/p4pbp/4pnp1/1Ppp4/P2P1P2/1Q1B1RPP/5B2/2R3K1 w - - 0 25,d4c5,158,141,-17
2rq1rk1/p4pbp/4pnp1/1PPp4/P4P2/1Q1B1RPP/5B2/2R3K1 b - - 0 25,d5d4,-144,-216,72
2rq1rk1/p4pbp/4pnp1/1PP5/P2p1P2/1Q1B1RPP/5B2/2R3K1 w - - 0 26,c5c6,203,207,4
2rr2k1/p4pbp/2P1p1p1/1P1q4/P1Rp1P2/3B1RPP/5BK1/8 b - - 3 29,e6e5,478,411,-67
2rr2k1/p4pbp/2P3p1/1P1qp3/P1Rp1P2/3B1RPP/5BK1/8 w - - 0 30,f4e5,-438,-432,-6
2rr2k1/p4p1p/2P3p1/1P1qb3/P1Rp4/3B1RPP/5BK1/8 w - - 0 31,g3g4,-437,-493,56
2rr2k1/p4p1p/2P3p1/1P1qb3/P1Rp2P1/3B1R1P/5BK1/8 b - - 0 31,f7f5,508,437,-71
2rr2k1/p6p/2P3p1/1P1qbp2/P1Rp2P1/3B1R1P/5BK1/8 w - - 0 32,g4f5,-438,-528,90
2rr2k1/p6p/2P3p1/1P1qbP2/P1Rp4/3B1R1P/5BK1/8 b - - 0 32,g6f5,531,466,-65
2r2r1k/p6p/2P5/1P1qbp2/P1Rp4/3B1R1P/5BK1/8 w - - 4 35,h3h4,-569,-1008,439
rnbqkbnr/pppppppp/8/8/8/8/PPPPPPPP/RNBQKBNR w KQkq - 0 1,e2e4,28,30,2
rnbqkbnr/pppppppp/8/8/4P3/8/PPPP1PPP/RNBQKBNR b KQkq - 0 1,e7e5,-28,-35,7
r1bqk1nr/pppp1ppp/2n5/2b1p3/2B1P3/2N5/PPPP1PPP/R1BQK1NR w KQkq - 4 4,d2d3,23,11,-12
r1bqk1nr/pppp1ppp/2n5/2b1p3/2B1P3/2NP4/PPP2PPP/R1BQK1NR b KQkq - 0 4,d7d6,-6,-21,15
r1b1k1nr/ppp2ppp/2np1Q2/2b1p3/2B1P3/2NP4/PPP2PPP/R1B1K1NR b KQkq - 0 6,g7f6,13,-64,-77
r1b1k1nr/ppp2p1p/2np1p2/2b1p3/2B1P3/2NP1N2/PPP2PPP/R1B1K2R b KQkq - 1 7,a7a6,-14,-125,111
r1b1k2r/1pp2p1p/p2p1p1n/2bNp3/2BnP3/3P1N2/PPP2PPP/2KR3R b kq - 3 10,b7b5,473,375,-98
N1bk3r/5p1p/p2p1p1n/1pb1p3/2BnP3/3P1N2/PPP2PPP/2KR3R b - - 0 12,b5c4,324,312,-12
N1bk3r/5p1p/p2p1p1n/4p3/2pbP3/3P4/PPP2PPP/2KR3R w - - 0 14,d3c4,-281,-282,1
N1b5/4kp1p/p2R3b/4p3/2P1P3/8/PPP3rP/1K6 w - - 1 20,a2a3,-523,-759,236
2b5/1k3p1p/p6b/3Np3/2P1P3/P7/1PP3rP/1K6 w - - 8 25,c4c5,-691,-708,17
2b5/1k3p1p/p7/2PNp3/4P3/P7/KPP4P/2b3r1 w - - 3 27,c5c6,-662,-751,89
5k2/5p1p/p2Nb3/4p3/4P3/P7/KPP4P/2b3r1 w - - 10 33,b2b3,-817,-837,20
5k2/5p1p/p2Nb3/4p3/4Pb2/PP6/K1P4P/6r1 w - - 1 34,a3a4,-792,-814,22
5k2/1N3p1p/p3b3/4p3/P3P3/1P6/K1P4b/6r1 b - - 1 35,h7h5,805,768,-37
5k2/5p2/p3b3/4p2p/P3Pb2/1P1N4/K1P5/6r1 b - - 3 37,h5h4,849,815,-34
5k2/5p2/p3b3/4p3/P3Pb1p/1P5N/1KP5/5r2 b - - 5 40,f7f5,933,781,-152
5k2/8/p3b3/4pp2/P3Pb1p/1P5N/1KP5/5r2 w - - 0 41,e4f5,-809,-838,29
5k2/8/p7/4pb2/P4N1p/1P6/1KP5/5r2 b - - 0 42,e5f4,806,762,-44
5k2/8/p7/5b2/P4p1p/1P6/1KP5/5r2 w - - 0 43,b3b4,-804,-925,121
5k2/8/p7/5b2/PP3p1p/8/1KP5/5r2 b - - 0 43,h4h3,900,977,77
5k2/8/p7/5b2/PP3p2/7p/1KP5/5r2 w - - 0 44,b4b5,-1030,-1044,14
5k2/8/p7/1P3b2/P4p2/7p/1KP5/5r2 b - - 0 44,a6b5,1075,1092,17
5k2/8/8/1p3b2/P4p2/7p/1KP5/5r2 w - - 0 45,a4b5,-1190,-10000,8810
2b2k2/8/8/1P6/5p2/7p/1KP5/5r2 w - - 1 46,b5b6,-930,-1008,78
2b2k2/8/1P6/8/5p2/7p/1KP5/5r2 b - - 0 46,h3h2,982,1101,119
2b2k2/8/1P6/8/5p2/8/1KP4p/5r2 w - - 0 47,c2c4,-10000,-10000,0
2b2k2/8/1P6/8/2P2p2/8/1K5p/5r2 b - - 0 47,h2h1q,10000,10000,0
2b2k2/8/1P6/8/2P2p2/8/1K6/5r1q w - - 0 48,c4c5,-10000,-10000,0
2b2k2/8/1P6/2P5/5p2/8/1K6/5r1q b - - 0 48,f4f3,10000,1045,-8955
2b2k2/8/1P6/2P5/8/5p2/1K6/5r1q w - - 0 49,c5c6,-1137,-10000,8863
2b2k2/8/1PP5/8/8/5p2/1K6/2r4q w - - 1 50,b6b7,-10000,-10000,0
2b2k2/1P6/2r5/8/8/5p2/1K6/7q w - - 0 51,b7c8q,-10000,-10000,0
2r2k2/8/8/8/8/1K3p2/8/7q b - - 1 52,f3f2,10000,10000,0
2r2k2/8/8/8/1K6/8/5p2/7q b - - 1 53,f2f1q,10000,10000,0
rnbqkbnr/pppppppp/8/8/8/5N2/PPPPPPPP/RNBQKB1R b KQkq - 1 1,d7d6,-25,-47,22
rnbqkbnr/ppp1pppp/3p4/8/8/5N2/PPPPPPPP/RNBQKB1R w KQkq - 0 2,d2d4,56,55,-1
rnbqkb1r/ppp1pppp/3p1n2/8/3P4/5N2/PPP1PPPP/RNBQKB1R w KQkq - 1 3,c2c4,56,47,-9
rnbqkb1r/ppp1pppp/3p1n2/8/2PP4/5N2/PP2PPPP/RNBQKB1R b KQkq - 0 3,d6d5,-51,-154,103
rnbqkb1r/ppp1pppp/5n2/3p4/2PP4/5N2/PP2PPPP/RNBQKB1R w KQkq - 0 4,c4d5,120,116,-4
rnbqkb1r/ppp1pppp/5n2/8/3P4/2N2N2/PP2PPPP/R1BQKB1R w KQkq - 2 6,e2e3,181,93,-88
rnbqkb1r/ppp1pppp/5n2/8/3P4/2N1PN2/PP3PPP/R1BQKB1R b KQkq - 0 6,e7e6,-98,-108,10
r1bq1rk1/ppp2ppp/2n1pn2/8/1b1P4/2NBPN2/PP1B1PPP/R2QR1K1 b - - 7 10,a7a6,-38,-115,77
r1bq1rk1/1pp2ppp/p1nbpn2/8/3P4/2NBPN2/PPQB1PPP/R3R1K1 w - - 2 12,e3e4,113,63,-50
r1bq1rk1/1pp1bppp/p3pn2/8/1n1PP3/2NB1N2/PP1B1PPP/RQ2R1K1 w - - 3 14,e4e5,209,228,19
r1b2r1k/1pp1bpp1/p3p3/3qP3/3P4/2BQ1N2/PP3PPP/R3R1K1 b - - 1 19,b7b5,-186,-374,188
r1b2r1k/2p1bpp1/p3p3/1p1qP3/3P4/2BQ1N2/PP3PPP/R3R1K1 w - - 0 20,a2a3,460,119,-341
r1b2r1k/2p1bpp1/p3p3/1p1qP3/3P4/P1BQ1N2/1P3PPP/R3R1K1 b - - 0 20,c7c5,-102,-183,81
r1b2r1k/4bpp1/p3p3/1ppqP3/3P4/P1BQ1N2/1P3PPP/3RR1K1 b - - 1 21,c5c4,-104,-141,37
r4r1k/1b2bpp1/p3p3/1p1qP3/2pP1Q2/P1B2N2/1P3PPP/3RR1K1 b - - 3 23,g7g5,-145,-201,56
r4r1k/1b2bp2/p3p3/1p1qP1p1/2pP2Q1/P1B2N2/1P3PPP/3RR1K1 b - - 1 24,f7f5,-191,-398,207
r4r2/1b2b1k1/p3p3/1p1qPppQ/2pP4/P1B2N2/1P3PPP/3RR1K1 w - - 2 26,h2h3,-256,-461,205
7r/1b2b1k1/p3p3/1p1qPpp1/2pP4/P1B2N1P/1P3PP1/3RR1K1 w - - 0 28,g2g4,-539,-10000,9461
rnbqkbnr/pppppppp/8/8/8/8/PPPPPPPP/RNBQKBNR w KQkq - 0 1,e2e4,30,22,-8
rnbqkbnr/pppppppp/8/8/4P3/8/PPPP1PPP/RNBQKBNR b KQkq - 0 1,d7d5,-24,-60,36
rnbqkbnr/ppp1pppp/8/3p4/4P3/8/PPPP1PPP/RNBQKBNR w KQkq - 0 2,e4d5,73,75,2
rnbqkbnr/ppp1pppp/8/1B6/8/2N5/PPPP1PPP/R1BQK1NR b KQkq - 3 4,c7c6,-19,-12,-7
rnbqkbnr/pp2pppp/2p5/8/8/2NB4/PPPP1PPP/R1BQK1NR b KQkq - 1 5,b7b6,-14,-43,29
rn1qkbnr/p3pppp/1pp5/8/6b1/2NB1N2/PPPP1PPP/R1BQ1RK1 b kq - 3 7,e7e6,-50,-56,6
rn1qkbnr/p4ppp/1pp1p3/8/8/2NB1b2/PPPP1PPP/R1B1QRK1 w kq - 0 9,g2f3,-129,-126,-3
rn1qk2r/p4ppp/1ppbpn2/8/8/3B1P2/PPPPNP1P/R1B1QRK1 w kq - 3 11,f3f4,-102,-141,39
rn1q1rk1/p4ppp/1ppbpn2/8/5P2/3B4/PPPPNP1P/R1B1QRK1 w - - 1 12,f2f3,-146,-157,11
rn3rk1/p4ppp/1pp1p3/6q1/5b2/3B1PN1/PPPP3P/R1B1QRK1 b - - 2 15,h7h5,-339,-420,81
rn3rk1/p4pp1/1pp1p3/6qp/5b2/3B1PN1/PPPP1K1P/R1B1QR2 b - - 1 16,h5h4,-248,-307,59
rn3rk1/p4pp1/1pp1p3/4b2q/4N2p/3B1P2/PPPPKQ2/R1B4R b - - 3 20,g7g5,-331,-420,89
rn3rk1/p4p2/1pp1p3/4b1pq/4N2p/3B1P2/PPPPKQ2/R1B4R w - - 0 21,c2c3,415,23,-392
rn3rk1/p4p2/1pp1p3/4b1pq/4N2p/2PB1P2/PP1PKQ2/R1B4R b - - 0 21,f7f5,-86,-90,4
rn3rk1/p7/1pp1p3/5pq1/6R1/2PB1Pb1/PP1PKQ2/R1B5 b - - 2 24,f5g4,274,477,203
rn3rk1/p7/1pp1p3/6q1/6p1/2PB1PQ1/PP1PK3/R1B5 b - - 0 25,g4f3,464,469,5
rn3rk1/p7/1pp1p3/8/8/2PB1pK1/PP1P4/R1B5 b - - 0 27,f3f2,452,474,22
r4rk1/p2n4/1pp1p3/8/8/2P3K1/PP1P1p2/R1B2B2 w - - 2 29,d2d3,-506,-551,45
rnbqkbnr/pppppppp/8/8/8/8/PPPPPPPP/RNBQKBNR w KQkq - 0 1,d2d4,20,19,-1
rnbqkbnr/pppppppp/8/8/3P4/8/PPP1PPPP/RNBQKBNR b KQkq - 0 1,e7e6,-19,-39,20
rnbqkbnr/pppp1ppp/4p3/8/3P4/8/PPP1PPPP/RNBQKBNR w KQkq - 0 2,e2e3,43,11,-32
rnbqkbnr/pppp1ppp/4p3/8/3P4/4P3/PPP2PPP/RNBQKBNR b KQkq - 0 2,e6e5,-8,-116,108
rnbqkbnr/pppp1ppp/8/4p3/3P4/4PN2/PPP2PPP/RNBQKB1R b KQkq - 1 3,e5e4,4,-16,-20
rnbqkbnr/pppp1ppp/8/4N3/3Pp3/4P3/PPP2PPP/RNBQKB1R b KQkq - 1 4,f7f6,79,-404,-483
rnbqkbnr/pppp2pp/5p2/8/2NPp3/4P3/PPP2PPP/RNBQKB1R b KQkq - 1 5,d7d5,48,62,14
rn1qkbnr/ppp3pp/5p2/3p1b2/3Pp3/4P3/PPPN1PPP/RNBQKB1R w KQkq - 2 7,c2c4,114,103,-11
rn1qkbnr/ppp3pp/5p2/3p1b2/2PPp3/4P3/PP1N1PPP/RNBQKB1R b KQkq - 0 7,c7c6,-93,-92,-1
rn1qkbnr/pp4pp/2p2p2/3p1b2/2PPp3/4P3/PP1N1PPP/RNBQKB1R w KQkq - 0 8,c4d5,82,68,-14
rn1qkbnr/pp4pp/2p2p2/3P1b2/3Pp3/4P3/PP1N1PPP/RNBQKB1R b KQkq - 0 8,c6d5,-82,-84,2
rn1qkbnr/pp4pp/5p2/3p1b2/3Pp3/4P3/PP1N1PPP/RNBQKB1R w KQkq - 0 9,b2b3,83,-80,-163
rn2kbnr/pp4pp/4qp2/3p1b2/3Pp3/1PN1P3/P2N1PPP/R1BQKB1R w KQkq - 3 11,g2g3,14,-98,-112
r3k1nr/pp4pp/2n1qp2/3p1b2/1b1Pp3/1PN1P1P1/PB1NBP1P/R2QK2R b KQkq - 4 13,a7a6,157,94,-63
r3k1nr/1p4pp/p1n1qp2/3p1b1B/1b1Pp3/1PN1P1P1/PB1N1P1P/R2QK2R b KQkq - 1 14,g7g6,146,136,-10
r3k1nr/1p5p/p1n1qpp1/3p1b2/1b1Pp3/1PN1P1P1/PB1NBP1P/R2QK2R b KQkq - 1 15,h7h5,142,124,-18
r4rk1/1p2n3/p1n1bpp1/3p3p/1b1Pp3/1P2P1P1/PB1NBP1P/R2Q1RK1 b - - 1 19,f6f5,-506,-613,107
rnbqkbnr/pppppppp/8/8/8/8/PPPPPPPP/RNBQKBNR w KQkq - 0 1,d2d4,22,21,-1
rnbqkbnr/pppppppp/8/8/3P4/8/PPP1PPPP/RNBQKBNR b KQkq - 0 1,d7d5,-20,-22,2
rnbqkbnr/ppp1pppp/8/3p4/3P4/8/PPP1PPPP/RNBQKBNR w KQkq - 0 2,c2c4,17,16,-1
rnbqkbnr/ppp1pppp/8/3p4/2PP4/8/PP2PPPP/RNBQKBNR b KQkq - 0 2,d5c4,-19,-28,9
rnbqkbnr/ppp1pppp/8/8/2pP4/2N5/PP2PPPP/R1BQKBNR b KQkq - 1 3,c7c6,-26,-24,-2
rnbqkb1r/pp2pppp/2p2n2/6B1/2pP4/2N2N2/PP2PPPP/R2QKB1R b KQkq - 3 5,e7e6,45,-28,-73
rnbqkb1r/pp3ppp/2p1pn2/6B1/2pP4/2N2N2/PP2PPPP/R2QKB1R w KQkq - 0 6,e2e4,62,58,-4
r1bq1rk1/pp1nbppp/2p1pn2/6B1/3PP3/2NB1N2/PPQ2PPP/R3K2R b KQ - 4 9,e6e5,-65,-56,-9
r1bq1rk1/pp1nbppp/2p2n2/4p1B1/3PP3/2NB1N2/PPQ2PPP/R3K2R w KQ - 0 10,d4d5,65,-54,-119
r1bq1rk1/pp1nbppp/2p2n2/3Pp1B1/4P3/2NB1N2/PPQ2PPP/R3K2R b KQ - 0 10,c6d5,68,63,-5
r1bq1rk1/pp1nbppp/8/3np1B1/4P3/3B1N2/PPQ2PPP/R3K2R w KQ - 0 12,e4d5,-418,-355,-63
r1b2r1k/pp3pp1/5n2/3Pp1q1/4B3/8/PPQ2PPP/R3K2R w KQ - 2 16,h2h4,-447,-502,55
r1b2r1k/pp3pp1/8/3np3/5q1P/3B4/PPQ2PP1/R3K2R w KQ - 0 18,g2g3,-532,-563,31
r4r1k/pp3pp1/1n2q3/4p3/7P/6P1/PPQ2P2/2KR3R w - - 0 22,h4h5,-499,-726,227
5r1k/pp3pp1/1n6/q3pQ1P/2r5/6P1/1P2KP2/3R3R b - - 7 26,f7f6,432,321,-111
5r1k/pp4p1/5p2/q2npQ1P/8/6P1/1Pr2PK1/3R3R w - - 4 29,h5h6,337,-703,-1040
5r1k/pp4p1/5p1P/q3pn2/8/5KP1/1Pr2P2/3R3R w - - 0 31,h6g7,-829,-867,38
5r2/pp4k1/5p2/q3pn2/8/5KP1/1Pr2P2/3R3R w - - 0 32,g3g4,-843,-10000,9157
rnbqkbnr/pppppppp/8/8/8/8/PPPPPPPP/RNBQKBNR w KQkq - 0 1,e2e4,28,25,-3
rnbqkbnr/pppppppp/8/8/4P3/8/PPPP1PPP/RNBQKBNR b KQkq - 0 1,e7e5,-28,-28,0
rnbqkbnr/pppp1ppp/8/4p3/4P3/5N2/PPPP1PPP/RNBQKB1R b KQkq - 1 2,d7d5,-29,-70,41
rnbqkbnr/ppp2ppp/8/3pp3/2B1P3/5N2/PPPP1PPP/RNBQK2R b KQkq - 1 3,d5c4,507,503,-4
rnbqkbnr/ppp2ppp/8/4p3/2p1P3/5N2/PPPP1PPP/RNBQ1RK1 b kq - 1 4,c4c3,551,347,-204
r1bqkbnr/ppp2ppp/2n5/4p3/4P3/2N2N2/PPPP1PPP/R1BQ1RK1 w kq - 1 6,d2d3,-360,-451,91
r1b1k1nr/ppp2ppp/2n1N3/3Np3/1b2P3/3P4/PPP2PPP/R1BQ1RK1 b kq - 0 9,f7e6,-686,-776,90
N1bk2nr/pp4pp/4p3/4p3/1b1nP3/3P4/PPP2PPP/R1BQ1RK1 w - - 1 12,c2c3,898,892,-6
N1bk2nr/pp4pp/4p3/4p3/3nP3/2bP4/PP3PPP/R1BQ1RK1 w - - 0 13,b2c3,972,969,-3
N1bk2nr/pp4pp/4p3/1n2p3/4P3/2PP4/P4PPP/R1BQ1RK1 w - - 1 14,c3c4,975,990,15
rnbqkbnr/pppppppp/8/8/8/8/PPPPPPPP/RNBQKBNR w KQkq - 0 1,e2e4,28,29,1
rnbqkbnr/pppppppp/8/8/4P3/8/PPPP1PPP/RNBQKBNR b KQkq - 0 1,a7a6,-29,-65,36
rnbqkbnr/1ppppppp/p7/8/4P3/8/PPPP1PPP/RNBQKBNR w KQkq - 0 2,d2d4,73,67,-6
rnbqkbnr/1ppppppp/p7/8/3PP3/8/PPP2PPP/RNBQKBNR b KQkq - 0 2,b7b5,-63,-125,62
rn1qkbnr/1bpppppp/p7/1p6/3PP3/3B1N2/PPP2PPP/RNBQK2R b KQkq - 3 4,e7e6,-83,-81,-2
rn1qkbnr/1bpp1ppp/p3p3/1p6/3PP3/3B1N2/PPP2PPP/RNBQ1RK1 b kq - 1 5,c7c5,-82,-85,3
rn1qkbnr/1b1p1ppp/p3p3/1pp5/3PP3/3B1N2/PPP2PPP/RNBQ1RK1 w kq - 0 6,c2c3,90,88,-2
rn1qk2r/1b1pbppp/p3pn2/1pp3B1/3PP3/2PB1N2/PP3PPP/RN1Q1RK1 w kq - 3 8,d4c5,71,62,-9
rn2k2r/1b1pqppp/p3p3/1pP5/4n3/2PB1N2/PP3PPP/RN1Q1RK1 w kq - 0 10,b2b4,64,70,6
rn2k2r/1b1pqppp/p3p3/1pn5/1P6/2PB1N2/P4PPP/RN1Q1RK1 w kq - 0 11,b4c5,335,310,-25
r4rk1/2qp1ppp/p1n1p3/1p4N1/8/2PB1Q2/P4PPP/R3R1K1 b - - 6 18,g7g6,-278,-315,37
r4rk1/2qp1p1p/p1n1p1p1/1p4N1/8/2PB3Q/P4PPP/R3R1K1 b - - 1 19,h7h5,-306,-316,10
r4rk1/2qp1p2/p1n1p1p1/1p4Np/8/2PB3Q/P4PPP/R3R1K1 w - - 0 20,g2g4,318,103,-215
r4rk1/3p1p2/p1n1p1p1/1p4Np/6Q1/2PB4/P4P1P/R3R1K1 b - - 0 22,h5g4,-65,-70,5
r4rk1/3p1p2/p1n1p1p1/1p4N1/4B1p1/2P5/P4P1P/R3R1K1 b - - 1 23,f7f5,-25,-339,314
rnbqkbnr/pppppppp/8/8/8/8/PPPPPPPP/RNBQKBNR w KQkq - 0 1,d2d4,30,15,-15
rnbqkbnr/pppppppp/8/8/3P4/8/PPP1PPPP/RNBQKBNR b KQkq - 0 1,d7d6,-18,-54,36
rnbqkbnr/ppp1pppp/3p4/8/3P4/8/PPP1PPPP/RNBQKBNR w KQkq - 0 2,e2e3,50,28,-22
rnb1kbnr/pppqpppp/3p4/8/3P4/4P3/PPP2PPP/RNBQKBNR w KQkq - 1 3,g2g3,81,47,-34
rnb1kbnr/ppp1pppp/1q1p4/8/3P4/4P1P1/PPPB1P1P/RN1QKBNR w KQkq - 7 7,c2c3,78,-135,-213
rnb1kbnr/ppp1pppp/2qp4/8/3P4/2P1PNP1/PP1B1P1P/RN1QKB1R b KQkq - 2 8,d6d5,-91,-174,83
rn2kbnr/ppp1pppp/6q1/3p4/3P2b1/2P1PNP1/PPQB1PBP/RN3RK1 w kq - 6 12,h2h3,280,-441,-721
rn2kbnr/ppp1pppp/8/3p4/3P2b1/2P1PNPP/PPqB1PB1/RN3RK1 w kq - 0 13,h3g4,-537,-536,-1
rn2kbnr/ppp1pppp/6q1/3p4/3P2P1/2P1PNP1/PP1B1PB1/RN3RK1 w kq - 1 14,g4g5,-416,-494,78
rn2kbnr/ppp1pppp/6q1/3p2P1/3P4/2P1PNP1/PP1B1PB1/RN3RK1 b kq - 0 14,h7h5,471,379,-92
rn2kbnr/ppp1ppp1/4q3/3p2Pp/3P3N/2P1P1P1/PP1B1PB1/RN3RK1 w kq - 2 16,e3e4,-316,-385,69
rn2kbnr/ppp1ppp1/4q3/3p2Pp/3PP2N/2P3P1/PP1B1PB1/RN3RK1 b kq - 0 16,f7f6,381,196,-185
rn2kbnr/ppp1p1p1/4qp2/3p2Pp/3PP2N/2P3P1/PP1B1PB1/RN3RK1 w kq - 0 17,g5f6,-192,-328,136
rn2kbnr/ppp1p1p1/4qP2/3p3p/3PP2N/2P3P1/PP1B1PB1/RN3RK1 b kq - 0 17,d5e4,362,356,-6
rn2kbnr/ppp1p1p1/4qP2/7p/3Pp2N/2P3P1/PP1B1PB1/RN3RK1 w kq - 0 18,f6f7,-331,-404,73
rnbqkbnr/pppppppp/8/8/8/8/PPPPPPPP/RNBQKBNR w KQkq - 0 1,d2d4,29,19,-10
rnbqkbnr/pppppppp/8/8/3P4/8/PPP1PPPP/RNBQKBNR b KQkq - 0 1,c7c5,-18,-61,43
rnbqkbnr/pp1ppppp/8/2p5/3P4/8/PPP1PPPP/RNBQKBNR w KQkq - 0 2,c2c3,73,12,-61
rnbqkbnr/pp1ppppp/8/2p5/3P4/2P5/PP2PPPP/RNBQKBNR b KQkq - 0 2,c5d4,-14,-45,31
rnbqkbnr/pp1ppppp/8/8/3p4/2P5/PP2PPPP/RNBQKBNR w KQkq - 0 3,c3d4,16,22,6
rnb1kbnr/ppqppppp/8/8/3P4/2N5/PP1BPPPP/R2QKBNR b KQkq - 4 5,e7e6,-216,-204,-12
rnb1kbnr/ppqp1ppp/4p3/8/3P4/2N5/PP1BPPPP/R2QKBNR w KQkq - 0 6,a2a3,187,75,-112
rnb1kbnr/ppqp1ppp/4p3/8/3P4/P1N5/1P1BPPPP/R2QKBNR b KQkq - 0 6,d7d5,-89,-81,-8
rnb1kb1r/ppq2ppp/4pn2/3p4/3P4/P1N2N2/1P1BPPPP/R2QKB1R w KQkq - 2 8,e2e3,73,65,-8
rnb1kb1r/ppq2ppp/4pn2/3p4/3P4/P1N1PN2/1P1B1PPP/R2QKB1R b KQkq - 0 8,a7a6,-57,-94,37
rnb2rk1/1pq2ppp/p2bpn2/3p4/3P4/P1N1PN2/1P1BBPPP/R2Q1RK1 w - - 4 11,g2g3,64,-5,-69
r1b1r1k1/1pq2ppp/p1nbpn2/3p4/Q2P4/P1N1PNP1/1P1BBP1P/2R2RK1 b - - 4 13,e6e5,25,13,-12
r1b1r1k1/1pq2ppp/p1nb1n2/3pp3/Q2P4/P1N1PNP1/1P1BBP1P/2R2RK1 w - - 0 14,d4e5,1,0,-1
r3r1k1/1pq2ppp/p1n2n2/3pb3/Q6N/P1N1P1Pb/1P1BBP1P/2RR2K1 b - - 3 16,d5d4,191,181,-10
r3r1k1/1p3ppp/p1n5/3qb3/1B1pn2N/P3PBPb/1PQ2P1P/1NRR2K1 b - - 7 20,f7f5,-16,-18,2
4r1k1/1p4pp/p1n2b2/3r1p2/1B1pn2N/P3P1Pb/1PQ2P1P/1NRR2K1 w - - 0 24,e3d4,403,321,-82
4r1k1/1p4pp/p1n5/3r1p2/1B1Pn2b/P5Pb/1PQ2P1P/1NRR2K1 w - - 0 25,g3h4,452,359,-93
6k1/1p4pp/p1n3r1/3r1p2/1B1P3P/P5nb/1PQ2P1P/1NR3K1 w - - 0 28,h2g3,415,419,4
rnbqkbnr/pppppppp/8/8/8/8/PPPPPPPP/RNBQKBNR w KQkq - 0 1,e2e4,29,27,-2
rnbqkbnr/pppppppp/8/8/4P3/8/PPPP1PPP/RNBQKBNR b KQkq - 0 1,e7e5,-29,-30,1
rnbqkbnr/pppp1ppp/8/4p3/2B1P3/8/PPPP1PPP/RNBQK1NR b KQkq - 1 2,d7d6,8,-23,-31
rnbqkb1r/ppp2ppp/3p1n2/4p3/2B1P3/5N2/PPPP1PPP/RNBQK2R w KQkq - 2 4,h2h3,24,-75,-99
rnbqkbnr/pppppppp/8/8/8/8/PPPPPPPP/RNBQKBNR w KQkq - 0 1,e2e4,27,25,-2
rnbqkbnr/pppppppp/8/8/4P3/8/PPPP1PPP/RNBQKBNR b KQkq - 0 1,e7e5,-22,-34,12
r1bqkbnr/pppp1ppp/2n5/4p3/4P3/5N2/PPPP1PPP/RNBQKB1R w KQkq - 2 3,d2d4,31,19,-12
r1bqkbnr/pppp1ppp/2n5/4p3/3PP3/5N2/PPP2PPP/RNBQKB1R b KQkq - 0 3,d7d6,-15,-98,83
r2qkbnr/pppb1ppp/2np4/1B2p3/3PP3/5N2/PPP2PPP/RNBQK2R w KQkq - 2 5,d4d5,62,64,2
r3kbnr/pppqnppp/3p4/3Pp3/4P3/2N2N2/PPP2PPP/R1BQK2R b KQkq - 1 7,a7a6,-34,-55,21
r3kbnr/1ppqnppp/p2p4/3Pp3/4P3/2N1BN2/PPP2PPP/R2QK2R b KQkq - 1 8,h7h6,-52,-61,9
r3kb1r/1ppqnpp1/p2p3p/3Pp3/4P3/2N1Q3/PPPN1PPP/R4RK1 b kq - 0 12,f7f6,-16,-82,66
r3kb1r/1ppqn1p1/p2p1p1p/3Pp3/4P3/2N1Q3/PPPN1PPP/R4RK1 w kq - 0 13,f2f3,84,50,-34
r3kb1r/1ppqn1p1/p2p1p1p/3Pp3/4P3/2N1QP2/PPPN2PP/R4RK1 b kq - 0 13,c7c6,-36,-127,91
r3kb1r/1p1qn1p1/p1pp1p1p/3Pp3/4P3/4QP2/PPPNN1PP/R4RK1 b kq - 1 14,c6d5,63,60,-3
r3kb1r/1p1qn1p1/p2p1p1p/3pp3/4P3/4QP2/PPPNN1PP/R4RK1 w kq - 0 15,e4d5,-54,-149,95
r3kb1r/1p1q2p1/p2p1p1p/4p3/5N2/1Q3P2/PPPN2PP/R4RK1 b kq - 0 17,e5f4,-163,-207,44
r3kb1r/1p4p1/p2p1p1p/1Q6/5p2/5P2/PPPN2PP/R4RK1 b kq - 0 19,a6b5,3,0,-3
r3kb1r/1p4p1/3p1p1p/1p6/4Np2/5P2/PPP3PP/R4RK1 b kq - 1 20,d6d5,34,40,6
r3kb1r/1p4p1/5p1p/1p1p4/5p2/2N2P2/PPP3PP/R4RK1 b kq - 1 21,d5d4,42,-28,-70
r6r/1p3kp1/5p1p/1Nb5/3p1p2/5P2/PPP3PP/R4R1K w - - 3 24,c2c3,-21,-175,154
r6r/1p3kp1/5p1p/1Nb5/3p1p2/2P2P2/PP4PP/R4R1K b - - 0 24,d4c3,170,47,-123
r6r/1p3kp1/5p1p/8/5p2/2b2P2/PP4PP/3R1R1K w - - 0 27,b2c3,-32,-19,-13
1r6/1p4p1/5p1p/3k4/5p2/2Pr1P2/P1R3PP/1R3K2 b - - 10 32,g7g5,-15,-3,-12
1r6/1p6/5p1p/3k2p1/5p2/2R2P2/P3K1PP/1R6 b - - 0 34,h6h5,-527,-534,7
1r6/1p6/5p2/3k2pp/5p2/1R3P2/P3K1PP/1R6 b - - 1 35,h5h4,-563,-532,-31
8/1R6/5p2/3k2p1/5p1p/5P2/P3K1PP/8 b - - 0 37,g5g4,-714,-797,83
8/1R6/5p2/3k4/5ppp/5P2/P3K1PP/8 w - - 0 38,f3g4,803,798,-5
8/1R6/5p2/3k4/5pPp/8/P3K1PP/8 b - - 0 38,h4h3,-814,-798,-16
8/1R6/5p2/3k4/5pP1/7p/P3K1PP/8 w - - 0 39,g2h3,804,809,5
8/1R6/5p2/3k4/5pP1/7P/P3K2P/8 b - - 0 39,f4f3,-819,-819,0
8/1R6/5p2/3k4/6P1/5K1P/P6P/8 b - - 0 40,f6f5,-799,-826,27
8/1R6/8/3k1p2/6P1/5K1P/P6P/8 w - - 0 41,a2a4,831,756,-75
8/1R6/8/3k1p2/P5P1/5K1P/7P/8 b - - 0 41,f5g4,-771,-796,25
8/1R6/8/3k4/P5p1/5K1P/7P/8 w - - 0 42,h3g4,843,860,17
8/1R6/8/8/P2k2P1/5K2/7P/8 w - - 1 43,a4a5,1066,10000,8934
8/1R6/8/P7/6P1/3k1K2/7P/8 w - - 1 44,a5a6,10000,10000,0
8/1R6/P7/8/6P1/5K2/3k3P/8 w - - 1 45,a6a7,10000,10000,0
8/PR6/8/8/6P1/5K2/7P/3k4 w - - 1 46,a7a8r,10000,10000,0
rnbqkbnr/pppppppp/8/8/8/8/PPPPPPPP/RNBQKBNR w KQkq - 0 1,e2e4,22,26,4
rnbqkbnr/pppppppp/8/8/4P3/8/PPPP1PPP/RNBQKBNR b KQkq - 0 1,e7e5,-23,-31,8
rnbqkbnr/pppp1ppp/8/4p3/4P3/5N2/PPPP1PPP/RNBQKB1R b KQkq - 1 2,d7d6,-31,-56,25
rnbqkbnr/ppp2ppp/3p4/4p3/4P3/5N2/PPPP1PPP/RNBQKB1R w KQkq - 0 3,g2g3,48,6,-42
r2qkb1r/ppp2ppp/3p1n2/4p3/3nP1b1/5NP1/PPPP1PBP/RNBQR1K1 w kq - 7 7,b2b3,11,-58,-69
r2qkb1r/ppp2ppp/3p1n2/4p3/3nP1b1/1P3NP1/P1PP1PBP/RNBQR1K1 b kq - 0 7,d6d5,43,-1,-44
r2qkb1r/ppp2ppp/5n2/3pp3/3nP1b1/1P3NP1/PBPP1PBP/RN1QR1K1 b kq - 1 8,d5e4,116,117,1
r2qkb1r/ppp2ppp/5n2/4p3/3Bp1b1/1P3NP1/P1PP1PBP/RN1QR1K1 b kq - 0 9,e4f3,101,-275,-376
r3k2r/ppp1qppp/5B2/8/6b1/1P3pP1/P1PP1PBP/RN1Q2K1 b kq - 0 12,g7f6,412,221,-191
2krr3/ppp2p1p/5Q2/1N6/8/1P4P1/P1Pq1PKP/R7 b - - 1 18,a7a6,572,353,-219
8/kpp2p1p/p7/8/2NQ4/1P4P1/r1q2P1P/4R1K1 b - - 3 26,b7b6,-715,-755,40
8/k1p1Rp1p/pp6/8/2NQ4/1P4P1/2q2PKP/r7 b - - 3 28,a6a5,-1152,-10000,8848
8/2R2p1p/kp2Q3/p7/2N5/1P4PK/5P1P/r7 b - - 0 32,f7e6,-513,-494,-19
8/8/1p2R3/pk6/2r5/1P4PK/5P1P/8 w - - 0 36,b3c4,665,646,-19
8/8/1R6/p7/2k5/6PK/5P1P/8 b - - 0 37,a5a4,-731,-764,33
8/8/8/8/k7/6PK/5P1P/8 w - - 0 40,f2f4,787,794,7
8/8/8/1k6/5P2/6PK/7P/8 w - - 1 41,g3g4,857,817,-40
8/8/2k5/8/5PP1/7K/7P/8 w - - 1 42,g4g5,845,838,-7
6k1/8/7K/6P1/5P2/8/7P/8 w - - 7 46,h2h4,923,1116,193
7k/8/7K/6P1/5P1P/8/8/8 w - - 1 47,h4h5,1204,1023,-181
7k/8/6K1/6PP/5P2/8/8/8 w - - 3 49,h5h6,1141,10000,8859
6k1/8/6KP/6P1/5P2/8/8/8 w - - 1 50,f4f5,10000,10000,0
7k/8/6KP/5PP1/8/8/8/8 w - - 1 51,f5f6,10000,10000,0
6k1/8/5PKP/6P1/8/8/8/8 w - - 1 52,h6h7,10000,1015,-8985
8/5K1k/5P2/6P1/8/8/8/8 w - - 0 54,g5g6,1295,1419,124
7k/5K2/5PP1/8/8/8/8/8 w - - 1 55,g6g7,10000,10000,0
rnbqkbnr/pppppppp/8/8/8/8/PPPPPPPP/RNBQKBNR w KQkq - 0 1,e2e4,22,20,-2
rnbqkbnr/pppppppp/8/8/4P3/8/PPPP1PPP/RNBQKBNR b KQkq - 0 1,e7e6,-18,-43,25
rnbqkb1r/ppppnppp/4p3/8/2B1P3/8/PPPP1PPP/RNBQK1NR w KQkq - 2 3,h2h3,9,-7,-16
rnbqkb1r/pppp1ppp/4p1n1/8/2B1P3/7P/PPPP1PP1/RNBQK1NR w KQkq - 1 4,g2g4,5,-168,-173
rnbqk2r/ppppbppp/4p1n1/8/2B1P1P1/7P/PPPP1P2/RNBQK1NR w KQkq - 1 5,f2f3,-82,-284,202
rnbq1rk1/ppppbppp/4p1n1/8/2B1P1P1/5P1P/PPPPN3/RNBQK2R b KQ - 2 6,c7c6,415,217,-198
rnbq1rk1/pp1pbppp/2p1p1n1/8/2B1P1P1/5P1P/PPPPN3/RNBQ1RK1 b - - 1 7,d7d5,221,228,7
rnbq1rk1/pp2bppp/2p1p1n1/3p4/2B1P1P1/5P1P/PPPPN3/RNBQ1RK1 w - - 0 8,e4d5,-207,-281,74
rnbq1rk1/pp2bppp/2p1p1n1/3P4/2B3P1/5P1P/PPPPN3/RNBQ1RK1 b - - 0 8,e6d5,288,280,-8
r1bq1rk1/pp1nbppp/2p3n1/3p4/6P1/1B3P1P/PPPPN3/RNBQ1RK1 w - - 2 10,d2d4,-210,-202,-8
r1bq1rk1/pp2bppp/1np3n1/3p4/3P2P1/1B3P1P/PPP1N3/RNBQ1RK1 w - - 1 11,c2c3,-147,-246,99
r1b2rk1/pp2bppp/1npq2n1/3p4/3P2P1/1BP2P1P/PP2N3/RNBQ1RK1 w - - 1 12,a2a4,-169,-183,14
rnbqkbnr/pppppppp/8/8/8/8/PPPPPPPP/RNBQKBNR w KQkq - 0 1,d2d4,18,19,1
rnbqkb1r/pppppppp/5n2/8/3P4/8/PPP1PPPP/RNBQKBNR w KQkq - 1 2,e2e3,20,9,-11
r1bqkb1r/pppppppp/2n5/3n4/3P4/4PN2/PPP1BPPP/RNBQK2R b KQkq - 4 4,e7e6,-118,-133,15
r1bqkb1r/pppp1ppp/2n1p3/3n4/3P4/4PN2/PPP1BPPP/RNBQK2R w KQkq - 0 5,b2b3,142,61,-81
r1bqkb1r/pppp1ppp/2n1p3/3n4/3P4/1P2PN2/P1P1BPPP/RNBQK2R b KQkq - 0 5,a7a6,-66,-106,40
r1bqk2r/1ppp1ppp/p1n1p3/3n4/1b1P4/1P2PN2/PBPNBPPP/R2QK2R w KQkq - 4 8,c2c4,97,16,-81
r1bqk2r/1ppp1ppp/p1n1p3/3n4/1bPP4/1P2PN2/PB1NBPPP/R2QK2R b KQkq - 0 8,d7d6,-32,-522,490
r1bqk2r/1pp2ppp/p1npp3/3n4/1bPP4/1P2PN2/PB1NBPPP/R2QK2R w KQkq - 0 9,c4d5,516,534,18
r1bqk2r/1pp2ppp/p1npp3/3P4/1b1P4/1P2PN2/PB1NBPPP/R2QK2R b KQkq - 0 9,e6d5,-516,-516,0
r1b1k2r/1ppq1ppp/p1np4/3p4/1b1P4/1P2PN2/PB1NBPPP/R2Q1RK1 w kq - 2 11,a2a3,578,561,-17
r1b1k2r/1pp2ppp/p1np4/3p4/1b1P2q1/PP2PN2/1B1NBPPP/R2Q1RK1 w kq - 1 12,a3b4,693,699,6
r1b1k2r/1pp2ppp/p1np4/3p1q2/1P1P4/1P2PN2/1B1NBPPP/R2Q1RK1 w kq - 1 13,b4b5,758,733,-25
r1b1k2r/1pp2ppp/p1npq3/1P1p4/3P4/1P2PN2/1B1NBPPP/R2Q1RK1 w kq - 1 14,b5c6,886,876,-10
r1b1k2r/1pp2ppp/p1Ppq3/3p4/3P4/1P2PN2/1B1NBPPP/R2Q1RK1 b kq - 0 14,b7c6,-878,-862,-16
r1b1k2r/2p2ppp/p1ppq3/3p4/3P4/1P2PN2/1B1NBPPP/R2Q1RK1 w kq - 0 15,b3b4,868,830,-38
r3k2r/2p1qppp/p1pp4/3p4/1P1P2b1/B3PN2/3NBPPP/R2Q1RK1 w kq - 3 17,b4b5,873,783,-90
r3k2r/2p2ppp/p1pp1q2/1P1p4/3P2b1/B3PN2/3NBPPP/R2Q1RK1 w kq - 1 18,b5c6,860,855,-5
r3k2r/2p2ppp/p1Pp2q1/3p4/3P2b1/B3PN2/3NBPPP/R2Q1RK1 w kq - 1 19,h2h3,938,705,-233
r4rk1/2p2ppp/p1Pp2q1/3p4/3P2b1/B3PN1P/3NBPP1/R2Q1RK1 w - - 1 20,h3g4,927,946,19
rnbqkbnr/pppppppp/8/8/8/8/PPPPPPPP/RNBQKBNR w KQkq - 0 1,e2e4,18,23,5
rnbqkbnr/pppppppp/8/8/4P3/8/PPPP1PPP/RNBQKBNR b KQkq - 0 1,c7c5,-24,-23,-1
rnbqkbnr/pp1ppppp/8/2p5/4P3/8/PPPP1PPP/RNBQKBNR w KQkq - 0 2,c2c3,26,25,-1
rnbqkbnr/pp1ppppp/8/2p5/4P3/2P5/PP1P1PPP/RNBQKBNR b KQkq - 0 2,e7e6,-25,-33,8
rnbqkbnr/pp1p1ppp/4p3/2p5/4P3/2P5/PP1P1PPP/RNBQKBNR w KQkq - 0 3,d2d4,24,27,3
r1bqkbnr/pp1p1ppp/2n1p3/2p5/3PP3/2P5/PP3PPP/RNBQKBNR w KQkq - 1 4,d4d5,92,76,-16
r1bqkbnr/pp1p1ppp/2n1p3/2pP4/4P3/2P5/PP3PPP/RNBQKBNR b KQkq - 0 4,e6d5,-66,-83,17
r1bqkbnr/pp1p1ppp/2n5/2pp4/4P3/2P5/PP3PPP/RNBQKBNR w KQkq - 0 5,e4d5,91,87,-4
rnbqkbnr/pp1p1ppp/8/2pP4/8/2P5/PP3PPP/RNBQKBNR w KQkq - 1 6,f2f4,156,82,-74
rnbqkbnr/pp1p1ppp/8/2pP4/5P2/2P5/PP4PP/RNBQKBNR b KQkq - 0 6,d7d6,-86,-76,-10
rnbqk2r/pp2bppp/3p1n2/2pP4/5P2/2PB1N2/PP4PP/RNBQK2R w KQkq - 4 9,c3c4,108,95,-13
r2q1rk1/pp1nbppp/3p1n2/2pP4/2P2Pb1/2NB1N2/PP4PP/R1B1QRK1 b - - 6 12,a7a6,-125,-126,1
r2qr1k1/1p1nbppp/p2p1n2/2pP4/2P2Pb1/2NB1NQ1/PP4PP/R1B2RK1 w - - 2 14,h2h3,185,160,-25
r2qr1k1/1p1nbppp/p2p1nB1/2pP4/2P2P2/2N2NQP/PP1B2P1/R4RK1 b - - 0 16,h7g6,-70,-61,-9
r2qr1k1/1p1nbpp1/p2p1np1/2pP4/2P2P2/2N2NQP/PP1B2P1/4RRK1 b - - 1 17,b7b5,-26,-27,1
r2qr1k1/3nbpp1/p2p1np1/1ppP4/2P2P2/2N2NQP/PP1B2P1/4RRK1 w - - 0 18,b2b3,37,-13,-50
r2qr1k1/3nbpp1/p2p1np1/1ppP4/2P2P2/1PN2NQP/P2B2P1/4RRK1 b - - 0 18,b5b4,28,-101,-129
r2q2k1/3n1pp1/p2p2p1/2pP4/1pPNRP2/1P4QP/P2B2P1/6K1 b - - 0 23,c5d4,-172,-123,-49
r2q2k1/3n1pp1/p2p2p1/3P4/1pPR1P2/1P4QP/P2B2P1/6K1 b - - 0 24,a6a5,-79,-100,21
r5k1/5pp1/1q1p1np1/p2P4/1pP2P2/1P4QP/P2B2PK/4R3 b - - 5 27,a5a4,-91,-207,116
r5k1/2q2pp1/3p1np1/3P4/ppP2P2/1P2B1QP/P5PK/4R3 w - - 2 29,b3a4,248,-45,-293
6k1/2q2pp1/3p2p1/3P4/1pP2Pn1/r6P/P3R1PK/8 w - - 0 36,h3g4,-668,-748,80
6k1/2q2pp1/3p2p1/3P4/1pP2PP1/3r4/P3R1PK/8 w - - 1 37,g2g3,-592,-674,82
6k1/5pp1/3p2p1/3P4/1pq2PP1/3r2P1/P3R2K/8 w - - 0 38,g4g5,-729,-771,42
8/5ppk/3p2p1/2r3P1/1R3PK1/6P1/P7/8 b - - 0 45,d6d5,-5,-7,2
8/5ppk/6p1/2rp2P1/1R3PK1/6P1/P7/8 w - - 0 46,a2a3,6,1,-5
8/5ppk/6p1/1R1p2P1/2r2PK1/P5P1/8/8 b - - 2 47,d5d4,-1,-12,11
8/5ppk/6p1/3R2P1/2rp1PK1/P5P1/8/8 b - - 1 48,d4d3,4,-82,-86
8/5ppk/6p1/6P1/5P2/P2R1KP1/4r3/8 w - - 3 51,g3g4,795,97,-698
8/5ppk/6p1/6P1/5PP1/P2R1K2/4r3/8 b - - 0 51,f7f6,-115,-746,631
rnbqkbnr/pppppppp/8/8/8/8/PPPPPPPP/RNBQKBNR w KQkq - 0 1,e2e4,25,26,1
rnbqkbnr/pppppppp/8/8/4P3/8/PPPP1PPP/RNBQKBNR b KQkq - 0 1,e7e5,-25,-39,14
r1bqkbnr/pppp1ppp/2n5/4p3/2B1P3/5N2/PPPP1PPP/RNBQK2R b KQkq - 3 3,h7h6,-26,-67,41
r1bqkbnr/pppp1pp1/2n4p/4p3/2B1P3/5N2/PPPP1PPP/RNBQ1RK1 b kq - 1 4,g7g5,-64,-102,38
r1bqkbnr/pppp1p2/2n4p/4p1p1/2B1P3/5N2/PPPP1PPP/RNBQ1RK1 w kq - 0 5,c2c3,106,37,-69
r1bqk1nr/pppp1p2/2nb3p/4p1p1/2B1P3/2P2N2/PP1P1PPP/RNBQ1RK1 w kq - 1 6,d2d4,182,185,3
r1bqk1nr/pppp1p2/2nb3p/4p1p1/2BPP3/2P2N2/PP3PPP/RNBQ1RK1 b kq - 0 6,e5d4,-182,-304,122
r1bqk1nr/pppp1p2/2nb3p/6p1/2BpP3/2P2N2/PP3PPP/RNBQ1RK1 w kq - 0 7,c3d4,276,273,-3
r1bqk1nr/pppp1p2/2n4p/6p1/1bBPP3/5N2/PP3PPP/RNBQ1RK1 w kq - 1 8,a2a3,334,328,-6
r1bqk1nr/pppp1p2/2n4p/6p1/1bBPP3/P4N2/1P3PPP/RNBQ1RK1 b kq - 0 8,b7b5,-322,-401,79
r1bqk1nr/p1pp1p2/2n4p/bB4p1/3PP3/P4N2/1P3PPP/RNBQ1RK1 w kq - 1 10,b2b4,442,437,-5
r1bqk1nr/p1pp1p2/1bn4p/1B4p1/1P1PP3/P4N2/5PPP/RNBQ1RK1 w kq - 1 11,d4d5,425,406,-19
r1bqk1nr/p1pp1p2/7p/1B1P2p1/1P1QP3/P7/5PPP/RNB2RK1 b kq - 0 13,c7c6,-788,-914,126
r1b2k2/p2p1p2/2p4p/1B1P2p1/1P2P3/P7/5PPP/RNB2RK1 w - - 0 17,d5c6,998,994,-4
r1b2k2/p2p1p2/2P4p/1B4p1/1P2P3/P7/5PPP/RNB2RK1 b - - 0 17,d7c6,-1013,-1004,-9
B4k2/p4p2/7p/3b2p1/1P2P3/P3B3/5PPP/R3R1K1 w - - 0 24,e4d5,1163,1122,-41
B4k2/p4p2/7p/3P2p1/1P6/P3B3/5PPP/R3R1K1 b - - 0 24,f7f6,-1183,-1319,136
rnbqkbnr/pppppppp/8/8/8/8/PPPPPPPP/RNBQKBNR w KQkq - 0 1,e2e4,19,28,9
rnbqkbnr/pppppppp/8/8/4P3/8/PPPP1PPP/RNBQKBNR b KQkq - 0 1,c7c5,-27,-23,-4
rnbqkbnr/pp1ppppp/8/2p5/2B1P3/8/PPPP1PPP/RNBQK1NR b KQkq - 1 2,e7e6,2,6,4
rnbqkbnr/pp1p1ppp/4p3/2p5/2B1P3/2N5/PPPP1PPP/R1BQK1NR b KQkq - 1 3,a7a6,17,20,3
rnbqkbnr/1p1p1ppp/p3p3/2p5/2B1P3/2N5/PPPP1PPP/R1BQK1NR w KQkq - 0 4,a2a3,-25,-24,-1
rnbqkbnr/1p1p1ppp/p3p3/2p5/2B1P3/P1N5/1PPP1PPP/R1BQK1NR b KQkq - 0 4,d7d6,28,-2,-30
rnbqkbnr/1p3ppp/p2pp3/2p5/2B1P3/P1N5/1PPP1PPP/R1BQK1NR w KQkq - 0 5,d2d3,3,-10,-13
rnbqkbnr/1p3ppp/p2pp3/2p5/2B1P3/P1NP4/1PP2PPP/R1BQK1NR b KQkq - 0 5,h7h6,18,-11,-29
rnbqkb1r/1p3pp1/p2ppn1p/2p5/2B1P3/P1NP1N2/1PP2PPP/R1BQK2R w KQkq - 2 7,h2h3,-2,-21,19
rnbq1r2/1p2bppk/p2ppn1p/2p5/2B1P3/P1NPBN1P/1PPQ1PP1/R3K2R w KQ - 5 10,g2g4,1,-47,-48
rnbq1r2/1p2bppk/p2ppn1p/2p5/2B1P1P1/P1NPBN1P/1PPQ1P2/R3K2R b KQ - 0 10,b7b5,43,-28,-71
rnbq1r2/3nbppk/p2pp2p/1pp5/4P1P1/P1NPBN1P/BPPQ1P2/R3K2R w KQ - 2 12,h3h4,28,25,-3
rnbq1r2/3nbppk/p2pp2p/1pp5/4P1PP/P1NPBN2/BPPQ1P2/R3K2R b KQ - 0 12,b5b4,-23,-113,90
rnbq1r2/3nbppk/p2pp2p/2p5/1p2P1PP/P1NPBN2/BPPQ1P2/R3K2R w KQ - 0 13,a3b4,101,109,8
rnbq1r2/3nbppk/p2pp2p/2p5/1P2P1PP/2NPBN2/BPPQ1P2/R3K2R b KQ - 0 13,c5b4,-127,-113,-14
r1bq1r2/3nbppk/p1npp2p/8/Np2P1PP/3PBN2/BPPQ1P2/R3K2R w KQ - 2 15,h4h5,76,-81,-157
r1bq1r2/3nbppk/p1npp2p/7P/Np2P1P1/3PBN2/BPPQ1P2/R3K2R b KQ - 0 15,a6a5,65,23,-42
r1bq1r2/3nbppk/2npp2p/p6P/Np2P1P1/3PBN2/BPPQ1P2/R3K2R w KQ - 0 16,g4g5,-23,-96,73
r1bq1r2/4bppk/3pp2p/p3n1PP/Np2P3/3PB3/BPPQ1P2/R3K2R w KQ - 0 18,g5h6,-86,-378,292
r1bq1r2/4bppk/3pp2P/p6P/Np2P3/3PB3/BPPnKP2/R6R w - - 0 20,h6g7,-357,-362,5
r1bq2r1/4bpPk/3pp3/p6P/Np2P3/3PB3/BPPnKP2/R6R w - - 1 21,h5h6,-364,-361,-3
r1bq2r1/4bpPk/3pp2P/p7/Np2n3/3PB3/BPP1KP2/R6R w - - 0 22,d3e4,-369,-369,0
r5r1/5pPk/b2ppq1P/p7/Np2P3/4b3/BPP2PK1/6RR w - - 0 26,f2e3,-643,-599,-44
rnbqkbnr/pppppppp/8/8/8/8/PPPPPPPP/RNBQKBNR w KQkq - 0 1,d2d4,27,16,-11
rnbqkbnr/pppppppp/8/8/3P4/8/PPP1PPPP/RNBQKBNR b KQkq - 0 1,d7d5,-25,-30,5
rnbqkbnr/ppp1pppp/8/3p4/3P4/8/PPP1PPPP/RNBQKBNR w KQkq - 0 2,e2e3,28,8,-20
rnbqkbnr/ppp1pppp/8/3p4/3P4/4P3/PPP2PPP/RNBQKBNR b KQkq - 0 2,e7e5,-6,-114,108
rnbqkbnr/ppp2ppp/8/3pp3/3P4/4PN2/PPP2PPP/RNBQKB1R b KQkq - 1 3,e5d4,67,-10,-77
rnbqkbnr/ppp2ppp/8/3p4/3N4/4P3/PPP2PPP/RNBQKB1R b KQkq - 0 4,c7c5,42,32,-10
rnbqkbnr/pp3ppp/8/2pp4/8/4PN2/PPP2PPP/RNBQKB1R b KQkq - 1 5,c5c4,28,-130,-158
rnbqkbnr/pp3ppp/8/3p4/2p5/4PN2/PPP1BPPP/RNBQK2R b KQkq - 1 6,d5d4,-34,-331,297
rnbqkbnr/pp3ppp/8/8/2pp4/4PN2/PPP1BPPP/RNBQ1RK1 b kq - 1 7,d4e3,-244,-395,151
r1b2bnr/pp3kpp/5n2/8/8/4BN2/PPP2PPP/RN1R2K1 w - - 0 12,c2c3,-119,-250,131
r1b2b1r/pp2nkpp/8/8/8/1NP1nN2/PP3PPP/R2R2K1 w - - 0 15,f2e3,-299,-304,5
3rkb1r/pp2n1pp/8/8/3N2b1/1NP1P3/PP4PP/R3R1K1 w - - 5 18,h2h3,-303,-318,15
3rkb1r/pp2n1pp/8/7b/3N4/1NP1P2P/PP4P1/R3R1K1 w - - 1 19,g2g4,-240,-301,61
3rkb1r/pp4pp/8/3b1n2/6P1/1NP1P1KP/PP6/R3R3 w - - 0 23,g4f5,-369,-411,42
3rk2r/pp4pp/3b4/5P2/8/1bP1P2P/PP3K2/R3R3 w - - 0 25,a2b3,-363,-356,-7
3rk2r/pp4pp/3b4/5P2/8/1PP1P2P/1P3K2/R3R3 b - - 0 25,b7b5,355,123,-232
3rk2r/p5pp/3b4/1p3P2/8/1PP1P2P/1P3K2/R3R3 w - - 0 26,b3b4,-124,-283,159
2r1k2r/R1b3pp/8/1p3P2/1P6/2P1P2P/1P3K2/4R3 w - - 1 28,e3e4,12,-567,-579
4k2r/b1r3pp/8/1R3P2/1P2P3/2P2K1P/1P6/4R3 b - - 2 31,g7g6,-51,-65,14
1k6/b1r4p/R5p1/5P2/1P2P3/2P2K1P/1P6/8 w - - 4 38,f5g6,374,130,-244
1k6/b1r4p/R5P1/8/1P2P3/2P2K1P/1P6/8 b - - 0 38,h7g6,-129,-119,-10
8/b1k5/8/3K4/1P2P3/2P4P/8/8 w - - 1 50,e4e5,463,435,-28
8/b2k4/8/3KP3/1P6/2P4P/8/8 w - - 1 51,c3c4,468,483,15
8/b3k3/8/3KP3/1PP5/7P/8/8 w - - 1 52,c4c5,520,717,197
1b6/4k3/8/2PKP3/1P6/7P/8/8 w - - 1 53,c5c6,719,522,-197
8/2b1k3/2P5/3KP3/1P6/7P/8/8 w - - 1 54,b4b5,536,559,23
3k4/2b5/2P5/1P1KP3/8/7P/8/8 w - - 1 55,h3h4,585,586,1
3k4/8/2P5/bP1KP3/7P/8/8/8 w - - 1 56,h4h5,604,604,0
3k4/8/2P5/1P1KP2P/8/8/3b4/8 w - - 1 57,b5b6,608,606,-2
3k4/8/1PP5/3KP2P/8/4b3/8/8 w - - 1 58,b6b7,864,603,-261
3k4/1P6/1bP5/3KP2P/8/8/8/8 w - - 1 59,b7b8q,10000,10000,0
6k1/1Q6/2P5/3KP2P/8/8/8/8 w - - 3 62,e5e6,10000,10000,0
5k2/1Q6/2P1P3/3K3P/8/8/8/8 w - - 1 63,e6e7,10000,10000,0
8/3Q4/2P2k2/3K3P/8/8/8/8 w - - 2 66,c6c7,10000,10000,0
8/2PQ4/8/3K2kP/8/8/8/8 w - - 1 67,c7c8q,10000,10000,0
rnbqkbnr/pppppppp/8/8/8/8/PPPPPPPP/RNBQKBNR w KQkq - 0 1,e2e4,29,26,-3
rnbqkbnr/pppppppp/8/8/4P3/8/PPPP1PPP/RNBQKBNR b KQkq - 0 1,e7e6,-23,-35,12
rnbqk2r/ppppbppp/4p1n1/8/2B1P3/5N2/PPPP1PPP/RNBQ1RK1 w kq - 6 5,h2h3,33,-15,-48
rnbq1rk1/ppppbppp/4p1n1/8/2B1P3/5N1P/PPPP1PP1/RNBQ1RK1 w - - 1 6,d2d3,20,-17,-37
rnbq1rk1/ppppbppp/4p1n1/8/2B1P3/3P1N1P/PPP2PP1/RNBQ1RK1 b - - 0 6,c7c6,20,-9,-29
rnbq1rk1/pp1pbppp/2p1p1n1/8/2B1P3/3P1N1P/PPP2PP1/RNBQ1RK1 w - - 0 7,b2b3,13,-414,-427
rnbq1rk1/pp1pbppp/2p1p1n1/8/2B1P3/1P1P1N1P/P1P2PP1/RNBQ1RK1 b - - 0 7,d7d5,417,416,-1
rnbq1rk1/pp2bppp/2p1p1n1/3p4/2B1P3/1P1P1N1P/P1P2PP1/RNBQ1RK1 w - - 0 8,e4d5,-407,-487,80
rnbq1rk1/pp2bppp/2p1p1n1/3P4/2B5/1P1P1N1P/P1P2PP1/RNBQ1RK1 b - - 0 8,e6d5,487,494,7
rnbq1rk1/pp2bppp/2p3n1/3B4/8/1P1P1N1P/P1P2PP1/RNBQ1RK1 b - - 0 9,c6d5,548,528,-20
r2q1rk1/pp3ppp/2n1bbn1/1N1p3Q/8/1P1P3P/P1P2PP1/R3R1K1 w - - 6 16,g2g4,-940,-1105,165
rnbqkbnr/pppppppp/8/8/8/8/PPPPPPPP/RNBQKBNR w KQkq - 0 1,d2d4,27,25,-2
rnbqkbnr/pppppppp/8/8/3P4/8/PPP1PPPP/RNBQKBNR b KQkq - 0 1,d7d5,-22,-25,3
rnbqkbnr/ppp1pppp/8/3p4/3P4/8/PPP1PPPP/RNBQKBNR w KQkq - 0 2,c2c4,25,24,-1
rnbqkbnr/ppp1pppp/8/3p4/2PP4/8/PP2PPPP/RNBQKBNR b KQkq - 0 2,d5c4,-21,-29,8
2kr1bnr/pppbpppp/8/3N4/2pN4/8/PP2PPPP/R1B1KB1R w KQ - 3 8,e2e4,300,274,-26
2kr1bnr/pppbpppp/8/3N4/2pNP3/8/PP3PPP/R1B1KB1R b KQ - 0 8,c7c6,-283,-349,66
2kr1bnr/pp1bpppp/2p5/8/2pNP3/2N5/PP3PPP/R1B1KB1R b KQ - 1 9,e7e5,-345,-409,64
2kr1bnr/pp1b1ppp/2p5/4p3/2p1P3/2N2N2/PP3PPP/R1B1KB1R b KQ - 1 10,f7f6,-410,-417,7
2kr1bnr/pp1b2pp/2p2p2/4p3/2B1P3/2N2N2/PP3PPP/R1B1K2R b KQ - 0 11,b7b5,-427,-439,12
2kr1bnr/p2b2pp/2p2p2/1p2p3/4P3/1BN2N2/PP3PPP/R1B1K2R b KQ - 1 12,a7a5,-418,-454,36
2kr1bnr/3b2pp/2p2p2/pp2p3/4P3/1BN2N2/PP3PPP/R1B1K2R w KQ - 0 13,a2a3,472,394,-78
2kr1bnr/3b2pp/2p2p2/pp2p3/4P3/PBN2N2/1P3PPP/R1B1K2R b KQ - 0 13,b5b4,-383,-511,128
3r1bnr/2kb2pp/2p2p2/p3p3/Np2P3/PB3N2/1P3PPP/R1B2RK1 b - - 3 15,b4a3,-494,-536,42
3r1bnr/2kb2pp/2p2p2/p3p3/N3P3/pB3N2/1P3PPP/R1B2RK1 w - - 0 16,b2a3,526,535,9
7r/2k3pp/2p2p1n/prN1p3/4P1b1/PB6/3N1PPP/R4RK1 w - - 3 21,h2h3,493,314,-179
2b4r/2k3pp/2p2p1n/p3p3/4P3/PN1N3P/5PP1/R4RK1 b - - 0 23,a5a4,-590,-598,8
2b4r/6pp/1kpn1p2/4p3/pN2P3/P2N3P/5PP1/R1R3K1 b - - 11 29,c6c5,-531,-737,206
rnbqkbnr/pppppppp/8/8/8/8/PPPPPPPP/RNBQKBNR w KQkq - 0 1,e2e4,19,14,-5
rnbqkbnr/pppppppp/8/8/4P3/8/PPPP1PPP/RNBQKBNR b KQkq - 0 1,c7c6,-15,-33,18
rnbqkbnr/pp1ppppp/2p5/8/4P3/5N2/PPPP1PPP/RNBQKB1R b KQkq - 1 2,d7d5,-30,-29,-1
rnbqkbnr/pp2pppp/2p5/3p4/4P3/5N2/PPPP1PPP/RNBQKB1R w KQkq - 0 3,e4e5,26,24,-2
rnbqkbnr/pp2pppp/2p5/3pP3/8/5N2/PPPP1PPP/RNBQKB1R b KQkq - 0 3,e7e6,-23,-82,59
rnbqkbnr/pp3ppp/2p1p3/3pP3/8/5N2/PPPP1PPP/RNBQKB1R w KQkq - 0 4,d2d4,94,94,0
rnbqkbnr/pp3ppp/2p1p3/3pP3/3P4/5N2/PPP2PPP/RNBQKB1R b KQkq - 0 4,c6c5,-95,-98,3
r1bqkbnr/pp3ppp/2B1p3/2ppP3/3P4/5N2/PPP2PPP/RNBQK2R b KQkq - 0 6,b7c6,28,32,4
r1bqkbnr/p4ppp/2p1p3/2ppP3/3P4/5N2/PPP2PPP/RNBQ1RK1 b kq - 1 7,c5d4,40,47,7
r1b1k1nr/p4ppp/1qp1p3/2bpP3/3N4/4B3/PPP2PPP/RN1Q1RK1 w kq - 3 10,c2c3,135,49,-86
r3k2r/p3nppp/bqp1p3/2bpP3/3N4/2P1B3/PP3PPP/RN1QR1K1 w kq - 3 12,b2b4,187,185,-2
r3k2r/p1q1nppp/b1p1p3/3pP3/1P1B4/2P5/P4PPP/RN1QR1K1 w kq - 1 14,a2a4,179,179,0
2r1r1k1/pb1qnppp/2pBp3/3pP1N1/PP6/2P5/5PPP/R2QR1K1 b - - 10 19,h7h6,-191,-187,-4
2r1r1k1/pb1qnpp1/2pBp2p/3pP3/PP6/2P2N2/5PPP/R2QR1K1 b - - 1 20,a7a6,-200,-244,44
r3r1k1/1b1q1pp1/p1pnp2p/3pP3/PP4QN/2P5/5PPP/R3R1K1 w - - 0 24,e5d6,-120,-109,-11
r3rqk1/1b3pp1/p1p1p2p/3p4/PP4QN/2P3R1/5PPP/R5K1 b - - 3 26,f7f5,94,-111,-205
