board_state,pawn_move,before_eval,after_eval,eval_change
rnbqkbnr/pppppppp/8/8/8/8/PPPPPPPP/RNBQKBNR w KQkq - 0 1,e2e4,28,26,-2
rnbqkbnr/pppp1ppp/4p3/8/4P3/8/PPPP1PPP/RNBQKBNR w KQkq - 0 2,d2d4,41,43,2
rnbqkbnr/p1pp1ppp/1p2p3/8/3PP3/8/PPP2PPP/RNBQKBNR w KQkq - 0 3,a2a3,90,68,-22
rnbqkbnr/pppppppp/8/8/8/8/PPPPPPPP/RNBQKBNR w KQkq - 0 1,d2d4,30,24,-6
rnbqkb1r/ppp1pppp/5n2/3p4/3P4/5N2/PPP1PPPP/RNBQKB1R w KQkq - 2 3,e2e3,20,16,-4
rn1qk2r/ppp2pp1/3bpnp1/3p4/3P4/3BP3/PPPN1PPP/R1BQK2R w KQkq - 2 8,e3e4,13,9,-4
rnbqkbnr/pppppppp/8/8/8/8/PPPPPPPP/RNBQKBNR w KQkq - 0 1,e2e4,31,30,-1
r1bqk2r/pppp1ppp/2n2n2/2b1p3/2B1P3/2N2N2/PPPP1PPP/R1BQK2R w KQkq - 6 5,a2a3,13,-5,-18
r1bqk2r/pppp1ppp/5n2/4p3/2BnP3/P1N2N2/1PPP1KPP/R1BQ3R w kq - 1 7,d2d3,347,353,6
r1b1k2r/pppp1ppp/5q2/4p3/2BnP1n1/P1NP1N2/1PP3PP/R1BQ1K1R w kq - 3 9,h2h3,570,570,0
rnbqkbnr/pppppppp/8/8/8/8/PPPPPPPP/RNBQKBNR w KQkq - 0 1,e2e4,30,29,-1
r2qkb1r/pp2pppp/2p2n2/5b2/2B5/6Q1/PPPP1PPP/R1B1K1NR w KQkq - 2 8,d2d3,0,-53,-53
r3k2r/pp2b1pp/2p1N1b1/q7/8/3P1Q2/PPP2PPP/R3K2R w KQkq - 1 15,c2c3,-351,-402,51
r3k2r/pp2b1pp/2p1N1b1/8/8/2PPq3/PP3PPP/R3K2R w KQkq - 0 17,f2e3,-408,-401,-7
r6r/pp1k2p1/2pb2p1/8/8/2PPP3/PP4PP/R3K2R w KQ - 0 20,h2h3,-293,-257,-36
5r1r/pp2k1p1/2p3p1/8/8/2PPP1bP/PP1K2P1/R4R2 w - - 5 23,d3d4,-223,-246,23
5k2/pp4p1/2p3p1/8/3P4/2P1P1bP/PP1K2P1/8 w - - 0 26,e3e4,-176,-177,1
5k2/pp4p1/2p3K1/6p1/3PP3/2P4P/PP4P1/2b5 w - - 8 32,e4e5,-328,-501,173
5k2/pp4p1/2p5/4P1K1/3P4/2b4P/P5P1/8 w - - 0 34,h3h4,-520,-503,-17
5k2/pp4p1/2p5/4P1K1/3b3P/8/P5P1/8 w - - 0 35,h4h5,-510,-584,74
5k2/pp4p1/2p5/4b1KP/8/8/P5P1/8 w - - 0 36,g2g4,-523,-585,62
8/pp3kp1/2p5/5K1P/6P1/8/Pb6/8 w - - 3 38,g4g5,-578,-578,0
8/pp3kp1/2p5/5KPP/8/8/P7/2b5 w - - 1 39,g5g6,-569,-652,83
8/p5p1/3k2P1/1pp4P/8/2K5/P7/2b5 w - - 0 43,a2a3,-669,-769,100
8/p5p1/3k2P1/1pp3bP/8/P1K5/8/8 w - - 1 44,a3a4,-776,-826,50
rnbqkbnr/pppppppp/8/8/8/8/PPPPPPPP/RNBQKBNR w KQkq - 0 1,e2e4,26,25,-1
rnbqkbnr/pppp1ppp/4p3/8/4P3/8/PPPP1PPP/RNBQKBNR w KQkq - 0 2,f2f4,37,-12,-49
rnbqkbnr/ppp2ppp/4p3/3p4/4PP2/8/PPPP2PP/RNBQKBNR w KQkq - 0 3,e4e5,-11,-19,8
rnb1kbnr/pp3ppp/1q2p3/2ppP3/5P2/5N2/PPPP2PP/RNBQKB1R w KQkq - 2 5,c2c3,-15,-12,-3
r1b1kbnr/pp3ppp/1qn1p3/2ppP3/5P2/2P2N2/PP1P2PP/RNBQKB1R w KQkq - 1 6,d2d3,-10,-38,28
r3kb1r/pp1b1ppp/1qn1p3/2ppPn2/5P2/2PP1N2/PP2B1PP/RNBQ1RK1 w kq - 5 9,g2g4,-33,-67,34
r3kb1r/pp1b1ppp/1qn1p3/2ppP3/5Pn1/2PP1N2/PP2B1KP/RNBQ1R2 w kq - 0 11,h2h3,-196,-270,74
rnbqkbnr/pppppppp/8/8/8/8/PPPPPPPP/RNBQKBNR w KQkq - 0 1,e2e4,26,25,-1
rn1qkbnr/pbpppppp/1p6/8/2B1P3/8/PPPP1PPP/RNBQK1NR w KQkq - 2 3,d2d3,34,6,-28
rn1qk2r/pbpp1pbp/1p2p2p/8/2B1P3/3P1Q1N/PPP2PPP/RN2K2R w KQkq - 2 7,c2c3,-10,-7,-3
r2qk1r1/pbpp1pbp/1p2p2p/8/2n1P3/2PPQ2N/PP3PPP/RN2K2R w KQq - 0 11,d3c4,-161,-195,34
r3k1r1/p1pp1p1p/2b1p2p/8/2P5/1Qb4N/PP1N1PPP/R4RK1 w q - 0 17,g2g3,575,580,5
r3k1r1/p1pp1p2/2b1p2p/6p1/2P5/3Q2P1/PP3P1P/3R1RK1 w q - 0 21,b2b4,604,558,-46
1r2k1r1/p1pp1p2/4p2p/6p1/bPP5/3Q2P1/P2R1P1P/5RK1 w - - 3 23,b4b5,745,806,61
1r2k1r1/p1p2p2/3pp2p/1b4p1/2P5/Q5P1/P2R1P1P/5RK1 w - - 0 25,c4b5,782,763,-19
rnbqkbnr/pppppppp/8/8/8/8/PPPPPPPP/RNBQKBNR w KQkq - 0 1,e2e4,22,28,6
r1bqkb1r/pppp1ppp/2n2n2/4p3/2B1P3/5N2/PPPP1PPP/RNBQK2R w KQkq - 4 4,d2d3,24,20,-4
r1bqk2r/pppp1ppp/2n2n2/2b1p3/2B1P3/3P1N2/PPP2PPP/RNBQK2R w KQkq - 1 5,c2c3,15,13,-2
3q1rk1/p1p2p2/Q2pbn2/2b1p1pp/4P3/2PP2B1/P2N1PPP/R4RK1 w - - 0 16,h2h3,131,59,-72
rnbqkbnr/pppppppp/8/8/8/8/PPPPPPPP/RNBQKBNR w KQkq - 0 1,e2e4,28,30,2
rnbqkbnr/pppp1ppp/8/4p3/4P3/8/PPPP1PPP/RNBQKBNR w KQkq - 0 2,c2c4,31,-36,-67
rnbqk1nr/ppp2ppp/3p4/2b1p3/2P1P3/5N2/PP1P1PPP/RNBQKB1R w KQkq - 0 4,d2d3,-47,-38,-9
rnbqk1nr/1pp2ppp/p2p4/2b1p3/2P1P3/3P1N2/PP3PPP/RNBQKB1R w KQkq - 0 5,a2a3,-4,-16,12
rn1qk1nr/1pp2ppp/p2p4/2b1p3/2P1P1b1/P2P1N2/1P3PPP/RNBQKB1R w KQkq - 1 6,h2h3,-1,-25,24
4k2r/rp1nnp2/p1pp1q1p/4p1p1/2P1P1Q1/P1NP3P/1P2BPP1/1R3RK1 w k - 0 16,b2b4,-7,-16,9
1r2k2r/1p2np2/pNpp1nq1/4p1pp/1PP1P3/P2PQ2P/4BPP1/1R3RK1 w k - 6 21,c4c5,201,124,-77
1r2k2r/1p2np2/pNp2nq1/2Ppp1pp/1P2P3/P2PQ2P/4BPP1/1R3RK1 w k - 0 22,e4d5,124,128,4
rnbqkbnr/pppppppp/8/8/8/8/PPPPPPPP/RNBQKBNR w KQkq - 0 1,d2d4,26,25,-1
rnbqkbnr/pp1ppppp/8/2p5/3P4/8/PPP1PPPP/RNBQKBNR w KQkq - 0 2,c2c4,71,-18,-89
rnbqk2r/pp2pp1p/3p2p1/2p2n2/2PP4/2N2N2/PP2PPPP/R2QKB1R w KQkq - 2 7,d4d5,112,111,-1
rnbq1rk1/pp2pp1p/3p2p1/2pP1n2/2P5/2N2N2/PP2PPPP/R2QKB1R w KQ - 1 8,e2e4,135,135,0
rn1q1rk1/1p1b1p2/p2pp1p1/2pP2Np/2PnP3/2NB4/PP3PPP/R2QR1K1 w - - 0 13,d5e6,46,25,-21
rn1q1rk1/1p3p2/p2pb1p1/2pN4/2P1P2p/3B4/PP3PPP/R2QR1K1 w - - 0 16,h2h3,61,0,-61
rn1q1rk1/1p3p2/p2p2p1/2pN4/2P1P2p/3B3b/PP3PP1/R2QR1K1 w - - 0 17,g2h3,509,501,-8
r4r1k/1p2Np2/p2p1np1/2p3q1/Q1P1P2p/3B3P/PP3P2/R3RK2 w - - 7 21,f2f3,330,0,-330
rnbqkbnr/pppppppp/8/8/8/8/PPPPPPPP/RNBQKBNR w KQkq - 0 1,d2d4,28,25,-3
rnbqkbnr/pppp1ppp/8/4p3/3P4/8/PPP1PPPP/RNBQKBNR w KQkq - 0 2,d4e5,124,147,23
rnbqkbnr/ppp2ppp/3p4/4P3/8/8/PPP1PPPP/RNBQKBNR w KQkq - 0 3,e5d6,166,128,-38
rnbq1rk1/ppp2ppp/3b1n2/8/8/2N2N2/PPP1PPPP/R1BQKB1R w KQ - 4 6,a2a3,100,70,-30
r1bq1rk1/ppp2ppp/2nb1n2/8/8/P1N2N2/1PP1PPPP/R1BQKB1R w KQ - 1 7,e2e3,93,43,-50
r1b2rk1/1p3pp1/p1pq1n1p/4b3/8/P1N1PB2/1PPBQPP1/2RR3K w - - 2 16,e3e4,-39,-64,25
3q2k1/1p3p2/p1p1bp1p/8/4P3/P4B2/1PP1QPP1/7K w - - 0 25,c2c4,6,-73,-79
6k1/1p3p2/p1p1bp1p/8/2PqP3/P4B2/1P2QPP1/7K w - - 1 26,c4c5,-86,-122,36
6k1/1p3p2/p1p1b2p/2q2p2/4P3/P4B2/1P1Q1PP1/7K w - - 0 28,e4f5,0,-23,-23
8/2Q2pk1/p1p3b1/1pq5/8/P7/1P3PP1/7K w - - 0 34,b2b4,-521,-514,-7
8/5pk1/6b1/8/Qp6/2q5/5PP1/6K1 w - - 4 43,f2f3,-611,-646,35
rnbqkbnr/pppppppp/8/8/8/8/PPPPPPPP/RNBQKBNR w KQkq - 0 1,e2e4,30,28,-2
rnbqkbnr/pppppp1p/6p1/8/4P3/8/PPPP1PPP/RNBQKBNR w KQkq - 0 2,d2d4,69,65,-4
rnbqkbnr/pp2pp1p/2pp2p1/8/3PP3/5N2/PPP2PPP/RNBQKB1R w KQkq - 0 4,h2h3,89,69,-20
rn2kb1r/pp2pp1p/2pp2p1/q4bB1/3Pn3/5N1P/PPPNQPP1/R3KB1R w KQkq - 4 8,c2c3,-85,-171,86
r3kb1r/pp1npp1p/2pp2p1/q4b2/3P4/2P2N1P/PP1BQPP1/R3KB1R w KQkq - 1 10,b2b4,-39,-157,118
8/p3r2k/5R2/6p1/1PpP3p/2Pb3P/P4PP1/2r1B1K1 w - - 0 35,g2g4,-876,-10000,9124
8/p6k/5R2/6p1/1PpPb1Pp/2P4P/P4PK1/2r1r3 w - - 2 37,f2f3,-10000,-10000,0
rnbqkbnr/pppppppp/8/8/8/8/PPPPPPPP/RNBQKBNR w KQkq - 0 1,e2e4,31,28,-3
rnbqkbnr/pppp1ppp/4p3/8/4P3/8/PPPP1PPP/RNBQKBNR w KQkq - 0 2,d2d4,40,34,-6
rnbqk2r/ppp2ppp/4pb2/3p4/3PP3/2N5/PPP2PPP/R2QKBNR w KQkq - 0 6,e4e5,-7,-57,50
r4rk1/3b2pp/2p1p3/2RpPp2/8/2K5/P1P2PPP/R7 w - - 2 22,a2a4,-459,-431,-28
5rk1/3b2pp/r1p1p3/2RpPp2/P7/2K5/2P2PPP/R7 w - - 1 23,a4a5,-405,-430,25
r5k1/3b4/r1p1p3/P1RpPppp/R2K4/8/2P2PPP/8 w - - 0 26,h2h3,-407,-416,9
r5k1/3b4/r1p1p3/P1RpP1pp/R2K1p2/7P/2P2PP1/8 w - - 0 27,f2f3,-417,-422,5
r3b3/3k4/r1p1p3/P1RpP1pp/R4p2/5P1P/2P2KP1/8 w - - 7 31,g2g3,-465,-424,-41
r7/3k4/r1p1p3/P1RpPbpp/8/5PKP/R1P5/8 w - - 3 34,h3h4,-398,-424,26
r7/3k4/r1p1p3/P1RpPb1p/6pP/5PK1/R1P5/8 w - - 0 35,f3g4,-420,-450,30
8/4K3/r3p3/P1kp4/R1p3pP/8/2r5/8 w - - 0 46,h4h5,-754,-785,31
rnbqkbnr/pppppppp/8/8/8/8/PPPPPPPP/RNBQKBNR w KQkq - 0 1,e2e4,28,34,6
r1bqk1nr/pppp1ppp/2n5/2b1p3/2B1P3/5N2/PPPP1PPP/RNBQK2R w KQkq - 4 4,a2a3,20,0,-20
r1b1k1nr/pppp1ppp/2n2q2/2b1p3/2B1P3/P4N2/1PPP1PPP/RNBQK2R w KQkq - 1 5,b2b4,27,18,-9
r1b1k1nr/pppp1ppp/1bn2q2/4p3/1PB1P3/P4N2/2PP1PPP/RNBQK2R w KQkq - 1 6,d2d3,25,-13,-38
r1b2rk1/1pppnpp1/pb3q1p/8/1PBpP3/P1NP1N2/2P2PPP/R2QR1K1 w - - 0 12,e4e5,65,72,7
r1b2rk1/1pp1npp1/pb4qp/3pP3/1PBpN3/P2P1N2/2P2PPP/R2QR1K1 w - d6 0 14,e5d6,211,220,9
rnbqkbnr/pppppppp/8/8/8/8/PPPPPPPP/RNBQKBNR w KQkq - 0 1,e2e4,26,26,0
r1bqkb1r/2pp1pp1/p1n3np/1p1Np3/4P3/1B3N2/PPPP1PPP/R1BQK2R w KQkq - 2 8,c2c4,106,-69,-175
7r/4b1pk/6np/p2Q4/Bp6/8/PP1P1P1P/R1B3K1 w - - 1 23,d2d3,702,699,-3
5r2/6pk/6np/p7/1p1BQ2b/1B1P4/PP3P1P/5RK1 w - - 11 29,f2f4,776,839,63
3b1r2/6pk/6np/p7/1p1BQP2/1B1P4/PP5P/5RK1 w - - 1 30,f4f5,900,986,86
3b1r2/4n1pk/7p/p4P2/1p1BQ3/1B1P4/PP5P/5RK1 w - - 1 31,f5f6,10000,10000,0
3b1r2/6pk/5Pnp/p7/1p1BQ3/1B1P4/PP5P/5RK1 w - - 1 32,f6g7,10000,10000,0
3b4/6Pk/6n1/p6p/1p1BQ3/1B1P4/PP5P/5K2 w - - 0 34,g7g8q,10000,10000,0
rnbqkbnr/pppppppp/8/8/8/8/PPPPPPPP/RNBQKBNR w KQkq - 0 1,e2e4,31,31,0
rnbqkbnr/pp1ppppp/8/2p5/4P3/8/PPPP1PPP/RNBQKBNR w KQkq - 0 2,f2f4,33,-2,-35
rnbqkbnr/pp2pppp/8/2pp4/4PP2/8/PPPP2PP/RNBQKBNR w KQkq - 0 3,e4d5,19,23,4
rn1qkbnr/pp2pppp/8/2p2b2/2B2P2/2N5/PPPP2PP/R1BQK1NR w KQkq - 4 6,d2d3,50,26,-24
rn1qkbnr/1p2pppp/p7/2p2b2/2B2P2/2NP4/PPP3PP/R1BQK1NR w KQkq - 0 7,g2g4,104,94,-10
rn1qkbnr/1p1bpppp/p7/2p5/2B2PP1/2NP4/PPP4P/R1BQK1NR w KQkq - 1 8,a2a4,115,24,-91
rn2kbnr/1p3ppp/p3p3/2p5/P1B2PP1/2NP2q1/1PPB3P/R3K2R w KQkq - 0 13,h2g3,148,142,-6
2kr1bnr/1p3ppp/p1n1p3/2p5/P1B2PP1/2NP2P1/1PPB4/2KR3R w - - 3 15,f4f5,223,115,-108
2kr1bnr/1p3ppp/p3p3/2p1nP2/P1B3P1/2NP2P1/1PPB4/2KR3R w - - 1 16,f5e6,178,163,-15
2kr1bnr/1p3ppp/p3P3/2p5/P1n3P1/2NP2P1/1PPB4/2KR3R w - - 0 17,d3c4,173,170,-3
2kr2nr/1p4pp/p3p3/2p5/P1P2bP1/2N3P1/1PP5/2K1R2R w - - 0 20,g3f4,140,162,22
2kr3r/1p4pp/p3p2n/2p5/P1P2PP1/2N5/1PP5/2K1R2R w - - 1 21,g4g5,188,185,-3
8/1p1k3p/p5p1/2p3P1/P1r2P2/8/1PP5/2K2R2 w - - 0 31,b2b3,9,4,-5
8/8/p4r2/2R3p1/P4k2/1PK5/2P5/8 w - - 0 41,b3b4,0,0,0
8/8/p5r1/5R2/PP4p1/2K5/2P3k1/8 w - - 6 45,b4b5,0,6,6
8/8/6r1/1p3R2/P5p1/2K5/2P3k1/8 w - - 0 46,a4b5,5,3,-2
8/8/6r1/1P6/1K6/8/2P5/6k1 w - - 0 51,c2c4,2,0,-2
8/8/6r1/1P6/1KP5/8/5k2/8 w - - 1 52,c4c5,0,0,0
8/8/6r1/1PP5/1K6/4k3/8/8 w - - 1 53,b5b6,266,239,-27
8/8/1P4r1/2P5/1K1k4/8/8/8 w - - 1 54,b6b7,210,218,8
8/1PK5/8/2k5/1r6/8/8/8 w - - 0 58,b7b8q,0,0,0
rnbqkbnr/pppppppp/8/8/8/8/PPPPPPPP/RNBQKBNR w KQkq - 0 1,b2b3,33,-28,-61
rnbqkbnr/pppp1ppp/8/8/4p3/1P6/PBPPPPPP/RN1QKBNR w KQkq - 0 3,d2d3,28,16,-12
rnbqkb1r/ppp2ppp/5n2/3p4/4p3/1P1P3N/PBP1PPPP/RN1QKB1R w KQkq - 0 5,d3e4,-61,-34,-27
rnb1kb1r/ppp2ppp/8/3p4/4nN1q/1P6/PBP1PPPP/RN1QKB1R w KQkq - 2 7,g2g3,83,59,-24
rnb1k2r/ppp2ppp/8/2bp4/4nN1q/1P4P1/PBP1PP1P/RN1QKB1R w KQkq - 1 8,f2f3,155,-10000,-10155
rnbqkbnr/pppppppp/8/8/8/8/PPPPPPPP/RNBQKBNR w KQkq - 0 1,e2e4,30,31,1
rnbqkbnr/pppp1ppp/4p3/8/4P3/8/PPPP1PPP/RNBQKBNR w KQkq - 0 2,d2d4,35,41,6
rnbqkbnr/ppp2ppp/4p3/3p4/3PP3/8/PPP2PPP/RNBQKBNR w KQkq - 0 3,e4e5,41,25,-16
rnbqkbnr/pp3ppp/4p3/2ppP3/3P4/8/PPP2PPP/RNBQKBNR w KQkq - 0 4,c2c3,22,30,8
rnbqkb1r/pp2nppp/4p3/2ppP3/3P4/2P5/PP3PPP/RNBQKBNR w KQkq - 1 5,f2f4,43,-24,-67
rnbqkb1r/pp2nppp/4p3/3pP3/3p1P2/2P5/PP4PP/RNBQKBNR w KQkq - 0 6,c3d4,-42,-48,6
r3k2r/pp2bppp/1qb1p3/3pPn2/3P1P2/2N2N2/PP4PP/R1BQ1RK1 w kq - 2 12,a2a3,63,-89,-152
r4rk1/pp2bppp/1qb1p3/3pPn2/3P1P2/P1N2N2/1P4PP/R1BQ1RK1 w - - 1 13,b2b4,16,-168,-184
2r2rk1/4bppp/1pq1p3/3pPn2/pPbP1P2/P1BN1N2/5RPP/R2Q2K1 w - - 0 20,g2g4,-178,-415,237
5rk1/4bppp/1p2p3/3pPn2/pP1P1PP1/P1r2N2/5R1P/R5K1 w - - 0 23,g4f5,-291,-255,-36
2r3k1/4bpp1/1p6/3pPp1p/pP1P1P2/P1r2N2/R4RKP/8 w - - 0 26,h2h4,-233,-267,34
6k1/4b1p1/1pr2p2/3pPpNp/pP1P1P1P/P1r5/R4RK1/8 w - - 0 28,e5f6,-230,-244,14
6k1/8/1pr3p1/3pbp1p/pP1P1P1P/P1r5/R4RK1/8 w - - 0 31,f4e5,-224,-336,112
8/6k1/1pr3p1/3pPp1p/pP1P3P/P2r4/R3R1K1/8 w - - 3 33,e5e6,-259,-272,13
8/6k1/1pr1P1p1/3p1p1p/pP1r3P/P7/R3R1K1/8 w - - 0 34,e6e7,251,239,-12
8/4P1k1/1pr3p1/5p1p/pP2p2P/P7/R4K2/8 w - - 0 37,e7e8q,610,672,62
rnbqkbnr/pppppppp/8/8/8/8/PPPPPPPP/RNBQKBNR w KQkq - 0 1,e2e4,29,32,3
rnbqkbnr/pppp1ppp/4p3/8/4P3/8/PPPP1PPP/RNBQKBNR w KQkq - 0 2,d2d4,40,34,-6
rnbqkbnr/p1pp1ppp/1p2p3/8/3PP3/8/PPP2PPP/RNBQKBNR w KQkq - 0 3,d4d5,98,28,-70
rnbqk1nr/p1pp1ppp/1p2p3/3P4/1b2P3/8/PPP2PPP/RNBQKBNR w KQkq - 1 4,c2c3,82,72,-10
rnbqk1nr/p1pp1ppp/1p2p3/2bP4/4P3/2P5/PP3PPP/RNBQKBNR w KQkq - 1 5,b2b4,55,22,-33
rnbqk1nr/p1pp1ppp/1p1b4/3p4/1P2P3/2P2N2/P4PPP/RNBQKB1R w KQkq - 0 7,e4e5,170,121,-49
r1b3nr/p1kn2pp/1pp5/3p2B1/1P6/1BP5/P4PPP/RN2R1K1 w - - 6 17,c3c4,241,251,10
r1b4r/pk1n2pp/1pp2n2/3p4/1PP2B2/1B6/P4PPP/RN2R1K1 w - - 3 19,c4d5,327,307,-20
r1b4r/pk4pp/1p3n2/3p4/1P3B2/2N5/P4PPP/R3R1K1 w - - 2 22,a2a4,334,192,-142
r6r/pk1b2pp/1p3n2/3p4/PP3B2/2N5/5PPP/R3R1K1 w - - 1 23,a4a5,194,185,-9
r6r/pk1b2pp/5n2/Pp1p4/1P3B2/2N5/5PPP/R3R1K1 w - - 0 24,a5a6,340,341,1
4r2r/p2b2pp/P1k2n2/1p1pB3/1P6/2N5/5PPP/R3R1K1 w - - 3 26,f2f4,368,306,-62
8/7p/P2B4/7R/5Pr1/5bk1/8/2K5 w - - 18 54,f4f5,304,382,78
8/7R/P2B4/5P2/2r5/5b2/1K2k3/8 w - - 3 57,a6a7,416,379,-37
b7/P7/3B4/5P2/2r5/8/1K3R2/3k4 w - - 5 60,f5f6,481,564,83
b7/P3B3/1r3P2/5R2/8/2K5/4k3/8 w - - 7 64,f6f7,581,599,18
rnbqkbnr/pppppppp/8/8/8/8/PPPPPPPP/RNBQKBNR w KQkq - 0 1,e2e4,33,30,-3
rnbqkbnr/ppp1pppp/8/3p4/4P3/8/PPPP1PPP/RNBQKBNR w KQkq - 0 2,e4d5,70,53,-17
rn2kbnr/ppp1pppp/8/4q3/6b1/2N5/PPPPBPPP/R1BQK1NR w KQkq - 4 5,d2d4,111,86,-25
r3kbnr/ppp1pppp/8/1q6/1n1PB3/4B3/PPP2PPP/R2QK1NR w KQkq - 0 11,c2c3,110,100,-10
2kr3r/2p2ppp/1p1bp3/1B1n4/3P4/1R2BK2/P4PPP/1R6 w - - 2 24,a2a4,-30,-35,5
3r3r/1kp2ppp/1p1bp3/1B1n4/P2P4/1R2BK2/5PPP/1R6 w - - 1 25,a4a5,-43,-173,130
rnbqkbnr/pppppppp/8/8/8/8/PPPPPPPP/RNBQKBNR w KQkq - 0 1,e2e4,31,27,-4
rnbqkb1r/pppp1ppp/5n2/4p3/2B1P3/8/PPPP1PPP/RNBQK1NR w KQkq - 2 3,d2d3,8,0,-8
rnbqk2r/pppp1ppp/8/4p1B1/2B1n3/3P4/PPP2KPP/RN1Q2NR w kq - 0 6,d3e4,350,329,-21
rnbqkbnr/pppppppp/8/8/8/8/PPPPPPPP/RNBQKBNR w KQkq - 0 1,e2e4,27,32,5
rnbqkbnr/pppp1ppp/8/4p3/4P3/8/PPPP1PPP/RNBQKBNR w KQkq - 0 2,f2f4,35,-22,-57
r1bqkbnr/ppp2ppp/2np4/4p3/4PP2/5N2/PPPP2PP/RNBQKB1R w KQkq - 2 4,d2d4,31,31,0
r2qk1nr/p1p1b1pp/2ppp3/8/4PP2/8/PPP3PP/RNBQK2R w KQkq - 0 9,c2c4,71,2,-69
r2q1rk1/p1p1b1pp/2pp3n/4p3/2P1PP2/2N5/PP4PP/R1BQ1RK1 w - - 0 12,f4f5,96,94,-2
r2q1rk1/p1p1bnpp/2pp4/4pP2/2P1P3/2N5/PP4PP/R1BQ1RK1 w - - 1 13,b2b4,119,30,-89
r2q1rk1/p1p2npp/2pp4/4pPb1/1PP1P3/2N5/P5PP/R1BQ1RK1 w - - 1 14,b4b5,142,136,-6
r2q1rk1/p1p3pp/2pp4/1P2pPn1/2P1P3/2N5/P5PP/2RQ1RK1 w - - 1 16,b5c6,277,266,-11
r2q1rk1/2p4p/p1Pp2p1/4pPn1/2P1P3/2N5/P5PP/2RQR1K1 w - - 0 18,f5g6,292,270,-22
r5k1/2pq4/p2p1Qp1/8/2P1P3/8/P5PP/2R3K1 w - - 2 26,c4c5,328,153,-175
5r1k/2pq4/p2p2Q1/2P5/4P3/8/P5PP/2R3K1 w - - 1 28,c5d6,483,419,-64
3R4/q4kr1/p6Q/8/4P3/8/P5PP/5K2 w - - 7 35,e4e5,10000,682,-9318
rnbqkbnr/pppppppp/8/8/8/8/PPPPPPPP/RNBQKBNR w KQkq - 0 1,e2e4,33,29,-4
r1bqk1nr/ppppbppp/2n5/4p3/2B1P3/5N2/PPPP1PPP/RNBQK2R w KQkq - 4 4,d2d4,39,42,3
r2qr2k/pppb1Qp1/3p3p/8/2B1P2b/8/PPP2PPP/2KRR3 w - - 1 15,e4e5,-386,-484,98
r2q1rk1/pppb2p1/3p2Qp/4P3/8/3B4/PPP2bPP/2KRR3 w - - 2 18,e5e6,307,-36,-343
rnbqkbnr/pppppppp/8/8/8/8/PPPPPPPP/RNBQKBNR w KQkq - 0 1,e2e4,29,30,1
rnbqkbnr/ppp1pppp/8/3p4/4P3/8/PPPP1PPP/RNBQKBNR w KQkq - 0 2,e4d5,58,64,6
rnb1kb1r/p1p1pppp/1p2qn2/8/8/2N2N2/PPPPQPPP/R1B1KB1R w KQkq - 0 6,d2d3,74,36,-38
2r1kb1r/3np1p1/pp3p1p/2p5/1n4b1/1N1P1NB1/PPP1BPPP/3R1RK1 w k - 2 16,d3d4,186,61,-125
rnbqkbnr/pppppppp/8/8/8/8/PPPPPPPP/RNBQKBNR w KQkq - 0 1,d2d4,27,26,-1
rnbqkbnr/ppp1pppp/8/3p4/3P4/8/PPP1PPPP/RNBQKBNR w KQkq - 0 2,c2c4,24,19,-5
rnbqkbnr/ppp1pppp/8/8/2pP4/8/PP2PPPP/RNBQKBNR w KQkq - 0 3,e2e4,25,30,5
r1bq1rk1/pppn1pbp/4pnp1/8/2BPP3/2N1B3/PP2NPPP/R2Q1RK1 w - - 2 9,f2f3,155,126,-29
r1bq1rk1/1pp2pbp/1n2pnp1/p7/3PP3/2NBBP2/PP2N1PP/R2Q1RK1 w - - 0 11,b2b3,169,127,-42
r1bq1rk1/3n1pbp/2p1pnp1/pp6/3PP3/1PNBBP2/P2QN1PP/R4R1K w - - 0 14,a2a4,143,117,-26
r4rk1/3n1pnp/1qp3pQ/p3p3/PpRPP3/1P1N1P2/4N1PP/5R1K w - - 0 23,d4e5,205,220,15
r3r1k1/3n1pnp/1qp3pQ/p3P3/PpR1P3/1P1N1P2/4N1PP/5R1K w - - 1 24,f3f4,224,-153,-377
r3r1k1/5pnp/2p3p1/p3P3/Pp2PP2/1PnN1Q2/6PP/2N4K w - - 4 30,f4f5,203,141,-62
r3r1k1/5pnp/2p5/p3Pp2/Pp2P3/1PnN1Q2/6PP/2N4K w - - 0 31,e4f5,220,208,-12
3rr1k1/5pnp/2p5/p3PP2/Pp6/1PnN1Q2/6PP/2N4K w - - 1 32,h2h3,236,251,15
3rr1k1/5pnp/8/p1p1PP2/Pp6/1PnN1Q1P/6P1/2N4K w - - 0 33,f5f6,280,351,71
4r1rk/7p/4pP2/p3P3/Pp3N2/1Pn2Q1P/6P1/7K w - - 2 38,f6f7,620,685,65
4rr1k/5P1p/4p3/p3P3/Pp3N2/1Pn2Q1P/6P1/7K w - - 1 39,f7e8q,739,779,40
7k/5Q2/7p/p3P3/Pp6/1P5P/6P1/2n4K w - - 3 47,e5e6,832,10000,9168
rnbqkbnr/pppppppp/8/8/8/8/PPPPPPPP/RNBQKBNR w KQkq - 0 1,e2e4,26,27,1
rnb1kbnr/pppp1ppp/5q2/4p3/4P3/5N2/PPPP1PPP/RNBQKB1R w KQkq - 2 3,d2d4,144,89,-55
rnb1kbnr/ppp2ppp/3p1q2/4p3/3PP3/5N2/PPP2PPP/RNBQKB1R w KQkq - 0 4,d4d5,167,75,-92
rn5r/1ppbkppp/p2p3q/3Pp3/4P1n1/2N2N2/PPP1QPPP/1K1R1B1R w - - 4 14,h2h3,135,139,4
rn5r/1ppbkppp/p2p1n1q/3Pp3/4P3/2N2N1P/PPP1QPP1/1K1R1B1R w - - 1 15,g2g4,142,-70,-212
rnr5/1p1bkp1p/p2p1n1q/2pPp1p1/4P1P1/2N4P/PPPNQPB1/1K1R3R w - c6 0 18,d5c6,274,300,26
rnr5/1p1nkp1p/p1bp3q/4p1p1/4P1P1/2N1Q2P/PPPN1PB1/1K1R3R w - - 2 20,h3h4,543,417,-126
rnr5/3nkp1p/p1bp3q/1p2p1p1/4P1PP/2N1Q3/PPPN1PB1/1K1R3R w - - 0 21,h4g5,511,476,-35
rnr2q2/3nkp1p/p1bp4/1p2p1P1/4P1P1/2N1Q3/PPPN1PB1/1K1R3R w - - 1 22,g5g6,521,318,-203
rnbqkbnr/pppppppp/8/8/8/8/PPPPPPPP/RNBQKBNR w KQkq - 0 1,d2d4,26,27,1
rnbqkbnr/pppp1ppp/4p3/8/3P4/8/PPP1PPPP/RNBQKBNR w KQkq - 0 2,e2e3,32,9,-23
rnbqkbnr/pp1p1ppp/4p3/2p5/3P4/4P3/PPP2PPP/RNBQKBNR w KQkq - 0 3,c2c3,16,-12,-28
rnbqkbnr/p4ppp/4p3/1p1p4/2pP4/2P1P3/PPB2PPP/RNBQK1NR w KQkq - 0 6,f2f4,95,-36,-131
2k3r1/1b5p/2n2b2/p2p4/1ppPpP2/2P1P3/PP1B1RPP/1R4K1 w - - 2 25,g2g3,-75,-131,56
2k3r1/1b6/2n2b2/p2p4/1ppPpP2/2P1P1p1/PP1B1RKP/5R2 w - - 0 28,h2g3,-120,-109,-11
6r1/2k5/2n2R2/p2p4/2pP1P2/1pP1PKP1/PP1B4/8 w - - 0 34,a2b3,311,424,113
6r1/2k5/2n2R2/p2p4/3P1P2/1pP1PKP1/1P1B4/8 w - - 0 35,e3e4,436,289,-147
6r1/1nk5/8/5R2/p2P1P2/1pP2KP1/1P1B4/8 w - - 4 39,g3g4,278,212,-66
6r1/8/1k1n4/2R5/p2P1PP1/1pP2K2/1P1B4/8 w - - 3 41,c3c4,206,-125,-331
rnbqkbnr/pppppppp/8/8/8/8/PPPPPPPP/RNBQKBNR w KQkq - 0 1,e2e4,26,24,-2
rnbqkbnr/pppppp1p/6p1/8/4P3/8/PPPP1PPP/RNBQKBNR w KQkq - 0 2,c2c4,60,26,-34
rnbqk1nr/ppppppbp/6p1/8/2P1P3/8/PP1P1PPP/RNBQKBNR w KQkq - 1 3,d2d4,52,56,4
rnbqk1nr/p2pppbp/1p4p1/2p5/2PPP3/5N2/PP3PPP/RNBQKB1R w KQkq - 0 5,d4d5,98,103,5
rnbq1rk1/p2p1pbp/1p2pnp1/2pP4/2P1P3/2NB1N2/PP3PPP/R1BQK2R w KQ - 0 8,d5d6,166,-13,-179
q2r2k1/pb1p1pbp/1p1Ppnp1/2p1N3/2PnP3/3B4/PP3PPP/R1BQ1RK1 w - - 4 14,f2f3,-17,12,29
q2rn1k1/pb1p1p1p/1p1Pp1p1/2p1b3/Q1PnP3/3B1P2/PP4PP/R1B2RK1 w - - 0 16,f3f4,-522,-551,29
q2rn1k1/pb1p1p1p/1p1bp1p1/2p5/Q1PnPP2/3B4/PP4PP/R1B2RK1 w - - 0 17,f4f5,-557,-585,28
q2rn1k1/pb1p1p1p/1p1b2p1/2p2p2/Q1PnP3/3B4/PP4PP/R1B2RK1 w - - 0 18,e4f5,-547,-590,43
q2rn1k1/p2p1p1p/1p1b2p1/2p2P2/Q1Pn4/3B4/PP4bP/R1B2RK1 w - - 0 19,f5g6,-579,-574,-5
q2rn1k1/p2p1p1p/1p1b2P1/2p5/Q1Pn4/3B4/PP5P/R1B2bK1 w - - 0 20,g6h7,-650,-689,39
rnbqkbnr/pppppppp/8/8/8/8/PPPPPPPP/RNBQKBNR w KQkq - 0 1,c2c4,24,19,-5
rnbqkb1r/pppp1ppp/4pn2/8/2P5/5N2/PP1PPPPP/RNBQKB1R w KQkq - 0 3,e2e3,16,6,-10
r2qkb1r/pb1p1ppp/1pn1pn2/2p5/2P5/2N1PN2/PP1PBPPP/R1BQ1RK1 w kq - 2 7,b2b3,55,16,-39
r2q1rk1/pb1pbppp/1pn2n2/2p1p3/2P5/1PN1PN2/PB1PBPPP/2RQ1RK1 w - - 0 10,d2d4,47,49,2
r2q1rk1/pb1pbppp/1pn2n2/6N1/2Ppp3/1PN1P3/PB2BPPP/2RQ1RK1 w - - 0 12,e3d4,76,15,-61
r2q1rk1/pb2bppp/1pn2n2/3p2N1/2PPp3/1PN5/PB2BPPP/2RQ1RK1 w - - 0 13,c4d5,17,14,-3
r4rk1/p2R1ppp/1p6/8/3Bbb2/1P6/P3BPPP/5RK1 w - - 4 20,g2g3,26,-5,-31
5rk1/p4ppp/1p2b2b/1R2B3/8/1P3BP1/P2r1P1P/5RK1 w - - 9 25,a2a4,-47,-67,20
5r2/p4pkp/1p2b1p1/1R6/P7/1P3BP1/3r1PKP/5R2 w - - 0 28,a4a5,-27,-24,-3
1r6/p4pkp/1p2b1p1/PR6/8/1P3BP1/3r1PKP/5R2 w - - 1 29,a5b6,-21,-22,1
8/5pkp/1p2b1p1/8/8/1P1r1BP1/5PKP/1R6 w - - 2 32,b3b4,-39,-25,-14
8/5pkp/2r3p1/8/1P6/6P1/5P1P/1R3K2 w - - 2 40,b4b5,296,266,-30
8/5p2/1r1k2p1/1P5p/1K6/6P1/5P1P/4R3 w - - 0 47,f2f4,405,326,-79
rnbqkbnr/pppppppp/8/8/8/8/PPPPPPPP/RNBQKBNR w KQkq - 0 1,e2e4,27,33,6
rnbqkbnr/pppp1ppp/4p3/8/4P3/8/PPPP1PPP/RNBQKBNR w KQkq - 0 2,d2d4,33,29,-4
rnbqkbnr/ppp2ppp/4p3/3p4/3PP3/8/PPP2PPP/RNBQKBNR w KQkq - 0 3,e4e5,24,21,-3
rnbqkbnr/pp3ppp/4p3/2ppP3/3P4/8/PPP2PPP/RNBQKBNR w KQkq - 0 4,c2c3,28,31,3
rnbqkb1r/pp2nppp/4p3/2ppP3/3P4/2P5/PP3PPP/RNBQKBNR w KQkq - 1 5,f2f4,40,-27,-67
r1bqkb1r/pp2nppp/2n1p3/3pP3/3p1P2/2P2N2/PP4PP/RNBQKB1R w KQkq - 0 7,c3d4,-33,-39,6
r1bqkb1r/pp3ppp/2n1p3/3pPn2/3P1P2/5N2/PP4PP/RNBQKB1R w KQkq - 1 8,g2g4,-40,-49,9
r2qkb1r/pp1b1ppp/4p1n1/3pP3/1n1P1PP1/2NB1N2/PP5P/R1BQ1RK1 w kq - 7 12,a2a3,132,56,-76
r2qk2r/pp1bbppp/4p1n1/3pP3/3P1PP1/P1NQ1N2/1P5P/R1B2RK1 w kq - 1 14,f4f5,81,81,0
r2qk2r/pp1bbppp/6n1/3pPp2/3P2P1/P1NQ1N2/1P5P/R1B2RK1 w kq - 0 15,g4f5,246,234,-12
r2qkn1r/pp1bbp1p/8/3NPPp1/3P4/P2Q1N2/1P5P/R1B2RK1 w kq g6 0 17,f5f6,514,429,-85
r2qkn1r/pp1bbp1p/5P2/3NP3/3P2p1/P2Q1N2/1P5P/R1B2RK1 w kq - 0 18,f6e7,755,764,9
r3kn1r/pp1bPp1p/8/q2NP3/3P2p1/P2Q1N2/1P5P/R1B2RK1 w kq - 1 19,e7f8q,776,784,8
r4k1r/pp3p2/1q5p/2NbP3/3P2pB/P2Q4/1P1N3P/R4RK1 w - - 4 27,b2b4,898,708,-190
rnbqkbnr/pppppppp/8/8/8/8/PPPPPPPP/RNBQKBNR w KQkq - 0 1,e2e4,27,26,-1
rnbqkbnr/ppp1pppp/3p4/8/4P3/8/PPPP1PPP/RNBQKBNR w KQkq - 0 2,d2d4,48,44,-4
rnbqkbnr/pp2pppp/2pp4/8/3PP3/8/PPP2PPP/RNBQKBNR w KQkq - 0 3,c2c4,67,82,15
rnbqkbnr/p3pppp/2pp4/1p6/2PPP3/8/PP3PPP/RNBQKBNR w KQkq - 0 4,d4d5,221,54,-167
rnbqkbnr/p3pppp/3p4/1p1p4/2P1P3/8/PP3PPP/RNBQKBNR w KQkq - 0 5,c4d5,378,86,-292
4Rb1r/B3nppp/1Q6/1p6/k7/8/PP3PPP/R5K1 w - - 3 27,b2b3,10000,10000,0
rnbqkbnr/pppppppp/8/8/8/8/PPPPPPPP/RNBQKBNR w KQkq - 0 1,d2d4,30,19,-11
rnbqkbnr/pp1ppppp/8/2p5/3P4/8/PPP1PPPP/RNBQKBNR w KQkq - 0 2,c2c4,65,-5,-70
r1bqkbnr/pp1ppp1p/2n3p1/8/2P5/8/PP2PPPP/RNBQKBNR w KQkq - 0 5,a2a3,7,-39,-46
r1b2rk1/pp2ppbp/1qnp1np1/6B1/2P5/P1N2N2/1PQ1PPPP/R3KB1R w KQ - 6 10,e2e3,-61,-109,48
2r2rk1/pp2ppbp/q2p2p1/3Q2B1/2Pn4/P3P3/5PPP/1R3RK1 w - - 0 18,e3d4,-151,-130,-21
6k1/pp3p1p/1b4p1/8/1Br5/P7/4rPPP/3R1RK1 w - - 4 24,h2h3,-246,-271,25
8/p5kp/1b6/5pp1/8/7P/4rPP1/4BRK1 w - - 0 34,g2g3,-224,-295,71
8/p7/1b6/4kppp/8/6PP/5PK1/4B3 w - - 1 39,f2f3,-384,-431,47
8/8/p7/4kppp/3b4/5PPP/3B2K1/8 w - - 0 41,f3f4,-49,-347,298
rnbqkbnr/pppppppp/8/8/8/8/PPPPPPPP/RNBQKBNR w KQkq - 0 1,e2e4,35,34,-1
r1bqkb1r/pppp1ppp/2n2n2/4p3/2B1P3/5N2/PPPP1PPP/RNBQK2R w KQkq - 4 4,d2d3,21,17,-4
r1bqk2r/pppp1pp1/2n2n1p/2b1p3/2B1P3/3P1N2/PPP2PPP/RNBQ1RK1 w kq - 2 6,h2h3,22,14,-8
r1bqk2r/ppp2pp1/3p3p/2bnp3/2BnP3/3P1N1P/PPP2PP1/R1BQ1RK1 w kq - 0 9,e4d5,4,-40,-44
r1bqk2r/pp3pp1/2pp3p/2bPp3/2Bn4/3P1N1P/PPP2PP1/R1BQ1RK1 w kq - 0 10,a2a3,92,4,-88
1r1q1rk1/p4pp1/B2pb2p/2b1p3/3n4/P2P1N1P/1PP2PP1/R1BQ1RK1 w - - 3 14,c2c3,39,-267,-306
1r1q1rk1/p4pp1/B2pb2p/2b1pn2/8/P1PP1N1P/1P3PP1/R1BQ1RK1 w - - 1 15,d3d4,85,94,9
1r1q1rk1/p4pp1/B2pb2p/2b2n2/3p4/P1P2N1P/1P3PP1/R1BQ1RK1 w - - 0 16,c3d4,99,76,-23
1r1q1rk1/p4pp1/Bb2b2p/3pN3/3P4/P3n2P/1P3PP1/R2Q1RK1 w - - 0 19,f2e3,-2,46,48
1r3rk1/p1b3p1/B3bp1p/3p2q1/3P2N1/P3PQ1P/1P4P1/R4RK1 w - - 2 22,b2b4,50,0,-50
1r3rk1/p1b3p1/B4p1p/3p2q1/1P1P2b1/P3PQ1P/6P1/R4RK1 w - - 0 23,h3g4,0,2,2
4rr1k/p5p1/B4p1p/8/1P1P2Pb/P3PR2/6P1/R5K1 w - - 2 29,g2g3,307,288,-19
4r2k/p5p1/4rp1p/6b1/1P1P2P1/P2BPRP1/8/4R1K1 w - - 5 32,e3e4,278,226,-52
2r4k/p5p1/4rp1p/6b1/1P1PP1P1/P2B1RP1/8/4R1K1 w - - 1 33,e4e5,255,200,-55
2r4k/p5p1/4rp1p/4P3/1P1P2P1/P1bB1RP1/4R3/6K1 w - - 3 35,e5f6,455,22,-433
2r4k/p5p1/5b1p/8/1P4P1/P4RP1/4B2K/8 w - - 0 38,a3a4,15,9,-6
4R3/6k1/6pp/p7/Pb4PK/6P1/2B5/8 w - - 2 46,g4g5,642,573,-69
4R3/6k1/6p1/p5Pp/Pb5K/6P1/2B5/8 w - - 0 47,g3g4,691,582,-109
rnbqkbnr/pppppppp/8/8/8/8/PPPPPPPP/RNBQKBNR w KQkq - 0 1,e2e4,26,27,1
rnbqkbnr/pppp1ppp/8/4p3/4P3/8/PPPP1PPP/RNBQKBNR w KQkq - 0 2,d2d4,37,-7,-44
rnb1kbnr/pppp1ppp/5q2/4p3/3PP3/8/PPP2PPP/RNBQKBNR w KQkq - 1 3,d4e5,140,147,7
6k1/p1pr3p/1pR3p1/8/8/8/PPP1rPPP/2K2R2 w - - 3 23,b2b3,80,91,11
7k/8/8/7p/8/1P4R1/P1PK4/7r w - - 0 34,c2c4,415,386,-29
7k/8/8/8/2P5/1P2R2p/P2K4/7r w - - 0 36,c4c5,454,445,-9
8/6k1/8/2P5/8/1P2R2p/P2K4/7r w - - 1 37,c5c6,410,434,24
8/8/2P3k1/8/8/1P2R2p/P2K4/7r w - - 1 38,c6c7,594,687,93
8/2P5/8/6k1/8/1P2R2p/P2K4/7r w - - 1 39,c7c8q,759,860,101
rnbqkbnr/pppppppp/8/8/8/8/PPPPPPPP/RNBQKBNR w KQkq - 0 1,e2e4,32,34,2
rnbqkbnr/pppppp1p/6p1/8/4P3/8/PPPP1PPP/RNBQKBNR w KQkq - 0 2,d2d4,64,59,-5
rnbqk1nr/ppppppbp/6p1/8/3PP3/8/PPP2PPP/RNBQKBNR w KQkq - 1 3,c2c3,72,45,-27
rnbqk1nr/pppp2bp/4p1p1/5p2/3PP3/2PB4/PP3PPP/RNBQK1NR w KQkq - 0 5,e4f5,130,120,-10
r1b3k1/pp1p2r1/2n1p2p/5p1q/3P2n1/2P2N2/PP2BPPP/RN1Q1RK1 w - - 0 18,h2h3,98,54,-44
r1b1q1k1/pp4r1/2p1p2p/3n1p2/3P4/2P2B1P/PP3PP1/RN1Q1RK1 w - - 2 22,c3c4,222,180,-42
r3q1k1/pp1b2r1/2p1p2p/3n1p2/2PP4/5B1P/PP3PP1/RN1Q1RK1 w - - 1 23,c4c5,457,120,-337
rnbqkbnr/pppppppp/8/8/8/8/PPPPPPPP/RNBQKBNR w KQkq - 0 1,e2e4,29,30,1
rnbqkbnr/pp3ppp/2p5/3pp3/2B1P3/5N2/PPPP1PPP/RNBQK2R w KQkq - 0 4,e4d5,16,-5,-21
r1bqk2r/pp3ppp/2nb1n2/3p4/B3p3/5N2/PPPP1PPP/RNBQR1K1 w kq - 2 9,d2d3,-219,-274,55
r1bq1rk1/pp3ppp/2nb1n2/3p4/B3p3/3P1N2/PPP2PPP/RNBQR1K1 w - - 1 10,d3e4,-278,-282,4
r1b2rk1/ppq2ppp/2nb1n2/8/B2Np3/8/PPP2PPP/RNBQR1K1 w - - 2 12,g2g3,-256,-296,40
8/5pkp/6p1/p7/8/6P1/P1KR1P1P/7r w - - 3 35,f2f3,1,-14,-15
8/5pk1/6p1/p6p/8/5PP1/P1KR3P/7r w - - 0 36,h2h4,3,-69,-72
8/5p2/7k/6pp/7P/R4Pr1/P1K5/8 w - - 0 40,h4g5,-12,-48,36
8/5p2/8/6k1/7p/3R1Pr1/P1K5/8 w - - 0 42,f3f4,-359,-412,53
rnbqkbnr/pppppppp/8/8/8/8/PPPPPPPP/RNBQKBNR w KQkq - 0 1,e2e4,26,28,2
rnbqkbnr/pp2pppp/3p4/2p5/4P3/5N2/PPPP1PPP/RNBQKB1R w KQkq - 0 3,h2h3,41,16,-25
r1bqkbnr/pp2pppp/2np4/2p5/4P3/5N1P/PPPP1PP1/RNBQKB1R w KQkq - 1 4,d2d4,16,16,0
1r2kb1r/pb1q1ppp/8/3pp3/8/2N4P/PPP2PP1/1RBQ1RK1 w k - 4 14,f2f4,-33,-223,190
1r2kb1r/pb4pp/5p2/3qp3/3p1P2/7P/PPP1NKP1/1RBQ1R2 w k - 0 17,f4e5,-340,-371,31
1r2k2r/pb4pp/8/3qp3/1b1p4/7P/PPP1N1P1/1RBQKR2 w k - 2 19,c2c3,-284,-273,-11
1r2k2r/pb4pp/8/3qp3/1b6/2Pp3P/PP2N1P1/1RBQKR2 w k - 0 20,c3b4,-96,-108,12
rnbqkbnr/pppppppp/8/8/8/8/PPPPPPPP/RNBQKBNR w KQkq - 0 1,e2e4,26,23,-3
rnbqkbnr/ppp1pppp/8/3p4/4P3/8/PPPP1PPP/RNBQKBNR w KQkq - 0 2,e4e5,66,-21,-87
r1bqkbnr/ppp1pppp/2n5/4P3/3p4/5N2/PPPP1PPP/RNBQKB1R w KQkq - 2 4,c2c3,2,-55,-57
r1bqkbnr/ppp1p1pp/2n2p2/4P3/8/N1Pp1N2/PP1P1PPP/R1BQKB1R w KQkq - 0 6,e5f6,-6,-144,138
rnbqkbnr/pppppppp/8/8/8/8/PPPPPPPP/RNBQKBNR w KQkq - 0 1,e2e3,28,15,-13
rnbqkbnr/ppp1pppp/8/3p4/8/4P3/PPPP1PPP/RNBQKBNR w KQkq - 0 2,b2b3,12,-38,-50
rnb1kbnr/ppp2ppp/8/3pp1q1/8/1P2P3/PBPP1PPP/RN1QKBNR w KQkq - 2 4,g2g3,207,-12,-219
r1b1k2r/ppp2ppp/2n2n2/3pp1q1/1b6/1P2PQPB/PBPP1P1P/RN2K1NR w KQkq - 5 7,c2c3,-52,-165,113
4rrk1/ppB2ppp/2n2n2/4p1q1/8/1P2p1PB/P2PKPQP/RN5R w - - 0 14,d2e3,210,60,-150
rnbqkbnr/pppppppp/8/8/8/8/PPPPPPPP/RNBQKBNR w KQkq - 0 1,d2d4,36,21,-15
rnbqkbnr/p1pppppp/1p6/8/3P4/8/PPP1PPPP/RNBQKBNR w KQkq - 0 2,c2c4,99,63,-36
rn1qkbnr/pbpp1ppp/1p2p3/8/2PP4/2N5/PP2PPPP/R1BQKBNR w KQkq - 2 4,a2a3,80,42,-38
rn1qkbnr/pbpp1p1p/1p2p1p1/8/2PP4/P1N5/1P2PPPP/R1BQKBNR w KQkq - 0 5,h2h3,79,38,-41
rn1qk1nr/p1pp1pbp/1p2p1p1/8/2PP4/P1N2b1P/1P2PPP1/R1BQKB1R w KQkq - 0 7,e2f3,32,19,-13
rn2k1nr/p1pp1p1p/1p2p1p1/8/2P5/P1b2P1P/1P2BPP1/R1B2RK1 w kq - 0 11,b2c3,-225,-227,2
r3k2r/p2pn2p/1p2p1pB/n1p2p2/2P5/P1PB1P1P/5PP1/1R3RK1 w kq - 4 16,a3a4,-219,-220,1
r3k2r/p2p3p/1pn1p1pB/n1p2p2/P1P5/2PB1P1P/5PP1/1R3RK1 w kq - 1 17,g2g4,-238,-291,53
2k2rr1/p6p/1p1ppBp1/n1p2p2/P1P3P1/2P2P1P/4BP2/1R3RK1 w - - 2 22,g4g5,437,371,-66
rnbqkbnr/pppppppp/8/8/8/8/PPPPPPPP/RNBQKBNR w KQkq - 0 1,d2d4,37,25,-12
rnbqkb1r/ppp1pppp/5n2/3p4/3P4/5N2/PPP1PPPP/RNBQKB1R w KQkq - 2 3,e2e3,21,13,-8
rn1qk2r/pp3pp1/3bpnp1/2pp4/3P4/3BP3/PPPNQPPP/R1B1K2R w KQkq - 0 9,c2c3,-8,-34,26
r2qk2r/pp3pp1/2nbpnp1/3p4/2pP4/2P1P3/PPBNQPPP/R1B1K2R w KQkq - 2 11,e3e4,108,113,5
r3k2r/ppq2p2/2nb1pp1/4p3/B1QP4/2P5/PP3PPP/R1B1K2R w KQkq - 5 17,d4d5,268,259,-9
r3k2r/1pq2p2/p1nb1pp1/3Pp3/B1Q5/2P5/PP3PPP/R1B1K2R w KQkq - 0 18,d5c6,257,266,9
r6r/2q2pk1/Q1Pb1pp1/4p3/8/2P1B3/PP3PPP/2KR3R w - - 7 24,b2b4,369,-574,-943
rnbqkbnr/pppppppp/8/8/8/8/PPPPPPPP/RNBQKBNR w KQkq - 0 1,e2e4,35,32,-3
r1bqk1nr/pppp1ppp/2n5/2b1p3/2B1P3/5N2/PPPP1PPP/RNBQK2R w KQkq - 4 4,b2b4,21,-23,-44
r1bqk1nr/pppp1ppp/2n5/4p3/1bB1P3/5N2/P1PP1PPP/RNBQK2R w KQkq - 0 5,c2c3,-12,-11,-1
r1bqk1nr/ppp2ppp/2np4/2b1p3/2B1P3/2P2N2/P2P1PPP/RNBQ1RK1 w kq - 0 7,d2d4,-5,-13,8
r1bqk1nr/ppp2ppp/1bnp4/8/2BpP3/B1P2N2/P4PPP/RN1Q1RK1 w kq - 0 9,c3d4,-71,-67,-4
rnbqkbnr/pppppppp/8/8/8/8/PPPPPPPP/RNBQKBNR w KQkq - 0 1,e2e4,35,35,0
rnbqkbnr/pp2pppp/2p5/3p4/4P3/5N2/PPPP1PPP/RNBQKB1R w KQkq - 0 3,e4d5,26,18,-8
rnbqkbnr/pp2pppp/8/3p4/8/5N2/PPPP1PPP/RNBQKB1R w KQkq - 0 4,d2d4,23,20,-3
r1b2b1k/6qp/p1n1R3/1p4r1/3PR3/1B5Q/PPP2PPP/6K1 w - - 6 25,g2g3,-474,-516,42
4rb1k/6qp/p1n1B3/1p4r1/3PR3/6PQ/PPP2P1P/6K1 w - - 1 27,d4d5,-499,-541,42
4rb1k/6qp/p3B3/1p1Pn1r1/4R3/6PQ/PPP2P1P/6K1 w - - 1 28,f2f4,-481,-492,11
4rb1k/6qp/p3B1r1/1p1P4/4RP2/5nPQ/PPP4P/7K w - - 3 30,f4f5,-555,-617,62
4rb1k/6qp/p3B3/1p1P1Pr1/3nR3/6PQ/PPP3KP/8 w - - 3 32,c2c3,-467,-555,88
4rb1k/6qp/p3n3/1p1P1Pr1/4R3/2P3PQ/PP4KP/8 w - - 0 33,d5e6,-645,-602,-43
4r2k/6qp/p2bP3/1p3Pr1/4R3/2P3PQ/PP4KP/8 w - - 1 34,g3g4,-550,-660,110
1b2r2k/3Q3p/p3P2q/1p3Pr1/4R1P1/2P5/PP4KP/8 w - - 5 37,e6e7,-94,-417,323
1b4rk/4PQ1p/8/pp3P2/8/1KP5/PP4q1/8 w - - 0 45,e7e8q,-417,-584,167
4Q1rk/5Q1p/3b4/1p3P2/p7/K1P5/PP4q1/8 w - - 2 47,b2b4,-592,-584,-8
8/7p/3Q4/1p3Pk1/8/1KP5/P5q1/8 w - - 1 52,f5f6,195,5,-190
8/7p/5qk1/1Q6/8/1KP5/P7/8 w - - 0 55,a2a4,136,127,-9
8/7p/6k1/8/PQ6/K1Pq4/8/8 w - - 5 58,a4a5,202,216,14
8/8/8/P7/1K4kp/2P5/8/8 w - - 0 70,a5a6,635,941,306
8/8/P7/8/1K4k1/2P4p/8/8 w - - 0 71,a6a7,994,1041,47
8/P7/8/8/1K4k1/2P5/7p/8 w - - 0 72,a7a8q,1041,1060,19
8/8/8/8/1K3k2/2P5/8/7Q w - - 1 74,c3c4,1087,1095,8
8/8/8/4k3/1KP5/3Q4/8/8 w - - 9 79,c4c5,1214,10000,8786
8/8/4k3/2P5/1K6/3Q4/8/8 w - - 1 80,c5c6,10000,10000,0
8/8/2P5/4k3/1K6/3Q4/8/8 w - - 1 81,c6c7,10000,10000,0
8/2P1k3/8/8/1K1Q4/8/8/8 w - - 3 83,c7c8q,10000,10000,0
rnbqkbnr/pppppppp/8/8/8/8/PPPPPPPP/RNBQKBNR w KQkq - 0 1,e2e4,39,34,-5
rnbqkbnr/pppp1ppp/4p3/8/4P3/8/PPPP1PPP/RNBQKBNR w KQkq - 0 2,b2b3,36,-25,-61
rnbqkbnr/ppp2ppp/3p4/4p3/4P3/1P6/PBPP1PPP/RN1QKBNR w KQkq - 0 4,g2g3,74,-13,-87
rn1qkb1r/ppp2ppp/3p4/4p3/4n3/1P4PN/PBPP1P1P/RN1QK2R w KQkq - 0 7,f2f3,-40,-184,144
rn1qkb1r/ppp2ppp/3p4/2n1p3/8/1P3PPN/PBPP3P/RN1QK2R w KQkq - 1 8,d2d4,-182,-192,10
r4b1r/pppk1p1p/3p2p1/6n1/5N2/1PNKRPP1/P1P4P/R7 w - - 0 19,h2h4,-36,-168,132
r4r2/pppk2bp/3pp1p1/8/4N2P/1P1KRPP1/P1P5/3R4 w - - 4 23,f3f4,-103,-217,114
r4r2/p1pk2bp/1p1p2p1/4p1N1/5P1P/1P1KR1P1/P1P5/3R4 w - - 0 25,f4e5,-29,-37,8
5r2/3k4/pp1p2p1/2p5/7P/1P2K1b1/8/7R w - - 0 37,h4h5,-668,-685,17
5r2/3k4/pp1p4/2p3pP/8/1P2K1b1/8/7R w - - 0 38,h5h6,-633,-657,24
8/3k4/1p1p3r/p1p2Kp1/7b/1P6/8/R7 w - - 0 42,b3b4,-756,-771,15
rnbqkbnr/pppppppp/8/8/8/8/PPPPPPPP/RNBQKBNR w KQkq - 0 1,e2e4,35,36,1
rnbqkb1r/pppppppp/8/8/8/2n2N2/PPPP1PPP/R1BQKB1R w KQkq - 0 4,d2c3,-108,-125,17
rnbqk2r/ppppbppp/4p3/6B1/8/2P2N2/PPP2PPP/R2QKB1R w KQkq - 2 6,h2h4,-149,-155,6
rnbq1rk1/pp2bppp/4p3/2pp2B1/7P/2PB1N2/PPP2PP1/R2QK2R w KQ - 0 9,b2b3,-112,-263,151
3r1rk1/pp4p1/4p2p/2ppq3/4p3/1PP5/PKP1QPP1/3R3R w - - 0 21,f2f3,-308,-341,33
3r1rk1/pp4p1/4p2p/2p1q3/3pp3/1PP2P2/PKP1Q1P1/3R3R w - - 0 22,f3e4,-362,-386,24
rnbqkbnr/pp1ppppp/8/2p5/8/2N5/PPPPPPPP/R1BQKBNR w KQkq - 0 2,d2d3,20,-33,-53
rnbqkbnr/pp1ppp1p/6p1/2p5/8/2NP4/PPP1PPPP/R1BQKBNR w KQkq - 0 3,e2e4,2,-17,-19
rnbqk1nr/pp1pppbp/6p1/2p5/4P3/2NP4/PPP2PPP/R1BQKBNR w KQkq - 1 4,f2f4,-15,-16,1
r1b1k2r/p3qpbp/2npp1p1/2p5/1p2PP2/3P1N2/PPPBQ1PP/2KR1B1R w kq - 0 14,d3d4,-130,-102,-28
r5k1/p2r1p1p/3pp1p1/2p5/1p1bPP2/8/PPPB2PP/2KR3R w - - 0 21,c2c3,-145,-164,19
r5k1/p2r1p1p/3pp1p1/2p5/4PP2/2b5/PP4PP/2KR3R w - - 0 23,b2c3,-198,-211,13
3r2k1/p2r1p1p/4p1p1/2pp4/4PP2/2P5/P1K3PP/3R3R w - - 0 25,e4e5,-123,-172,49
3r2k1/p2r1p1p/4p1p1/2p1P3/3p1P2/2P5/P1K3PP/3R3R w - - 0 26,c3c4,-132,-223,91
8/pr2kp1p/4p1p1/2p1P3/2PpKP2/8/P1R3PP/8 w - - 8 33,g2g4,-309,-307,-2
8/pr2k2p/4ppp1/2p1P3/2PpKPP1/8/P1R4P/8 w - - 0 34,e5f6,-253,-264,11
8/pr5p/4pkp1/2p5/2PpKPP1/8/P1R4P/8 w - - 0 35,h2h4,-277,-281,4
8/pr6/4pkpp/2p5/2PpKPPP/8/P1R5/8 w - - 0 36,g4g5,-52,-62,10
8/pr6/4pkp1/2p3p1/2PpKP1P/8/P1R5/8 w - - 0 37,h4g5,-63,-71,8
rnbqkbnr/pppppppp/8/8/8/8/PPPPPPPP/RNBQKBNR w KQkq - 0 1,d2d4,30,15,-15
r1bqkbnr/pppppppp/2n5/8/3P4/8/PPP1PPPP/RNBQKBNR w KQkq - 1 2,e2e3,66,45,-21
r2qkbnr/ppp2ppp/2n1p3/3p4/3P4/3bPN2/PPPB1PPP/RN1QK2R w KQkq - 0 6,c2d3,-1,5,6
r2qk1nr/ppp2ppp/2n1p3/3p4/1b1P4/3PPN2/PP1B1PPP/RN1QK2R w KQkq - 1 7,e3e4,34,-54,-88
r2qk1nr/ppp2ppp/2n1p3/8/3Pp3/3P1N2/PP1K1PPP/RN1Q3R w kq - 0 9,d3e4,-229,-237,8
2kr2nr/pp3p1p/2p1pq2/6p1/4P3/1QN1K3/PP3PPP/7R w - - 0 20,f2f3,-657,-777,120
rnbqkbnr/pppppppp/8/8/8/8/PPPPPPPP/RNBQKBNR w KQkq - 0 1,e2e3,33,13,-20
rnbqkbnr/ppp1pppp/8/3p4/8/4P3/PPPP1PPP/RNBQKBNR w KQkq - 0 2,b2b3,10,-45,-55
rnbqkb1r/ppp2ppp/5n2/3pp3/8/1P2P3/PBPP1PPP/RN1QKBNR w KQkq - 2 4,g2g3,85,-87,-172
r2q1rk1/ppp2ppp/2nb1n2/1N1ppb2/8/1P2P1P1/PBPP1PBP/R2QK1NR w KQ - 7 8,c2c4,-26,-341,315
r2q1rk1/ppp2ppp/2nb1n2/1N2pb2/2p5/1P2P1P1/PB1P1PBP/R2QK1NR w KQ - 0 9,b3c4,-199,-338,139
8/1p3kp1/4n3/p7/6K1/4P1P1/P2P3P/8 w - - 0 38,d2d4,-237,-304,67
8/1p2k1p1/4n3/p7/3P2K1/4P1P1/P6P/8 w - - 1 39,d4d5,-247,-326,79
8/1p1k2p1/8/p2PK3/8/4P1P1/P6P/2n5 w - - 7 43,d5d6,-386,-553,167
8/1p1k2p1/3P4/p3K3/8/4P1P1/n6P/8 w - - 0 44,h2h4,-545,-569,24
8/1p1k2p1/3P4/p3K3/7P/2n1P1P1/8/8 w - - 1 45,g3g4,-548,-523,-25
8/1p1k2p1/3P4/p3K3/6PP/4P3/4n3/8 w - - 1 46,g4g5,-536,-601,65
8/1p1k2p1/3P4/4K1P1/p6P/4P3/4n3/8 w - - 0 47,h4h5,-625,-669,44
8/1p1k2p1/3P4/4K1PP/8/p3P3/4n3/8 w - - 0 48,h5h6,-690,-699,9
8/1p1k4/3P3p/4K1P1/8/p3P3/4n3/8 w - - 0 49,g5h6,-704,-717,13
8/1p1k4/3P3P/4K3/8/4P3/p3n3/8 w - - 0 50,h6h7,-725,-742,17
8/1p1k2KP/3P4/8/5n2/4P3/8/8 w - - 1 54,h7h8q,777,604,-173
8/6K1/2k5/1p6/1Q6/4P3/8/8 w - - 0 58,e3e4,761,880,119
8/3k2K1/8/1p6/1Q2P3/8/8/8 w - - 1 59,e4e5,1051,1071,20
4k3/6K1/8/4P3/1Q6/8/8/8 w - - 1 62,e5e6,10000,10000,0
4k3/6K1/4P3/8/4Q3/8/8/8 w - - 3 64,e6e7,10000,10000,0
8/3kP1K1/8/8/4Q3/8/8/8 w - - 1 65,e7e8q,10000,10000,0
rnbqkbnr/pppppppp/8/8/8/8/PPPPPPPP/RNBQKBNR w KQkq - 0 1,e2e4,33,32,-1
r1bqkb1r/pppp1ppp/2n2n2/4p3/2B1P3/5N2/PPPP1PPP/RNBQK2R w KQkq - 4 4,d2d4,27,-15,-42
r1bqkb1r/ppp2ppp/2n2n2/3pp3/2BPP3/5N2/PPP2PPP/RNBQK2R w KQkq - 0 5,d4e5,119,9,-110
r2qkb1r/pppb1ppp/2n5/1B1pP3/4n3/5N2/PPP2PPP/RNBQK2R w KQkq - 2 7,e5e6,117,-161,-278
rnbqkbnr/pppppppp/8/8/8/8/PPPPPPPP/RNBQKBNR w KQkq - 0 1,c2c4,33,12,-21
rnbqkbnr/ppp1pppp/3p4/8/2P5/8/PP1PPPPP/RNBQKBNR w KQkq - 0 2,e2e4,31,-4,-35
rn1qkb1r/ppp2ppp/3pbn2/4p3/2P1P3/2N2N2/PP1P1PPP/R1BQKB1R w KQkq - 2 5,d2d3,96,15,-81
rn1qk2r/ppp1bppp/3pbn2/4p3/2P1P3/2NP1N2/PP3PPP/R1BQKB1R w KQkq - 1 6,h2h3,82,1,-81
r2qk2r/pp2bppp/2npbn2/2p1p3/2P1P3/2NP1N1P/PP2BPP1/R1BQK2R w KQkq - 2 8,a2a3,-7,-7,0
r3k2r/pp2bppp/1q1pb3/2pn4/2PpP3/P2P3P/1P1BBPP1/1R1QK2R w Kkq - 0 13,e4d5,88,89,1
2krr3/pp1b3p/1q1p2p1/2pP2b1/2Pp1p2/P2P1B1P/1P1B1PP1/1R1Q1RK1 w - - 0 20,a3a4,247,76,-171
2krr3/pp1b3p/1q1p2pb/2pP4/P1Pp1p2/3P1B1P/1P1B1PP1/1R1Q1RK1 w - - 1 21,a4a5,324,331,7
2krr3/ppq4p/3p2pb/P1pP1b2/2Pp1p2/3P1B1P/1PQB1PP1/1R3RK1 w - - 3 23,b2b4,293,298,5
2krr3/ppq4p/3p3b/P1pP1bp1/1PPp1p2/3P1B1P/2QB1PP1/1R3RK1 w - - 0 24,b4b5,357,42,-315
2krr3/p1q4p/1p1p3b/PPpP1bp1/2Pp1p2/3P1B1P/2QB1PP1/1R3RK1 w - - 0 25,a5b6,286,213,-73
rnbqkbnr/pppppppp/8/8/8/8/PPPPPPPP/RNBQKBNR w KQkq - 0 1,d2d4,28,18,-10
rnbqkbnr/ppp1pppp/8/3p4/3P4/8/PPP1PPPP/RNBQKBNR w KQkq - 0 2,c2c4,18,21,3
rn1qkbnr/ppp1pppp/8/5b2/2pP1B2/8/PP2PPPP/RN1QKBNR w KQkq - 0 4,e2e3,36,22,-14
rnbqkbnr/pppppppp/8/8/8/8/PPPPPPPP/RNBQKBNR w KQkq - 0 1,e2e4,33,27,-6
r1bqkbnr/pp2pppp/2np4/1Bp5/4P3/5N2/PPPP1PPP/RNBQK2R w KQkq - 0 4,c2c3,55,24,-31
r2qkbnr/pp1bpppp/2np4/1Bp5/4P3/2P2N2/PP1P1PPP/RNBQK2R w KQkq - 1 5,d2d4,62,68,6
r2qkbnr/pp1bpppp/2np4/1B6/3pP3/2P2N2/PP3PPP/RNBQK2R w KQkq - 0 6,c3d4,97,87,-10
2r1kbnr/pp1bpppp/2np4/qB6/3PP3/2N2N2/PP3PPP/R1BQK2R w KQk - 3 8,d4d5,180,64,-116
6k1/3nppbp/3p2p1/q2P4/4P3/1Q2B3/PP3PPP/6K1 w - - 2 25,h2h3,-252,-285,33
1Q6/4ppkp/3p2p1/q1nPb3/4P3/4B2P/PP3PP1/5K2 w - - 5 28,a2a3,-415,-461,46
1Q6/4ppkp/3p2p1/q2Pb3/4P3/P2nB2P/1P3PP1/5K2 w - - 1 29,b2b4,-431,-659,228
rnbqkbnr/pppppppp/8/8/8/8/PPPPPPPP/RNBQKBNR w KQkq - 0 1,e2e4,28,26,-2
rnbqkbnr/pppp1ppp/4p3/8/4P3/8/PPPP1PPP/RNBQKBNR w KQkq - 0 2,d2d4,43,44,1
rnbqkbnr/ppp2ppp/4p3/3p4/3PP3/8/PPP2PPP/RNBQKBNR w KQkq - 0 3,e4e5,34,28,-6
rnbqkbnr/pp3ppp/4p3/2ppP3/3P4/8/PPP2PPP/RNBQKBNR w KQkq - 0 4,c2c3,24,35,11
rnbqkb1r/pp2nppp/4p3/2ppP3/3P4/2P5/PP3PPP/RNBQKBNR w KQkq - 1 5,f2f4,41,-7,-48
r2qkb1r/pp2nppp/2b1p3/3pP3/3p1P2/2P2N2/PP4PP/RNBQK2R w KQkq - 0 9,c3d4,-26,-75,49
r2q1rk1/pp3ppp/2b1p3/3pPn2/1b1P1P2/2N2N2/PP4PP/R1BQ1RK1 w - - 5 12,g2g4,-11,-25,14
r2q1rk1/pp3ppp/2b1p3/3pP3/1b1P1PPn/2N2N2/PP5P/R1BQ1RK1 w - - 1 13,a2a3,-18,-19,1
r2q1rk1/pp3ppp/2b1p3/3pP3/3P1PP1/P1b2Q2/1P5P/R1B2RK1 w - - 0 15,b2c3,-3,10,13
2rq1rk1/pp3ppp/4p3/3pP3/2bP1PP1/P1P2Q2/3B1R1P/R5K1 w - - 5 18,f4f5,91,99,8
2rq1rk1/1p3ppp/4p3/p2pPP2/2bP2P1/P1P2Q2/3B1R1P/R5K1 w - - 0 19,g4g5,313,-12,-325
2rq1rk1/5ppp/4p3/pp1pPPP1/2bP4/P1P2Q2/3B1R1P/R5K1 w - - 0 20,h2h4,193,24,-169
2r2rk1/4qppp/8/pp1pPQP1/2bP3P/P1P5/3B1R2/R5K1 w - - 1 22,h4h5,52,54,2
5rk1/4qppp/2r5/pp1pPQPP/2bP4/P1P5/3B1R2/R5K1 w - - 1 23,h5h6,63,0,-63
5rk1/4qp1p/2r4p/pp1pPQP1/2bP4/P1P5/3B1R2/R5K1 w - - 0 24,g5h6,10,0,-10
5rk1/8/5ppP/pp1pP3/3P4/P1Pb4/2qB1Q2/6RK w - - 0 32,e5e6,-23,-76,53
5rk1/8/4PppP/pp1p1b2/3P4/P1P5/2qB1Q1K/6R1 w - - 3 34,e6e7,-99,-116,17
rnbqkbnr/pppppppp/8/8/8/8/PPPPPPPP/RNBQKBNR w KQkq - 0 1,e2e4,26,26,0
rnbqkbnr/pp2pppp/2p5/3p4/4P3/5N2/PPPP1PPP/RNBQKB1R w KQkq - 0 3,e4d5,25,16,-9
rnbqkbnr/pp2pppp/8/3p4/8/5N2/PPPP1PPP/RNBQKB1R w KQkq - 0 4,d2d4,27,26,-1
r2q1rk1/5pp1/p2bpn1p/1p1pNb2/7B/1nN5/PPP2PPP/3RQRK1 w - - 0 15,c2b3,-299,-317,18
rnbqkbnr/pppppppp/8/8/8/8/PPPPPPPP/RNBQKBNR w KQkq - 0 1,d2d4,28,20,-8
rnbqkbnr/ppp1pppp/3p4/8/3P4/8/PPP1PPPP/RNBQKBNR w KQkq - 0 2,e2e4,52,42,-10
r1bqkbnr/pp1n1ppp/2pp4/4p3/2BPP3/8/PPP2PPP/RNBQK1NR w KQkq - 0 5,d4d5,7,-52,-59
r1bqkb1r/1p1n1pp1/p2p1n1p/2pPp3/2B1P2B/5Q2/PPP2PPP/RN2K1NR w KQkq - 0 9,a2a4,-31,-48,17
r1b1kb1r/1p1n1pp1/pq1p1n1p/2pPp3/P1B1P2B/5Q2/1PP2PPP/RN2K1NR w KQkq - 1 10,b2b3,2,4,2
r1b1k2r/5pp1/p2p3p/qppPp1b1/P7/1P3Nn1/2PNBPPP/3RK2R w Kkq - 0 18,f2g3,-719,-766,47
r3k2r/5pp1/p2p3p/q1pPpb2/p7/1P2b1P1/2PNB1PP/3RK2R w Kkq - 0 21,b3a4,-907,-1084,177
rnbqkbnr/pppppppp/8/8/8/8/PPPPPPPP/RNBQKBNR w KQkq - 0 1,e2e4,29,32,3
rnbqk1nr/pp1p1pbp/4p1p1/2p5/2B1P3/5N2/PPPP1PPP/RNBQ1RK1 w kq - 0 5,d2d4,47,55,8
rnbqk2r/pp1pnpbp/4p1p1/2p5/2BPP3/5N2/PPP2PPP/RNBQ1RK1 w kq - 1 6,d4d5,189,90,-99
rnbqk2r/pp1pnpbp/6p1/2pp4/2B1P3/5N2/PPP2PPP/RNBQ1RK1 w kq - 0 7,e4d5,84,72,-12
rnbq1rk1/pp4bp/3p1p2/2pP1np1/2B5/5NB1/PPP2PPP/RN1QR1K1 w - - 2 12,h2h4,18,-239,-257
rnbq1rk1/pp4bp/3p1p2/2pP2p1/2B4P/5Nn1/PPP2PP1/RN1QR1K1 w - - 0 13,f2g3,-212,-222,10
r1bq1rk1/pp4b1/3p2Qp/2pPp1p1/2B4P/5NP1/PPP3P1/RN4K1 w - - 0 17,h4g5,-38,-330,292
r2q1rk1/pp4b1/3p3p/2pP1bPQ/2B1p3/5NP1/PPP3P1/RN4K1 w - - 0 19,g5h6,-357,-352,-5
r2q1rk1/pp4b1/3p3P/2pP1b1Q/2B5/5pP1/PPP3P1/RN4K1 w - - 0 20,h6g7,-315,-301,-14
rnbqkbnr/pppppppp/8/8/8/8/PPPPPPPP/RNBQKBNR w KQkq - 0 1,d2d4,32,19,-13
rnbqkbnr/pppp1ppp/8/4p3/3P4/8/PPP1PPPP/RNBQKBNR w KQkq - 0 2,c2c4,123,-13,-136
r1bqk2r/ppp1bppp/2np1n2/8/2P5/2N2N2/PP2PPPP/R1BQKB1R w KQkq - 4 7,a2a3,13,-12,-25
r2q1rk1/ppp1bppp/2np1n2/5bB1/2P5/P1N2N2/1P2PPPP/R2QKB1R w KQ - 3 9,e2e3,-12,-19,7
r2q1rk1/ppp1bppp/2n2n2/3p1bB1/2P5/P1N1PN2/1P3PPP/R2QKB1R w KQ - 0 10,c4d5,182,181,-1
rnbqkbnr/pppppppp/8/8/8/8/PPPPPPPP/RNBQKBNR w KQkq - 0 1,e2e4,29,28,-1
rnbqkbnr/ppp1pppp/8/3p4/4P3/8/PPPP1PPP/RNBQKBNR w KQkq - 0 2,e4e5,60,-8,-68
rnbqkbnr/ppp1pppp/8/4P3/3p4/8/PPPP1PPP/RNBQKBNR w KQkq - 0 3,d2d3,4,3,-1
rnb1kbnr/ppp1ppp1/7p/3qP3/3p4/3P1N2/PPP2PPP/RNBQKB1R w KQkq - 0 5,c2c3,86,29,-57
rnb1kbnr/ppp1ppp1/2q4p/4P3/8/2NP1N2/PP3PPP/R1BQKB1R w KQkq - 1 7,d3d4,251,253,2
rnbqkbnr/pppppppp/8/8/8/8/PPPPPPPP/RNBQKBNR w KQkq - 0 1,e2e4,36,32,-4
rnbqkbnr/pp1ppppp/8/2p5/4P3/8/PPPP1PPP/RNBQKBNR w KQkq - 0 2,c2c3,35,25,-10
rnbqkbnr/pp1ppp1p/6p1/2p5/4P3/2P5/PP1P1PPP/RNBQKBNR w KQkq - 0 3,d2d4,40,47,7
rnbqkbnr/pp1ppp1p/6p1/8/3pP3/2P5/PP3PPP/RNBQKBNR w KQkq - 0 4,c3d4,63,63,0
rn1qk2r/1b2npbp/p3p1p1/1p1p4/3PP3/1BN1BN2/PP3PPP/R2Q1RK1 w kq - 0 11,e4e5,128,130,2
r2q1rk1/3nnpbp/4p1p1/pQ1pP3/1p1P4/4BN2/PP2NPPP/R4RK1 w - - 1 17,a2a3,69,-7,-76
r2q1rk1/3n1pbp/4p1p1/pQ1pPn2/1p1P4/P3BN2/1P2NPPP/R4RK1 w - - 1 18,a3b4,89,71,-18
r2q1rk1/3n1pbp/4p1p1/pQ1pP3/1P1P4/4nN2/1P2NPPP/R4RK1 w - - 0 19,f2e3,83,59,-24
r2q1rk1/5pbp/1n2p1p1/pQ1pP3/1P1P4/4PN2/1P2N1PP/R4RK1 w - - 1 20,b4a5,137,131,-6
r2q1rk1/5pbp/4p1p1/PQ1pP3/2nP4/4PN2/1P2N1PP/R4RK1 w - - 1 21,a5a6,120,127,7
rnbqkbnr/pppppppp/8/8/8/8/PPPPPPPP/RNBQKBNR w KQkq - 0 1,e2e4,28,26,-2
r1bqkbnr/pppppppp/2n5/8/4P3/8/PPPP1PPP/RNBQKBNR w KQkq - 1 2,d2d4,46,46,0
r1bqkbnr/pppp1ppp/2n5/4p3/3PP3/8/PPP2PPP/RNBQKBNR w KQkq - 0 3,d4d5,67,79,12
r1bqk1nr/pppp1ppp/6n1/3Pp3/1b2P3/2NB4/PPP2PPP/R1BQK1NR w KQkq - 5 6,a2a3,66,23,-43
r1bqk1nr/pppp1ppp/6n1/3Pp3/4P3/P1bB4/1PP2PPP/R1BQK1NR w KQkq - 0 7,b2c3,23,20,-3
r1bqk2r/ppp2ppp/3p1nn1/3Pp3/4P3/P1PBB3/2P2PPP/R2QK1NR w KQkq - 2 9,c3c4,13,-49,-62
r3k2r/pppq1ppp/3p4/3Pp2n/2P1PBb1/P4N2/2P1BPPP/R2Q1RK1 w kq - 1 14,h2h3,569,134,-435
rnbqkbnr/pppppppp/8/8/8/8/PPPPPPPP/RNBQKBNR w KQkq - 0 1,e2e4,29,22,-7
rnbqkbnr/pppp1ppp/8/4p3/4P3/8/PPPP1PPP/RNBQKBNR w KQkq - 0 2,d2d4,30,-10,-40
r1b2rk1/1pppbpp1/p1n3qp/8/4P3/2B1Q3/PPP2PPP/3RKBNR w K - 6 11,g2g3,5,-128,-133
r1b2rk1/1ppp1pp1/p1n3qp/8/4P3/2bBQ1P1/PPP2P1P/3RK1NR w K - 0 13,b2c3,-90,-88,-2
r1b2rk1/1pp2pp1/p1np1q1p/8/2B1P3/2P1Q1P1/P1P2P1P/3RK1NR w K - 0 15,f2f3,-148,-177,29
2r3k1/5pp1/p6p/8/2p1P3/2Rb1PP1/P6P/4K3 w - - 6 38,e4e5,-516,-515,-1
6k1/5pp1/p6p/2r1P3/2p5/2Rb1PP1/P6P/4K3 w - - 1 39,f3f4,-512,-526,14
8/5p2/p5kp/2r1P1p1/2p2P2/2Rb1KP1/P6P/8 w - - 4 42,f4g5,-492,-545,53
8/5p2/p5k1/2r1P1p1/2p5/2Rb1KP1/P6P/8 w - - 0 43,g3g4,-559,-582,23
8/5p2/p5k1/4r1p1/2p3P1/2Rb1K2/P6P/8 w - - 0 44,a2a3,-593,-614,21
8/8/p4pk1/4r1p1/2p3P1/P1Rb1K2/7P/8 w - - 0 45,h2h3,-609,-643,34
8/8/p5k1/4rpp1/2p3P1/P1Rb1K1P/8/8 w - - 0 46,g4f5,-648,-664,16
rnbqkbnr/pppppppp/8/8/8/8/PPPPPPPP/RNBQKBNR w KQkq - 0 1,e2e4,30,31,1
r1bqkbnr/pp2pppp/2np4/2p5/4P3/2N2N2/PPPP1PPP/R1BQKB1R w KQkq - 2 4,d2d4,44,58,14
r1bq1rk1/1p2ppbp/3p2p1/p7/1n1NP1n1/1BN1B3/PPP1QPPP/2KR3R w - - 0 12,h2h3,70,-215,-285
r2q1rk1/1p1bppbp/3p2p1/p7/1n1NP3/1BN1Q2P/PPP2PP1/2KR3R w - - 1 14,a2a3,25,-22,-47
r2q1rk1/1p2ppbp/2bp2p1/p7/4P3/PBN1Q2P/1PP2PP1/2KR3R w - - 0 16,f2f4,-29,-141,112
rnbqkbnr/pppppppp/8/8/8/8/PPPPPPPP/RNBQKBNR w KQkq - 0 1,d2d4,27,18,-9
rnbqkbnr/p1pppppp/1p6/8/3P4/8/PPP1PPPP/RNBQKBNR w KQkq - 0 2,e2e3,90,14,-76
rn1qkbnr/1bpppp1p/pp4p1/8/3P4/3BPN2/PPP2PPP/RNBQK2R w KQkq - 0 5,e3e4,88,75,-13
rn1qkbnr/1b1ppp1p/ppp3p1/8/3PP3/3B1N2/PPP2PPP/RNBQK2R w KQkq - 0 6,d4d5,145,29,-116
rn1qkbnr/1b1ppp1p/p1p3p1/1p1P4/4P3/3B1N2/PPP2PPP/RNBQK2R w KQkq - 0 7,d5c6,98,-1,-99
rn1qkbnr/3ppp1p/p1b3p1/1p6/4P3/3B1N2/PPP2PPP/RNBQK2R w KQkq - 0 8,e4e5,57,23,-34
rn1qkbnr/3p3p/p1b1ppp1/1p2P1N1/8/3B4/PPP2PPP/RNBQK2R w KQkq - 0 10,f2f3,131,-418,-549
rn1qkbnr/3p3p/p3p1p1/1p2P1p1/4b3/5P2/PPP3PP/RNBQK2R w KQkq - 0 12,f3e4,-549,-480,-69
rn1qk1nr/3p3p/p2bp1p1/1p2P3/4P1p1/8/PPP3PP/RNB1K2R w KQkq - 0 14,e5d6,-648,-644,-4
rn1qk1nr/3p4/p2Pp1p1/1p6/4PRp1/7p/PPP3PP/RNB1K3 w Qkq - 0 17,g2h3,-653,-715,62
rn1qk1nr/3p4/p2Pp1p1/1p6/4PR2/6pP/PPP4P/RNB1K3 w Qkq - 0 18,h2g3,-623,-654,31
rnbqkbnr/pppppppp/8/8/8/8/PPPPPPPP/RNBQKBNR w KQkq - 0 1,b2b3,29,-23,-52
rnbqkbnr/ppp2ppp/8/3pp3/8/1P6/PBPPPPPP/RN1QKBNR w KQkq - 0 3,a2a4,88,-92,-180
rnbqkbnr/ppp3pp/8/3ppp2/P7/1P6/1BPPPPPP/RN1QKBNR w KQkq - 0 4,a4a5,88,-78,-166
rnbqkbnr/pp4pp/8/P1pppp2/8/1P6/1BPPPPPP/RN1QKBNR w KQkq - 0 5,a5a6,81,-51,-132
rnbqkbnr/p5pp/p7/2pppp2/8/1P6/1BPPPPPP/RN1QKBNR w KQkq - 0 6,e2e3,129,-18,-147
rnbqkbnr/p5pp/p7/2p1pp2/3p4/1P2P3/1BPP1PPP/RN1QKBNR w KQkq - 0 7,e3d4,72,77,5
rnbqkbnr/p5pp/p7/5p2/4p3/1P1p4/1BPP1PPP/RN1QKBNR w KQkq - 0 10,c2d3,103,117,14
rn5B/p6p/p7/4Qp2/6k1/1P6/3P1PbP/RN2K1NR w KQ - 0 23,h2h3,10000,10000,0
7B/5Q1p/5n2/p4pk1/8/1P5P/3P1P2/RN2K1NR w KQ - 3 29,h3h4,10000,10000,0
7B/5Q1p/5n2/p4p2/6kP/1P6/3P1P2/RN2K1NR w KQ - 1 30,f2f3,10000,10000,0
rnbqkbnr/pppppppp/8/8/8/8/PPPPPPPP/RNBQKBNR w KQkq - 0 1,e2e4,33,32,-1
rnbqkb1r/ppp2pp1/3p1n1p/4p3/2B1P3/2N2N2/PPPP1PPP/R1BQK2R w KQkq - 0 5,d2d4,53,69,16
rnbqk2r/ppp1bpp1/3p1n1p/4p3/2BPP3/2N2N2/PPP2PPP/R1BQK2R w KQkq - 1 6,d4e5,213,213,0
r2kr3/ppp3p1/5n1p/4n3/4PBb1/1BN5/PPP2PPP/R4RK1 w - - 6 14,f2f3,503,477,-26
rnbqkbnr/pppppppp/8/8/8/8/PPPPPPPP/RNBQKBNR w KQkq - 0 1,d2d4,28,19,-9
rnbqkbnr/ppp1pppp/8/3p4/3P4/8/PPP1PPPP/RNBQKBNR w KQkq - 0 2,c2c4,19,21,2
rnbqkbnr/ppp2ppp/4p3/3p4/2PP4/8/PP2PPPP/RNBQKBNR w KQkq - 0 3,c4c5,21,-47,-68
rnbqkbnr/pp3ppp/2p1p3/2Pp4/3P4/8/PP2PPPP/RNBQKBNR w KQkq - 0 4,b2b4,-27,-72,45
rnbqkbnr/1p3ppp/2p1p3/p1Pp4/1P1P4/8/P3PPPP/RNBQKBNR w KQkq - 0 5,a2a3,-68,-169,101
rnbqkbnr/1p3ppp/2p1p3/2Pp4/1p1P4/P7/4PPPP/RNBQKBNR w KQkq - 0 6,e2e3,-178,-169,-9
r1b1kb1r/q2n1pp1/1pp1pn1p/2Pp4/1B1P4/P3PN2/4BPPP/RN1Q1RK1 w kq - 0 12,c5b6,5,12,7
r1b1k2r/2qn1pp1/2p1p2p/3p4/3P2n1/PRN1PN2/4BPPP/3Q1RK1 w kq - 6 17,g2g3,31,-5,-36
r1b1k2r/2q2p2/2p2n1p/3pp1p1/3P2n1/PRN1P1P1/3QBP1P/4NRK1 w kq - 0 20,d4e5,241,-17,-258
r1b1k2r/5p2/2p2n1p/3p2p1/3q2n1/PRN1P1P1/4BP1P/4NRK1 w kq - 0 22,e3d4,30,35,5
rnbqkbnr/pppppppp/8/8/8/8/PPPPPPPP/RNBQKBNR w KQkq - 0 1,e2e4,34,29,-5
rnbqkbnr/pp1ppppp/8/2p5/4P3/8/PPPP1PPP/RNBQKBNR w KQkq - 0 2,f2f4,33,-15,-48
rnbqkbnr/pp2pppp/8/2pp4/4PP2/8/PPPP2PP/RNBQKBNR w KQkq - 0 3,e4d5,25,25,0
rnbqkbnr/pp2pppp/8/2p5/5P2/2N5/PPPP2PP/R1BQKBNR w KQkq - 2 5,d2d3,25,-16,-41
r2qkb1r/p2b1ppp/1pn1pn2/2p5/5P2/2NPB3/PPPQB1PP/2KR2NR w kq - 4 10,d3d4,96,-6,-102
6r1/4kp1p/pb2pn2/1p4p1/5P2/8/PPP1N1PP/2KN3R w - - 0 22,f4f5,-162,-267,105
6r1/3nkp1p/pb6/1p2pPp1/8/8/PPP1N1PP/2KNR3 w - - 2 24,g2g4,-4,-77,73
6r1/3nk2p/pb3p2/1p2pPp1/6P1/8/PPP1N2P/2KNR3 w - - 0 25,h2h3,45,1,-44
5r2/8/p2k3p/1pn1pPpN/6Pb/7P/PPP1R3/1K6 w - - 5 33,b2b3,-334,-377,43
5r2/6N1/p6p/1pn1kPp1/4p1Pb/1P5P/P1PR4/1K6 w - - 4 36,b3b4,-463,-548,85
5r2/6N1/7p/ppn1kPp1/1b2p1P1/7P/PKP1R3/8 w - - 0 39,a2a3,-545,-586,41
rnbqkbnr/pppppppp/8/8/8/8/PPPPPPPP/RNBQKBNR w KQkq - 0 1,e2e4,32,32,0
rnbqkbnr/pp3ppp/4p3/2pp4/4P3/5N2/PPPPBPPP/RNBQK2R w KQkq - 0 4,e4d5,20,17,-3
rnbqkbnr/pp3ppp/8/2pp4/8/5N2/PPPPBPPP/RNBQK2R w KQkq - 0 5,d2d4,15,7,-8
rnbqkb1r/pp3ppp/5n2/2pp4/3P4/5N2/PPP1BPPP/RNBQK2R w KQkq - 1 6,d4c5,5,-25,-30
rnbqk2r/pp2bppp/5n2/3p4/8/5N2/PPP1BPPP/RNBQ1RK1 w kq - 2 8,h2h3,25,5,-20
r1bq1rk1/pp2bppp/2n2n2/3p4/5B2/5N1P/PPP1BPP1/RN1Q1RK1 w - - 3 10,c2c3,0,0,0
r4rk1/pp3ppp/3q2b1/3p3n/3n4/2PB1N1P/PP3PP1/R2Q1RK1 w - - 0 16,c3d4,27,-20,-47
r4rk1/pp4pp/5p2/6q1/3PQn2/4N2P/PP3PP1/3R1RK1 w - - 1 24,d4d5,276,-44,-320
r4rk1/pp4pp/5p2/3P2q1/4Qn2/4N3/PP3PPK/3R1R2 w - - 2 26,g2g3,113,7,-106
r4rk1/pp4pp/8/3P1p2/7q/4N1Pn/PP3PK1/3R1R2 w - - 0 30,g3h4,58,68,10
r4rk1/pp5p/6p1/3P1p1n/7P/4NK2/PP3P2/3R2R1 w - - 0 33,d5d6,20,15,-5
r4rk1/pp5p/3P1np1/5p2/7P/4NK2/PP3P2/3R2R1 w - - 1 34,d6d7,43,-38,-81
rnbqkbnr/pppppppp/8/8/8/8/PPPPPPPP/RNBQKBNR w KQkq - 0 1,e2e4,34,33,-1
r1bqkb1r/pppp1ppp/2n2n2/4p3/2B1P3/5N2/PPPP1PPP/RNBQK2R w KQkq - 4 4,d2d3,21,18,-3
r1bqk2r/ppp1bppp/2np1n2/4p1B1/2B1P3/3P1N2/PPP2PPP/RN1QK2R w KQkq - 2 6,c2c3,5,-7,-12
r2qk2r/ppp1bppp/2np1n2/4p1B1/2B1P1b1/2PP1N2/PP3PPP/RN1QK2R w KQkq - 1 7,h2h3,30,36,6
1r4k1/p1pqb1p1/2n1pr1p/4p3/3pP3/2PP1N1P/PPQN1PP1/R4RK1 w - - 0 16,c3c4,182,107,-75
1r4k1/p1p1b1p1/2n1prqp/4p3/2PpP3/3P1N1P/PPQN1PP1/R3R1K1 w - - 3 18,b2b3,178,-55,-233
5rk1/p1p3p1/2n1pr1p/4p1q1/2PpP2N/1PbP3P/P2N1PP1/2RQR1K1 w - - 7 22,g2g3,-82,-575,493
rnbqkbnr/pppppppp/8/8/8/8/PPPPPPPP/RNBQKBNR w KQkq - 0 1,e2e4,30,32,2
rnbqkbnr/ppp1pppp/8/3p4/4P3/8/PPPP1PPP/RNBQKBNR w KQkq - 0 2,e4e5,63,-15,-78
rnbqkbnr/ppp2ppp/4p3/3pP3/8/8/PPPP1PPP/RNBQKBNR w KQkq - 0 3,d2d4,31,23,-8
rnbq1rk1/pp2b1pp/4p1p1/2ppP3/3P4/2N2N2/PPP2PPP/R1BQ1RK1 w - - 0 10,d4c5,-16,-20,4
rnb2rk1/pp4pp/1q2p1p1/2bpP1B1/8/2N2N2/PPP2PPP/R2Q1RK1 w - - 2 12,a2a3,48,-25,-73
r1b3k1/5qpp/1pnBp1p1/p2pP2r/7N/P2Q4/2P2PPP/4RRK1 w - - 2 22,g2g3,-199,-268,69
rnbqkbnr/pppppppp/8/8/8/8/PPPPPPPP/RNBQKBNR w KQkq - 0 1,e2e4,34,31,-3
rnbqkbnr/pp1ppppp/8/2p5/4P3/8/PPPP1PPP/RNBQKBNR w KQkq - 0 2,d2d4,32,-6,-38
rnbqkbnr/pp1ppppp/8/8/3pP3/8/PPP2PPP/RNBQKBNR w KQkq - 0 3,c2c3,-1,-41,40
r1bq1rk1/pp2ppbp/2np1np1/8/2B1PB2/2N2N2/PP3PPP/2RQ1RK1 w - - 8 10,a2a3,-46,-69,23
r1bq1rk1/1p2ppbp/p1np1np1/8/2B1PB2/P1N2N2/1P3PPP/2RQ1RK1 w - - 0 11,b2b4,-41,-103,62
rnbqkbnr/pppppppp/8/8/8/8/PPPPPPPP/RNBQKBNR w KQkq - 0 1,d2d4,33,19,-14
rnbqkbnr/p1pppppp/1p6/8/3P4/8/PPP1PPPP/RNBQKBNR w KQkq - 0 2,e2e4,97,96,-1
rn1qkbnr/pbpppppp/1p6/8/3PP3/8/PPP2PPP/RNBQKBNR w KQkq - 1 3,c2c4,90,-17,-107
rn1qkbnr/1bpppppp/pp6/8/2PPP3/8/PP3PPP/RNBQKBNR w KQkq - 0 4,f2f4,103,-22,-125
rn1qkbnr/1bpp1ppp/pp2p3/8/2PPPP2/8/PP4PP/RNBQKBNR w KQkq - 0 5,d4d5,40,21,-19
rn1qkbnr/1bpp1ppp/pp6/3p4/2P1PP2/8/PP4PP/RNBQKBNR w KQkq - 0 6,e4d5,54,-2,-56
rn2kbnr/1bppqp1p/pp4p1/3P4/2P2P2/8/PP2Q1PP/RNB1KBNR w KQkq - 2 8,f4f5,22,-30,-52
rn1k2nr/1b1pbp1p/ppp5/3P1B2/2P5/8/PP4PP/RNB1K1NR w KQ - 0 12,d5c6,113,54,-59
rn1k2nr/1b1pbp1p/pp6/8/2P2B2/8/PP5P/RN2KR2 w Q - 2 17,h2h3,-574,-708,134
rn1k2nr/1b1p1p1p/pp3b2/8/2P2B2/7P/PP6/RN2KR2 w Q - 1 18,h3h4,-571,-801,230
rn1k2nr/3p1p1p/b7/pp6/2P2B1P/8/P3K3/2R5 w - - 0 24,c4b5,-789,-827,38
rnbqkbnr/p1pppppp/1p6/8/8/5N2/PPPPPPPP/RNBQKB1R w KQkq - 0 2,d2d4,57,26,-31
rn1qkbnr/pbpppppp/1p6/8/3P4/5N2/PPP1PPPP/RNBQKB1R w KQkq - 1 3,c2c4,26,27,1
rn1qk1nr/pbppppbp/1p4p1/8/2PP4/2N2N2/PP2PPPP/R1BQKB1R w KQkq - 2 5,e2e4,101,95,-6
rn1qk1nr/pbpp1pbp/1p2p1p1/8/2PPP3/2N2N2/PP3PPP/R1BQKB1R w KQkq - 0 6,d4d5,107,80,-27
rn1qk2r/pbppnpbp/1p4p1/3p4/2P1P3/2NB1N2/PP3PPP/R1BQK2R w KQkq - 0 8,e4d5,123,110,-13
rn1qk2r/p2pnpbp/1p4p1/3b4/2P5/2N2N2/PP3PPP/R1BQK2R w KQkq - 0 11,c4d5,58,57,-1
r2q1rk1/p2nnpbp/1p1p2p1/3P4/8/2N2N2/PP3PPP/R1BQR1K1 w - - 4 14,a2a3,66,13,-53
r2q1rk1/p2nnp1p/1p1p2p1/3P4/8/P1b2N2/1P3PPP/1RBQR1K1 w - - 0 16,b2c3,59,61,2
2rq1rk1/p2nnp1p/1p1p2p1/3P4/8/P1P2N2/5PPP/1RBQR1K1 w - - 1 17,c3c4,71,45,-26
4q1k1/p4p1p/1p1p2p1/2nP1nN1/2P2B2/P7/2Q2PPP/6K1 w - - 0 24,g2g3,2,-78,-80
4q3/p4kn1/1p4p1/3P2p1/2P1n3/P5P1/1Q3P1P/6K1 w - - 0 32,f2f3,-493,-548,55
rnbqkbnr/pppppppp/8/8/8/8/PPPPPPPP/RNBQKBNR w KQkq - 0 1,e2e4,33,30,-3
rnbqkbnr/pppp1p1p/4p1p1/8/4P3/5N2/PPPP1PPP/RNBQKB1R w KQkq - 0 3,d2d4,91,93,2
rnbq1rk1/ppppn1bp/4ppp1/8/2BPP3/2N2N2/PPP2PPP/R1BQ1RK1 w - - 0 7,e4e5,139,31,-108
rnb2rk1/pp1pq1b1/2p1p2p/4Ppp1/2BP4/2N4N/PPPQ1PPP/R4RK1 w - - 0 13,f2f4,48,45,-3
rnb2rk1/pp2q1b1/2ppp2p/4Pp2/2BP1Pp1/2N5/PPPQ1NPP/R4RK1 w - - 0 15,h2h3,88,58,-30
rnb2rk1/pp2q1b1/2ppp2p/4Pp2/2BP1P2/2N4p/PPPQ1NP1/R4RK1 w - - 0 16,g2h3,66,-3,-69
2r3rk/pp1bq1b1/3Np1Rp/3pP2B/3QpP2/7P/PPP4K/6R1 w - - 4 27,c2c3,361,189,-172
8/p2b4/1p2prk1/3pP2p/4p1BK/2P4P/PP6/8 w - - 0 38,e5f6,-228,-657,429
8/p2b4/1p4K1/3pk3/4p3/2P4P/PP6/8 w - - 2 42,h3h4,-694,-769,75
8/p7/1p4K1/3pk3/4p2P/2P4b/PP6/8 w - - 1 43,h4h5,-684,-778,94
8/p7/1p4K1/3pk2P/4p1b1/2P5/PP6/8 w - - 1 44,h5h6,-675,-775,100
8/p5K1/1p5P/3p4/5k2/2P1p3/PP6/8 w - - 0 48,h6h7,4,1,-3
8/p5KP/1p6/3p4/5k2/2P5/PP2p3/8 w - - 0 49,h7h8q,0,-1,-1
rnbqkbnr/pppppppp/8/8/8/8/PPPPPPPP/RNBQKBNR w KQkq - 0 1,e2e4,28,32,4
rnbqkbnr/pppp1ppp/4p3/8/4P3/8/PPPP1PPP/RNBQKBNR w KQkq - 0 2,d2d4,26,22,-4
rnbqkbnr/ppp2ppp/4p3/3p4/3PP3/8/PPP2PPP/RNBQKBNR w KQkq - 0 3,e4e5,28,21,-7
rnbqkbnr/pp3ppp/4p3/2ppP3/3P4/8/PPP2PPP/RNBQKBNR w KQkq - 0 4,c2c3,19,18,-1
r1bqkbnr/pp3ppp/2n1p3/2ppP3/3P4/2P5/PP3PPP/RNBQKBNR w KQkq - 1 5,f2f4,18,-80,-98
r1bqkb1r/pp2nppp/2n1p3/2ppP3/3P1P2/2P5/PP4PP/RNBQKBNR w KQkq - 1 6,g2g4,-19,-145,126
r1bqkb1r/pp2nppp/2n1p3/3pP3/3p1PP1/2P5/PP5P/RNBQKBNR w KQkq - 0 7,c3d4,-142,-177,35
2r1k2r/pp1b2pp/1qn1p1p1/3pP3/1b1P1PP1/2N1BN2/PP5P/R2QK2R w KQk - 0 13,a2a3,-92,-141,49
2r1k2r/pp1b2pp/1qn1p1p1/3pP3/3P1PP1/P1b1BN2/1P5P/R2QK2R w KQk - 0 14,b2c3,-131,-148,17
2r2rk1/1pqb2pp/p3p1p1/3pP1N1/2nP1PP1/P1P1B3/4Q2P/2R1K2R w K - 0 19,a3a4,-155,-265,110
rnbqkbnr/pppppppp/8/8/8/8/PPPPPPPP/RNBQKBNR w KQkq - 0 1,e2e4,29,27,-2
r1bqkbnr/pppp1pp1/2n4p/4p3/2B1P3/5N2/PPPP1PPP/RNBQK2R w KQkq - 0 4,d2d4,55,64,9
rnbqkbnr/pppppppp/8/8/8/8/PPPPPPPP/RNBQKBNR w KQkq - 0 1,e2e4,37,31,-6
rnbqkb1r/pppp1ppp/5n2/4p3/4P3/5N2/PPPP1PPP/RNBQKB1R w KQkq - 2 3,d2d4,35,26,-9
rnbqkb1r/ppp2ppp/3p1n2/4p3/3PP3/5N2/PPP2PPP/RNBQKB1R w KQkq - 0 4,d4e5,75,44,-31
rn1q1rk1/ppp2ppp/5n2/4p3/4P1b1/2NBbN2/PPP2PPP/R2Q1RK1 w - - 0 9,f2e3,-66,-71,5
r2q1rk1/ppp2ppp/2n2n2/3bp1N1/4P3/3BP3/PPP3PP/3RQRK1 w - - 0 14,e4d5,173,208,35
r2q1r2/ppp2pk1/5pnp/3Pp3/6Q1/3BP3/PPP3PP/3R1RK1 w - - 2 19,h2h4,273,180,-93
r2q3r/ppp2pk1/5pnp/3Pp3/6QP/3BP3/PPP3P1/3R1RK1 w - - 1 20,h4h5,518,552,34
r6r/ppp1qpk1/5pnp/3Pp2P/6Q1/3BP3/PPP3P1/3R1RK1 w - - 1 21,h5g6,585,553,-32
rnbqkbnr/pppppppp/8/8/8/8/PPPPPPPP/RNBQKBNR w KQkq - 0 1,d2d4,26,22,-4
rnbqkbnr/pp1ppppp/2p5/8/3P4/8/PPP1PPPP/RNBQKBNR w KQkq - 0 2,c2c4,44,21,-23
rn1qkb1r/pp2pppp/2p2n2/6B1/2pP2b1/2N2N2/PP2PPPP/R2QKB1R w KQkq - 4 6,e2e3,40,31,-9
r2qk2r/1p2bpp1/1np1pn1p/p7/3P2bB/2NBPN2/PPQ2PPP/2KR3R w kq - 0 12,a2a3,4,12,8
r2q1rk1/1p2bpp1/1np1pn1p/p7/3P2bB/P1NBPN2/1PQ2PPP/2KR3R w - - 1 13,h2h3,11,0,-11
r2q1rk1/1p2bpp1/1np1pn1p/p6b/3P3B/P1NBPN1P/1PQ2PP1/2KR3R w - - 1 14,g2g4,196,236,40
r5k1/1p2q1p1/1np1p1Qp/p2n4/3PN1P1/P3Pr1P/1P3P2/2KR3R w - - 0 19,h3h4,-319,-355,36
r5k1/1p3rp1/2p1p2p/p2n4/2nPN1PP/P3P3/1P3P2/2KR3R w - - 0 22,g4g5,-380,-412,32
r5k1/1p3rp1/2p1p3/p2n2Pp/2nPN2P/P3P3/1P3P2/2KR3R w - - 0 23,g5g6,-398,-400,2
r5k1/6p1/1pp3P1/3n2Np/p2P3P/Pn2P3/KP3r2/7R w - - 0 31,e3e4,-736,-10000,9264
rnbqkbnr/pppppppp/8/8/8/8/PPPPPPPP/RNBQKBNR w KQkq - 0 1,e2e4,28,28,0
rnbqkbnr/pp2pppp/3p4/2p5/4P3/5N2/PPPP1PPP/RNBQKB1R w KQkq - 0 3,d2d4,40,43,3
r1bqkbnr/p3pppp/p2p4/2p5/3PP3/5N2/PPP2PPP/RNBQK2R w KQkq - 0 5,d4c5,114,138,24
r2qkbnr/pb2pppp/p2p4/2P5/4P3/5N2/PPP2PPP/RNBQK2R w KQkq - 1 6,c5d6,200,212,12
r2qkb1r/pb3ppp/p2p1n2/8/4P3/2N2N2/PPP2PPP/R1BQK2R w KQkq - 2 8,e4e5,223,6,-217
r2qkb1r/pb3ppp/p2p4/4P3/6n1/2N2N2/PPP2PPP/R1BQK2R w KQkq - 1 9,e5d6,181,86,-95
r2qk2r/pb3ppp/p2b4/8/6n1/2N2N2/PPP2PPP/R1BQK2R w KQkq - 0 10,h2h3,79,23,-56
r3k2r/pb2qppp/p2b4/8/8/2N1nN1P/PPP2PP1/R2QK2R w KQkq - 0 12,f2e3,-225,-234,9
rnbqkbnr/pppppppp/8/8/8/8/PPPPPPPP/RNBQKBNR w KQkq - 0 1,d2d4,29,20,-9
rnbqk1nr/ppppbppp/4p3/8/3P4/5N2/PPP1PPPP/RNBQKB1R w KQkq - 2 3,c2c4,87,27,-60
rnbqk1nr/pp2bppp/2p1p3/3p4/2PP4/2N2N2/PP2PPPP/R1BQKB1R w KQkq - 0 5,c4d5,63,11,-52
rnbqk1nr/pp2bppp/4p3/3p4/3P4/2N2N2/PP2PPPP/R1BQKB1R w KQkq - 0 6,e2e3,29,21,-8
r3k2r/1pq2ppp/p1bbpn2/3pN3/3P4/2N1P3/PPQB1PPP/R4RK1 w kq - 4 14,f2f4,0,-28,-28
2r1k2r/1pqnbppp/p3p3/8/Q1pPNP2/4P3/PP1B2PP/R1R3K1 w k - 4 20,b2b3,199,207,8
1qr3k1/1p1nbppp/p3p3/8/Q2PNP2/1P2P3/P2B2PP/R5K1 w - - 0 23,b3b4,325,40,-285
8/2q3pp/p3Qpk1/1pN5/3P1P2/4P3/P5PP/6K1 w - - 1 35,f4f5,627,578,-49
8/2q4p/Q4pp1/1pN2Pk1/3P4/4P3/P5PP/6K1 w - - 0 37,f5g6,931,616,-315
rnbqkbnr/pppppppp/8/8/8/8/PPPPPPPP/RNBQKBNR w KQkq - 0 1,e2e4,28,32,4
rnbqkbnr/pp1ppppp/8/2p5/4P3/8/PPPP1PPP/RNBQKBNR w KQkq - 0 2,d2d4,35,8,-27
rnbqkbnr/pp2pppp/3p4/2p5/3PP3/8/PPP2PPP/RNBQKBNR w KQkq - 0 3,d4c5,147,118,-29
rnb1kb1r/pp3ppp/5n2/2p1p3/4P3/2N1B3/PPP2PPP/2KR1BNR w - - 4 8,f2f4,248,109,-139
r1b1kb1r/pp3ppp/2n2n2/2p1p3/4PP2/2N1B3/PPP3PP/2KR1BNR w - - 1 9,f4e5,281,96,-185
rnbqkbnr/pppppppp/8/8/8/8/PPPPPPPP/RNBQKBNR w KQkq - 0 1,e2e4,32,27,-5
rnbqkbnr/pp3ppp/4p3/2pp4/4P3/5N2/PPPPBPPP/RNBQK2R w KQkq - 0 4,d2d3,16,-20,-36
rnbqkb1r/pp3ppp/4pn2/2pp4/4P3/3P1N2/PPP1BPPP/RNBQK2R w KQkq - 1 5,e4e5,-7,-14,7
rnbqkb1r/pp1n1ppp/4p3/2ppP3/8/3P1N2/PPP1BPPP/RNBQK2R w KQkq - 1 6,d3d4,-14,-66,52
rnbqk2r/pp1nbppp/4p3/2ppP3/3P4/5N2/PPP1BPPP/RNBQK2R w KQkq - 1 7,c2c3,-10,-12,2
r1bq1rk1/pp1nbppp/2n1p3/2ppP3/3P4/2P2N2/PP2BPPP/RNBQ1RK1 w - - 3 9,h2h3,-2,-10,8
r1bq1rk1/pp1nb1pp/2n1pp2/2ppP3/3P4/2P2N1P/PP2BPP1/RNBQ1RK1 w - - 0 10,e5f6,-7,-7,0
r1bq1rk1/pp2b1pp/2n1pn2/2pp4/3P4/2P2N1P/PP2BPP1/RNBQ1RK1 w - - 0 11,d4c5,-3,-42,39
r4rk1/1p4p1/p1nNbn1p/3p2q1/4p3/2P1N3/PP2BPPK/R2Q1R2 w - - 2 23,c3c4,-351,-584,233
r4rk1/1p4p1/p1nNb2p/3n2q1/2Ppp3/8/PP2BPPK/R2Q1R2 w - - 0 25,c4d5,-530,-564,34
r4r1k/1Q4p1/p6p/4n3/4p2q/3p3B/PP3PPK/R4R2 w - - 1 31,g2g3,-418,-447,29
rnbqkbnr/pppppppp/8/8/8/8/PPPPPPPP/RNBQKBNR w KQkq - 0 1,e2e4,29,28,-1
rnbqkbnr/ppp1pppp/8/3p4/4P3/8/PPPP1PPP/RNBQKBNR w KQkq - 0 2,e4e5,61,-14,-75
rnbqkbnr/pp2pppp/8/2ppP3/8/8/PPPP1PPP/RNBQKBNR w KQkq - 0 3,g2g3,-14,-100,86
r1bqkb1r/pp2pppp/2n4n/2ppP3/8/6P1/PPPPQP1P/RNB1KBNR w KQkq - 3 5,d2d4,-108,-252,144
r2qkb1r/pp2pppp/2n4n/2ppP3/3P2b1/6P1/PPP1QP1P/RNB1KBNR w KQkq - 1 6,f2f3,-220,-197,-23
rnbqkbnr/pppppppp/8/8/8/8/PPPPPPPP/RNBQKBNR w KQkq - 0 1,d2d4,30,24,-6
rnbqkbnr/p1pppppp/1p6/8/3P4/8/PPP1PPPP/RNBQKBNR w KQkq - 0 2,e2e4,90,91,1
rn1qkbnr/pbpppppp/1p6/8/3PP3/8/PPP2PPP/RNBQKBNR w KQkq - 1 3,f2f4,91,-90,-181
rn1qkbnr/1bpppppp/pp6/8/3PPP2/8/PPP3PP/RNBQKBNR w KQkq - 0 4,c2c4,90,-26,-116
rn1qkbnr/1bpppppp/p7/1p6/2PPPP2/8/PP4PP/RNBQKBNR w KQkq - 0 5,c4b5,67,-11,-78
rn1qkbnr/1bpppppp/8/1p6/3PPP2/8/PP4PP/RNBQKBNR w KQkq - 0 6,d4d5,3,-95,-98
rn1qkbnr/2pppppp/b7/1p1P4/4PP2/8/PP4PP/RNBQKBNR w KQkq - 1 7,e4e5,60,-5,-65
rn1qkbnr/2pppppp/b7/3PP3/1p3P2/8/PP4PP/RNBQKBNR w KQkq - 0 8,f4f5,13,-82,-95
rn1qkbnr/3ppppp/b1p5/3PPP2/1p6/8/PP4PP/RNBQKBNR w KQkq - 0 9,a2a3,40,-124,-164
rn1qkbnr/3ppppp/2p5/3PPP2/1p6/P7/1P4PP/RNBQKbNR w KQkq - 0 10,a3b4,-132,-492,360
1n1qkbnr/3ppppp/2p5/3PPP2/1P6/8/1P4PP/rNBQKbNR w Kk - 0 11,d5c6,-501,-581,80
rnbqkbnr/pppppppp/8/8/8/8/PPPPPPPP/RNBQKBNR w KQkq - 0 1,e2e4,23,18,-5
r1bqkb1r/pppp1ppp/2n2n2/4p3/2B1P3/5N2/PPPP1PPP/RNBQK2R w KQkq - 4 4,d2d3,26,12,-14
r1bqk2r/ppp1bppp/2np1n2/4p3/2B1P3/2NP1N2/PPP2PPP/R1BQK2R w KQkq - 0 6,h2h3,24,-11,-35
r2qk2r/ppp1b1pp/2nppn2/4p3/4P3/2NP1N1P/PPP2PP1/R1BQK2R w KQkq - 0 8,d3d4,2,-13,-15
5rk1/pppqb1pp/3p1n2/4n3/4P3/2N4P/PPP2PP1/R1BQ1RK1 w - - 2 13,f2f4,433,430,-3
5rk1/pppqb1pp/3p1n2/8/2n1PP2/2N4P/PPP3P1/R1BQ1RK1 w - - 1 14,b2b3,451,435,-16
5rk1/pppqb1pp/1n1p1n2/8/4PP2/1PN4P/P1P3P1/R1BQ1RK1 w - - 1 15,e4e5,429,364,-65
4n1k1/ppp1brpp/1n1pq3/4P3/5P2/BPN2Q1P/P1P3P1/3RR1K1 w - - 9 20,e5d6,694,689,-5
4n1k1/ppp1brpp/1n1P2q1/8/5P2/BPN2Q1P/P1P3P1/3RR1K1 w - - 1 21,d6e7,846,809,-37
7R/ppp1Prp1/1n4kp/8/5P2/BPN2Q1P/P1q3P1/4R1K1 w - - 3 25,e7e8q,10000,10000,0
rnbqkbnr/pppppppp/8/8/8/8/PPPPPPPP/RNBQKBNR w KQkq - 0 1,e2e4,27,30,3
rnbqkbnr/ppp2ppp/4p3/3p4/4P3/5N2/PPPP1PPP/RNBQKB1R w KQkq - 0 3,e4d5,26,19,-7
rnbqkbnr/ppp2ppp/8/3p4/8/5N2/PPPP1PPP/RNBQKB1R w KQkq - 0 4,d2d4,21,15,-6
rnbqkb1r/ppp2ppp/5n2/3p4/3P4/5N2/PPP2PPP/RNBQKB1R w KQkq - 1 5,h2h3,19,9,-10
r7/pp1q1p1k/2p1b2p/3p1pr1/3P1Q2/3B3P/PPP2PP1/R3R1K1 w - - 1 19,g2g3,228,229,1
6r1/1p1q1p1k/p1p1b3/3p1prp/3P1Q2/3B2PP/PPP2P1K/R5R1 w - - 0 22,a2a3,235,213,-22
6r1/3q1p1k/1pp1b3/p2p1prp/3P1Q2/P2B2PP/1PP2P1K/4R1R1 w - - 0 24,b2b3,268,248,-20
6r1/3q1p1k/1p2b3/p1pp1prp/3P1Q2/PP1B2PP/2P2P1K/4R1R1 w - - 0 25,d4c5,245,212,-33
8/3q1pk1/4b1r1/p1ppRprp/5Q2/PP1B2PP/2P2P1K/4R3 w - - 4 28,a3a4,194,206,12
8/5p2/3qbr1k/p1p1Rprp/P2p4/1P1B2PP/2P1QP1K/4R3 w - - 2 41,h3h4,335,101,-234
8/5p1k/3q2r1/1bp1Rp1p/P2p2rP/1P4P1/2P1QP1K/4R3 w - - 0 47,a4b5,200,180,-20
1q4k1/5pr1/8/1PQ1R3/3p2rP/1P4p1/2P2P1K/4R3 w - - 0 52,f2g3,300,397,97
rnbqkbnr/pppppp1p/6p1/8/8/5N2/PPPPPPPP/RNBQKB1R w KQkq - 0 2,d2d4,41,35,-6
rnbqk1nr/ppppppbp/6p1/8/3P4/5N2/PPP1PPPP/RNBQKB1R w KQkq - 1 3,c2c4,65,25,-40
rnbqk1nr/pp1p1pbp/2p1p1p1/8/2PP4/2N2N2/PP2PPPP/R1BQKB1R w KQkq - 0 5,e2e3,179,60,-119
rnbq1rk1/pp2n1bp/2p1p1p1/3p1p2/2PP4/2NBPN2/PPQ2PPP/R1B2RK1 w - - 0 9,c4d5,142,122,-20
rnbq1rk1/pp2n1bp/2p3p1/3p1p2/3P4/2NBPN2/PPQ2PPP/R1B2RK1 w - - 0 10,a2a3,133,89,-44
r1bq1rk1/pp1nn1bp/2p3p1/3p1p2/3P4/P1NBPN2/1PQ2PPP/R1B2RK1 w - - 1 11,b2b3,118,102,-16
r1bq1rk1/pp2n1bp/2p2np1/3p1p2/3P4/PPNBPN2/2Q2PPP/R1B2RK1 w - - 1 12,b3b4,94,77,-17
r4rk1/p5bp/1qp3p1/1p3p2/1P1Pp3/P1Q1P3/3B1PPP/5RK1 w - - 1 21,a3a4,-534,-559,25
3r2k1/p4rbp/2p3p1/1q3p2/pP1Pp3/Q1B1P3/5PPP/1R4K1 w - - 6 25,d4d5,-579,-719,140
3r2k1/p5rp/6p1/1q1p1p2/pP2p3/Q3P3/5PPP/1R4K1 w - - 0 27,h2h3,-626,-635,9
6k1/p1r4p/6p1/3p1p2/RP2p3/2r1P2P/5PPK/8 w - - 1 32,b4b5,-649,-642,-7
6k1/p1r4p/6p1/1r1p1p2/3Rp3/4P2P/5PPK/8 w - - 0 34,g2g3,-710,-735,25
8/p4k1p/6p1/1rrp1p2/3Rp3/4P1PP/5PK1/8 w - - 3 36,h3h4,-731,-768,37
8/p6p/6p1/1rrpkp2/3Rp2P/4P1PK/5P2/8 w - - 3 38,g3g4,-729,-742,13
8/p7/6p1/1rrpkp1p/3Rp1PP/4P2K/5P2/8 w - - 0 39,g4g5,-685,-787,102
8/p7/6p1/1rrpk1Pp/3Rpp1P/4P2K/5P2/8 w - - 0 40,e3f4,-767,-918,151
8/p7/6p1/1r1R2Pp/4pk1P/2r4K/5P2/8 w - - 1 42,f2f3,-10000,-10000,0
rnbqkbnr/pppppppp/8/8/8/8/PPPPPPPP/RNBQKBNR w KQkq - 0 1,e2e4,29,21,-8
rnbqkbnr/pppp1ppp/8/4p3/4P3/8/PPPP1PPP/RNBQKBNR w KQkq - 0 2,d2d4,21,-4,-25
rnbqkbnr/ppp2ppp/8/3pp3/3PP3/8/PPP2PPP/RNBQKBNR w KQkq - 0 3,d4e5,146,147,1
r2k2nr/ppp2ppp/8/4P3/1bBnpBb1/2N5/PPP2PPP/3RK1NR w K - 8 9,f2f3,593,529,-64
3r2nr/ppp2kpp/8/4Pb2/1R2pB2/2N2P2/PPP3PP/4K1NR w K - 1 13,f3e4,700,724,24
rnbqkbnr/pppppppp/8/8/8/8/PPPPPPPP/RNBQKBNR w KQkq - 0 1,e2e4,22,24,2
rnbqkbnr/pp3pp1/2pp3p/4p3/2B1P3/2N2N2/PPPP1PPP/R1BQK2R w KQkq - 0 5,d2d3,67,24,-43
rnbqkbnr/5pp1/2pp3p/pp2p3/4P3/1BNP1N2/PPP2PPP/R1BQK2R w KQkq - 0 7,a2a4,15,14,-1
rnbqkbnr/5pp1/3p3p/p1p1p3/Pp2P3/1B1P1N2/1PP1NPPP/R1BQK2R w KQkq - 0 9,c2c3,39,38,-1
rn1qkb1r/5pp1/3p1n1p/p1p1p3/Pp2P1b1/1BPP1N2/1P3PPP/R1BQK1NR w KQkq - 3 11,c3b4,15,-79,-94
rn1qkb1r/5pp1/3p1n1p/p3p3/Pp2P1b1/1B1P1N2/1P3PPP/R1BQK1NR w KQkq - 0 12,h2h3,53,39,-14
rn1qkb1r/5pp1/3p1n1p/p3p2b/Pp2P3/1B1P1N1P/1P3PP1/R1BQK1NR w KQkq - 1 13,g2g4,124,97,-27
r2qkb1r/5pp1/2np1nbp/p3p3/Pp2P1P1/1B1P3P/1P1N1P2/R1BQK1NR w KQkq - 3 15,h3h4,-3,-97,94
r2qkb1r/5pp1/3p1nbp/p3p3/Pp1nP1PP/1B1P4/1P1N1P2/R1BQK1NR w KQkq - 1 16,h4h5,-56,-50,-6
r2qkb1r/5ppb/3p3p/p3p2P/PpN1P1n1/1Q1P4/1P3P2/R1B1K1NR w KQkq - 0 19,f2f3,-135,-222,87
rnbqkbnr/pppppppp/8/8/8/8/PPPPPPPP/RNBQKBNR w KQkq - 0 1,e2e4,27,25,-2
rnbqkbnr/ppp1pppp/8/3p4/4P3/8/PPPP1PPP/RNBQKBNR w KQkq - 0 2,e4e5,61,-13,-74
r3kbnr/p1q1pppp/2p5/2ppP3/6b1/5N2/PPPP1PPP/RNBQ1RK1 w kq - 2 7,c2c3,5,-109,-114
r3kbnr/p3pppp/2p5/2ppq3/8/2P2Q2/PP1P1PPP/RNB2RK1 w kq - 0 9,d2d3,-137,-142,5
r3kb1r/p3pppp/2p2n2/2pp1q2/5B2/2PP1Q2/PP3PPP/RN3RK1 w kq - 3 11,h2h3,-135,-272,137
r3kb1r/p4ppp/2p1pn2/2pp1q2/5B2/2PP1Q1P/PP3PP1/RN3RK1 w kq - 0 12,g2g4,-144,-169,25
r3kb1r/p4pp1/2p1pnq1/2pp3p/5BP1/2PP2QP/PP3P2/RN3RK1 w kq - 0 14,g4g5,-264,-234,-30
r3k2r/p3bpp1/2p1p1q1/2pp2Pn/7p/2PPB2P/PP3PQ1/RN3RK1 w kq - 4 17,f2f4,-215,-386,171
r2k3r/p4pp1/2p5/3p2P1/2p2BQp/N1Pq3P/PP6/4R1K1 w - - 2 26,g5g6,201,-20,-221
r6r/p2k2p1/2p3p1/3p2B1/2p4p/N1P4P/PP6/4R1K1 w - - 2 29,b2b3,-22,-157,135
8/p7/2p5/3pR3/2pB3p/NPPk1r1P/P7/6K1 w - - 3 38,b3c4,474,484,10
rnbqkbnr/pppppppp/8/8/8/8/PPPPPPPP/RNBQKBNR w KQkq - 0 1,d2d4,33,19,-14
rnbqkbnr/pp1ppppp/2p5/8/3P4/8/PPP1PPPP/RNBQKBNR w KQkq - 0 2,c2c4,38,26,-12
rnbq1rk1/pp2bpp1/2p1pn1p/3p4/2PP4/2N2NB1/PP2PPPP/R2QKB1R w KQ - 2 8,e2e3,15,15,0
r1bq1rk1/pp2bpp1/2p1pn1p/8/3P4/2nBPNB1/PP3PPP/R2Q1RK1 w - - 0 13,b2c3,58,37,-21
r1bq1rk1/pp2b1p1/2p1p2p/3n1p2/3P4/2PBPNB1/P1Q2PPP/R4RK1 w - - 0 15,e3e4,187,175,-12
4rnk1/pp1r2p1/2p1pq1p/8/3P4/2PB2R1/P1Q2PPP/5RK1 w - - 6 31,h2h3,156,132,-24
5nk1/pp1r2p1/2p4p/3qp3/3P4/2P2R1P/P3QPP1/5RK1 w - - 0 36,d4e5,438,418,-20
5nk1/pp4p1/2p4p/4P3/8/2P2R1P/P2r1PP1/5RK1 w - - 0 38,e5e6,434,387,-47
5nk1/pp4p1/2p1P2p/8/8/2P1r2P/P4PP1/5RK1 w - - 0 40,f2e3,385,375,-10
8/pp4p1/2p4p/3k4/8/2PKP2P/P5P1/8 w - - 5 47,e3e4,-176,-215,39
8/pp4p1/2p4p/4k3/4P3/2PK3P/P5P1/8 w - - 1 48,c3c4,-259,-323,64
8/p5p1/1p5p/2p1k3/2P1P3/4K2P/P5P1/8 w - - 0 50,g2g4,-3,-112,109
8/p7/1p4pp/2p1k3/2P1P1P1/4K2P/P7/8 w - - 0 51,h3h4,-16,-6,-10
8/p7/1p5p/2p1k1p1/2P1P1PP/4K3/P7/8 w - - 0 52,h4g5,0,0,0
8/8/p7/1pp1k1p1/2P1P1P1/4K3/P7/8 w - - 0 55,c4b5,-522,-643,121
8/8/8/6p1/2K2kP1/8/P1p5/8 w - - 0 61,a2a4,-800,-949,149
8/8/K7/6p1/P4kP1/q7/8/8 w - - 4 64,a4a5,-1073,-1076,3
rnbqkbnr/pppppppp/8/8/8/8/PPPPPPPP/RNBQKBNR w KQkq - 0 1,b2b3,29,-33,-62
rnbqkb1r/pppppp1p/5np1/8/8/1P6/PBPPPPPP/RN1QKBNR w KQkq - 2 3,a2a3,-3,-30,27
rnbqk2r/ppppppbp/5np1/8/8/PP6/1BPPPPPP/RN1QKBNR w KQkq - 1 4,g2g4,-27,-140,113
rnbq1rk1/ppppppbp/5np1/8/6P1/PP6/1BPPPP1P/RN1QKBNR w KQ - 1 5,g4g5,-74,-88,14
rnbq1rk1/p1ppppbp/1p3np1/6P1/8/PP6/1BPPPP1P/RN1QKBNR w KQ - 0 6,g5f6,351,346,-5
2b2r2/p1p2pkp/1pp2qp1/5p2/8/PP6/2PPPP1P/RNQ1K1NR w KQ - 2 12,c2c3,515,540,25
2b2rk1/2p2p1p/2p2qp1/pp3p2/8/PPP5/RQ1PPP1P/1N2K1NR w K - 2 15,c3c4,630,657,27
2b2rk1/2p2p1p/2pq2p1/p4p2/2p5/PPN5/RQ1PPP1P/4K1NR w K - 0 17,b3c4,592,622,30
5rk1/2p2p1p/2pqb1p1/p4p2/2P5/P1N5/RQ1PPP1P/4K1NR w K - 1 18,c4c5,704,576,-128
3r2k1/2p2p1p/2p1b1p1/p1q2p2/8/P1N5/R1QPPP1P/4K1NR w K - 2 20,e2e3,566,506,-60
3r2k1/2p2p1p/1qp1b1p1/p4p2/8/P1N1P3/R1QP1P1P/4K1NR w K - 1 21,d2d4,632,485,-147
rnbqkbnr/pppppppp/8/8/8/8/PPPPPPPP/RNBQKBNR w KQkq - 0 1,e2e4,28,29,1
rnbqkbnr/pppp1ppp/4p3/8/4P3/8/PPPP1PPP/RNBQKBNR w KQkq - 0 2,d2d4,45,32,-13
rnb2rk1/ppppqppp/4p1n1/8/3PP3/2N2N2/PPP2PPP/R2QKB1R w KQ - 2 7,h2h4,151,151,0
rnb2rk1/ppppqpp1/8/4p1Np/3PPn1P/2N5/PPPQ1PP1/R3KB1R w KQ - 0 10,d4e5,351,369,18
rnb2rk1/pppp1pp1/5q2/7p/4Pn1P/2N2N2/PPPQ1PP1/R3KB1R w KQ - 2 12,e4e5,239,236,-3
rnb2rk1/pppp1pp1/7q/4P1np/7P/2N5/PPPQ1PP1/2KR1B1R w - - 0 15,h4g5,517,529,12
rnb2rk1/pppp1pp1/4q3/4P1Pp/8/2NB4/PPPQ1PP1/2KR3R w - - 3 17,f2f4,677,495,-182
rnb2rk1/p1pp1p2/1p2q1p1/4P1Pp/5P2/2NB4/PPPQ2P1/2K3RR w - - 0 19,g2g4,495,424,-71
rn2kr1R/pbp4R/1p3qp1/3pP1P1/5Pp1/3B4/PPPQ4/2K5 w - - 0 26,g5f6,10000,10000,0
rnbqkbnr/pppppppp/8/8/8/8/PPPPPPPP/RNBQKBNR w KQkq - 0 1,e2e4,27,26,-1
r1b2rk1/pppp1ppp/1b3n2/8/4P3/2N5/PPPPBP1P/R1BK4 w - - 6 13,d2d3,-613,-611,-2
1r3r2/1p3pkp/p7/3N4/4Pp2/3Pb2b/PPP1B2P/R2K4 w - - 4 23,c2c4,-528,-545,17
4rr2/1p3p1p/p5k1/3N4/2P1Pp2/3Pb2b/PPK1B2P/R7 w - - 3 25,b2b4,-444,-517,73
4rr2/1p5p/p5k1/3N1p2/1PP1Pp2/3Pb2b/P1K1B2P/R7 w - - 0 26,e4f5,-489,-505,16
4r3/1p5p/p7/3Nk3/1PP2p2/2KP4/r6P/5R2 w - - 0 32,d3d4,474,-204,-678
rnbqkbnr/pppppppp/8/8/8/8/PPPPPPPP/RNBQKBNR w KQkq - 0 1,e2e4,22,23,1
rnbqkbnr/ppp1pppp/8/3p4/4P3/8/PPPP1PPP/RNBQKBNR w KQkq - 0 2,e4d5,61,62,1
rnb1kbnr/ppp1pppp/8/q7/8/2N5/PPPP1PPP/R1BQKBNR w KQkq - 2 4,d2d3,101,22,-79
rnb1kbnr/pp2pppp/1qp5/8/8/2NP4/PPPB1PPP/R2QKBNR w KQkq - 2 6,b2b3,61,24,-37
rn2k2r/pp2bppp/1qp1pn2/4N3/8/1PNP4/P1PBQPPP/R3K2R w KQkq - 1 11,f2f4,11,-13,-24
r4rk1/ppqn1ppp/2p1pn2/8/1bN2P2/1PNP4/P1PBQ1PP/R4RK1 w - - 9 16,d3d4,-6,-28,22
3r1rk1/ppq2ppp/2p1pn2/4n3/3P4/1P2QR2/PBP3PP/5RK1 w - - 0 27,d4e5,-94,-108,14
5rk1/ppqr1ppp/2p1p3/3nP3/8/1P3R2/PBP2QPP/5RK1 w - - 3 29,a2a3,-7,-58,51
5rk1/1pqr1ppp/p1p1p3/3nP3/8/PP3R2/1BP2QPP/5RK1 w - - 0 30,c2c4,19,0,-19
6k1/1p3p1p/p1p1p1p1/8/2P5/PP3r2/6PP/6K1 w - - 0 42,g2f3,-437,-434,-3
8/1p3p1p/p1p1p1p1/5k2/2P5/PP2KP2/7P/8 w - - 5 45,f3f4,-435,-493,58
8/1p5p/p1p1ppp1/5k2/2P2P2/PP2K3/7P/8 w - - 0 46,b3b4,-478,-486,8
rnbqkbnr/pppppppp/8/8/8/8/PPPPPPPP/RNBQKBNR w KQkq - 0 1,c2c4,26,2,-24
rnbqkb1r/pppppppp/5n2/8/2P5/8/PP1PPPPP/RNBQKBNR w KQkq - 1 2,f2f3,17,-113,-130
rnbqk2r/ppppppbp/5np1/8/2P5/2N2P2/PP1PP1PP/R1BQKBNR w KQkq - 2 4,e2e3,15,-64,-79
rnbqk2r/ppp1ppbp/3p1np1/8/2P5/2N1PP2/PP1P2PP/R1BQKBNR w KQkq - 0 5,d2d4,-22,-21,-1
rnbq1rk1/pp2ppbp/3p1np1/2p5/2PP4/2NBPP2/PP4PP/R1BQK1NR w KQ - 0 7,d4d5,-29,-33,4
rnbq1rk1/pp3pbp/3ppnp1/2pP4/2P5/2NBPP2/PP4PP/R1BQK1NR w KQ - 0 8,e3e4,-29,-35,6
rnbq1rk1/pp3pbp/3p1np1/2pp4/2P1P3/2NB1P2/PP4PP/R1BQK1NR w KQ - 0 9,c4d5,-51,-55,4
r2qr1k1/1p1b1pbp/p2p2p1/2pP3n/4P3/2N2P2/PP2N1PP/R1BQ1RK1 w - - 0 14,a2a4,-98,-98,0
r2qr1k1/3b1pbp/p2p2p1/1ppP3n/P3P3/2N2P2/1P2N1PP/R1BQ1RK1 w - - 0 15,a4b5,-106,-251,145
q5k1/5p1p/3p2p1/1bpPr2n/1p2P3/5P2/1P1NN1PP/3Q1RK1 w - - 2 21,b2b3,-128,-177,49
6k1/5p1p/q2p2p1/2pPr2n/1pb1P3/1P3P2/4N1PP/3Q1RK1 w - - 0 23,b3c4,-264,-278,14
6k1/5p1p/3p4/2pPr1pn/1pq1P3/5P2/4N1PP/3Q1R1K w - - 0 25,g2g4,-226,-253,27
6k1/5pn1/3p4/2pPr1pp/1pq1P1P1/5P2/4N2P/Q4R1K w - - 0 27,g4h5,-325,-522,197
6k1/5p2/3p4/2pPr1p1/1pq1P3/5Pn1/7P/Q4R1K w - - 0 29,h2g3,-467,-497,30
rnbqkbnr/pppppppp/8/8/8/8/PPPPPPPP/RNBQKBNR w KQkq - 0 1,e2e4,26,29,3
r1bqkb1r/ppp2ppp/2n5/1B1pp3/4n3/5N2/PPPP1PPP/RNBQR1K1 w kq - 0 6,d2d3,300,239,-61
r1bqkb1r/2p2ppp/p1p5/3pp3/4n3/3P1N2/PPP2PPP/RNBQR1K1 w kq - 0 8,d3e4,444,396,-48
r1bqk2r/2p2ppp/p1p5/2bpp3/4P3/5N2/PPP2PPP/RNBQR1K1 w kq - 1 9,e4d5,497,502,5
rnbqkbnr/pppppppp/8/8/8/8/PPPPPPPP/RNBQKBNR w KQkq - 0 1,b2b3,29,-34,-63
rnbqkb1r/pppppp1p/5np1/8/8/1P6/PBPPPPPP/RN1QKBNR w KQkq - 2 3,g2g4,-1,-48,47
rnbqkb1r/p1pppp1p/1p3np1/8/6P1/1P6/PBPPPP1P/RN1QKBNR w KQkq - 0 4,g4g5,372,318,-54
rnbqkbnr/pppppppp/8/8/8/8/PPPPPPPP/RNBQKBNR w KQkq - 0 1,b2b3,31,-37,-68
rnbqkbnr/pp2pppp/3p4/2p5/8/1P6/PBPPPPPP/RN1QKBNR w KQkq - 0 3,d2d3,21,-11,-32
rnbqkbnr/pp4pp/3p1p2/2p1p3/8/1P1P4/PBPNPPPP/R2QKBNR w KQkq - 0 5,c2c4,-16,-28,12
rn1qkbnr/pp1b2pp/3p1p2/2p1p3/2P5/1P1P4/PB1NPPPP/R2QKBNR w KQkq - 1 6,f2f3,32,-67,-99
rn1qk1nr/pp1bb1pp/3p1p2/2p1p3/2P5/1P1P1P2/PB1NP1PP/R2QKBNR w KQkq - 1 7,h2h3,-48,-239,191
rnbqkbnr/pppppppp/8/8/8/8/PPPPPPPP/RNBQKBNR w KQkq - 0 1,d2d4,26,16,-10
rnbqkbnr/ppp1pppp/8/3p4/3P4/8/PPP1PPPP/RNBQKBNR w KQkq - 0 2,c2c4,15,15,0
rnbqkb1r/ppp2ppp/4pn2/3p4/2PP4/2N5/PP2PPPP/R1BQKBNR w KQkq - 0 4,a2a3,29,-21,-50
rnbqk2r/ppp1bppp/4pn2/3p4/2PP4/P1N5/1P2PPPP/R1BQKBNR w KQkq - 1 5,c4c5,2,-10,-12
2bq1rk1/rpN1bppp/p1n1pn2/2Pp4/3P1B2/P7/1P2PPPP/R2QKBNR w KQ - 1 9,e2e3,-188,-202,14
rnbqkbnr/pppppppp/8/8/8/8/PPPPPPPP/RNBQKBNR w KQkq - 0 1,e2e4,31,35,4
rnbqk1nr/ppppppbp/6p1/8/4P3/5N2/PPPP1PPP/RNBQKB1R w KQkq - 2 3,c2c3,55,40,-15
rnbqk1nr/ppp1ppbp/3p2p1/8/4P3/2P2N2/PP1P1PPP/RNBQKB1R w KQkq - 0 4,d2d4,40,42,2
rn1q1rk1/pp2ppbp/3p1np1/2p5/3PP1b1/2PB1N2/PP1N1PPP/R1BQ1RK1 w - - 0 8,d4d5,72,31,-41
r2q1rk1/p2nppbp/3p1np1/1ppP4/4P1b1/2PB1N2/PPQN1PPP/R1B2RK1 w - - 0 10,b2b3,192,0,-192
r2qr1k1/3nppbp/p2p1np1/1ppP4/4P3/1PPB1N2/PBQ2PPP/R4RK1 w - - 2 13,c3c4,70,56,-14
r2qr1k1/3n1pbp/p2p1np1/2pPp3/2B1P3/1P3N2/PBQ2PPP/R4RK1 w - e6 0 15,d5e6,261,249,-12
r2qr1k1/3n2bp/p3pnp1/2pp4/2B1P3/1P3N2/PBQ2PPP/4RRK1 w - - 0 17,e4d5,166,121,-45
3q4/3r2kp/pn2Qbp1/2p5/2B5/1P3N2/P4PPP/4R1K1 w - - 7 25,h2h4,249,37,-212
rnbqkbnr/pppppp1p/6p1/8/8/5N2/PPPPPPPP/RNBQKB1R w KQkq - 0 2,d2d4,44,23,-21
rnbqk1nr/ppppppbp/6p1/8/3P4/5N2/PPP1PPPP/RNBQKB1R w KQkq - 1 3,c2c4,59,22,-37
rnbqk2r/ppppnpbp/4p1p1/8/2PP4/2N2N2/PP2PPPP/R1BQKB1R w KQkq - 2 5,e2e3,112,32,-80
rnb2rk1/p5bp/2p1p1p1/1p1q1p2/3P4/3BPN2/PPQB1PPP/R4RK1 w - - 0 13,a2a3,260,223,-37
rn3rk1/p2b2bp/2p1p1p1/1p1q1p2/3P4/P2BPN2/1PQB1PPP/R4RK1 w - - 1 14,b2b3,335,197,-138
r4rk1/p1nb2bp/2p1p1p1/1p1q1p2/3P4/PPBBPN2/2Q2PPP/R4RK1 w - - 3 16,e3e4,268,264,-4
r4rk1/p1nb3p/2pqp1p1/1p2b3/3PB3/PPB5/2Q2PPP/R4RK1 w - - 0 19,d4e5,333,357,24
3r4/p2bk2p/2p1p1p1/1p1nP3/8/PP1R4/2B2PPP/5RK1 w - - 2 27,b3b4,332,299,-33
3r4/3bk2p/p1p1p1p1/1p1nP3/1P6/P2R4/2B2PPP/5RK1 w - - 0 28,f2f3,353,244,-109
3r4/3bk2p/p1pRp1p1/1p1nP3/1P6/P4P2/2B3PP/5RK1 w - - 7 32,g2g3,285,229,-56
5r2/3bk2p/p1pRp1p1/1p1nP3/1P6/P4PP1/2B4P/5RK1 w - - 1 33,f3f4,312,273,-39
5r2/3bk3/p1pRp1pp/1p1nP3/1P3P2/P5P1/2B4P/5RK1 w - - 0 34,h2h4,436,338,-98
8/3bk3/p1pRp1pp/1p1nPr2/1P3P1P/P5P1/2B5/5RK1 w - - 1 35,g3g4,444,382,-62
rnbqkbnr/pppppppp/8/8/8/8/PPPPPPPP/RNBQKBNR w KQkq - 0 1,b2b3,34,-29,-63
rnbqkbnr/p2ppppp/1pp5/8/8/1P6/PBPPPPPP/RN1QKBNR w KQkq - 0 3,a2a4,33,10,-23
rnbqkbnr/p2ppppp/2p5/1p6/P7/1P6/1BPPPPPP/RN1QKBNR w KQkq - 0 4,a4b5,131,104,-27
rnbqkbn1/7p/p2p1p2/1p6/8/1P6/1BPPPPPP/RN1QKBNR w KQq - 0 11,c2c4,817,698,-119
rn1qkbn1/1b5p/p2p1p2/1p6/2P5/1P6/1B1PPPPP/RN1QKBNR w KQq - 1 12,f2f3,808,718,-90
rn1qkbn1/1b5p/p4p2/1p1p4/2P5/1P3P2/1B1PP1PP/RN1QKBNR w KQq - 0 13,c4d5,732,664,-68
rn1qkbn1/7p/p4p2/1p1b4/8/1P3P2/1B1PP1PP/RN1QKBNR w KQq - 0 14,e2e4,676,637,-39
rn2kbn1/3q3p/p4p2/1p1b4/4P3/1P3P2/1B1P2PP/RN1QKBNR w KQq - 1 15,e4d5,900,843,-57
8/7p/5pk1/1Q6/8/1P3P2/1B1P2PP/RN2KBNR w KQ - 1 28,h2h4,10000,10000,0
8/7p/6k1/1Q3p2/7P/1P3P2/1B1P2P1/RN2KBNR w KQ - 0 29,h4h5,10000,10000,0
8/7p/8/1Q3pkP/8/1P3P2/1B1P2P1/RN2KBNR w KQ - 1 30,h5h6,10000,10000,0
8/7p/7P/1Q3p2/8/1P3Pk1/3P2P1/RNB1KBNR w KQ - 3 32,d2d3,10000,10000,0
rnbqkbnr/pppppppp/8/8/8/8/PPPPPPPP/RNBQKBNR w KQkq - 0 1,e2e4,31,31,0
rnbqkbnr/pp2pppp/2p5/3p4/4P3/5N2/PPPP1PPP/RNBQKB1R w KQkq - 0 3,e4e5,27,21,-6
rn1qkbnr/pp2pppp/2p5/3pP3/6b1/5N2/PPPP1PPP/RNBQKB1R w KQkq - 1 4,d2d4,14,12,-2
rn1qkbnr/pp3ppp/2p1p3/3pP3/3P2b1/5N2/PPP2PPP/RNBQKB1R w KQkq - 0 5,c2c3,14,8,-6
rn2kb1r/pp2npp1/1qp1p3/3pP2p/3P2b1/2P2N2/PP2BPPP/RNBQ1RK1 w kq - 2 8,b2b3,108,46,-62
r3kb1r/pp1n1pp1/1qp1p3/3pP2p/3P2b1/1PP1nN2/P2NBPPP/R2Q1RK1 w kq - 0 11,f2e3,20,14,-6
r3kb1r/pp1n1pp1/1q2p3/2ppP2p/3P2b1/1PP1PN2/P2NB1PP/R2Q1RK1 w kq - 0 12,h2h3,68,42,-26
2r1k2r/pp1nbpp1/1q2p3/2ppP2p/3P3N/1PPQPN1P/P5P1/R4RK1 w k - 1 17,e3e4,-11,-168,157
2r1k2r/pp1nbpp1/1q2p3/3pP2p/3pP2N/1PPQ1N1P/P5P1/R4RK1 w k - 0 18,c3d4,-147,-181,34
2rqk2r/pp1n2p1/4pp2/4P1Np/3P1Q1N/1P5P/P5P1/R4RK1 w k - 0 22,e5f6,751,715,-36
rnbqkbnr/pppppppp/8/8/8/8/PPPPPPPP/RNBQKBNR w KQkq - 0 1,e2e4,29,30,1
rnbqkbnr/pp3ppp/4p3/2pp4/4P3/5N2/PPPPBPPP/RNBQK2R w KQkq - 0 4,e4e5,7,-73,-80
rnbqkbnr/pp4pp/4pp2/2ppP3/8/5N2/PPPPBPPP/RNBQK2R w KQkq - 0 5,d2d4,2,-21,-23
r1bqkbnr/pp4pp/2n1pp2/2ppP3/3P4/5N2/PPP1BPPP/RNBQK2R w KQkq - 1 6,e5f6,7,-49,-56
r1bqkb1r/pp4pp/2n1pn2/2pp4/3P4/5N2/PPP1BPPP/RNBQK2R w KQkq - 0 7,d4c5,-39,-75,36
r4rk1/1p3qp1/p4n1p/3pn3/3Np3/2N5/PPP2PPP/R2Q1RK1 w - - 3 20,f2f4,-120,-181,61
r4rk1/1p3qp1/p4n1p/3p4/3NpPn1/2N5/PPP3PP/R2Q1RK1 w - - 1 21,h2h3,57,-233,-290
r4rk1/1p3qp1/p6p/3p3n/3NpP2/2N4P/PPP1Q1P1/5RK1 w - - 1 24,g2g3,-369,-581,212
8/6p1/pN1k3p/1p6/4K3/8/PPr5/8 w - - 3 39,b2b3,-596,-671,75
rnbqkbnr/pppppppp/8/8/8/8/PPPPPPPP/RNBQKBNR w KQkq - 0 1,e2e4,30,33,3
rnbqkbnr/ppp1pppp/8/3p4/4P3/8/PPPP1PPP/RNBQKBNR w KQkq - 0 2,e4d5,66,61,-5
rnbqkb1r/ppp1pppp/5n2/3P4/8/8/PPPP1PPP/RNBQKBNR w KQkq - 1 3,d2d4,65,75,10
rnbqkb1r/pp2pppp/2p2n2/3P4/3P4/8/PPP2PPP/RNBQKBNR w KQkq - 0 4,c2c4,86,12,-74
rnbqkb1r/pp2pppp/5n2/3p4/2PP4/8/PP3PPP/RNBQKBNR w KQkq - 0 5,c4c5,15,-38,-53
r2qk2r/pp3pbp/2n1pnp1/2Pp2B1/3P4/2N5/PP2NPPP/R2Q1RK1 w kq - 0 11,a2a3,43,42,-1
r3k2r/ppq2pbp/2n1pnp1/2Pp2B1/3P4/P1N5/1P2NPPP/R2Q1RK1 w kq - 1 12,b2b4,108,61,-47
rq6/pp1k1Nbr/2n1pnp1/2Pp2B1/1P1P3p/P1N5/5PPP/R2Q1RK1 w - - 0 17,h2h3,464,418,-46
rq6/pp1k1N1r/4p1Q1/2Pp2B1/1P1n3p/P1N3nP/5PPb/R4R1K w - - 3 22,f2g3,837,782,-55
8/8/p7/1pPpR3/1Pk5/P4N1P/5BP1/7K w - b6 0 35,c5b6,1168,1180,12
8/8/1P6/p2pR3/1Pk5/P4N1P/5BP1/7K w - - 0 36,b6b7,1277,10000,8723
8/1P6/8/4R3/pPkB4/P4N1P/6P1/7K w - - 0 38,b7b8q,10000,10000,0
rnbqk1nr/ppppppbp/6p1/8/8/2N2N2/PPPPPPPP/R1BQKB1R w KQkq - 2 3,e2e4,48,43,-5
rnbqk1nr/pppppp1p/6p1/8/4P3/2b2N2/PPPP1PPP/R1BQKB1R w KQkq - 0 4,h2h3,152,-418,-570
rn1qk1nr/pbppp1bp/1p3pp1/8/4P2N/5Q1P/PPPP1PP1/R1B1KB1R w KQkq - 2 8,g2g4,-424,-499,75
rn1qk1nr/pbp1p1bp/1p3pp1/3p4/4P1PN/5Q1P/PPPP1P2/R1B1KB1R w KQkq - 0 9,g4g5,-446,-536,90
rn2kbnr/pb5p/2q3p1/1p3pp1/8/3B1p1P/PPPP1P2/R1B2KR1 w kq - 0 20,a2a4,-1002,-1050,48
rn2kbnr/p6p/2q3p1/1b3pp1/P7/5p1P/1PPP1P2/R1B2KR1 w kq - 0 22,a4b5,-10000,-10000,0
rn2kbnr/p6p/6p1/1q3pp1/8/5p1P/1PPP1P2/R1B2KR1 w kq - 0 23,c2c4,-982,-10000,9018
rn2kbnr/p6p/6p1/5pp1/2q5/5p1P/1P1P1P2/R1B2KR1 w kq - 0 24,d2d3,-10000,-10000,0
rn2kb1r/p6p/6p1/3q1pp1/8/n4p1P/1P3P2/4K1R1 w kq - 0 33,b2b3,-1356,-10000,8644
rnbqkbnr/pppppppp/8/8/8/8/PPPPPPPP/RNBQKBNR w KQkq - 0 1,e2e4,30,30,0
rnbqk1nr/ppppppbp/6p1/8/4P3/5N2/PPPP1PPP/RNBQKB1R w KQkq - 2 3,c2c3,55,37,-18
rnbqk1nr/ppp1ppbp/3p2p1/8/4P3/2P2N2/PP1P1PPP/RNBQKB1R w KQkq - 0 4,d2d4,35,38,3
rnbq1rk1/pp2ppbp/3p1np1/2p5/3PP3/2PB1N2/PP3PPP/RNBQ1RK1 w - - 0 7,d4d5,76,11,-65
rnbqr1k1/pp2ppbp/3p1np1/2pP4/4P3/2PB1N2/PP3PPP/RNBQ1RK1 w - - 1 8,c3c4,40,24,-16
rnbqr1k1/p3ppbp/1p1p1np1/2pP4/2P1P3/3B1N2/PP3PPP/RNBQ1RK1 w - - 0 9,b2b3,83,-279,-362
rnbqr1k1/p4pbp/1p1p1np1/2pp4/2P1P3/1P1B1N2/PB3PPP/RN1Q1RK1 w - - 0 11,c4d5,-14,-80,66
r2qr1k1/3n1pbp/p2p1np1/1ppP4/4P1b1/1P1B1N2/PBQN1PPP/4RRK1 w - - 0 15,h2h3,9,26,17
2rqr1k1/3n1p1p/p2p1bp1/1p1P4/2p1P3/1P1B1N1P/P1Q1RPP1/5RK1 w - - 0 19,b3c4,-81,-81,0
2r5/4rpkp/pq1p2p1/3P4/4P3/3Q3P/P3RPP1/5R1K w - - 2 28,f2f4,149,104,-45
2r5/4r1kp/pq1p1pp1/3P4/4PP2/3Q3P/P3R1P1/5R1K w - - 0 29,f4f5,113,42,-71
4r3/4r1kp/pq1p1pp1/3P1P2/4P3/3Q3P/P3R1P1/5R1K w - - 1 30,f5g6,135,143,8
4r3/5rk1/p2p2p1/3P1p2/1q2P3/4RQ1P/P5P1/4R2K w - - 0 34,e4f5,31,43,12
rnbqkbnr/pppppppp/8/8/8/8/PPPPPPPP/RNBQKBNR w KQkq - 0 1,e2e3,28,10,-18
rnbqkbnr/pp1ppppp/8/2p5/8/4P3/PPPP1PPP/RNBQKBNR w KQkq - 0 2,g2g3,11,-41,-52
r1bq1rk1/5p1p/p3p1p1/1p1pn1b1/2p5/1B2P1PQ/PPPPKP1P/R1B4R w - - 0 18,f2f4,-681,-654,-27
r1bq1rk1/5p1p/p3p1p1/1p1pn1b1/5P2/1p2P1PQ/PPPPK2P/R1B4R w - - 0 19,f4e5,-601,-601,0
r1bq1rk1/5p1p/4p1p1/pp1pP1b1/8/4P1P1/PPpPK2P/R1B2Q1R w - - 0 21,h2h4,-537,-553,16
r2q1rk1/5p1p/b3p1p1/pp1pP1b1/7P/4P1P1/PPpPK3/R1B2Q1R w - - 1 22,h4g5,-359,-364,5
r2q1rk1/5p1p/b3p1p1/p2pP1P1/1p6/4P1P1/PPpPK3/R1B2Q1R w - - 0 23,d2d3,-334,-347,13
r2q1rk1/5p1p/b3p1p1/p3P1P1/1p1p4/3PP1P1/PPp1K3/R1B2Q1R w - - 0 24,b2b3,-127,-466,339
rnbqkbnr/pppppppp/8/8/8/8/PPPPPPPP/RNBQKBNR w KQkq - 0 1,b2b3,31,-30,-61
rnbqkbnr/pppppppp/8/8/8/1P6/PBPPPPPP/RN1QKBNR w KQkq - 3 3,a2a3,82,44,-38
r1bqkbnr/pppppppp/2n5/8/8/PP6/1BPPPPPP/RN1QKBNR w KQkq - 1 4,b3b4,93,36,-57
rnbqkbnr/pppppppp/8/8/1P6/P7/1BPPPPPP/RN1QKBNR w KQkq - 1 5,g2g3,92,57,-35
rnbqkbnr/pppppppp/8/8/1P6/P5P1/1BPPPPBP/RN1QK1NR w KQkq - 3 7,b4b5,159,52,-107
rnbqkb1r/pppppppp/5n2/1P6/8/P5P1/1BPPPPBP/RN1QK1NR w KQkq - 1 8,a3a4,75,72,-3
rnbqkbnr/pppppppp/8/1P6/P7/6P1/1BPPPPBP/RN1QK1NR w KQkq - 1 9,h2h4,190,134,-56
rnbqkb1r/pppppppp/5n2/1P6/P6P/6P1/1BPPPPB1/RN1QK1NR w KQkq - 1 10,h4h5,137,109,-28
rnbqkbnr/pppppppp/8/1P5P/P7/6P1/1BPPPPB1/RN1QK1NR w KQkq - 1 11,h5h6,242,222,-20
rnbqkb1r/pppppppp/7n/1P6/P7/6P1/1BPPPPB1/RN1QK1NR w KQkq - 0 12,d2d3,411,61,-350
rnbqkbnr/pppppppp/8/1P6/P7/3P2P1/1BP1PPB1/RN1QK1NR w KQkq - 1 13,g3g4,86,62,-24
rnbqkb1r/pppppppp/7n/1P6/P5P1/3P4/1BP1PPB1/RN1QK1NR w KQkq - 1 14,f2f4,301,-55,-356
rnbqkbnr/pppppppp/8/1P6/P4PP1/3P4/1BP1P1B1/RN1QK1NR w KQkq - 1 15,g4g5,143,146,3
rnbqk3/ppppnp1p/4p3/1P4P1/P4PB1/3P4/2P1P3/RN1QK1NR w KQq - 0 22,g5g6,678,532,-146
rnbqk1n1/pppp1p1p/4p1P1/1P6/P4PB1/3P4/2P1P3/RN1QK1NR w KQq - 1 23,g6h7,895,894,-1
rnbqk3/ppppnp1P/4p3/1P6/P4PB1/3P4/2P1P3/RN1QK1NR w KQq - 1 24,h7h8q,1257,1281,24
rnb5/ppp1kpq1/3p4/1P2p3/P4P2/Q1NP1B2/2PKP3/R5NR w - - 0 31,f4e5,871,781,-90
B1N5/8/4k3/1P6/P7/3P4/2PKP3/R5N1 w - - 2 50,b5b6,10000,10000,0
B1k5/8/1P6/8/P7/3P4/2PKP3/1R4N1 w - - 0 52,b6b7,10000,10000,0
Bk6/1P6/8/8/P7/3P4/2PKP3/1R4N1 w - - 1 53,d3d4,10000,10000,0
B7/kP6/8/8/P2P4/8/2PKP3/1R4N1 w - - 1 54,c2c4,10000,10000,0
Bk6/1P6/8/8/P1PP4/8/3KP3/1R4N1 w - - 1 55,c4c5,10000,10000,0
B7/1Pk5/8/2P5/P2P4/8/3KP3/1R4N1 w - - 1 56,b7b8q,10000,10000,0
8/3k4/1Q6/2P5/P2P4/8/3KP1B1/1R4N1 w - - 5 59,a4a5,10000,10000,0
2k5/8/1Q6/P1P5/3P4/8/3KP1B1/1R4N1 w - - 1 60,a5a6,10000,10000,0
8/3k4/PQ6/2P5/3P4/8/3KP1B1/1R4N1 w - - 1 61,a6a7,10000,10000,0
2k5/P7/1Q6/2P5/3P4/8/3KP1B1/1R4N1 w - - 1 62,a7a8q,10000,10000,0
8/1Q6/Q7/2P2k2/3P4/8/3KP1B1/1R4N1 w - - 5 65,c5c6,10000,10000,0
8/1Q6/Q1P5/8/3P1k2/8/3KP1B1/1R4N1 w - - 1 66,c6c7,10000,10000,0
8/1QP5/Q7/5k2/3P4/8/3KP1B1/1R4N1 w - - 1 67,c7c8q,10000,10000,0
rnbqkbnr/pppppppp/8/8/8/8/PPPPPPPP/RNBQKBNR w KQkq - 0 1,e2e4,20,19,-1
rnbqkbnr/pp3ppp/3pp3/2p5/2B1P3/5N2/PPPP1PPP/RNBQK2R w KQkq - 0 4,d2d3,12,-5,-17
rnbqkbnr/1p3ppp/p2pp3/2p5/2B1P3/3P1N2/PPP2PPP/RNBQK2R w KQkq - 0 5,a2a3,-3,-27,24
rnbqk2r/1p2bpp1/p2ppn1p/2p5/2B1P3/P2P1N2/1PP2PPP/RNBQK2R w KQkq - 2 8,h2h3,-52,-78,26
r4rk1/2qbbpp1/p1nppn1p/1pp5/4P3/P2P1N1P/BPP1NPP1/R1BQ1RK1 w - - 6 13,c2c3,-32,-43,11
1r3rk1/2qbbpp1/2nppn1p/p1p5/1p2P3/P1PP1NNP/BP3PP1/R1BQR1K1 w - - 0 16,a3b4,23,-12,-35
1r3rk1/2qbbpp1/2n1pn1p/2pp4/1pB1P3/2PP1NNP/1P3PP1/R1BQR1K1 w - - 0 18,e4d5,-67,-62,-5
1r3rk1/2q1bpp1/2n1bn1p/2pp4/8/2pP1NNP/1PB2PP1/R1BQR1K1 w - - 0 21,b2c3,-47,-16,-31
1r3rk1/2q1bpp1/2n1bn1p/2p5/3p4/2PP1NNP/2B2PP1/R1BQR1K1 w - - 0 22,c3c4,0,-140,-140
rnbqkbnr/pppppppp/8/8/8/8/PPPPPPPP/RNBQKBNR w KQkq - 0 1,e2e4,30,31,1
rnbqkbnr/pppp1ppp/4p3/8/4P3/8/PPPP1PPP/RNBQKBNR w KQkq - 0 2,d2d4,32,33,1
rnbqkbnr/ppp2ppp/4p3/3p4/3PP3/8/PPP2PPP/RNBQKBNR w KQkq - 0 3,e4e5,32,21,-11
rnbqkbnr/pp3ppp/4p3/2ppP3/3P4/8/PPP2PPP/RNBQKBNR w KQkq - 0 4,c2c3,17,19,2
r3k2r/pp1b1ppp/1q2p3/2bpn1B1/3N4/2P5/PP1Q1PPP/RN3RK1 w kq - 2 12,b2b4,-285,-291,6
r3k2r/pp1b1ppp/4p3/3pn1B1/1P1q4/2P5/P4PPP/RN3RK1 w kq - 0 14,c3d4,-334,-310,-24
r3k2r/pp1b1ppp/4p3/3p2B1/1PnP4/8/P4PPP/RN3RK1 w kq - 1 15,a2a4,-277,-278,1
2r2rk1/pp1b3p/4pp2/3p2p1/PPnP4/2N3B1/5PPP/R4RK1 w - - 2 19,b4b5,-265,-422,157
5rk1/pp1b3p/4pp2/1P1p1np1/P1r5/6B1/3RNPPP/5RK1 w - - 4 24,f2f4,-423,-426,3
5rk1/pp1b3p/4pp2/1P1p1np1/r4P2/6B1/3RN1PP/5RK1 w - - 0 25,f4g5,-391,-415,24
5rk1/pp5p/4pp2/1b1p1nP1/r7/6B1/3RN1PP/5RK1 w - - 0 26,g5f6,-370,-386,16
rnbqkbnr/pppppppp/8/8/8/8/PPPPPPPP/RNBQKBNR w KQkq - 0 1,d2d4,30,8,-22
rnbqkbnr/ppp1pppp/8/3p4/3P4/8/PPP1PPPP/RNBQKBNR w KQkq - 0 2,c2c4,11,14,3
rn1k1bnr/pbp2ppp/1p2p3/8/2pP4/2N2N2/PP2PPPP/R2QKB1R w KQ - 0 7,e2e4,706,703,-3
rn2k1nr/pbp1bppp/1p2p3/8/2BPP3/2N2N2/PP3PPP/R2QK2R w KQ - 1 9,d4d5,786,760,-26
rn2k2r/pbp1bppp/1p2pn2/3P4/2B1P3/2N2N2/PP3PPP/R2QK2R w KQ - 1 10,d5e6,785,729,-56
rn2k2r/pbp1b1pp/1p2pn2/8/2B1P3/2N2N2/PP3PPP/R2QK2R w KQ - 0 11,e4e5,754,715,-39
N1k4r/p2nb1pp/1p6/2n1P3/8/5N2/PP3PPP/R2QK2R w KQ - 1 17,e5e6,903,815,-88
7r/p1NR2pp/1p3bk1/6n1/6Q1/5N2/PP3PPP/4K2R w K - 3 26,h2h4,1170,10000,8830
4r3/p1NR2p1/1p3bkp/6n1/6QP/5N2/PP3PP1/3K3R w - - 0 28,h4g5,10000,10000,0
rnbqkbnr/pppppppp/8/8/8/8/PPPPPPPP/RNBQKBNR w KQkq - 0 1,e2e4,28,24,-4
rnbqkb1r/pppppppp/5n2/8/4P3/8/PPPP1PPP/RNBQKBNR w KQkq - 1 2,e4e5,62,64,2
rnbqkb1r/pppppppp/8/3nP3/8/8/PPPP1PPP/RNBQKBNR w KQkq - 1 3,d2d4,54,57,3
rnbqkb1r/ppp1pppp/3p4/3nP3/3P4/8/PPP2PPP/RNBQKBNR w KQkq - 0 4,e5d6,58,50,-8
rnbqkb1r/ppp2ppp/3p4/3n4/3P4/8/PPP2PPP/RNBQKBNR w KQkq - 0 5,c2c4,52,40,-12
rnbq1rk1/ppp1bppp/1n1p4/8/2PP4/2N2N2/PP3PPP/R1BQKB1R w KQ - 5 8,g2g3,47,-49,-96
r2q1rk1/ppp1bppp/2np4/8/2nP2b1/2N2NP1/PP3PBP/R1BQ1RK1 w - - 2 11,b2b3,-43,-66,23
r2q1rk1/ppp2ppp/1nnp1b2/8/3P2b1/1PN2NP1/PB3PBP/R2Q1RK1 w - - 3 13,d4d5,-120,-154,34
4r2k/p1b3pp/3p4/3Q1p2/2B5/1P4Pb/P4P1P/6K1 w - - 4 28,f2f4,448,-10000,-10448
rnbqkbnr/pppppppp/8/8/8/8/PPPPPPPP/RNBQKBNR w KQkq - 0 1,e2e4,25,25,0
rnbqkbnr/pppp1ppp/8/4p3/4P3/8/PPPP1PPP/RNBQKBNR w KQkq - 0 2,g2g3,25,-62,-87
r1bqk2r/pppp1ppp/2n2n2/2b1p3/4P3/2N3P1/PPPP1PBP/R1BQK1NR w KQkq - 5 5,d2d3,-11,-17,6
r1bqk2r/pppp1pp1/2n2n1p/2b1p3/4P3/2NP2P1/PPP2PBP/R1BQK1NR w KQkq - 0 6,h2h3,-2,-3,1
r2qk2r/pp3pp1/2ppbn1p/2b1p3/3nP3/2NPBNPP/PPP2PB1/R2Q1RK1 w kq - 2 10,a2a3,61,-46,-107
r3k2r/pp3p1n/2ppbq2/2b1pn1p/4P3/P2PB1PP/1PP1NPB1/R2Q1RK1 w kq - 0 16,e4f5,140,112,-28
r3k2r/pp3p1n/2p2q2/2p1pb1p/8/P2P2PP/1PP1NPB1/R2Q1RK1 w kq - 0 18,f2f4,118,69,-49
2kr3r/pp3p1n/2p5/2p2b1p/4pP2/P1qP2PP/1PP1N1B1/R4RK1 w - - 0 21,b2c3,-160,-252,92
2kr3r/pp3p1n/2p5/2p2b1p/5P2/P1Pp2PP/2P1N1B1/R4RK1 w - - 0 22,c2d3,-293,-290,-3
8/p1k2B2/2p5/1p6/2prnP2/P2b2PP/7K/2R5 w - - 0 36,h3h4,-588,-535,-53
8/p1k2B2/2p5/1p6/2pr1P1P/P2b2P1/5n1K/2R5 w - - 1 37,h4h5,-511,-515,4
8/p1k2B2/2p5/1p3b1P/2pr1P2/P5P1/5n1K/2R5 w - - 1 38,h5h6,-387,-671,284
8/p1k5/2p3B1/1p6/2p2Pn1/P1R3Pb/r7/4K3 w - - 10 45,f4f5,-607,-628,21
8/7B/2pk4/pp2nP2/2p5/P3R1Pb/3K4/r7 w - - 2 49,a3a4,-575,-634,59
8/8/2pk2B1/p4P2/Pp4b1/3p2P1/r7/2K5 w - - 0 54,f5f6,-817,-861,44
8/8/2pkbPB1/p7/P7/1p4P1/1K6/3q4 w - - 0 58,f6f7,-10000,-10000,0
rnbqkbnr/pppp1ppp/4p3/8/8/5N2/PPPPPPPP/RNBQKB1R w KQkq - 0 2,d2d4,20,11,-9
rnbqkbnr/pp1p1ppp/2p1p3/8/3P4/5N2/PPP1PPPP/RNBQKB1R w KQkq - 0 3,c2c4,83,29,-54
rnb1k2r/pp1pqpbp/2p1p1p1/8/2PP4/2N2N2/PP2PPPP/R2QKB1R w KQkq - 0 7,e2e4,-41,-46,5
rnb2rk1/pp2q1bp/2p1p1p1/3p4/2PPB3/2N2N2/PPQ2PPP/R3K2R w KQ - 0 11,c4d5,-60,-375,315
rnb2rk1/pp2q2p/2p3p1/4b3/3Pp3/2N5/PPQ2PPP/R4RK1 w - - 0 14,d4e5,-405,-414,9
rnbqkbnr/pppppppp/8/8/8/8/PPPPPPPP/RNBQKBNR w KQkq - 0 1,e2e4,26,30,4
r1bqk2r/ppppbpp1/2n2n1p/4p3/2B1P3/5N2/PPPP1PPP/RNBQR1K1 w kq - 4 6,c2c3,45,-42,-87
r1bq1rk1/ppppbpp1/2n2n1p/4p3/2B1P3/2P2N2/PP1P1PPP/RNBQR1K1 w - - 1 7,d2d4,61,53,-8
r1bq1rk1/ppppbpp1/2n2n1p/8/2BpP3/2P2N2/PP3PPP/RNBQR1K1 w - - 0 8,c3d4,61,62,1
r1bq1rk1/ppp1bpp1/2np1n1p/8/2BPP3/5N2/PP3PPP/RNBQR1K1 w - - 0 9,a2a3,116,89,-27
r2q1rk1/2p1bpp1/p2p1n1p/np6/3PP1b1/P1N1RN2/1P2BPPP/R1BQ2K1 w - - 2 13,b2b3,90,20,-70
r2q1rk1/4bpp1/p2p1n1p/npp5/3PP1b1/PPN1RN2/4BPPP/R1BQ2K1 w - - 0 14,d4c5,14,-21,-35
r2r2k1/4bpp1/p4n1p/npp5/4P1b1/PPN1RN2/4BPPP/R1B3K1 w - - 0 16,e4e5,-186,-189,3
r2r2k1/3nbpp1/p6p/npp1P3/6b1/PPN1RN2/4BPPP/R1B3K1 w - - 1 17,h2h3,-99,-308,209
r2r2k1/3nbpp1/p6p/npp1P2b/8/PPN1RN1P/4BPP1/R1B3K1 w - - 1 18,e5e6,81,-180,-261
r2r2k1/4bpp1/p3Pn1p/npp4b/8/PPN1RN1P/4BPP1/R1B3K1 w - - 1 19,e6f7,-7,-95,88
r3r3/4Nkp1/p6p/2p4n/1p6/P1N1R2P/5PP1/4R1K1 w - - 0 27,a3b4,410,418,8
r7/5k2/2N2p1p/p7/1p6/4R2P/5PP1/6K1 w - - 0 32,f2f4,255,6,-249
8/3NR3/r4pkp/p7/1p3P2/7P/6P1/6K1 w - - 7 36,g2g4,268,305,37
rnbqkbnr/pppppppp/8/8/8/8/PPPPPPPP/RNBQKBNR w KQkq - 0 1,e2e4,35,30,-5
rnbqkbnr/ppp1pppp/8/3p4/4P3/8/PPPP1PPP/RNBQKBNR w KQkq - 0 2,e4d5,67,66,-1
rnb1kbnr/ppp1pppp/8/3q4/8/8/PPPP1PPP/RNBQKBNR w KQkq - 0 3,d2d3,76,-7,-83
2kr2nr/ppp2ppp/2n5/2q1p3/8/2BP1B2/PPP2PPP/R2Q1RK1 w - - 3 11,a2a4,191,81,-110
2kr3r/ppp1nppp/2n5/2q1p3/P7/2BP1B2/1PP2PPP/R2Q1RK1 w - - 1 12,a4a5,133,80,-53
2kr3r/1pp1nppp/p7/P1q1p3/3n4/3P1B2/1PPB1PPP/R2Q1RK1 w - - 2 14,c2c3,-15,-114,99
7r/1Qpknppp/p7/P1q1p3/8/2P1rB2/1P3PPP/R4RK1 w - - 0 18,f2e3,777,696,-81
rnbqkbnr/pppppppp/8/8/8/8/PPPPPPPP/RNBQKBNR w KQkq - 0 1,d2d3,30,-22,-52
rn1q1knr/p1pp1ppp/1p6/8/5p2/3P1b2/PPP1PP1P/RN2K3 w Q - 0 11,e2f3,-1070,-1100,30
rn3knr/pq1p1ppp/2p5/1p6/4Np2/3P1P2/PPP2P1P/R4K2 w - - 0 15,a2a4,-873,-889,16
rn3knr/pq3ppp/2p5/1p1p4/P3Np2/3P1P2/1PP2P1P/R4K2 w - - 0 16,h2h3,-868,-958,90
rn3knr/pq3ppp/2p5/8/p3pp2/3P1P1P/RPP2P2/5K2 w - - 0 18,h3h4,-1137,-1156,19
rn3knr/1q3ppp/2p5/p7/4pp1P/p2P1P2/RPP1KP2/8 w - - 0 20,d3d4,-1182,-1266,84
rn3knr/1q3ppp/2p5/p7/3Ppp1P/5P2/RpP1KP2/8 w - - 0 21,h4h5,-1287,-10000,8713
rn3knr/1q3ppp/2p5/p6P/3Ppp2/5P2/R1P1KP2/1q6 w - - 0 22,c2c3,-10000,-10000,0
rn3knr/5ppp/2p5/p6P/3Ppp2/2P2P2/qq3PK1/8 w - - 4 25,h5h6,-10000,-10000,0
rn3knr/5p1p/2p4p/p7/3Ppp1K/2P2q2/q7/8 w - - 0 28,d4d5,-10000,-10000,0
rnbqkbnr/pppppppp/8/8/8/8/PPPPPPPP/RNBQKBNR w KQkq - 0 1,e2e4,31,32,1
rnbqk2r/ppp2ppp/3p1n2/2b1p3/2B1P3/2N2N2/PPPP1PPP/R1BQK2R w KQkq - 0 5,d2d4,-13,-15,2
r1b2rk1/ppp1qppp/3p4/4n3/2BQP3/2N5/PPP2PPP/3RR1K1 w - - 5 13,b2b3,98,50,-48
2r3k1/pQ3ppp/3p4/3b2q1/4P3/1P2R3/P1r2PPP/3R2K1 w - - 0 21,e4d5,20,15,-5
rnbqkbnr/pppppppp/8/8/8/8/PPPPPPPP/RNBQKBNR w KQkq - 0 1,g2g3,32,6,-26
rnbqkbnr/pp1p1ppp/4p3/2p5/8/6P1/PPPPPPBP/RNBQK1NR w KQkq - 0 3,d2d4,24,-24,-48
rnbqkbnr/pp3ppp/4p3/2pp4/3P4/6P1/PPP1PPBP/RNBQK1NR w KQkq - 0 4,d4c5,12,-11,-23
rnbqkb1r/pp3ppp/4pn2/2Pp4/8/6P1/PPP1PPBP/RNBQK1NR w KQkq - 1 5,b2b3,-12,-89,77
rnbq1rk1/pp2bppp/4pn2/3p4/8/1P4P1/PBPNPPBP/R2QK1NR w KQ - 4 8,e2e3,-6,-44,38
r1bq1rk1/pp2bppp/2n2n2/3p4/4p3/1P2P1P1/PBPNNPBP/R2Q1RK1 w - - 0 11,c2c4,67,83,16
3r2k1/p4rpp/1p3p2/8/1bNB4/1P2P1P1/P4P1P/R2R2K1 w - - 2 24,a2a3,536,523,-13
3r2k1/p3brpp/1p3p2/8/2NB4/PP2P1P1/5P1P/R2R2K1 w - - 1 25,b3b4,559,550,-9
3r2k1/p6p/1p4p1/5p2/1P1r3N/P3P1P1/5PKP/R7 w - - 0 32,e3d4,501,483,-18
8/7p/1p4p1/1N1k1p2/1Pr5/P5P1/5PKP/R7 w - - 3 42,a3a4,541,431,-110
8/6kp/1p4p1/5p2/P2N4/6P1/5PKP/R7 w - - 1 54,a4a5,852,791,-61
8/6k1/1p4pp/P4p2/3N4/6P1/5PKP/R7 w - - 0 55,a5b6,927,1031,104
8/6k1/1P4p1/5p1p/3N4/6P1/5PKP/R7 w - - 0 56,b6b7,10000,10000,0
8/1P4k1/6p1/5p2/3N3p/6P1/5PKP/R7 w - - 0 57,b7b8q,10000,10000,0
rnbqkbnr/pppppppp/8/8/8/8/PPPPPPPP/RNBQKBNR w KQkq - 0 1,b2b3,33,-32,-65
rnbqk1nr/pp1pppbp/2p5/6p1/8/1P6/P1PPPPPP/RN1QKBNR w KQkq - 0 4,c2c3,-650,-673,23
rnbqk1nr/pp1ppp1p/2p2b2/6p1/8/1PP5/P2PPPPP/RN1QKBNR w KQkq - 1 5,h2h4,-568,-590,22
rnbqkbnr/pppppppp/8/8/8/8/PPPPPPPP/RNBQKBNR w KQkq - 0 1,e2e4,28,28,0
r1bqkbnr/pp1ppppp/2n5/2p5/4P3/5N2/PPPP1PPP/RNBQKB1R w KQkq - 2 3,d2d4,44,35,-9
r1bqk2r/p4ppp/2p2n2/3pp3/1bB1P3/2N5/PPPB1PPP/R2QK2R w KQkq - 0 9,e4d5,-61,-69,8
r1b4r/p3k1pp/5p2/4p3/1nB5/8/PPP2PPP/2KRR3 w - - 0 15,f2f4,-293,-334,41
3r3r/p3k1pp/b4p2/4p3/1n3P2/1B6/PPP3PP/2KRR3 w - - 3 17,f4e5,-307,-372,65
7r/p5pp/b4k2/4p3/1n6/1B6/PPP3PP/2K1R3 w - - 2 20,h2h4,-326,-408,82
7r/p5p1/b4k1p/4p3/1n5P/1B6/PPP3P1/2K1R3 w - - 0 21,g2g4,-305,-423,118
4B3/p5k1/b6p/5Rp1/1n2p1PP/8/PPP5/2K5 w - - 0 26,h4g5,457,454,-3
rnbqkbnr/pppppppp/8/8/8/8/PPPPPPPP/RNBQKBNR w KQkq - 0 1,d2d3,30,-19,-49
rnbqkbnr/pppppp1p/6p1/8/8/3P4/PPP1PPPP/RNBQKBNR w KQkq - 0 2,e2e3,5,-26,-31
rnbq1k1r/ppppp1b1/5n1p/5pp1/8/3PPB2/PPP2PPP/RNBQK1NR w KQ - 4 8,b2b3,14,-89,-103
rnbq1k1r/p1ppp1b1/1p3n1p/5p2/6p1/1P1PP3/P1P1BPPP/RNBQK1NR w KQ - 0 10,d3d4,-16,-78,62
rn1q1k1r/p3p1b1/1pp2n1p/5p2/2pP2p1/1P2P3/P1P2PPP/RNB1K1NR w KQ - 0 17,b3c4,-800,-811,11
rn3k1r/p3p1b1/1ppq1n1p/5p2/2PP2p1/4P3/P1P2PPP/RNB1K1NR w KQ - 1 18,e3e4,-725,-818,93
rn3k1r/p3p3/1ppq1n2/5p2/2PP2p1/4b3/P1P1NPPP/RN3RK1 w - - 2 22,g2g3,-831,-845,14
rn1q1k1r/p3p3/1pp2n2/5p2/2PP1bp1/6P1/P1P2P1P/RN3RK1 w - - 0 24,g3f4,-955,-992,37
rnbqkbnr/pppppppp/8/8/8/8/PPPPPPPP/RNBQKBNR w KQkq - 0 1,e2e4,36,31,-5
rnbqkbnr/ppp2ppp/4p3/3p4/4P3/5N2/PPPP1PPP/RNBQKB1R w KQkq - 0 3,e4e5,22,16,-6
rnbqkbnr/pp3ppp/4p3/2ppP3/8/5N2/PPPP1PPP/RNBQKB1R w KQkq - 0 4,c2c3,16,13,-3
r1bqkbnr/pp3ppp/2n1p3/2ppP3/8/2P2N2/PP1P1PPP/RNBQKB1R w KQkq - 1 5,d2d4,26,33,7
r3k2r/pp1bbppp/1qn1p3/2ppP3/3P4/2P2N2/PP1N1PPP/R1BQ1RK1 w kq - 4 10,d4c5,11,19,8
r3k2r/pp1b1ppp/1qn1p3/2bpP3/8/2P2N2/PP1N1PPP/R1BQ1RK1 w kq - 0 11,b2b4,27,17,-10
r3k2r/pp1bbppp/1qn1p3/3pP3/1P6/2P2N2/P2N1PPP/R1BQ1RK1 w kq - 1 12,a2a4,16,16,0
r3k2r/ppqbbppp/2n1p3/3pP3/PP6/2P2N2/3N1PPP/R1BQ1RK1 w kq - 1 13,b4b5,13,-161,-174
5rk1/p2r1ppp/1p2p3/1P1p4/P7/b1PQ4/5PPP/5RK1 w - - 0 22,c3c4,-60,-60,0
5rk1/p2r1ppp/1p2p3/1Pbp4/P1P5/3Q4/5PPP/5RK1 w - - 1 23,c4d5,-44,-124,80
3r2k1/p4ppp/1p2p3/1Pbr4/P7/5Q2/5PPP/5RK1 w - - 2 25,h2h3,-124,-151,27
3r2k1/p4p1p/1p2p1p1/1Pbr4/P7/5Q1P/5PP1/5RK1 w - - 0 26,g2g4,-142,-135,-7
3r4/p4pkp/1p2p1p1/1Pbr4/P5P1/5Q1P/5P2/5RK1 w - - 1 27,h3h4,-88,-184,96
rnbqkbnr/pppppppp/8/8/8/8/PPPPPPPP/RNBQKBNR w KQkq - 0 1,b2b3,34,-23,-57
rnbqkbnr/1p1ppppp/p1p5/8/8/1P6/PBPPPPPP/RN1QKBNR w KQkq - 0 3,a2a3,21,4,-17
rnbqkbnr/1p1ppppp/2p5/p7/8/PP6/1BPPPPPP/RN1QKBNR w KQkq - 0 4,b3b4,33,-42,-75
rnbqkbnr/1p1ppppp/2p5/8/pP6/P7/1BPPPPPP/RN1QKBNR w KQkq - 0 5,b4b5,126,6,-120
1nbqkbnr/rp1ppppp/2p5/1P6/p7/P7/1BPPPPPP/RN1QKBNR w KQk - 1 6,b5c6,90,30,-60
2bqkbnr/rp1ppppp/2n5/8/p7/P7/1BPPPPPP/RN1QKBNR w KQk - 0 7,d2d3,98,-23,-121
r1bqkbnr/1p1ppppp/2n5/8/p7/P2P4/1BP1PPPP/RN1QKBNR w KQk - 1 8,g2g3,11,-4,-15
r1bqkbnr/1p2pppp/2p5/8/p7/P2P2P1/1BP1PP1P/RN1QK1NR w KQk - 0 11,h2h4,-34,-87,53
r2qkbnr/1p2pppp/2p5/8/p5bP/P2P2P1/1BP1PP2/RN1QK1NR w KQk - 1 12,f2f3,-32,-43,11
r2qkbnr/1p2pppp/2p5/7b/p6P/P2P1PP1/1BP1P3/RN1QK1NR w KQk - 1 13,g3g4,247,239,-8
r2qkbnr/1p2pppp/2p3b1/8/p5PP/P2P1P2/1BP1P3/RN1QK1NR w KQk - 1 14,h4h5,359,339,-20
r2qkbnr/1p2pppp/2p5/7P/p5P1/P2b1P2/1BP1P3/RN1QK1NR w KQk - 0 15,e2d3,429,389,-40
r2qkbnr/1p3ppp/2p1p3/7P/p5P1/P2P1P2/1BP5/RN1QK1NR w KQk - 0 16,h5h6,396,322,-74
r3kbnr/1p3ppp/2p1pq1P/8/p5P1/P2P1P2/1BP5/RN1QK1NR w KQk - 1 17,h6g7,757,384,-373
r3kbnr/1p3pqp/2p1p3/8/p5P1/P2P1P2/R1P5/1N1QK1NR w Kk - 0 19,c2c4,-242,-237,-5
rnbqkbnr/pppppppp/8/8/8/8/PPPPPPPP/RNBQKBNR w KQkq - 0 1,e2e4,33,34,1
rnbqkbnr/pp3ppp/3pp3/2p5/2B1P3/5N2/PPPP1PPP/RNBQK2R w KQkq - 0 4,a2a3,25,-1,-26
rnbqkb1r/pp3ppp/3ppn2/2p5/2B1P3/P4N2/1PPP1PPP/RNBQK2R w KQkq - 1 5,d2d3,-13,-11,-2
rnbqk2r/1p2bppp/p2ppn2/2p5/2B1P3/P1NP1N2/1PP2PPP/R1BQK2R w KQkq - 0 7,h2h3,-19,-24,5
2r2rk1/1bqnbppp/p2ppn2/2p5/1p2PB2/P2P1N1P/BPP1NPP1/2RQR1K1 w - - 2 14,c2c3,43,-22,-65
2r2rk1/1b1nbppp/p3pn2/q1pp4/1p2PB2/PQPP1N1P/BP2NPP1/2R1R1K1 w - - 0 16,c3b4,71,96,25
2r2rk1/1b1nbppp/p3pn2/q2p4/1p2PB2/PQ1P1N1P/BP2NPP1/2R1R1K1 w - - 0 17,a3b4,157,-205,-362
2r2rk1/1b1n1ppp/p3pn2/q7/1b2pB2/1Q1P1N1P/BP2NPP1/2RR2K1 w - - 0 19,d3e4,-272,-284,12
2R5/3n1r1k/p3b1p1/4q1Bn/1b5Q/7P/5PP1/3R2K1 w - - 4 31,g2g4,-362,-472,110
2R5/3n1r1k/p2bb1p1/4q1Bn/6PQ/7P/5P2/3R2K1 w - - 1 32,f2f4,-352,-511,159
rnbqkbnr/pppppppp/8/8/8/8/PPPPPPPP/RNBQKBNR w KQkq - 0 1,e2e4,32,33,1
rnbqkbnr/ppp1pppp/8/3p4/4P3/8/PPPP1PPP/RNBQKBNR w KQkq - 0 2,e4e5,63,-14,-77
r3kbnr/p1q1pppp/2p5/2ppP3/6b1/5N2/PPPP1PPP/RNBQ1RK1 w kq - 2 7,d2d4,-13,-134,121
r3kbnr/p1q1pppp/2p5/3pP3/3Q4/5b2/PPP2PPP/RNB2RK1 w kq - 0 9,g2f3,-135,-145,10
r3kbnr/p1q2pp1/2p1p3/3pP2p/3Q4/2N2P2/PPP2P1P/R1B2RK1 w kq - 0 11,f3f4,-131,-151,20
r3kb1r/5pp1/2q1p3/p1p1P3/3p1PQn/6Np/PPPB1P1P/R4R1K w kq - 2 20,f2f3,-228,-228,0
1r2kb1r/5pp1/2q1p3/p1p1P3/3p1PQn/5PNp/PPPB3P/R4R1K w k - 1 21,b2b3,-153,-147,-6
4kb1r/5pp1/2q1p3/2p1P3/1p1p1PQn/1P3PNp/P1P4P/R4R1K w k - 0 23,a2a3,174,38,-136
rnbqkbnr/pppppppp/8/8/8/8/PPPPPPPP/RNBQKBNR w KQkq - 0 1,e2e4,32,29,-3
rnbqkbnr/ppp1pppp/8/3p4/4P3/8/PPPP1PPP/RNBQKBNR w KQkq - 0 2,e4d5,57,64,7
rnbqkbnr/ppp2pp1/4p2p/8/8/2N2N2/PPPPBPPP/R1BQK2R w KQkq - 0 6,d2d3,50,32,-18
5rk1/pb4p1/np5p/2pq1p1Q/3p4/3P4/PPP1RPPP/R5K1 w - - 6 26,f2f3,-205,-303,98
5rk1/pbn3p1/1p5p/2pq1p1Q/3p4/3P1P2/PPP1R1PP/R5K1 w - - 1 27,a2a3,-322,-366,44
rnbqkbnr/pppppppp/8/8/8/8/PPPPPPPP/RNBQKBNR w KQkq - 0 1,e2e3,32,6,-26
rnbqkbnr/pppppp1p/6p1/8/8/4P3/PPPP1PPP/RNBQKBNR w KQkq - 0 2,e3e4,11,-24,-35
rnbqk1nr/ppppppbp/6p1/8/4P3/8/PPPP1PPP/RNBQKBNR w KQkq - 1 3,f2f4,12,-48,-60
rnbqk1nr/ppppppb1/6pp/8/4PP2/8/PPPP2PP/RNBQKBNR w KQkq - 0 4,g2g4,50,-160,-210
rnbqk1nr/p1ppppb1/1p4pp/8/4PPP1/8/PPPP3P/RNBQKBNR w KQkq - 0 5,h2h4,-51,-66,15
rn1qk1nr/pbppppb1/1p4pp/8/4PPPP/8/PPPP4/RNBQKBNR w KQkq - 1 6,d2d3,-61,-78,17
rn1qk1nr/pbppp1b1/1p4pp/5p2/4PPPP/3P4/PPP5/RNBQKBNR w KQkq - 0 7,e4f5,200,-433,-633
rn2k1nr/p1pp2b1/1p2pq2/7p/5P1P/3PR3/PPPQ2p1/RNB1K1N1 w Qkq - 0 15,d3d4,-56,-471,415
rn2k1nr/p1p3b1/1p2p3/3p3p/3q1P1P/4R3/PPP3Q1/RNB1K1N1 w Qkq - 0 17,c2c3,274,95,-179
rn2k1nr/p1p3b1/1p2p3/2qp3p/5P1P/2P1R3/PP4Q1/RNB1K1N1 w Qkq - 1 18,b2b4,444,-78,-522
rnbqkbnr/pppppppp/8/8/8/8/PPPPPPPP/RNBQKBNR w KQkq - 0 1,e2e4,30,27,-3
rnbqkbnr/pp3ppp/4p3/2pp4/4P3/5N2/PPPPBPPP/RNBQK2R w KQkq - 0 4,e4e5,15,-44,-59
rnbqkbnr/pp4pp/4pp2/2ppP3/8/5N2/PPPPBPPP/RNBQK2R w KQkq - 0 5,d2d3,5,-66,-71
rnbqkb1r/pp4pp/4pn2/2ppN3/8/3P4/PPP1BPPP/RNBQK2R w KQkq - 1 7,d3d4,-21,-66,45
r1bqkb1r/p5pp/2p1pn2/2pp4/3P4/8/PPP1BPPP/RNBQK2R w KQkq - 0 9,c2c3,-65,-78,13
r1b2rk1/p5pp/3qpn2/2pp4/8/2P5/PP2BPPP/RN1Q1RK1 w - - 0 15,c3c4,-51,-56,5
1r2r1k1/pb4pp/3q4/2p5/2PpB3/8/PP2QPPP/R2R2K1 w - - 1 22,f2f3,-51,-44,-7
1r2r1k1/p5pp/8/2p5/2Ppbq2/3Q1P2/PP4PP/R2R2K1 w - - 0 24,f3e4,-256,-284,28
rnbqkbnr/pppppppp/8/8/8/8/PPPPPPPP/RNBQKBNR w KQkq - 0 1,d2d4,31,17,-14
rnbqkbnr/ppp1pppp/8/3p4/3P4/8/PPP1PPPP/RNBQKBNR w KQkq - 0 2,c2c4,21,21,0
rn1qkb1r/ppp2ppp/4pn2/3p4/2PP4/5N2/PP2PPPP/R1BQKB1R w KQkq - 0 6,g2g3,36,24,-12
r2q1rk1/1pp2ppp/4p3/3n4/2Q5/5Nn1/PP3PBP/R4R1K w - - 0 16,f2g3,363,-8,-371
5rk1/1R5p/8/8/6p1/5pP1/PP5P/5R1K w - - 0 26,a2a4,557,646,89
4r1k1/1R5p/8/8/P5p1/5pP1/1P5P/5R1K w - - 1 27,b2b4,656,579,-77
6k1/1R5p/8/8/PP4p1/5pP1/4r2P/5R1K w - - 1 28,a4a5,702,717,15
r5k1/1R6/8/P6p/1P4p1/6P1/R5KP/8 w - - 3 32,a5a6,812,825,13
r4k2/1R6/P7/7p/1P4p1/6P1/R5KP/8 w - - 1 33,a6a7,897,1023,126
1r3k2/P7/8/8/1P4pp/6P1/R5KP/8 w - - 0 35,a7b8q,10000,10000,0
rnbqkbnr/pppppppp/8/8/8/8/PPPPPPPP/RNBQKBNR w KQkq - 0 1,b2b3,32,-24,-56
rnbqkbnr/pp2pppp/2pp4/8/8/1P6/PBPPPPPP/RN1QKBNR w KQkq - 0 3,a2a3,10,-13,-23
rnbqkbnr/p3pppp/1ppp4/8/8/PP6/1BPPPPPP/RN1QKBNR w KQkq - 0 4,b3b4,39,-5,-44
rnbqkbnr/4pppp/pppp4/8/1P6/P7/1BPPPPPP/RN1QKBNR w KQkq - 0 5,g2g3,27,11,-16
rnbqkbnr/6pp/pppppp2/8/1P6/P5P1/1BPPPPBP/RN1QK1NR w KQkq - 0 7,h2h4,106,55,-51
rnbqkbnr/6pp/pppp1p2/4p3/1P5P/P5P1/1BPPPPB1/RN1QK1NR w KQkq - 0 8,h4h5,103,8,-95
rnbqkbnr/6pp/ppp2p2/3pp2P/1P6/P5P1/1BPPPPB1/RN1QK1NR w KQkq - 0 9,g3g4,7,-115,-122
rnbqkbnr/6pp/pp3p2/2ppp2P/1P4P1/P7/1BPPPPB1/RN1QK1NR w KQkq - 0 10,f2f3,97,-142,-239
rnbqkbnr/6pp/pp3p2/3pp2P/1p4P1/P4P2/1BPPP1B1/RN1QK1NR w KQkq - 0 11,a3b4,-95,-97,2
rnbqk1nr/6pp/pp3p2/3pp2P/1b4P1/5P2/1BPPP1B1/RN1QK1NR w KQkq - 0 12,c2c3,-80,-146,66
rnbqk1nr/6pp/pp3p2/b2pp2P/6P1/2P2P2/1B1PP1B1/RN1QK1NR w KQkq - 1 13,h5h6,-34,-226,192
rnbqk1nr/7p/pp3ppP/b2pp3/6P1/2P2P2/1B1PP1B1/RN1QK1NR w KQkq - 0 14,f3f4,-45,-32,-13
rnbqk1nr/7p/p4ppP/bp1pp3/5PP1/2P5/1B1PP1B1/RN1QK1NR w KQkq - 0 15,f4e5,70,14,-56
rnbqk1nr/2b4p/p4ppP/1p1pP3/6P1/2P5/1B1PP1B1/RN1QK1NR w KQkq - 1 16,e5f6,116,-178,-294
rnbqk2r/2b4p/p4npP/1p1p4/6P1/2P5/1B1PP1B1/RN1QK1NR w KQkq - 0 17,c3c4,-50,-213,163
rnbq1rk1/2b4p/p4npP/1p1p4/2P3P1/8/1B1PP1B1/RN1QK1NR w KQ - 1 18,g4g5,-185,-283,98
rnbq2k1/5rBp/p2b2pP/1p1p2P1/2P1B3/8/3PP3/RN1QK1NR w KQ - 1 21,c4d5,195,-10000,-10195
rnbqkbnr/pppppppp/8/8/8/8/PPPPPPPP/RNBQKBNR w KQkq - 0 1,e2e4,31,28,-3
rnbqkbnr/pp1p1ppp/4p3/2p5/4P3/5N2/PPPP1PPP/RNBQKB1R w KQkq - 0 3,d2d4,32,37,5
rnb1k2r/2qp1pp1/pp2pn1p/8/1b1NP3/2N1B3/PPPQ1PPP/2KR1B1R w kq - 4 10,f2f4,35,-225,-260
rnb1k2r/3p1pp1/pp2pn1p/8/3NPP2/2q1B3/PPP3PP/2KR1B1R w kq - 0 12,b2c3,-101,-76,-25
rnb1k2r/5pp1/pp2p2p/3p4/1n1N1P2/3BB3/1KPR2PP/4R3 w kq - 2 17,c2c3,-204,-312,108
rnbqkbnr/pppppppp/8/8/8/8/PPPPPPPP/RNBQKBNR w KQkq - 0 1,e2e4,25,26,1
rnbqkbnr/ppp1pppp/8/3p4/4P3/8/PPPP1PPP/RNBQKBNR w KQkq - 0 2,e4e5,67,-15,-82
rnbqkbnr/pp2pppp/8/2ppP3/8/8/PPPP1PPP/RNBQKBNR w KQkq - 0 3,c2c3,-24,-22,-2
r1bqkbnr/pp2pppp/2n5/2ppP3/8/2P5/PP1P1PPP/RNBQKBNR w KQkq - 1 4,d2d4,-27,-26,-1
r2qk2r/p3pp1p/2p3p1/2ppP3/3P4/2P2b2/PP1Q1PPP/R3K2R w KQkq - 0 11,g2f3,-36,-40,4
2kr3r/p2qpp2/2p3p1/3pP1Qp/2pP4/2P2P2/PP3P1P/R4R1K w - - 2 15,b2b3,-10,-10,0
2k3rr/p2qpp2/2p3p1/3pP1Qp/2pP4/1PP2P2/P4P1P/R4R1K w - - 1 16,b3c4,97,100,3
2k3rr/p3p3/2p1qpp1/3pP1Qp/2PP4/2P2P2/P4P1P/1R3R1K w - - 0 18,e5f6,295,302,7
rnbqkbnr/pppppppp/8/8/8/8/PPPPPPPP/RNBQKBNR w KQkq - 0 1,e2e4,22,22,0
r1bqkb1r/pppp1ppp/2n2n2/4p3/4P3/2N2N2/PPPP1PPP/R1BQKB1R w KQkq - 4 4,d2d4,9,-2,-11
r3kb1r/pppq1ppp/3p4/3n4/3QP1b1/3B4/PPP2PPP/R1B2RK1 w kq - 0 10,e4d5,268,247,-21
Q2r1b1r/1p1kqppp/2pp4/1B1P4/6b1/8/PPP2PPP/R1B2RK1 w - - 0 14,d5c6,10000,711,-9289
Q2rkb1r/1p2qppp/2Pp4/1B6/6b1/8/PPP2PPP/R1B2RK1 w - - 1 15,c6c7,931,921,-10
Q2rkb1r/1pPbqppp/3p4/1B6/8/8/PPP2PPP/R1B2RK1 w - - 1 16,c7d8q,920,934,14
7r/1p1k1ppp/3p1b2/8/8/4B3/PPP2PPP/R3R1K1 w - - 2 21,c2c3,668,680,12
2r5/1p1k2pp/3p1p2/6b1/3B4/2P5/PP2RPPP/R5K1 w - - 0 24,g2g3,682,699,17
r7/5R2/2kp1p2/1p4pp/8/2P3P1/PP3P1P/4R1K1 w - - 4 30,a2a3,706,717,11
r7/5R2/2kp1p2/6pp/1p6/P1P3P1/1P3P1P/4R1K1 w - - 0 31,c3b4,799,790,-9
r7/2R1R3/3p4/3k2pp/1P3p2/P5P1/1P3P1P/6K1 w - - 0 34,g3f4,757,733,-24
r7/2R1R3/3p4/3k3p/1P3p2/P7/1P3P1P/6K1 w - - 0 35,b4b5,749,665,-84
1r6/2R1R3/3p4/1P1k3p/5p2/P7/1P3P1P/6K1 w - - 1 36,a3a4,733,740,7
2r5/1R2R3/3p4/1P5p/P2k1p2/8/1P3P1P/6K1 w - - 3 38,a4a5,752,648,-104
2r5/1R2R3/8/PP1p3p/3k1p2/8/1P3P1P/6K1 w - - 0 39,a5a6,686,721,35
8/1R2R3/P7/1P1p3p/3k1p2/8/1P3PKP/1r6 w - - 3 41,a6a7,763,798,35
8/PR2R3/8/1P1p3p/3k1p2/8/1r3PKP/8 w - - 0 42,a7a8q,1024,1046,22
8/1R2R3/8/1P1p3p/5p2/8/1k3PKP/8 w - - 0 45,b5b6,850,925,75
8/3RR3/1P6/7p/3p1p2/2k5/5PKP/8 w - - 2 47,b6b7,1192,10000,8808
8/1P1RR3/8/7p/5p2/2kp4/5PKP/8 w - - 0 48,b7b8q,10000,10000,0
rnbqkbnr/pppppppp/8/8/8/8/PPPPPPPP/RNBQKBNR w KQkq - 0 1,e2e4,22,21,-1
rnbqk1nr/ppppppbp/6p1/8/4P3/8/PPPPBPPP/RNBQK1NR w KQkq - 2 3,d2d4,53,52,-1
rnbq1rk1/pp1pn1bp/2p1p1p1/8/3PN3/4BN2/PPP1BPPP/R2Q1RK1 w - - 0 9,c2c3,147,142,-5
rnb3k1/1pqp1rbp/p1p1p1p1/3n4/3P4/2P2NN1/PPQBBPPP/R4RK1 w - - 0 13,b2b4,263,184,-79
rnb3k1/1p3rbp/2p1p1p1/3p4/1p1P1q2/2P3N1/P1QN1PPP/R3RBK1 w - - 0 18,c3b4,-189,-413,224
rnbqkbnr/pppppppp/8/8/8/8/PPPPPPPP/RNBQKBNR w KQkq - 0 1,e2e4,19,22,3
rnbqkbnr/pp1p1ppp/4p3/2p5/2B1P3/8/PPPP1PPP/RNBQK1NR w KQkq - 0 3,d2d3,-2,-34,32
rnbqkbnr/pp3ppp/4p3/2pp4/2B1P3/3P4/PPP2PPP/RNBQK1NR w KQkq - 0 4,e4d5,-31,-41,10
r1bqk2r/p3bppp/2p2n2/2pp4/8/2NP1N2/PPP2PPP/R1BQK2R w KQkq - 4 9,d3d4,-14,-142,128
r1bq1rk1/p3bppp/2p2n2/2pp4/3P4/2N2N2/PPP2PPP/R1BQK2R w KQ - 1 10,d4c5,-105,-196,91
r2qr1k1/p4ppp/2p2n2/2bp4/5Bb1/2N2N2/PPP2PPP/R2Q1RK1 w - - 4 13,h2h3,-91,-90,-1
r2qr1k1/p4ppp/2p2n2/2bp3b/5B2/2N2N1P/PPP2PP1/R2Q1RK1 w - - 1 14,g2g4,-79,-151,72
r2qr1k1/p4ppp/2p5/2bp3b/5Bn1/2N2N1P/PPP2P2/R2Q1RK1 w - - 0 15,h3g4,-183,-166,-17
rnbqkbnr/pppppppp/8/8/8/8/PPPPPPPP/RNBQKBNR w KQkq - 0 1,d2d4,26,23,-3
rnbqkbnr/ppp1pppp/8/3p4/3P4/8/PPP1PPPP/RNBQKBNR w KQkq - 0 2,e2e3,16,5,-11
rn1qkbnr/1b2pppp/ppp5/3p4/3P4/4PN2/PPP1BPPP/RNBQ1RK1 w kq - 2 6,b2b3,37,27,-10
rn2k1nr/1b2bppp/pp1qp3/3p4/3N4/1P2PB2/PBPN1PPP/R2Q1RK1 w kq - 4 11,c2c4,227,238,11
rn1bk1nr/1b3ppp/pp1qp3/3p4/2PN4/1P2PB2/PB1N1PPP/R2Q1RK1 w kq - 1 12,c4d5,503,511,8
rn2k1nr/1bb2ppp/pp1qp3/3P4/3N4/1P2PB2/PB1N1PPP/R2Q1RK1 w kq - 1 13,d5e6,547,-10000,-10547
rnbqkbnr/pppppppp/8/8/8/8/PPPPPPPP/RNBQKBNR w KQkq - 0 1,e2e4,25,26,1
rn1qkbnr/ppp2ppp/3pp3/8/2B1P3/5Q2/PPPP1PPP/RNB1K2R w KQkq - 0 5,d2d4,109,106,-3
rn1qkb1r/ppp1nppp/4p3/3p4/2BPP3/5Q2/PPP2PPP/RNB2RK1 w kq - 0 7,e4d5,149,150,1
rn1qkb1r/ppp1np1p/6p1/3p4/3P4/3B1Q2/PPP2PPP/RNB2RK1 w kq - 0 9,c2c3,229,185,-44
rnbqkbnr/pppppppp/8/8/8/8/PPPPPPPP/RNBQKBNR w KQkq - 0 1,d2d4,17,18,1
rnbqkbnr/ppp1pppp/8/3p4/3P4/8/PPP1PPPP/RNBQKBNR w KQkq - 0 2,c2c4,19,21,2
rnbqkbnr/pp2pppp/8/2p5/2pP4/2N5/PP2PPPP/R1BQKBNR w KQkq - 0 4,d4d5,45,36,-9
rnbqkb1r/pp2pppp/5n2/2pP4/2p5/2N5/PP2PPPP/R1BQKBNR w KQkq - 1 5,e2e4,59,49,-10
rn1qk2r/5ppp/p4n2/1pbPN3/2p1P1b1/2N5/PP3PPP/RBBQK2R w KQkq - 1 11,f2f3,493,94,-399
rn1qk2r/5ppp/p4n2/1pbPN3/2p1P3/2N2b2/PP4PP/RBBQK2R w KQkq - 0 12,g2f3,338,323,-15
r3r1k1/5ppp/p1N4Q/2nPq3/2p1P3/1p3P2/PPB4P/2KR2R1 w - - 2 24,a2b3,772,674,-98
rnbqkbnr/pppppppp/8/8/8/8/PPPPPPPP/RNBQKBNR w KQkq - 0 1,e2e4,17,15,-2
rnbqkbnr/ppp1pppp/8/3p4/4P3/8/PPPP1PPP/RNBQKBNR w KQkq - 0 2,e4e5,60,-29,-89
rnbqkbnr/ppp2ppp/4p3/3pP3/8/8/PPPP1PPP/RNBQKBNR w KQkq - 0 3,d2d4,16,23,7
r2qkbnr/pppb1ppp/2n1p3/3pP3/3P4/5N2/PPP2PPP/RNBQKB1R w KQkq - 3 5,c2c3,105,102,-3
r1q1kbnr/2pb1ppp/p1n1p3/1p1pP3/3P4/2PB1N2/PP3PPP/RNBQ1RK1 w kq - 0 8,b2b4,204,119,-85
1rq1k1r1/2pb1p1p/p1n1pB2/1pNpP3/1P1n4/2PB1N2/P4PPP/R2Q1RK1 w - - 0 15,c3d4,784,783,-1
rnbqkbnr/pppppppp/8/8/8/8/PPPPPPPP/RNBQKBNR w KQkq - 0 1,e2e4,18,19,1
rnbqkbnr/ppp2ppp/3pp3/8/4P3/5N2/PPPP1PPP/RNBQKB1R w KQkq - 0 3,c2c3,85,42,-43
rnbqkbnr/ppp3pp/3ppp2/8/4P3/2P2N2/PP1P1PPP/RNBQKB1R w KQkq - 0 4,d2d4,131,119,-12
rnbqkbnr/p1p3pp/1p1ppp2/8/3PP3/2P2N2/PP3PPP/RNBQKB1R w KQkq - 0 5,e4e5,187,62,-125
rnb1kbnr/p1pq3p/1p1ppp2/4P1p1/3P1B2/2P2N2/PP3PPP/RN1QKB1R w KQkq - 0 7,e5d6,75,-283,-358
rnb1kbnr/p1pq3p/1p1Ppp2/8/3P1p2/2P2N2/PP3PPP/RN1QKB1R w KQkq - 0 8,d6c7,-303,-336,33
rnbqkbnr/pppppppp/8/8/8/8/PPPPPPPP/RNBQKBNR w KQkq - 0 1,e2e4,19,19,0
r1bqkb1r/pppp1ppp/2n2n2/4p3/2B1P3/2N5/PPPP1PPP/R1BQK1NR w KQkq - 4 4,d2d3,-5,-8,3
r1b1k2r/ppp1qppp/2np1n2/4p1B1/1bB1P3/2NP4/PPPQ1PPP/R3K1NR w KQkq - 2 7,a2a3,-2,-16,14
r1b1k2r/ppp1qppp/2np1n2/b3p1B1/2B1P3/P1NP4/1PPQ1PPP/R3K1NR w KQkq - 1 8,b2b4,191,184,-7
r1b1k1r1/pppq1p1p/3p1p2/4p3/1PBnP3/P2P4/2PQ1PPP/R3K1NR w KQq - 3 14,g2g3,-15,-105,90
2kr1r2/pbp4p/1p1p4/4pp2/1P2P3/PB1P2P1/2P2P1P/R3K2R w KQ - 0 21,f2f3,168,158,-10
2kr1r2/pbp4p/1p1p4/4p3/1P2Pp2/PB1P1PP1/2P4P/R3K2R w KQ - 0 22,g3g4,220,205,-15
2kr4/pbp4p/1p1p1r2/4p3/1P2PpP1/PB1P1P2/2P4P/R3K2R w KQ - 1 23,h2h4,251,255,4
2kr4/pbp4p/1p3r2/4p3/1P2ppPP/PB1P1P2/2P5/3RK2R w K - 0 25,d3e4,217,173,-44
2k5/p7/bp3r1p/2p1p3/1P2PpPP/PB3P2/2P2K2/7R w - - 0 29,b4c5,266,250,-16
rnbqkbnr/pppppppp/8/8/8/8/PPPPPPPP/RNBQKBNR w KQkq - 0 1,e2e4,21,19,-2
rnbqkbnr/ppp1pppp/8/3p4/4P3/8/PPPP1PPP/RNBQKBNR w KQkq - 0 2,e4d5,67,70,3
rnb1kb1r/ppp1pppp/8/3q4/8/8/PPPP1PPP/R1BQKBNR w KQkq - 0 5,b2b3,-20,-375,355
r1b1k2r/ppp2ppp/1qnb4/4p3/2B5/1PB2N2/P1PP1PPP/R2QK2R w KQkq - 8 10,a2a4,156,17,-139
3rr1k1/5pp1/1qpp2bp/p3p3/P7/1PB2Q2/2PP1PPP/4RRK1 w - - 0 19,d2d3,-26,-150,124
r3r1k1/6p1/3p1pbp/p3p3/P2p4/1P3R2/3B1PPP/4R1K1 w - - 4 28,g2g4,-404,-466,62
r3r1k1/5bp1/3p1p1p/p3p3/P2p2P1/1P3R2/3B1P1P/4R1K1 w - - 1 29,h2h3,-445,-503,58
rr4k1/5bp1/5p1p/p2p4/P2ppRP1/1P5P/3B1P2/1R4K1 w - - 0 32,h3h4,-394,-396,2
r7/4kbp1/5p1p/3p4/Pp2pRPP/1P1p4/3R1P2/5K2 w - - 4 37,f2f3,-177,-269,92
r7/4kb2/5p1p/3p2p1/Pp2pRPP/1P1p1P2/3R4/5K2 w - - 0 38,h4g5,-235,-230,-5
r7/4k3/4bp2/3p1Rp1/Pp2p1P1/1P1p1P2/3R4/5K2 w - - 2 40,f3e4,-243,-222,-21
r7/4k3/5p2/3p1bp1/Pp2P1P1/1P1p4/3R4/5K2 w - - 0 41,e4f5,-120,-90,-30
8/8/5p2/4kPp1/PR1p2P1/1Pr5/4K3/8 w - - 0 48,a4a5,239,260,21
8/8/5p2/P3kPp1/R2p2P1/1P6/4K3/1r6 w - - 3 50,a5a6,426,485,59
8/8/P4p2/4kPp1/R2p2P1/1r6/4K3/8 w - - 0 51,a6a7,623,636,13
8/P7/5p2/4kPp1/R2p2P1/6r1/3K4/8 w - - 3 53,a7a8q,660,682,22
8/6R1/7k/4KP2/6p1/8/8/8 w - - 2 76,f5f6,1027,10000,8973
8/6R1/5P2/4K2k/6p1/8/8/8 w - - 1 77,f6f7,10000,10000,0
8/5PR1/8/4K3/6pk/8/8/8 w - - 1 78,f7f8q,10000,10000,0
rnbqkbnr/pppppppp/8/8/8/8/PPPPPPPP/RNBQKBNR w KQkq - 0 1,e2e4,21,21,0
rnbqkbnr/pp1p1ppp/4p3/2p5/4P3/5N2/PPPP1PPP/RNBQKB1R w KQkq - 0 3,d2d4,34,43,9
r1bqkbnr/pp3ppp/2n1p3/3p4/4P3/1N6/PPP2PPP/RNBQKB1R w KQkq - 0 6,e4d5,-11,-18,7
2r1k2r/pp3ppp/4bn2/2b5/3N4/8/PPP1BPPP/R1B2RK1 w k - 1 14,c2c3,211,31,-180
2r2rk1/pp4pp/1b2p3/8/8/2P1n3/PP2BPPP/R4RK1 w - - 0 19,f2e3,16,4,-12
rnbqkbnr/pppppppp/8/8/8/8/PPPPPPPP/RNBQKBNR w KQkq - 0 1,e2e4,21,25,4
rnbqkbnr/pp1p1ppp/4p3/2p5/2B1P3/8/PPPP1PPP/RNBQK1NR w KQkq - 0 3,d2d3,-5,-26,21
r1bqkbnr/pp3ppp/2n1p3/2p5/4PB2/3p1N2/PPP1QPPP/RN2K2R w KQkq - 0 7,c2d3,-509,-592,83
r1bqkb1r/pp3ppp/2n1pn2/2p5/4PB2/3P1N2/PP2QPPP/RN2K2R w KQkq - 1 8,e4e5,-559,-623,64
r1b2rk1/pp1n1ppp/2n1p3/2p1P1q1/8/2NP4/PP2QPPP/R4RK1 w - - 0 13,h2h3,-646,-771,125
r1bq1rk1/pp3ppp/2n1p1n1/1Np5/8/3P3P/PP2QPP1/3R1RK1 w - - 4 16,d3d4,-850,-883,33
r1b2rk1/1p3ppp/p3p3/2p3N1/3q1n2/7P/PP3PP1/5R1K w - - 2 22,f2f3,-1086,-1174,88
r1b2rk1/1p3pp1/p3p2p/2p3N1/5n2/5P1P/PP1q2P1/6RK w - - 0 24,a2a4,-1089,-1257,168
r1b2rk1/1p3pp1/p3p3/2p3p1/P4n2/5P1P/1P1q2P1/6RK w - - 0 25,b2b3,-1310,-1404,94
r1b2rk1/1p3pp1/p7/2p1p1p1/P4n2/1P3P1P/3q2P1/6RK w - - 0 26,b3b4,-1268,-1398,130
r1b2rk1/1p3pp1/p7/2p3p1/PP2pn2/5P1P/3q2P1/6RK w - - 0 27,b4c5,-1323,-1362,39
r1b2rk1/1p3pp1/p7/2P3p1/P4n2/5p1P/3q2P1/6RK w - - 0 28,g2f3,-10000,-10000,0
r1b2rk1/1p3pp1/p7/2P3p1/P7/5P2/5q2/7K w - - 0 31,c5c6,-10000,-10000,0
rnbqkbnr/pppppppp/8/8/8/8/PPPPPPPP/RNBQKBNR w KQkq - 0 1,e2e4,25,27,2
rnbqk1nr/ppppppbp/6p1/8/4P3/5N2/PPPP1PPP/RNBQKB1R w KQkq - 2 3,c2c3,72,31,-41
r1bqk1nr/ppppppbp/2n3p1/8/4P3/2P2N2/PP1P1PPP/RNBQKB1R w KQkq - 1 4,d2d4,55,57,2
r1bqk1nr/1ppp1pbp/p1n1p1p1/8/2BPP3/2P2N2/PP3PPP/RNBQK2R w KQkq - 0 6,d4d5,70,-4,-74
r1bqk2r/1ppp1pbp/p1n3p1/3n4/4P3/2P2N2/PP3PPP/RNBQ1RK1 w kq - 0 9,e4d5,58,53,-5
r2q2k1/1p3pbp/p1pp2p1/3P1b2/8/2P1BN2/PP1N1PPP/R3Q1K1 w - - 0 16,d5c6,543,520,-23
rnbqkbnr/pppppppp/8/8/8/8/PPPPPPPP/RNBQKBNR w KQkq - 0 1,d2d4,26,15,-11
rnbqkb1r/pppppppp/5n2/8/3P4/8/PPP1PPPP/RNBQKBNR w KQkq - 1 2,e2e3,18,5,-13
rnbq1rk1/ppp1ppbp/3p1np1/8/3P4/4PN2/PPP1BPPP/RNBQ1RK1 w - - 0 6,c2c3,16,-14,-30
rnbq1rk1/pp2ppbp/3p1np1/2p5/3P4/2P1PN2/PP2BPPP/RNBQ1RK1 w - - 0 7,d4c5,-11,-33,22
rnbr2k1/pp2ppbp/5np1/2p5/8/2P1PN2/PP2BPPP/RNB2RK1 w - - 0 9,b2b3,-36,-194,158
r1br2k1/pp2ppbp/2n3p1/2p5/4n3/1PP1PN2/PB2BPPP/RN3RK1 w - - 3 11,a2a3,-174,-215,41
r1br2k1/pp2ppbp/6p1/n1p5/4n3/PPP1PN2/1B2BPPP/RN3RK1 w - - 1 12,b3b4,-143,-155,12
6k1/pp2ppbp/6p1/2p5/1P6/PbP1P3/1r3PPP/R5K1 w - - 0 20,a3a4,-743,-802,59
6k1/pp2pp1p/6p1/2p5/PP6/1bb1P3/1r3PPP/R5K1 w - - 0 21,b4c5,-815,-804,-11
6k1/pp2pp1p/6p1/2P5/b7/2b1P3/1r3PPP/R5K1 w - - 0 22,c5c6,-783,-861,78
6k1/pp2pp1p/2b3p1/8/8/2b1P3/1r3PPP/R5K1 w - - 0 23,h2h3,-869,-872,3
6k1/4pp1p/2b3p1/p7/1p6/2b1P2P/1r3PPK/2R5 w - - 0 26,g2g3,-901,-981,80
6k1/4pp1p/2b3p1/8/pp6/2b1P1PP/1r3P1K/2R5 w - - 0 27,h3h4,-951,-973,22
6k1/3bpp2/6p1/7p/pp5P/2R1P1PK/5r2/8 w - - 1 30,g3g4,-1065,-1130,65
6k1/4pp2/6p1/7p/p5bP/2p1Pr2/6K1/8 w - - 0 33,e3e4,-10000,-10000,0
6k1/4pp2/6p1/7p/p3P1bP/5r2/2p3K1/8 w - - 0 34,e4e5,-10000,-10000,0
6k1/4pp2/6p1/4P2p/p5bP/5r2/6K1/2q5 w - - 0 35,e5e6,-10000,-10000,0
rnbqkbnr/pppppppp/8/8/8/8/PPPPPPPP/RNBQKBNR w KQkq - 0 1,e2e4,26,21,-5
rnbqkbnr/pppp1ppp/4p3/8/4P3/8/PPPP1PPP/RNBQKBNR w KQkq - 0 2,d2d4,28,29,1
rnbqkbnr/ppp2ppp/4p3/3p4/3PP3/8/PPP2PPP/RNBQKBNR w KQkq - 0 3,e4e5,33,17,-16
r1b1kbnr/pp3ppp/2n1p3/q1ppP3/3P4/4BN2/PPP2PPP/RN1QKB1R w KQkq - 4 6,c2c3,9,-28,-37
rnbqkbnr/pppppppp/8/8/8/8/PPPPPPPP/RNBQKBNR w KQkq - 0 1,d2d4,22,19,-3
rnbqkbnr/pppp1ppp/4p3/8/3P4/8/PPP1PPPP/RNBQKBNR w KQkq - 0 2,c2c4,32,17,-15
rnb1kbnr/4qppp/pp1pp3/2p5/2PP4/1QN2N2/PP1BPPPP/2KR1B1R w kq - 0 8,d4c5,209,63,-146
rn2kbnr/1b2qppp/pp1pp3/2P5/2P5/1QN2N2/PP1BPPPP/2KR1B1R w kq - 1 9,c5d6,434,372,-62
rnbqkbnr/pppppppp/8/8/8/8/PPPPPPPP/RNBQKBNR w KQkq - 0 1,e2e4,25,26,1
rnbqkbnr/pp3ppp/3pp3/2p5/2B1P3/5N2/PPPP1PPP/RNBQK2R w KQkq - 0 4,a2a3,6,-5,-11
rnbqkb1r/pp3ppp/3ppn2/2p5/2B1P3/P4N2/1PPP1PPP/RNBQK2R w KQkq - 1 5,d2d3,-1,1,2
rnbq1rk1/1p2bppp/p2ppn2/2p5/2B1P3/P1NP1N2/1PP2PPP/R1BQ1RK1 w - - 4 8,h2h3,-14,-27,13
r2qr2k/3bbppp/2nppn2/p1p5/1p2P3/P2P1N1P/BPPQNPPB/R3R1K1 w - - 0 17,c2c3,-11,-11,0
r3r2k/3bb2n/3pp1Q1/p1p5/4P3/PqPP3P/1P3PPB/1R2R1K1 w - - 1 27,f2f4,-322,-513,191
r3r2k/3bb2n/3p2Q1/p1p1p3/4PP2/PqPP3P/1P4PB/1R2R1K1 w - - 0 28,f4f5,-469,-512,43
rnbqkbnr/pppppppp/8/8/8/8/PPPPPPPP/RNBQKBNR w KQkq - 0 1,d2d4,25,15,-10
rnbqkbnr/ppp1pppp/8/3p4/3P4/8/PPP1PPPP/RNBQKBNR w KQkq - 0 2,c2c4,15,23,8
rnbqkbnr/pp2pppp/8/2p5/2pP4/2N5/PP2PPPP/R1BQKBNR w KQkq - 0 4,d4d5,46,39,-7
rn1qkbnr/pp2pppp/8/2pP1b2/2p5/2N5/PP2PPPP/R1BQKBNR w KQkq - 1 5,e2e4,269,253,-16
8/R7/5p2/8/5k2/8/PPB2PPP/R5K1 w - - 1 35,b2b4,10000,1007,-8993
rnbqkbnr/pppppppp/8/8/8/8/PPPPPPPP/RNBQKBNR w KQkq - 0 1,e2e4,21,21,0
rnbqkbnr/ppp1pppp/8/3p4/4P3/8/PPPP1PPP/RNBQKBNR w KQkq - 0 2,e4d5,57,67,10
rnbqkbnr/ppp2ppp/4p3/8/8/2N2N2/PPPP1PPP/R1BQKB1R w KQkq - 0 5,d2d3,66,21,-45
r1b2rk1/1pp3p1/p1n1pq1p/5p2/8/3PQN2/PPP1BPPP/R4RK1 w - - 4 15,c2c3,143,6,-137
r4r1k/1pp3p1/p1n2q1p/3Qpb2/5p2/2PP1N2/PP2BPPP/R3R1K1 w - - 4 19,d3d4,-40,-171,131
5r1k/1pp3p1/p1nr3p/4pb2/3P1p2/2P2N2/PP2BPPP/R3R1K1 w - - 0 22,d4e5,112,112,0
5r1k/1pp3p1/p6p/4Nb2/5p2/2P5/PP1rBPPP/R3R1K1 w - - 1 24,b2b3,505,501,-4
rnbqkbnr/pppppppp/8/8/8/8/PPPPPPPP/RNBQKBNR w KQkq - 0 1,e2e4,25,23,-2
rnbqkbnr/pppp1ppp/4p3/8/4P3/8/PPPP1PPP/RNBQKBNR w KQkq - 0 2,d2d4,34,35,1
rnbqkbnr/ppp2ppp/4p3/3p4/3PP3/8/PPP2PPP/RNBQKBNR w KQkq - 0 3,e4e5,28,25,-3
rnbqkbnr/pp3ppp/4p3/2ppP3/3P4/8/PPP2PPP/RNBQKBNR w KQkq - 0 4,c2c3,17,23,6
rnbqkbnr/pppppppp/8/8/8/8/PPPPPPPP/RNBQKBNR w KQkq - 0 1,e2e4,18,25,7
rnbqkbnr/ppp1pppp/3p4/8/4P3/8/PPPP1PPP/RNBQKBNR w KQkq - 0 2,d2d4,34,30,-4
rnbqkbnr/1p2pppp/p1pp4/8/3PP3/5N2/PPP2PPP/RNBQKB1R w KQkq - 0 4,c2c3,100,86,-14
rn2kbnr/1bq1pppp/pp1p4/2p5/3PP3/2PB1N2/PP2QPPP/RNB2RK1 w kq - 0 8,d4c5,173,129,-44
rn2kbnr/1bq1pppp/pp6/2Pp4/4P3/2PB1N2/PP2QPPP/RNB2RK1 w kq - 0 9,e4d5,308,334,26
rn2kbnr/1b2pppp/pp6/2qP4/8/2PB1N2/PP2QPPP/RNB2RK1 w kq - 0 10,g2g3,438,95,-343
2r1kbnr/1b1n1ppp/4p3/pN6/8/2PB2P1/PP2RP1P/4R1K1 w k - 1 24,c3c4,-557,-647,90
rnbqkbnr/pppppppp/8/8/8/8/PPPPPPPP/RNBQKBNR w KQkq - 0 1,e2e4,18,18,0
r1bqk1nr/ppp2ppp/2np4/2b1p3/2B1P3/5N2/PPPP1PPP/RNBQ1RK1 w kq - 0 5,c2c3,15,15,0
r2qk1nr/ppp2ppp/2np4/2b1p3/2B1P1b1/2P2N2/PP1P1PPP/RNBQ1RK1 w kq - 1 6,d2d4,39,-60,-99
r3k1nr/ppp2ppp/2np1q2/2b1p3/2BPP3/2P2Q2/PP3PPP/RNB2RK1 w kq - 1 8,d4c5,552,563,11
r3k1nr/ppp2ppp/2np4/2P1p3/2B1P3/2P2q2/PP3PPP/RNB2RK1 w kq - 0 9,g2f3,563,553,-10
r3k2r/ppp1n1pp/2n5/2B1pp2/2B1P3/2P2P2/PP3P1P/RN3RK1 w kq - 0 12,e4f5,574,530,-44
rnbqkbnr/pppppppp/8/8/8/8/PPPPPPPP/RNBQKBNR w KQkq - 0 1,e2e4,17,18,1
rnbqkbnr/pppp1ppp/4p3/8/4P3/8/PPPP1PPP/RNBQKBNR w KQkq - 0 2,d2d4,33,27,-6
rnbqkbnr/ppp2ppp/4p3/3p4/3PP3/8/PPP2PPP/RNBQKBNR w KQkq - 0 3,e4d5,38,16,-22
rn1q1rk1/pp3ppp/2pb1n2/3p2B1/3P2b1/2NB4/PPPQNPPP/R3K2R w KQ - 4 9,f2f3,50,49,-1
rn3rk1/6pp/2pq1np1/3p4/p2P4/1p3PN1/PPPQR1PP/2KN3R w - - 0 18,a2a3,-90,-97,7
4n1k1/6pp/n2q2p1/Q1pp4/p2P4/Pp3PN1/1PP3PP/2KN4 w - - 0 23,d4c5,69,-3,-72
8/6pk/6p1/3q3p/8/P4P2/KP4QP/8 w - - 6 40,b2b3,30,29,-1
8/6p1/7k/3q2pp/8/PP3P2/1K4QP/8 w - - 0 42,b3b4,46,-15,-61
8/6p1/6k1/7p/1P4p1/P4q2/1K1Q3P/8 w - - 2 45,a3a4,-14,-43,29
8/6p1/6k1/8/PP4pp/5q2/1K1Q3P/8 w - - 0 46,a4a5,-32,-9,-23
8/6p1/6k1/P7/1P5p/5qp1/1K1Q3P/8 w - - 0 47,h2g3,-10,-15,5
8/6p1/5k2/P7/1P6/6p1/1K6/8 w - - 0 51,a5a6,0,0,0
8/6p1/P4k2/8/1P6/8/1K4p1/8 w - - 0 52,a6a7,0,0,0
8/P5p1/5k2/8/1P6/8/1K6/6q1 w - - 0 53,a7a8q,0,0,0
8/8/2K2k2/6p1/1P6/8/8/8 w - - 0 63,b4b5,0,0,0
8/8/2K2k2/1P6/6p1/8/8/8 w - - 0 64,b5b6,0,0,0
8/8/1PK2k2/8/8/6p1/8/8 w - - 0 65,b6b7,0,0,0
8/1P6/2K2k2/8/8/8/6p1/8 w - - 0 66,b7b8q,0,0,0
rnbqkbnr/pppppppp/8/8/8/8/PPPPPPPP/RNBQKBNR w KQkq - 0 1,d2d4,18,16,-2
rnbqkbnr/pp1ppppp/8/2p5/3P4/8/PPP1PPPP/RNBQKBNR w KQkq - 0 2,d4d5,65,66,1
rn1qkbnr/pp2pppp/3p4/2pP4/6b1/5N2/PPP1PPPP/RNBQKB1R w KQkq - 2 4,e2e3,94,77,-17
rn1qkb1r/pp3ppp/3ppn2/2pP4/6b1/4PN2/PPP1BPPP/RNBQK2R w KQkq - 0 6,d5e6,56,5,-51
r2qkb1r/pp3ppp/2npbn2/2p5/8/4PN2/PPP1BPPP/RNBQ1RK1 w kq - 2 8,b2b3,35,-6,-41
r2q1rk1/pp2bppp/2npbn2/2p5/8/1P2PN2/PBP1BPPP/RN1Q1RK1 w - - 3 10,c2c4,0,-2,-2
r2q1rk1/pp2bppp/3pbn2/2p5/1nP5/1P2PN2/PB2BPPP/RN1Q1RK1 w - - 1 11,a2a3,77,116,39
r2q1rk1/pp2bpp1/2npbn1p/2p5/2P5/PPN1PN2/1B2BPPP/R2Q1RK1 w - - 0 13,h2h3,112,75,-37
8/5ppk/pp2r2p/2pR4/2P4n/PP2P2P/5PP1/4NK2 w - - 0 37,g2g3,294,277,-17
8/5ppk/ppn1r2p/2p5/2P5/PP1RPNPP/5P2/5K2 w - - 5 40,g3g4,231,237,6
8/5p1k/pp4pp/2p1n3/2P3P1/PP2P2P/3NKP2/8 w - - 0 47,f2f4,245,219,-26
8/5pk1/ppn3pp/2p5/2P2PP1/PP2PN1P/4K3/8 w - - 3 49,h3h4,181,176,-5
8/8/pp1k1N1p/n1p5/2P2pPP/PPK1P3/8/8 w - - 0 57,e3f4,432,443,11
8/8/p3k2p/nppN4/2P2PPP/PPK5/8/8 w - - 0 59,c4b5,468,466,-2
8/8/8/1pp1Nk2/3n1P1P/PPK5/8/8 w - - 3 65,h4h5,360,260,-100
8/8/8/1pp1N2P/3n1k2/PPK5/8/8 w - - 0 66,h5h6,533,525,-8
8/8/7P/1pp1Nn2/5k2/PPK5/8/8 w - - 1 67,h6h7,562,587,25
8/7P/8/1pp1kn2/8/PPK5/8/8 w - - 0 68,h7h8q,609,653,44
rnbqkbnr/pppppppp/8/8/8/8/PPPPPPPP/RNBQKBNR w KQkq - 0 1,d2d4,28,13,-15
rnbqkb1r/ppp1pppp/5n2/3p4/3P4/5N2/PPP1PPPP/RNBQKB1R w KQkq - 2 3,c2c4,18,20,2
rnbqkb1r/pp2pppp/2p2n2/8/2pP4/2N2N2/PP2PPPP/R1BQKB1R w KQkq - 0 5,e2e4,18,-21,-39
rn1qkb1r/pp3ppp/2p1pnb1/6B1/3PP3/2N2N2/PP2BPPP/R2QK2R w KQkq - 2 9,e4e5,341,347,6
rn1qkb1r/pp3pp1/2p1pnbp/4P1B1/3P4/2N2N2/PP2BPPP/R2QK2R w KQkq - 0 10,e5f6,340,-15,-355
rn1qkb1r/pp3pp1/2p1pPb1/6p1/3P4/2N2N2/PP2BPPP/R2QK2R w KQkq - 0 11,f6g7,0,-95,-95
r3k2r/ppqn1pb1/2p1p1b1/6p1/3P4/2N2N2/PP1QBPPP/R4RK1 w kq - 4 14,g2g3,-64,-56,-8
rnbqkbnr/pppppppp/8/8/8/8/PPPPPPPP/RNBQKBNR w KQkq - 0 1,e2e4,24,23,-1
rnbqkbnr/p2ppppp/1p6/2p5/4P3/5N2/PPPP1PPP/RNBQKB1R w KQkq - 0 3,c2c3,85,24,-61
r1bqkbnr/p2ppppp/1pn5/2p5/4P3/2P2N2/PP1P1PPP/RNBQKB1R w KQkq - 1 4,d2d4,166,156,-10
r2qkbnr/5ppp/pp1pp3/1b6/2pPP3/2P1BN2/PP1N1PPP/R2QR1K1 w kq - 0 11,e4e5,305,83,-222
r2qkbnr/5ppp/pp2p3/1b1pP3/2pP4/2P1BN2/PP1N1PPP/R2QR1K1 w kq - 0 12,b2b3,82,27,-55
r3kbnr/3q1ppp/pp2p3/1b1pP3/2pP4/1PP1BN2/P2N1PPP/R2QR1K1 w kq - 1 13,a2a4,168,174,6
r3kbnr/3q1ppp/ppb1p3/3pP3/P1pP4/1PP1BN2/3N1PPP/R2QR1K1 w kq - 1 14,b3c4,189,181,-8
1r2k1nr/3qbppp/p1b1p3/1p2P3/P1NP4/2P1BN2/2Q2PPP/R3R1K1 w k - 0 18,a4b5,227,216,-11
1r2k1nr/3qbppp/2b1p3/4P3/1p1P4/2P1BN2/2QN1PPP/R3R1K1 w k - 0 20,c3b4,275,235,-40
1r3rk1/3qb1pp/4p3/1b2p3/3P4/1R2Q3/2NN1PPP/1R4K1 w - - 0 30,d4e5,85,44,-41
rnbqkbnr/pppppppp/8/8/8/8/PPPPPPPP/RNBQKBNR w KQkq - 0 1,e2e4,25,20,-5
rnbqk1nr/pppp1ppp/8/2bNp3/4P3/8/PPPP1PPP/R1BQKBNR w KQkq - 4 4,c2c3,58,30,-28
rnb1k2r/pppp1ppp/5q2/2b1p3/4P3/2P5/PP1P1PPP/R1BQKBNR w KQkq - 0 6,f2f3,-7,-103,96
rnb2rk1/ppp2ppp/3p1q2/2b1p3/2B1P3/2P2P2/PP1P2PP/R1BQK1NR w KQ - 0 8,b2b4,-74,-129,55
rnb2rk1/ppp2ppp/1b1p1q2/4p3/1PB1P3/2P2P2/P2P2PP/R1BQK1NR w KQ - 1 9,a2a4,-135,-133,-2
rnb2rk1/1pp2ppp/pb1p1q2/4p3/PPB1P3/2P2P2/3P2PP/R1BQK1NR w KQ - 0 10,a4a5,-75,-76,1
rnb2rk1/bpp2ppp/p2p1q2/P3p3/1PB1P3/2P2P2/3P2PP/R1BQK1NR w KQ - 1 11,d2d3,-68,-67,-1
r4rk1/bpp2ppp/p1np4/P3p1B1/1Pb1P3/2PP1P2/6PP/R3K1NR w KQ - 0 15,d3c4,-52,-68,16
r4rk1/b1p2pp1/p2p2np/p3p3/1PP1P3/2P2PN1/3B2PP/2KR3R w - - 0 20,b4a5,-35,-31,-4
8/8/k4p2/P5pp/1KP1Pp2/2P2P2/6PP/8 w - - 0 40,c4c5,551,670,119
8/8/k4p2/P1P4p/1K2Ppp1/2P2P2/6PP/8 w - - 0 41,f3g4,769,503,-266
8/8/k4p2/P1P5/1K2Ppp1/2P5/6PP/8 w - - 0 42,c3c4,508,-504,-1012
8/8/k4p2/P1P5/1KP1P1p1/5p2/6PP/8 w - - 0 43,g2f3,-508,-521,13
8/8/k4p2/P1P5/1KP1P3/5p2/7P/8 w - - 0 44,c5c6,-535,-553,18
8/k7/2P2p2/P7/1KP1P3/5p2/7P/8 w - - 1 45,c6c7,-468,-528,60
8/2k5/5p2/PK6/2P1P3/5p2/7P/8 w - - 0 47,a5a6,-594,-607,13
1k6/8/P4p2/1K6/2P1P3/5p2/7P/8 w - - 1 48,c4c5,-537,-572,35
1k6/8/PK3p2/2P5/4P3/8/7P/5q2 w - - 0 50,a6a7,-598,-608,10
k7/P7/1K3p2/2P5/4P3/8/7P/5q2 w - - 1 51,c5c6,-573,-588,15
k7/P7/K1P2p2/2q5/4P3/8/7P/8 w - - 11 57,h2h4,-704,-731,27
8/k7/2q2p2/K7/4P2P/8/8/8 w - - 0 59,h4h5,-752,-1444,692
8/k7/5p2/7P/4q3/K7/8/8 w - - 0 62,h5h6,-1525,-1451,-74
rnbqkbnr/pppppppp/8/8/8/8/PPPPPPPP/RNBQKBNR w KQkq - 0 1,e2e4,25,30,5
rnbqkbnr/pp1p1ppp/4p3/2p5/2B1P3/8/PPPP1PPP/RNBQK1NR w KQkq - 0 3,d2d3,-11,-31,20
rnbqkbnr/pp3ppp/4p3/2pp4/2B1P3/3P4/PPP2PPP/RNBQK1NR w KQkq - 0 4,e4e5,-35,-443,408
rnbqkbnr/pp3ppp/4p3/2p1P3/2p5/3P4/PPP2PPP/RNBQK1NR w KQkq - 0 5,d3c4,-490,-584,94
r1b1kbnr/pp4pp/2n1pp2/2p1P3/2P5/5N2/PPP2PPP/RNBK3R w kq - 0 8,e5f6,-502,-565,63
r1b2rk1/pp4pp/4p3/2p3B1/2Pn4/2n1K3/PPP3PP/R7 w - - 0 18,b2c3,-945,-961,16
r3r1k1/pp4pp/8/2B1pb2/2P5/2P5/P2K2PP/n7 w - - 1 23,g2g4,-965,-995,30
r3r1k1/pp4pp/6b1/2B1p3/2P3P1/2P5/P2K3P/n7 w - - 1 24,h2h3,-986,-1019,33
r3r1k1/pp4pp/6b1/2B1p3/2P3P1/2P4P/P1nK4/8 w - - 1 25,h3h4,-1018,-1015,-3
r3r1k1/pp4p1/6bp/2B1p3/2P3PP/2P5/P1nK4/8 w - - 0 26,h4h5,-1006,-1019,13
r3r1k1/pp4pb/7p/4p2P/1nP3P1/2P5/P2K4/8 w - - 0 28,c3b4,-954,-953,-1
1r1r2k1/p5pb/7p/Kp5P/1Pq3P1/8/8/8 w - - 2 39,g4g5,-10000,-10000,0
rnbqkbnr/pppppppp/8/8/8/8/PPPPPPPP/RNBQKBNR w KQkq - 0 1,d2d4,30,16,-14
rnbqkbnr/ppp1pppp/3p4/8/3P4/8/PPP1PPPP/RNBQKBNR w KQkq - 0 2,e2e4,35,29,-6
r1bqkbnr/pp1n1ppp/2pp4/4p3/B2PP3/8/PPP2PPP/RNBQK1NR w KQkq - 0 5,d4d5,-4,-88,84
r1bqkb1r/3n1ppp/p2p1n2/1p1Pp1B1/4P2Q/1p3N2/PPP2PPP/RN2K2R w KQkq - 0 11,a2b3,-470,-513,43
r1bqkb1r/3n1pp1/p2p1n1p/1p1Pp1B1/4P2Q/1P3N2/1PP2PPP/RN2K2R w KQkq - 0 12,c2c4,-480,-476,-4
r1bqkb1r/3n1pp1/p2p1n1p/3Pp1B1/2p1P2Q/1P3N2/1P3PPP/RN2K2R w KQkq - 0 13,b3c4,-494,-493,-1
r1bqkb1r/3n1p2/p2p1npp/3Pp1B1/2P1P2Q/5N2/1P3PPP/RN2K2R w KQkq - 0 14,b2b4,-428,-433,5
r1bq1rk1/5pb1/p2p1n2/3Pp3/1PP5/N3Q3/5PPP/R4RK1 w - - 2 21,f2f4,-550,-585,35
rnbqkbnr/pppppppp/8/8/8/8/PPPPPPPP/RNBQKBNR w KQkq - 0 1,f2f3,19,-76,-95
rnbqkbnr/pp1ppppp/2p5/8/8/5P2/PPPPP1PP/RNBQKBNR w KQkq - 0 2,e2e4,7,9,2
rnbqkbnr/p2ppppp/1pp5/8/4P3/5P2/PPPP2PP/RNBQKBNR w KQkq - 0 3,d2d4,68,62,-6
rn1qk1nr/1b1p1ppp/pppbp3/8/3PP3/4BPN1/PPP1B1PP/RN1Q1RK1 w kq - 2 9,c2c4,227,190,-37
rn1qk1nr/1b1p1ppp/ppp1p3/8/2PPP3/4BPb1/PP2B1PP/RN1Q1RK1 w kq - 0 10,h2g3,190,191,1
rn2k1nr/1b2qpp1/ppppp3/8/2PPP3/3Q1Pp1/PP2B1P1/RN2BRK1 w kq - 2 16,f3f4,60,-10000,-10060
b7/3nn1k1/ppppp1p1/5p2/2PPPP2/2N2B2/PP1B1KP1/7R w - - 0 30,g2g4,739,696,-43
8/4k3/ppB5/6p1/2PPPP2/2N5/PP1B1K2/8 w - - 1 40,d4d5,997,957,-40
8/8/ppBk4/3P2p1/2P1PP2/2N5/PP1B1K2/8 w - - 1 41,f4g5,993,1000,7
8/8/ppB5/2kP2P1/2P1P3/2N5/PP1B1K2/8 w - - 1 42,g5g6,1041,1127,86
8/8/ppB3P1/3P4/2k1P3/2N5/PP1B1K2/8 w - - 0 43,g6g7,10000,10000,0
8/6P1/ppB5/3P4/3kP3/2N5/PP1B1K2/8 w - - 1 44,g7g8q,10000,10000,0
8/8/p1B5/3P4/p3P3/8/kPQ2K2/8 w - - 0 52,b2b3,10000,10000,0
8/8/p1B5/3P4/p3P3/kP6/2Q2K2/8 w - - 1 53,b3a4,10000,10000,0
rnbqkbnr/pppppppp/8/8/8/8/PPPPPPPP/RNBQKBNR w KQkq - 0 1,e2e4,28,27,-1
r1bqkbnr/pppp1ppp/2n5/4p3/4P3/5N2/PPPP1PPP/RNBQKB1R w KQkq - 2 3,d2d4,25,5,-20
r1bqkbnr/ppp2ppp/2np4/4p3/3PP3/5N2/PPP2PPP/RNBQKB1R w KQkq - 0 4,d4e5,77,49,-28
r1b1kb1r/ppp2ppp/5n2/4p3/2B1P3/8/PPP2PPP/RNB2RK1 w - - 4 9,f2f3,7,-22,-29
r1b2k1r/pppn1p1p/3b2p1/4p1B1/2B1P3/2N2P2/PPP3PP/3R1RK1 w - - 0 13,f3f4,216,114,-102
r1b4r/pppn1pkp/3b2p1/4p1B1/2B1PP2/2N5/PPP3PP/3R1RK1 w - - 1 14,f4f5,311,62,-249
r1b1r3/pppn1pkp/3b2p1/4pPB1/2B1P3/2N5/PPP3PP/3R1RK1 w - - 1 15,f5f6,258,299,41
2r1r3/7R/4kPpB/1p2p3/p3b3/4N3/PPP3PP/5RK1 w - - 1 26,f6f7,729,719,-10
2rr4/5P1R/4k1pB/1p2p3/p3b3/4N3/PPP3PP/5RK1 w - - 1 27,f7f8q,912,909,-3
rnbqkbnr/pppppppp/8/8/8/8/PPPPPPPP/RNBQKBNR w KQkq - 0 1,e2e4,18,19,1
rnbqkbnr/pp1ppppp/8/2p5/4P3/8/PPPP1PPP/RNBQKBNR w KQkq - 0 2,d2d4,29,5,-24
r1bqkbnr/1p1ppppp/p1n5/8/4P3/8/PPP2PPP/RNBQKBNR w KQkq - 0 5,c2c3,8,-37,-45
r1bq1rk1/1p2ppbp/p1np1np1/8/2B1P3/2P2N2/PP1N1PPP/R1BQ1RK1 w - - 0 10,a2a3,-21,-53,32
r2q1rk1/1p2ppbp/p1np1np1/8/2B1P1b1/P1P2N2/1P1N1PPP/R1BQ1RK1 w - - 1 11,h2h3,-15,-35,20
r3r3/4ppk1/p1qp1np1/1p6/3Q4/P1P2N1P/1P3PP1/3RR1K1 w - - 2 24,g2g4,-2,-227,225
1rr5/5pk1/p3pnp1/1p1p4/3N2P1/P1P1R1KP/1P3P2/4R3 w - - 4 30,f2f4,-26,-75,49
1rr5/5pk1/4p1p1/pp1p4/3NnPP1/P1P1RK1P/1P6/4R3 w - - 0 32,h3h4,-92,-119,27
1r5r/5pk1/4p1p1/p2p4/1p1NnPPP/P1P1RK2/1P6/7R w - - 0 34,a3b4,-96,-118,22
r6r/5pk1/4p1p1/3p4/1N3PPP/2P4R/1n2K3/7R w - - 0 39,h4h5,-36,-34,-2
r6r/5pk1/4p3/3p3p/1N3PP1/2P4R/1n2K3/7R w - - 0 40,g4h5,-33,-42,9
r7/5p2/4pk1r/3pn2P/5P2/2P3R1/4K3/7R w - - 0 44,f4e5,-247,-221,-26
8/8/4p3/8/3K4/2P2pk1/8/8 w - - 0 60,c3c4,-516,-544,28
8/8/4p3/8/2PK4/6k1/5p2/8 w - - 0 61,c4c5,-540,-802,262
8/8/4p3/2P5/3K4/6k1/8/5q2 w - - 0 62,c5c6,-958,-1045,87
rnbqkbnr/pppppppp/8/8/8/8/PPPPPPPP/RNBQKBNR w KQkq - 0 1,d2d4,20,17,-3
rnbqkbnr/ppp1pppp/8/3p4/3P4/8/PPP1PPPP/RNBQKBNR w KQkq - 0 2,c2c4,22,23,1
rnbqkb1r/pp2pppp/5n2/2p5/2pP4/2N2N2/PP2PPPP/R1BQKB1R w KQkq - 2 5,d4d5,64,45,-19
rn1qkb1r/pp3ppp/4pn2/2pP1bB1/2p5/2N2N2/PP2PPPP/R2QKB1R w KQkq - 0 7,e2e4,264,267,3
rn1qkb1r/pp3ppp/5n2/2pp1bB1/2p1P3/2N2N2/PP3PPP/R2QKB1R w KQkq - 0 8,e4e5,421,2,-419
7r/p3b1pp/1k6/1ppQ4/8/8/PP3PPP/R2R2K1 w - - 2 23,a2a4,1030,1043,13
rnbqkbnr/pppppppp/8/8/8/8/PPPPPPPP/RNBQKBNR w KQkq - 0 1,c2c4,24,-8,-32
rnbqkb1r/pppp1ppp/5n2/4p3/2P5/2N5/PP1PPPPP/R1BQKBNR w KQkq - 2 3,f2f3,7,-117,-124
rnbqkb1r/ppp2ppp/5n2/3pp3/2P5/2N2P2/PP1PP1PP/R1BQKBNR w KQkq - 0 4,c4d5,-104,-103,-1
rnbqkb1r/ppp2ppp/8/3np3/8/2N2P2/PP1PP1PP/R1BQKBNR w KQkq - 0 5,e2e4,-109,-122,13
r1bqkb1r/ppp2ppp/2n2n2/4p3/4P3/2N2P2/PP1PN1PP/R1BQKB1R w KQkq - 3 7,b2b3,-128,-172,44
r2q1rk1/1pp1bppp/p1n1bn2/4p3/4P3/1PN2P2/PB1PN1PP/R2QKB1R w KQ - 2 11,g2g3,-212,-241,29
r2q1rk1/1pp1bppp/p3bn2/4p3/1n2P3/1PN2PP1/PB1PN2P/R2QKB1R w KQ - 1 12,a2a3,-228,-10000,9772
rnbqkbnr/pppppppp/8/8/8/8/PPPPPPPP/RNBQKBNR w KQkq - 0 1,e2e4,28,28,0
rnbqkbnr/ppp1pppp/8/3p4/4P3/8/PPPP1PPP/RNBQKBNR w KQkq - 0 2,e4e5,66,-9,-75
rn1qkbnr/ppp1pppp/4b3/3pP3/8/8/PPPP1PPP/RNBQKBNR w KQkq - 1 3,d2d4,47,62,15
rn2kbnr/ppq1pppp/2p1b3/3pP3/3P4/5N2/PPP2PPP/RNBQKB1R w KQkq - 2 5,c2c3,118,88,-30
rn2kbnr/ppq1p1pp/2p1bp2/3pP3/3P4/2P2N2/PP3PPP/RNBQKB1R w KQkq - 0 6,e5f6,137,35,-102
rn1k3r/pp2p1p1/2p2qNp/3p3Q/3Pn3/2P5/PP3PPP/RNB1KB1R w KQ - 5 12,f2f3,857,854,-3
r2k4/pp2p1p1/2p1r3/3pn1p1/3P4/2PB1P2/PP1N2PP/2KR3R w - - 0 19,d4e5,719,712,-7
r7/pp4p1/2pkB3/3p2p1/8/2P2P2/PP1N2PP/2K1R3 w - - 1 24,c3c4,748,572,-176
7r/pp4p1/2pkB3/3p2p1/2P5/5P2/PP1N2PP/2K1R3 w - - 1 25,c4d5,719,701,-18
8/pp4p1/2pkB3/3P2p1/8/5P2/PP1N2Pr/2K1R3 w - - 0 26,d5c6,787,725,-62
8/p5p1/1kp1B3/6p1/4N3/5P2/PP4Pr/2KR4 w - - 4 29,a2a4,753,667,-86
rnbqkbnr/pppppppp/8/8/8/8/PPPPPPPP/RNBQKBNR w KQkq - 0 1,d2d4,29,20,-9
rnbqkbnr/ppp1pppp/8/3p4/3P4/8/PPP1PPPP/RNBQKBNR w KQkq - 0 2,c2c4,21,18,-3
rnbqkbnr/ppp1pppp/8/8/2pP4/8/PP2PPPP/RNBQKBNR w KQkq - 0 3,e2e3,27,25,-2
rnbqkbnr/p1p1pppp/8/1p6/2pP4/4P3/PP3PPP/RNBQKBNR w KQkq - 0 4,a2a4,84,82,-2
rnbqkbnr/p3pppp/2p5/1p6/P1pP4/4P3/1P3PPP/RNBQKBNR w KQkq - 0 5,a4b5,185,192,7
rnbqkbnr/p3pppp/8/1p6/2pP4/4P3/1P3PPP/RNBQKBNR w KQkq - 0 6,b2b3,330,33,-297
rnb1kbnr/p1q1pppp/8/1p6/2pP4/1P2P3/5PPP/RNBQKBNR w KQkq - 1 7,b3c4,88,45,-43
r4knr/p2b1ppp/2n5/4p3/2BP4/4P3/5PPP/RN2K1NR w KQ - 0 13,d4d5,100,94,-6
3r1k1r/R4ppp/8/4p3/8/2K1Pb2/5PPP/7R w - - 0 22,g2f3,-21,-17,-4
rnbqkbnr/pppppppp/8/8/8/8/PPPPPPPP/RNBQKBNR w KQkq - 0 1,d2d4,26,18,-8
rnbqkbnr/ppp1pppp/8/3p4/3P4/8/PPP1PPPP/RNBQKBNR w KQkq - 0 2,c2c4,17,18,1
rnbqkb1r/ppp1pppp/5n2/8/2pP4/5N2/PP2PPPP/RNBQKB1R w KQkq - 2 4,e2e3,22,25,3
rnbqkb1r/p1p1pppp/5n2/1p6/2pP4/4PN2/PP3PPP/RNBQKB1R w KQkq - 0 5,a2a4,28,22,-6
rnbqkb1r/2p1pppp/p4n2/1p6/P1pP4/4PN2/1P3PPP/RNBQKB1R w KQkq - 0 6,a4b5,190,132,-58
r1bq1rk1/2pn1ppp/p3pn2/1P6/2BP4/4PN2/1P1N1PPP/R2Q1RK1 w - - 3 11,b5a6,369,358,-11
r1b2rk1/2p2ppp/P1Nqp3/3nn3/Q2P4/4P3/1P2BPPP/3R1RK1 w - - 0 19,d4e5,413,390,-23
r1b2rk1/2p2ppp/PqN1p3/3nP3/Q7/4P3/1P2BPPP/2R2RK1 w - - 3 21,e3e4,331,25,-306
rnbqkbnr/pppppppp/8/8/8/8/PPPPPPPP/RNBQKBNR w KQkq - 0 1,e2e4,27,25,-2
rnbqkbnr/pp1ppppp/8/2p5/4P3/8/PPPP1PPP/RNBQKBNR w KQkq - 0 2,d2d4,32,6,-26
rnbqkbnr/pp1p1ppp/4p3/2p5/3PP3/8/PPP2PPP/RNBQKBNR w KQkq - 0 3,d4c5,42,6,-36
rnbqk1nr/pp1p1ppp/4p3/2b5/4P3/8/PPP2PPP/RNBQKBNR w KQkq - 0 4,e4e5,11,-56,-67
r1bqk1nr/pp1p1ppp/4p3/2b1n3/2B5/8/PPP2PPP/RNBQK1NR w KQkq - 0 6,b2b3,-237,-405,168
r1b1k1nr/pp1p1ppp/1q2p3/8/2n5/1P3N2/P1P2bPP/RNBQ1K1R w kq - 0 9,b3c4,-373,-366,-7
r1b1k1nr/pp3ppp/1q2p3/2bp4/2P5/2N2N2/P1P3PP/R1BQ1K1R w kq - 0 11,g2g3,-311,-425,114
r1b2rk1/pp4pp/4p3/1q3p2/2N2b2/6P1/PBP4P/5K1R w - - 0 22,g3f4,-1057,-1084,27
r4rk1/pp4pp/4p3/5pK1/5P2/8/P6q/7b w - - 0 29,a2a4,-10000,-10000,0
rnbqkbnr/pppppppp/8/8/8/8/PPPPPPPP/RNBQKBNR w KQkq - 0 1,e2e4,22,28,6
rnbqkbnr/pppppp1p/6p1/8/4P3/8/PPPP1PPP/RNBQKBNR w KQkq - 0 2,d2d4,63,58,-5
rnbqk1nr/ppppppbp/6p1/8/3PP3/8/PPP2PPP/RNBQKBNR w KQkq - 1 3,e4e5,62,-31,-93
rnbqk1nr/ppp1ppbp/3p2p1/4P3/3P4/8/PPP2PPP/RNBQKBNR w KQkq - 0 4,f2f4,-36,-50,14
rnbqk1nr/ppp1ppbp/6p1/4p3/3P1P2/8/PPP3PP/RNBQKBNR w KQkq - 0 5,f4e5,-52,-83,31
rnbqk1r1/ppp1p1bp/6p1/4p3/3P4/8/PPP3PP/RNBQK1NR w KQq - 0 8,d4d5,-185,-188,3
2kr2r1/Bp2p2p/4N1p1/8/4p3/2b5/PP4PP/n4RK1 w - - 0 19,b2c3,-131,-321,190
k1r5/4R3/8/1K6/1B6/2P5/8/8 w - - 7 52,c3c4,522,531,9
k1r5/4R3/8/8/KBP5/8/8/8 w - - 3 54,c4c5,559,500,-59
k1r5/4R3/8/1KP5/1B6/8/8/8 w - - 3 56,c5c6,656,839,183
rnbqkbnr/pppppppp/8/8/8/8/PPPPPPPP/RNBQKBNR w KQkq - 0 1,e2e4,26,23,-3
rnbqkbnr/pp1ppppp/2p5/8/4P3/8/PPPP1PPP/RNBQKBNR w KQkq - 0 2,f2f4,27,-6,-33
rnbqkbnr/pp2pppp/2p5/3p4/4PP2/8/PPPP2PP/RNBQKBNR w KQkq - 0 3,e4e5,-2,-35,33
rnbqk1nr/pp2bppp/2p1p3/3pP3/5P2/5N2/PPPP2PP/RNBQKB1R w KQkq - 2 5,d2d4,35,39,4
rn1qk1nr/pp1bb1pp/2p1pp2/3pP3/3P1P2/3B1N2/PPP3PP/RNBQK2R w KQkq - 2 7,c2c3,130,106,-24
rn1qk1nr/pp1bb1pp/4p3/3pp3/2pP1P2/2P1BN2/PPB3PP/RN1QK2R w KQkq - 0 10,f4e5,158,138,-20
2kr2nr/pp1bq1p1/2n1p2p/3pP3/2pP4/2P1QN2/PPBN2PP/2KR1R2 w - - 5 16,g2g3,161,131,-30
1kr3nr/pp2q1p1/2n1p1Bp/3pP3/2pP4/2P1Q1P1/PP1N3P/2KR1R2 w - - 1 20,h2h4,226,136,-90
1kr4r/ppq3p1/2n1p1Bn/3pP3/2pP3P/2P2QP1/PP1N4/2KR3R w - - 5 25,g3g4,169,154,-15
1kr4r/pp4p1/2n1p1Bn/1q1pP3/2pP2PP/2P2Q2/PP1N4/1K1R3R w - - 3 27,g4g5,240,174,-66
1kr4r/1p4p1/2n1p1Bn/pq1pP1P1/2pP3P/2P2Q2/PP1N4/1K1R3R w - - 0 28,g5h6,394,382,-12
1kr4r/1p6/2n1Q1Bp/1q1pP3/2pP3P/p1P5/PP1N4/1K1R3R w - - 0 31,b2b3,486,281,-205
rnbqkbnr/pppppppp/8/8/8/8/PPPPPPPP/RNBQKBNR w KQkq - 0 1,e2e4,23,23,0
r1bqkbnr/p1pppppp/1pn5/8/4P3/5N2/PPPP1PPP/RNBQKB1R w KQkq - 0 3,c2c3,134,106,-28
rnbqkbnr/p1pppppp/1p6/8/4P3/2P2N2/PP1P1PPP/RNBQKB1R w KQkq - 1 4,d2d4,154,146,-8
rnbqkbnr/p1ppppp1/1p6/7p/3PP3/2PB1N2/PP3PPP/RNBQ1RK1 w kq - 0 7,e4e5,332,300,-32
rnbqkbnr/pppppppp/8/8/8/8/PPPPPPPP/RNBQKBNR w KQkq - 0 1,e2e4,23,25,2
r1bqkbnr/pp1ppppp/2n5/2p5/4P3/5N2/PPPP1PPP/RNBQKB1R w KQkq - 2 3,d2d4,26,23,-3
r1b1k1nr/p2p1ppp/2p1pq2/2b5/4P1Q1/2N5/PPP2PPP/R1B1KB1R w KQkq - 2 8,f2f4,72,48,-24
r1b1k2r/p3nppp/2pp1q2/2b1p3/4PPQ1/2N5/PPPB2PP/2KR1B1R w kq - 0 11,f4f5,127,135,8
r1b4r/p3kppp/2pq4/2bppP2/4P1Q1/2N5/PPP3PP/2KR1B1R w - - 0 14,e4d5,302,276,-26
rnbqkbnr/pppppppp/8/8/8/8/PPPPPPPP/RNBQKBNR w KQkq - 0 1,e2e4,30,26,-4
rnbqkbnr/ppppp1pp/8/5p2/4P3/5N2/PPPP1PPP/RNBQKB1R w KQkq - 0 3,e4e5,150,118,-32
rnbqkbnr/pp1pp1pp/2p5/4Pp2/8/5N2/PPPP1PPP/RNBQKB1R w KQkq - 0 4,d2d4,177,181,4
rnbqkbnr/pppppppp/8/8/8/8/PPPPPPPP/RNBQKBNR w KQkq - 0 1,e2e4,21,29,8
rnbqkbnr/ppp1pppp/8/3p4/4P3/8/PPPP1PPP/RNBQKBNR w KQkq - 0 2,e4d5,55,61,6
rnbqkbnr/ppp2pp1/4p2p/8/8/2N2N2/PPPPBPPP/R1BQK2R w KQkq - 0 6,d2d3,63,28,-35
r1bqkb1r/pp1n1pp1/2p1p2p/4B2n/8/2NP1N2/PPP1BPPP/R2Q1RK1 w kq - 4 10,d3d4,51,56,5
r1bqkb1r/pp1n2p1/2p1pp1p/8/3P4/2N2Nn1/PPP1BPPP/R2Q1RK1 w kq - 0 12,f2g3,140,108,-32
r1bq1rk1/pp1n2p1/4p2p/2p2p2/1b1P3N/6P1/PPP1BNPP/R2Q1RK1 w - - 0 16,c2c3,104,112,8
r1bq1rk1/pp1n2p1/4p2p/b1p2p2/3P3N/2P3P1/PP2BNPP/R2Q1RK1 w - - 1 17,d4d5,123,7,-116
r1bq1rk1/pp1n2p1/7p/b1pPpp2/7N/2P3P1/PP2BNPP/R2Q1RK1 w - - 0 18,d5d6,189,185,-4
r1bq4/1p1n2pk/pb1P1r1p/2p1pp2/2B4N/2P3P1/PP3NPP/R2Q1RK1 w - - 0 22,g3g4,261,271,10
r2q1r2/1p4pk/pb1P1n1p/2p1pb2/2B1NpP1/2PQ4/PP4PP/R4RK1 w - - 0 26,g4f5,166,136,-30
r2q1r2/6pk/p2PB2p/1p2pP1Q/2p2p2/2P5/PP3bPP/R6K w - - 0 32,d6d7,-335,-384,49
rnbqkbnr/pppppppp/8/8/8/8/PPPPPPPP/RNBQKBNR w KQkq - 0 1,e2e4,25,26,1
rnbqkbnr/ppp1pppp/8/3p4/4P3/8/PPPP1PPP/RNBQKBNR w KQkq - 0 2,e4d5,56,55,-1
r1b1kb1r/ppp1pppp/2nq1n2/8/2B5/2N2Q2/PPPP1PPP/R1B1K1NR w KQkq - 6 6,d2d3,-45,-92,47
r3kb1r/ppp1ppp1/2nq1n2/7p/2B3b1/2NPQ3/PPP2PPP/R1B1K1NR w KQkq - 0 8,h2h3,23,-2,-25
rnbqkbnr/pppppppp/8/8/8/8/PPPPPPPP/RNBQKBNR w KQkq - 0 1,e2e4,27,31,4
rnbqkbnr/pppp1ppp/4p3/8/4P3/8/PPPP1PPP/RNBQKBNR w KQkq - 0 2,d2d4,31,28,-3
rnbqk2r/pp1p1ppp/5n2/4p3/2B1P3/1Nb5/PPP2PPP/R1BQK2R w KQkq - 0 8,b2c3,-5,54,59
rnbq1rk1/5ppp/p4n2/1p1pp3/4P3/1BP5/P1PN1PPP/R1BQ1RK1 w - - 0 12,e4d5,98,125,27
rnbqkbnr/pppppppp/8/8/8/8/PPPPPPPP/RNBQKBNR w KQkq - 0 1,e2e4,25,25,0
r1bqk2r/ppppbppp/2n2n2/4p3/2B1P3/2N2N2/PPPP1PPP/R1BQK2R w KQkq - 6 5,d2d3,16,25,9
1r1q1rk1/1bppbppp/p1n2n2/1p2p1B1/4P3/1B1P1N2/PPP1NPPP/R2Q1RK1 w - - 4 10,c2c3,41,16,-25
1r1q1rk1/1bp2ppp/p4b2/np2N3/4p3/2PP4/PPB1NPPP/R2Q1RK1 w - - 0 14,d3d4,-38,-134,96
2br1rk1/2p1qp1p/p7/np2b1p1/3PN3/2P5/PPB1QPPP/R4RK1 w - - 0 19,d4e5,282,254,-28
2b2rk1/2pr2qp/p3R3/np3pNQ/8/2P5/PPB2PPP/R5K1 w - - 5 24,g2g4,468,378,-90
rnbqkbnr/pppppppp/8/8/8/8/PPPPPPPP/RNBQKBNR w KQkq - 0 1,c2c4,30,-11,-41
rnbqkbnr/ppp2ppp/3p4/4p3/2P5/5N2/PP1PPPPP/RNBQKB1R w KQkq - 0 3,e2e4,20,-3,-23
r2qkbnr/pp3ppp/2npb3/2pNp3/2P1P3/5N2/PP1P1PPP/R1BQKB1R w KQkq - 4 6,d2d3,2,0,-2
r2qk2r/pp2nppp/2npb3/2p1p3/2P1P3/3P1N2/PP3PPP/R1BQKB1R w KQkq - 0 8,a2a3,-78,-100,22
r3k2r/pp1qnppp/2npb3/2p1p3/2P1P3/P2P1N2/1P3PPP/R1BQKB1R w KQkq - 1 9,b2b4,-50,-65,15
r4rk1/pp1qn1pp/3pb3/4pp2/1PPpP3/P2P4/3BBPPP/R2QK2R w KQ - 0 13,e4f5,-55,-52,-3
r4rk1/pp1q2pp/3pb3/4pn2/1PPp4/P2P4/3BBPPP/R2QK2R w KQ - 0 14,h2h3,-28,-240,212
r4rk1/pp1q2pp/3pb3/4p3/1PPp3n/P2P3P/3BBPP1/R2QK2R w KQ - 1 15,g2g3,-226,-242,16
r4rk1/pp4pp/2qpb3/4p3/1PPp4/P2P2PP/3BBPn1/R2Q1K1R w - - 3 17,f2f3,191,-217,-408
r4rk1/pp4pp/2qpb3/4p3/1PP5/P2PpPPP/4B3/R2Q1K1R w - - 0 19,g3g4,-195,-280,85
rnbqkbnr/pppppppp/8/8/8/8/PPPPPPPP/RNBQKBNR w KQkq - 0 1,e2e4,25,28,3
rnbqkbnr/ppp2ppp/3pp3/8/4P3/5N2/PPPP1PPP/RNBQKB1R w KQkq - 0 3,d2d4,84,88,4
rnbqkbnr/ppp5/3ppppp/8/3PP3/3B1N2/PPP2PPP/RNBQ1RK1 w kq - 0 6,e4e5,202,213,11
rnbqkbnr/ppp5/3pp1pp/4Pp2/3P4/3B1N2/PPP2PPP/RNBQ1RK1 w kq - 0 7,e5d6,217,148,-69
rnbqkbnr/ppp5/3Pp2p/5pp1/3P4/3B1N2/PPP2PPP/RNBQ1RK1 w kq - 0 8,d4d5,360,264,-96
rnb1kbnr/ppp5/3qp3/3P1pBp/8/3B1N2/PPP2PPP/RN1Q1RK1 w kq - 0 10,d5e6,601,563,-38
rn2kbnr/ppp5/3qb3/5pB1/7p/2NB1N2/PPP2PPP/R2Q1RK1 w kq - 0 12,h2h3,730,584,-146
rnbqkbnr/pppppppp/8/8/8/8/PPPPPPPP/RNBQKBNR w KQkq - 0 1,d2d4,27,15,-12
rnbqkbnr/ppp1pppp/8/3p4/3P4/8/PPP1PPPP/RNBQKBNR w KQkq - 0 2,c2c4,16,19,3
rnbqk2r/ppp1ppbp/5np1/6B1/2pP4/2N2N2/PP2PPPP/R2QKB1R w KQkq - 4 6,e2e4,48,57,9
rn1qk2r/ppp1ppb1/5n1p/6p1/2pPP1b1/2N2NB1/PP3PPP/R2QKB1R w KQkq - 2 9,e4e5,116,39,-77
rn1qk2r/ppp1ppb1/7p/3nP1p1/2pP4/2N2bB1/PPQ2PPP/R3KB1R w KQkq - 0 11,g2f3,7,9,2
r3k2r/pppq1pb1/2n1p2p/4P1p1/2BP4/2Q2PB1/PP3P1P/2KR3R w kq - 3 15,d4d5,167,177,10
2kr3r/pppq1pb1/2n1p2p/3PP1p1/2B5/2Q2PB1/PP3P1P/2KR3R w - - 1 16,d5e6,358,282,-76
2kr3r/ppp1qpb1/2n1P2p/4P1p1/2B5/2Q2PB1/PP3P1P/2KR3R w - - 1 17,e6f7,297,303,6
rnbqkbnr/pppppppp/8/8/8/8/PPPPPPPP/RNBQKBNR w KQkq - 0 1,e2e4,25,27,2
rnbqkbnr/1p2pppp/p2p4/2p5/2B1P3/5N2/PPPP1PPP/RNBQK2R w KQkq - 0 4,a2a3,29,-16,-45
rnbqkbnr/1p3ppp/p2pp3/2p5/2B1P3/P4N2/1PPP1PPP/RNBQK2R w KQkq - 0 5,d2d3,-10,-14,4
rnbqk2r/1p2bppp/p2ppn2/2p5/2B1P3/P1NP1N2/1PP2PPP/R1BQK2R w KQkq - 3 7,h2h3,-11,-16,5
r4r2/3bbppk/1qnppn1p/p1p5/1p2P3/P2PB1NP/BPPQ1PPN/1R3RK1 w - - 0 16,a3a4,-52,-62,10
r4r2/3bbppk/1q1ppn1p/p1p5/Pp1nP3/3PB1NP/BPPQ1PPN/1R3RK1 w - - 1 17,f2f4,-51,-157,106
r4r2/4bppk/1q1ppn1p/p7/1p1pPP2/1b1P2NP/1PPQ2PN/1R3RK1 w - - 0 20,c2b3,-224,-191,-33
2r2r2/4bppk/1q1ppn1p/p7/1p1pPP2/1P1P2NP/1P1Q2PN/1R3RK1 w - - 1 21,f4f5,-202,-226,24
2r2r2/4bppk/1q1p3p/p3pP2/1p1pP1n1/1P1P2NP/1P1Q2P1/1R3RK1 w - - 0 23,h3g4,-296,-336,40
rnbqkbnr/pppppppp/8/8/8/8/PPPPPPPP/RNBQKBNR w KQkq - 0 1,e2e4,25,25,0
rnbqkbnr/ppp2ppp/4p3/3p4/2B1P3/8/PPPP1PPP/RNBQK1NR w KQkq - 0 3,e4d5,-29,-31,2
rnbqkb1r/ppp2ppp/5n2/3p4/8/1B6/PPPP1PPP/RNBQK1NR w KQkq - 2 5,d2d4,-27,-27,0
rnbqkb1r/pp3ppp/5n2/2pp4/3P4/1B6/PPP2PPP/RNBQK1NR w KQkq - 0 6,d4c5,7,-26,-33
r1b1r1k1/p4ppp/1qp2n2/3p4/8/4bN2/PPP2PPP/RN1Q1RK1 w - - 2 13,f2e3,-437,-441,4
rnbqkbnr/pppppppp/8/8/8/8/PPPPPPPP/RNBQKBNR w KQkq - 0 1,e2e4,26,26,0
rn2kbnr/pppq1ppp/3pb3/4p3/4P3/1BN5/PPPP1PPP/R1BQK1NR w KQkq - 4 5,d2d3,59,21,-38
rn2k1nr/pppqbppp/3pb3/4p3/4P3/1BNP4/PPP2PPP/R1BQK1NR w KQkq - 1 6,f2f4,43,40,-3
rnq1k2r/ppp1bppp/3pbn2/4p3/4PP2/1BNP1N2/PPP3PP/R1BQK2R w KQkq - 3 8,h2h3,201,70,-131
rnq1k2r/ppp1bppp/3p1n2/4p3/4PP2/1bNP1N1P/PPP3P1/R1BQK2R w KQkq - 0 9,a2b3,65,61,-4
r1q1k2r/ppp1bppp/3p4/3n4/3pPP2/1P1P3P/1PP1Q1P1/R1B1K2R w KQkq - 0 13,e4d5,18,30,12
r4rk1/pppqbppp/3p4/3P4/3p1P2/1P1P3P/1PP1Q1P1/R1B2RK1 w - - 3 15,f4f5,15,-32,-47
4rrk1/pp1q2pp/3p1p2/2pP1P2/3p2Q1/1P1P3P/1PP3P1/R4RK1 w - - 2 20,c2c3,28,-30,-58
4rrk1/pp1q2pp/3p1p2/2pP1P2/6Q1/1PpP3P/1P4P1/R4RK1 w - - 0 21,b2c3,-12,-1,-11
5rk1/pp1q2pp/3p1p2/2pPrP2/6Q1/1PPP3P/6P1/R4RK1 w - - 1 22,c3c4,31,-60,-91
6k1/1p1q2pp/p2p1p2/2pP1P2/2P3Q1/1P1P2RP/6PK/1r6 w - - 2 27,h3h4,135,-88,-223
6k1/1p1q2pp/p2p1p2/2pP1P2/2P3QP/1r1P2R1/6PK/8 w - - 0 28,h4h5,73,-45,-118
7Q/1p1q1kp1/3pRp1p/2pP1P1P/p1P5/3r4/6PK/8 w - - 0 34,g2g4,0,0,0
7Q/1p1q1kp1/3pRp1p/2pP1P1P/2P3P1/p2r4/7K/8 w - - 0 35,g4g5,427,618,191
7Q/1p1q1kp1/3pR2p/2pP1PpP/2P5/p2r4/7K/8 w - - 0 36,f5f6,673,685,12
rnbqkbnr/pppppppp/8/8/8/8/PPPPPPPP/RNBQKBNR w KQkq - 0 1,e2e4,31,23,-8
r1bqkb1r/p1pppppp/1pn4n/8/2B1P3/2N5/PPPP1PPP/R1BQK1NR w KQkq - 2 4,d2d3,168,61,-107
r1bqkb1r/4pppp/1p1p3n/2p5/p1BnP3/2NPBN2/PPPQ1PPP/2KR3R w kq - 0 9,a2a3,320,217,-103
rnbqkbnr/pppppppp/8/8/8/8/PPPPPPPP/RNBQKBNR w KQkq - 0 1,e2e4,35,28,-7
rnbqkbnr/ppp2ppp/4p3/3p4/2B1P3/8/PPPP1PPP/RNBQK1NR w KQkq - 0 3,e4d5,-28,-29,1
rn1q1rk1/pp3ppp/2pb1n2/3p4/6b1/1BN2N2/PPPP1PPP/R1BQR1K1 w - - 2 9,h2h3,-77,-92,15
rn1q1rk1/pp3ppp/2pb1n2/3p3b/8/1BN2N1P/PPPP1PP1/R1BQR1K1 w - - 1 10,g2g4,-89,-87,-2
rn1q1rk1/pp3ppp/2pb4/3p3b/6n1/1BN2N1P/PPPP1P2/R1BQR1K1 w - - 0 11,h3g4,-164,-160,-4
rnbqkbnr/pppppppp/8/8/8/8/PPPPPPPP/RNBQKBNR w KQkq - 0 1,e2e4,27,33,6
rnbqkbnr/pp1ppppp/8/2p5/4P3/8/PPPP1PPP/RNBQKBNR w KQkq - 0 2,f2f4,37,-8,-45
rnbqkbnr/pp3ppp/4p3/2pp4/4PP2/5N2/PPPP2PP/RNBQKB1R w KQkq - 0 4,e4d5,-3,-36,33
rnbqkbnr/pp3ppp/8/2pp4/5P2/5N2/PPPP2PP/RNBQKB1R w KQkq - 0 5,d2d4,-42,-62,20
rnbqkb1r/pp3ppp/5n2/2pp4/3P1P2/5N2/PPP3PP/RNBQKB1R w KQkq - 1 6,d4c5,-52,-175,123
rnbqk2r/pp3ppp/5n2/2bp4/5P2/5N2/PPP3PP/RNBQKB1R w KQkq - 0 7,c2c3,-166,-388,222
rnbqkbnr/pppppppp/8/8/8/8/PPPPPPPP/RNBQKBNR w KQkq - 0 1,e2e4,25,29,4
rnbqkbnr/ppp1pppp/3p4/8/4P3/8/PPPP1PPP/RNBQKBNR w KQkq - 0 2,d2d4,42,39,-3
rnbqkbnr/ppp2p2/3pp1p1/7p/3PP3/3B1N2/PPP2PPP/RNBQK2R w KQkq - 0 5,c2c3,168,139,-29
rnb1k1nr/ppp1qp2/3pp3/7p/3PP3/2PB1N2/PP3PPP/RN1QK2R w KQkq - 0 8,d4d5,261,111,-150
rnbqkbnr/pppppppp/8/8/8/8/PPPPPPPP/RNBQKBNR w KQkq - 0 1,e2e4,27,28,1
rnbqkbnr/ppp1p3/3p1p2/6pp/2N1P3/8/PPPP1PPP/RNBQKB1R w KQkq - 0 5,d2d4,187,151,-36
rn1qkbnr/ppp1p3/3p1p2/5bpp/2NPP3/8/PPP2PPP/RNBQKB1R w KQkq - 1 6,e4f5,585,579,-6
rnbqkbnr/pppppppp/8/8/8/8/PPPPPPPP/RNBQKBNR w KQkq - 0 1,e2e4,30,27,-3
rnbqkbnr/pp1ppppp/2p5/8/4P3/8/PPPP1PPP/RNBQKBNR w KQkq - 0 2,d2d4,43,41,-2
rnbqkbnr/pp3ppp/2p1p3/3p4/3PP3/2N5/PPP2PPP/R1BQKBNR w KQkq - 0 4,f2f4,81,37,-44
r4rk1/pb2bppp/2p1pq2/8/5P2/3BB3/PPPQ2PP/R4RK1 w - - 2 14,f4f5,65,27,-38
r4rk1/pb2bppp/2p5/5R2/7q/3BB3/PPPQ2PP/R5K1 w - - 1 16,g2g3,191,69,-122
rnbqkbnr/pppppppp/8/8/8/8/PPPPPPPP/RNBQKBNR w KQkq - 0 1,e2e4,29,29,0
r1bqkbnr/pppp1ppp/2n5/4p3/2B1P3/8/PPPP1PPP/RNBQK1NR w KQkq - 2 3,d2d3,18,17,-1
r1bqk1nr/ppp2ppp/2np4/2b1p3/2B1P3/3P1N2/PPP2PPP/RNBQK2R w KQkq - 0 5,h2h3,26,8,-18
r2qk2r/ppp2pp1/2np1n1p/2bbp3/2B1P3/3P1N1P/PPP2PP1/R1BQ1RK1 w kq - 0 9,e4d5,13,-6,-19
r2qk2r/1p3pp1/1ppp1n1p/3Pp3/2B5/3P3P/PPP2PP1/R2QR1K1 w kq - 0 14,b2b4,68,-35,-103
r2qk2r/1p3pp1/1p1p3p/3np3/1P6/3P3P/P1P2PP1/R2QR1K1 w kq - 0 16,c2c4,-452,-485,33
r2qk2r/1p3pp1/1p1p1n1p/4p3/1PP5/3P3P/P4PP1/R2QR1K1 w kq - 1 17,a2a4,-478,-505,27
r2q1rk1/1p3pp1/1p1p1n1p/4p3/PPP5/3P3P/5PP1/R2QR1K1 w - - 1 18,c4c5,-504,-517,13
r2q1rk1/1p3pp1/3p1n1p/2p1p3/PP6/3P3P/5PP1/R2QR1K1 w - - 0 19,b4c5,-510,-523,13
r2q1rk1/1p3pp1/5n1p/2p1p3/P7/3P3P/5PP1/R2QR1K1 w - - 0 20,a4a5,-500,-531,31
5rk1/1p3pp1/5n1p/2p1R3/8/2qP3P/5PP1/3Q2K1 w - - 1 23,d3d4,-528,-620,92
6k1/5pp1/5n1p/8/8/r6P/3K1PP1/8 w - - 4 32,f2f4,-811,-802,-9
6k1/5pp1/7p/3n4/5P2/r6P/3K2P1/8 w - - 1 33,f4f5,-793,-792,-1
6k1/5pp1/7p/3n1P2/8/6rP/3K2P1/8 w - - 1 34,h3h4,-802,-814,12
rnbqkbnr/pppppppp/8/8/8/8/PPPPPPPP/RNBQKBNR w KQkq - 0 1,d2d4,29,22,-7
rnbqkbnr/ppp1pppp/8/3p4/3P4/8/PPP1PPPP/RNBQKBNR w KQkq - 0 2,c2c4,25,25,0
rnbqk2r/ppp1ppbp/5np1/6B1/2pP4/2N2N2/PP2PPPP/R2QKB1R w KQkq - 4 6,e2e4,51,52,1
rn1qk2r/ppp1ppb1/5n1p/6p1/2pPP1b1/2N2NB1/PP3PPP/R2QKB1R w KQkq - 2 9,e4e5,107,31,-76
rn1qk2r/ppp2pb1/4p2p/3nP1p1/2pP4/2N2bB1/PPQ2PPP/2KR1B1R w kq - 0 12,g2f3,21,22,1
r2qk2r/ppp2pb1/2n1p2p/3nP1p1/2pP4/2N2PB1/PPQ2P1P/2KR1B1R w kq - 1 13,a2a3,85,-111,-196
3r3r/1kpq1pb1/1np1p2p/4P1p1/1N1P4/P4PB1/1PQ2P1P/2KR3R w - - 4 22,f3f4,112,73,-39
r6r/1kpq1pb1/1np1p2p/4P1p1/1N1P1P2/P5B1/1PQ2P1P/2KR3R w - - 1 23,f4g5,76,52,-24
r6r/1kpq1pb1/1np1p3/4P1p1/1N1P4/P5B1/1PQ2P1P/2KR3R w - - 0 24,f2f4,67,19,-48
r6r/1kpq2b1/1np1pp2/4P3/1N1P1Pp1/P7/1PQ2B1P/2KR3R w - - 0 26,d4d5,130,-11,-141
r6r/1k1q2b1/1pp2p2/3pP3/1N3Pp1/P7/1PQ4P/2KR3R w - - 0 28,e5f6,-23,-21,-2
rnbqkbnr/pppppppp/8/8/8/8/PPPPPPPP/RNBQKBNR w KQkq - 0 1,e2e4,29,38,9
rnbqkbnr/ppppp1pp/5p2/8/4P3/8/PPPP1PPP/RNBQKBNR w KQkq - 0 2,d2d4,158,136,-22
rnbqkbnr/pppppppp/8/8/8/8/PPPPPPPP/RNBQKBNR w KQkq - 0 1,e2e4,37,35,-2
rnbqkbnr/pp3ppp/3pp3/2p5/2B1P3/5N2/PPPP1PPP/RNBQK2R w KQkq - 0 4,d2d3,31,11,-20
rnbqkbnr/1p3ppp/p2pp3/2p5/2B1P3/3P1N2/PPP2PPP/RNBQK2R w KQkq - 0 5,a2a3,11,-2,-13
rnbqk2r/1p2bppp/p2ppn2/2p3B1/2B1P3/P2P1N2/1PP2PPP/RN1QK2R w KQkq - 3 7,c2c3,-24,-41,17
r2q1rk1/1b1nbpp1/p2ppn1p/1pp5/4P2B/P1PP1N2/BP1N1PPP/R2Q1RK1 w - - 2 12,h2h3,-15,-30,15
r3rbk1/1b1n1pp1/pq1ppn1p/2p5/1p2P2B/P1PPNN1P/BP3PP1/R2QR1K1 w - - 0 16,a3b4,38,27,-11
r3rbk1/3n1pp1/1qbppn1p/p7/Bp2P2B/2PPNN1P/1P3PP1/R2QR1K1 w - - 2 19,c3c4,-11,-95,84
r3r1k1/4bpp1/1q1ppn1p/p1n5/1pP1P2B/3PNN1P/1P3PP1/R2QR1K1 w - - 3 22,b2b3,-39,-40,1
rr4k1/3qbpp1/3ppn1p/pNn5/1pP1P2B/1P1PN2P/5PP1/R2QR1K1 w - - 5 25,d3d4,9,-112,-121
rr4k1/1n1qbpp1/3ppn1p/pN6/1pPPP2B/1P2N2P/5PP1/R2QR1K1 w - - 1 26,f2f3,98,58,-40
rr1n2k1/3qbpp1/3p1n1p/pN2p3/1pPPP2B/1P2NP1P/4Q1P1/R3R1K1 w - - 0 28,d4d5,181,-17,-198
r7/5pk1/3p1qpp/p1nPp3/1pP1P3/1P2QP1P/6P1/RR4K1 w - - 2 36,g2g3,76,69,-7
r2q4/5pk1/3p2p1/p1nPp2p/1pP1P3/1P2QPPP/6K1/RR6 w - - 2 38,f3f4,82,39,-43
r2q4/5pk1/3p2p1/p1nPp3/1pP1PP1p/1P2Q1PP/6K1/RR6 w - - 0 39,f4e5,283,286,3
r2q4/5pk1/3p2p1/p1nPP3/1pP1P3/1P2Q1pP/6K1/RR6 w - - 0 40,e5d6,302,303,1
r5k1/5p2/3q2p1/p1nP4/1pPQP3/1P4pP/6K1/RR6 w - - 2 42,e4e5,313,305,-8
r5k1/2q2p2/6p1/p1nPP3/1pPQ4/1P4pP/6K1/RR6 w - - 1 43,d5d6,317,299,-18
r5k1/5p2/3Pn1p1/p2qP3/1pP5/1P4KP/8/RR6 w - - 0 46,c4d5,409,400,-9
rnbqkbnr/pppppppp/8/8/8/8/PPPPPPPP/RNBQKBNR w KQkq - 0 1,e2e4,29,30,1
r1bqk2r/pppp1ppp/2n2n2/2b1p3/2B1P3/2N2N2/PPPP1PPP/R1BQK2R w KQkq - 6 5,d2d4,-1,-77,76
r1b1k2r/1pq2pp1/2pn3p/p1b5/2Bp1B2/5Q2/PPP2PPP/R3K2R w KQkq - 0 12,h2h4,-346,-532,186
r2k4/1pq1b3/2p5/5Q2/p1Bp3P/8/PPP2PP1/R3K2R w KQ - 0 21,h4h5,702,633,-69
r2k4/1pq1b3/2p5/5Q1P/2Bp4/p7/PPP2PP1/R3K2R w KQ - 0 22,b2a3,598,631,33
3k4/1pq1b3/2p5/5Q1P/2Bp4/r7/P1P2PP1/R3K2R w KQ - 0 23,h5h6,698,610,-88
3k4/1pq1b3/2p1B2P/5Q2/3p4/8/P1r2PP1/R3K2R w KQ - 0 25,h6h7,885,943,58
3k4/1p2b2P/4B3/q1p2Q2/3p4/8/P1r2PP1/R4K1R w - - 0 27,h7h8q,1010,1237,227
rnbqkbnr/pppppppp/8/8/8/8/PPPPPPPP/RNBQKBNR w KQkq - 0 1,e2e4,29,29,0
rnbqkb1r/pppppppp/5n2/8/4P3/8/PPPP1PPP/RNBQKBNR w KQkq - 1 2,e4e5,54,61,7
rnbqkbnr/pppppppp/8/4P3/8/8/PPPP1PPP/RNBQKBNR w KQkq - 1 3,d2d4,106,119,13
rnbqkb2/ppp5/3p1np1/4p3/3P3Q/8/PPP2PPP/RNB1KB1R w KQq - 0 10,d4e5,530,534,4
rnbqkbnr/pppppppp/8/8/8/8/PPPPPPPP/RNBQKBNR w KQkq - 0 1,d2d4,30,27,-3
rnbqkbnr/pp1ppppp/2p5/8/3P4/8/PPP1PPPP/RNBQKBNR w KQkq - 0 2,c2c4,37,35,-2
rnbqkbnr/pp1p1ppp/2p1p3/8/2PP4/8/PP2PPPP/RNBQKBNR w KQkq - 0 3,e2e4,47,41,-6
rnbqkbnr/pp1p2pp/2p1pp2/8/2PPP3/8/PP3PPP/RNBQKBNR w KQkq - 0 4,e4e5,160,70,-90
rnbqkbnr/pp1p3p/2p1pp2/4P1p1/2PP4/8/PP3PPP/RNBQKBNR w KQkq - 0 5,d4d5,395,147,-248
rnbqkbnr/pp1p3p/2p1p3/3PPpp1/2P5/8/PP3PPP/RNBQKBNR w KQkq - 0 6,d5e6,10000,167,-9833
rnbqkbnr/pp1p3p/2p1P3/4Pp2/2P3p1/8/PP3PPP/RNBQKBNR w KQkq - 0 7,h2h3,183,193,10
rnbqkbnr/pppppppp/8/8/8/8/PPPPPPPP/RNBQKBNR w KQkq - 0 1,e2e4,33,27,-6
rnbqkbnr/ppp2ppp/4p3/3p4/2B1P3/8/PPPP1PPP/RNBQK1NR w KQkq - 0 3,e4d5,-32,-27,-5
rnbqkb1r/ppp2ppp/5n2/3p4/8/1B6/PPPP1PPP/RNBQK1NR w KQkq - 2 5,d2d4,-29,-32,3
rn1q1rk1/pp3pp1/2p2b1p/3p1b2/3P4/1B3N2/PPP2PPP/RN1QR1K1 w - - 2 11,c2c4,-1,-101,100
r2q1rk1/pp3pp1/1np2b1p/5b2/2BP4/2N2N2/PP3PPP/R2QR1K1 w - - 3 14,b2b3,-11,-113,102
r2q1rk1/pp3pp1/2p2b1p/5b2/2nP4/1PN2N2/P4PPP/R2QR1K1 w - - 0 15,b3c4,-101,-109,8
3r1rk1/pp3pp1/2p2b1p/q4b2/2PP4/2N2N2/P4PPP/2RQR1K1 w - - 3 17,d4d5,-92,-549,457
3r2k1/pp3pp1/4b2p/4N3/2p5/2q5/P4PPP/6K1 w - - 0 24,g2g3,-1191,-10000,8809
rnbqkbnr/pppppppp/8/8/8/8/PPPPPPPP/RNBQKBNR w KQkq - 0 1,d2d4,30,24,-6
rnbqkbnr/pp1ppppp/2p5/8/3P4/8/PPP1PPPP/RNBQKBNR w KQkq - 0 2,e2e3,43,25,-18
r2qkbnr/p4ppp/2p1p3/2pp4/3P4/4P3/PPP1QPPP/RNB2RK1 w kq - 0 9,d4c5,1,3,2
r2qk1nr/p4ppp/2p1p3/2bp4/8/4P3/PPP1QPPP/RNB2RK1 w kq - 0 10,b2b3,15,13,-2
r4rk1/p4ppp/2pqpn2/2bp4/8/1P2P3/PBPNQPPP/R4RK1 w - - 5 13,c2c4,32,17,-15
1r3rk1/p4ppp/2pqpn2/2bp4/2P5/1P2P3/PB1NQPPP/R4RK1 w - - 1 14,c4d5,69,24,-45
6rk/p4prp/3qpp2/2bp4/Q7/1P2P3/P2N1PPP/R4RK1 w - - 8 20,g2g3,-12,-5,-7
rnbqkbnr/pppppppp/8/8/8/8/PPPPPPPP/RNBQKBNR w KQkq - 0 1,e2e4,26,25,-1
rnbqkbnr/pppp1ppp/4p3/8/4P3/8/PPPP1PPP/RNBQKBNR w KQkq - 0 2,d2d4,38,33,-5
rnbqkbnr/pppp2pp/4pp2/8/3PP3/8/PPP2PPP/RNBQKBNR w KQkq - 0 3,c2c4,142,117,-25
rnbqkbnr/pppp3p/4ppp1/8/2PPP3/8/PP3PPP/RNBQKBNR w KQkq - 0 4,e4e5,157,38,-119
rnbqkbnr/pppp4/4pppp/4P3/2PP4/8/PP3PPP/RNBQKBNR w KQkq - 0 5,f2f4,178,143,-35
rnbqkbnr/pppp4/4p2p/4Ppp1/2PP1P2/5N2/PP4PP/RNBQKB1R w KQkq - 0 7,g2g3,265,195,-70
rnb1k1nr/pppp3q/4p2b/4Pp2/2PP1Pp1/1NNBB1Pp/PP3K1P/R2Q3R w kq - 6 14,d4d5,260,271,11
rnb1k1nr/pppp2bq/4p3/3PPp2/2P2Pp1/1NNBB1Pp/PP3K1P/R2Q3R w kq - 1 15,d5e6,303,165,-138
rnb2knr/pppp2bq/4P3/4Pp2/2P2Pp1/1NNBB1Pp/PP3K1P/R2Q3R w - - 1 16,c4c5,428,301,-127
rnb2k1r/ppppn1bq/4P3/2P1Pp2/5Pp1/1NNBB1Pp/PP3K1P/R2Q3R w - - 1 17,e6d7,354,317,-37
rn3k1r/pppbn1bq/8/2P1Pp2/5Pp1/1NNBB1Pp/PP3K1P/R2Q3R w - - 0 18,c5c6,309,313,4
rnbqkbnr/pppppppp/8/8/8/8/PPPPPPPP/RNBQKBNR w KQkq - 0 1,e2e4,27,28,1
rnbqkb1r/ppp2ppp/3p1n2/4p3/4P3/5N2/PPPPBPPP/RNBQK2R w KQkq - 2 4,d2d3,3,-5,-8
rn1qk2r/pp2bppp/3pbn2/2p1p3/4P3/2NP1N2/PPP1BPPP/R1BQ1RK1 w kq - 0 7,a2a3,-3,-21,18
r3k2r/pp2bppp/1qnpbn2/2p1p3/4P3/P1NP1N2/1PP1BPPP/1RBQ1RK1 w kq - 3 9,b2b4,18,5,-13
r4rk1/pp2bppp/1q1p1n2/3bp3/1P1pP3/P2P4/2PBBPPP/1R1Q1RK1 w - - 0 13,e4d5,-72,-59,-13
4rrk1/pp2bppp/3p4/1q6/1P1p1p2/P2P1B2/2P2PPP/2RQR1K1 w - - 4 18,c2c3,-32,-29,-3
2r2rk1/p3bppp/1pBp4/6q1/1P3p2/P1RP4/5PPP/2Q1R1K1 w - - 2 22,b4b5,-22,-35,13
2r2rk1/p3Rppp/1pBp2q1/1P6/8/P1RP1p2/5PPP/2Q3K1 w - - 0 24,g2g3,520,436,-84
3r1rk1/6pp/1pB2p2/1P1pq3/R7/P2P1RP1/5P1P/5QK1 w - - 1 31,d3d4,581,523,-58
3r1rk1/6pp/1pB2p2/1P1p4/R2P2q1/P3R1P1/5P1P/5QK1 w - - 3 33,h2h3,555,550,-5
rnbqkbnr/pppppppp/8/8/8/8/PPPPPPPP/RNBQKBNR w KQkq - 0 1,d2d4,29,23,-6
rnbqkbnr/pppp1ppp/4p3/8/3P4/8/PPP1PPPP/RNBQKBNR w KQkq - 0 2,e2e4,30,31,1
rnbqkbnr/pppp1p1p/4p1p1/8/3PP3/8/PPP2PPP/RNBQKBNR w KQkq - 0 3,e4e5,120,59,-61
rnbqkbnr/pppp1p2/4p1p1/4P2p/3P4/8/PPP2PPP/RNBQKBNR w KQkq - 0 4,f2f4,140,41,-99
rnb1kbnr/pppp1p2/4p1p1/4P2p/3P1P1q/8/PPP3PP/RNBQKBNR w KQkq - 1 5,g2g3,78,73,-5
rnb1k3/ppppqpbr/4p1pn/4P1Np/3PNP2/3BB1P1/PPPQ1K1P/R6R w q - 17 14,h2h4,562,239,-323
rnb1k2r/ppppqpb1/4p1pn/4P1Np/3PNP1P/3BB1P1/PPPQ1K2/R6R w q - 1 15,c2c4,238,160,-78
rnb1kr2/ppppqpb1/4p1pn/4P1Np/2PPNP1P/3BB1P1/PP1Q1K2/R6R w q - 1 16,a2a3,343,287,-56
rnb1kr1b/ppppqp2/4p1pn/4P1Np/2PPNP1P/P2BB1P1/1P1Q1K2/R6R w q - 1 17,b2b4,395,302,-93
rnb1kr1b/ppppq3/4pppn/4P1Np/1PPPNP1P/P2BB1P1/3Q1K2/R6R w q - 0 18,c4c5,451,231,-220
rnb1kr1b/ppppq3/4p1pn/2P1P2p/1P1P1P1p/P1NBB1P1/3Q1K2/R6R w q - 0 20,g3h4,208,-60,-268
rnbqkbnr/pppppppp/8/8/8/8/PPPPPPPP/RNBQKBNR w KQkq - 0 1,e2e4,21,19,-2
rnbqkbnr/pp1ppppp/8/2p5/4P3/8/PPPP1PPP/RNBQKBNR w KQkq - 0 2,f2f4,26,-7,-33
rnbqkbnr/pp1p1ppp/4p3/2p5/4PP2/8/PPPP2PP/RNBQKBNR w KQkq - 0 3,c2c4,-13,-29,16
rnbqkbnr/pp3ppp/4p3/2pp4/2P1PP2/8/PP1P2PP/RNBQKBNR w KQkq - 0 4,c4d5,-44,-55,11
rnbqkbnr/pp3ppp/8/2pp4/4PP2/8/PP1P2PP/RNBQKBNR w KQkq - 0 5,e4d5,-52,-66,14
rnbqkbnr/pp3ppp/8/2p5/5P2/5N2/PP1P2PP/RNBQKB1R w KQkq - 2 7,d2d3,-30,-104,74
r4rk1/pp2bppp/8/2p2b2/3qnP2/3P4/PPQ1B1PP/R1B2R1K w - - 0 15,d3e4,-332,-341,9
r4rk1/pp3ppp/8/2p5/5P2/2b2B2/PP5P/R5K1 w - - 0 23,b2c3,-514,-496,-18
3r2k1/pp3ppp/8/2p5/5P2/2Pr1BK1/P6P/2R5 w - - 7 27,f4f5,-576,-557,-19
4r1k1/pp4pp/5p2/2p2P2/5K2/2Pr1B2/P6P/2R5 w - - 2 29,h2h4,-480,-518,38
6k1/pp4pp/5p2/2p2P2/5K1P/2r1rB2/P7/5R2 w - - 0 31,h4h5,-558,-611,53
6k1/pp4pp/5p2/2p2P1P/5K2/2rr1B2/P7/5R2 w - - 1 32,h5h6,-621,-597,-24
rnbqkbnr/pppppppp/8/8/8/8/PPPPPPPP/RNBQKBNR w KQkq - 0 1,e2e4,22,34,12
r1bqkbnr/ppp2ppp/2n5/3pp3/2B1P3/5N2/PPPP1PPP/RNBQK2R w KQkq - 0 4,e4d5,119,125,6
r1bqkbnr/ppp2ppp/8/3Pp3/1nB5/5N2/PPPP1PPP/RNBQK2R w KQkq - 1 5,c2c3,264,153,-111
r1bq1bnr/ppp1kBpp/8/4N3/5n2/2P5/PP1P1PPP/RNBQK2R w KQ - 1 8,d2d4,494,290,-204
rnbqkbnr/pppppppp/8/8/8/8/PPPPPPPP/RNBQKBNR w KQkq - 0 1,e2e4,26,29,3
r1bqk1nr/pppp1pp1/2n4p/2b1p3/2B1P3/2N2N2/PPPP1PPP/R1BQK2R w KQkq - 2 5,d2d3,28,4,-24
r1bqk2r/pppp1pp1/2n4p/2b1p3/2B1P1n1/2NP1N2/PPP2PPP/R1BQ1RK1 w kq - 3 7,h2h3,66,65,-1
r2q2k1/ppp2pp1/2npr2p/4p3/4P3/3P1NNP/PPP3P1/R1BQ2K1 w - - 0 14,c2c3,303,261,-42
5rk1/6p1/1pq2p1p/2p1pn2/3pP3/2PPBQ1P/PP1N2P1/6K1 w - - 0 30,e4f5,-260,-302,42
1r4k1/6p1/1p3p1p/2p1pP2/8/2PPKN1P/PP4P1/8 w - - 1 35,d3d4,-178,-284,106
1r4k1/6p1/1p3p1p/4pP2/3p4/2P1KN1P/PP4P1/8 w - - 0 36,c3d4,-254,-255,1
4r1k1/6p1/1p3p1p/4pP2/3P4/4KN1P/PP4P1/8 w - - 1 37,d4e5,-152,-149,-3
r5k1/6p1/1p5p/4pP2/4K3/5N1P/PP4P1/8 w - - 2 39,a2a3,-184,-163,-21
rnbqkbnr/pppppppp/8/8/8/8/PPPPPPPP/RNBQKBNR w KQkq - 0 1,e2e4,28,28,0
rnbqkbnr/pppp1ppp/4p3/8/4P3/8/PPPP1PPP/RNBQKBNR w KQkq - 0 2,d2d3,32,-10,-42
rnbqkbnr/pppp2pp/4pp2/8/4P3/3P4/PPP2PPP/RNBQKBNR w KQkq - 0 3,f2f4,83,24,-59
rnbqkbnr/pppp4/4pppp/8/4PP2/3P1N2/PPP3PP/RNBQKB1R w KQkq - 0 5,f4f5,179,171,-8
rnbqkbnr/pppp4/4pp1p/5Pp1/4P3/3P1N2/PPP3PP/RNBQKB1R w KQkq - 0 6,f5e6,172,156,-16
rnbqkbnr/pppp4/4P2p/5pp1/4P3/3P1N2/PPP3PP/RNBQKB1R w KQkq - 0 7,e4f5,353,160,-193
rnbqkbnr/pppp4/4P3/5Ppp/8/3P1N2/PPP3PP/RNBQKB1R w KQkq - 0 8,e6d7,420,408,-12
r3k2r/ppp1n3/2n5/5q1p/8/2NP4/PPP1Q1PP/2K1RB1R w - - 2 17,g2g3,486,494,8
rnbqkbnr/pppppppp/8/8/8/8/PPPPPPPP/RNBQKBNR w KQkq - 0 1,c2c4,28,-6,-34
rnbqkbnr/pppp1ppp/8/4p3/2P5/8/PP1PPPPP/RNBQKBNR w KQkq - 0 2,d2d4,3,-15,-18
r1bq1rk1/ppp2ppp/3p4/8/1nP5/2b2N2/PP2PPPP/1QKR1B1R w - - 0 11,b2c3,-188,-177,-11
r1b2rk1/ppp2ppp/2np4/6q1/2P5/2P5/P3PPPP/1QKR1B1R w - - 0 13,e2e3,-662,-641,-21
r1b2r1k/ppp2ppB/3p4/8/1nP5/1q2P3/P2K1PPP/3R3R w - - 0 19,a2b3,-670,-672,2
r1b2r2/ppp2ppk/2np4/8/2P5/1PK1P3/5PPP/3R3R w - - 2 21,h2h3,-694,-731,37
r4rk1/ppp2pp1/2np4/7R/2P1b3/1PK1P2P/5PP1/7R w - - 5 24,f2f3,-622,-692,70
r3r1k1/ppp2pp1/2np2b1/6R1/2P5/1PK1PP1P/6P1/7R w - - 3 26,e3e4,-699,-703,4
r3r1k1/ppp2ppb/2np4/6R1/2P1P3/1PK2P1P/6P1/7R w - - 1 27,g2g4,-658,-731,73
1r2r1k1/ppp3pb/2np1p2/1R6/2P1P1P1/1PK2P1P/8/7R w - - 2 29,b3b4,-626,-697,71
1r2r1k1/2p1n1pb/p2p1p2/1p6/1PP1P1P1/2K2P1P/3R4/7R w - - 0 32,c4b5,-651,-686,35
rnbqkbnr/pppppppp/8/8/8/8/PPPPPPPP/RNBQKBNR w KQkq - 0 1,e2e4,29,26,-3
r1bqkbnr/pppp1ppp/2n5/4p3/4P3/5N2/PPPP1PPP/RNBQKB1R w KQkq - 2 3,d2d4,28,6,-22
r1b1k2r/pp1pbp2/1q3n1p/2p1B1p1/2Q1P3/8/PPP2PPP/RN2KB1R w KQkq - 4 11,b2b3,138,12,-126
r1b2r2/pp1p1pk1/5N1p/6p1/1p2P3/1P6/P1P2PPP/R3KB1R w KQ - 1 17,e4e5,622,555,-67
r4r2/pb1p1pk1/1p3N1p/4P1p1/1p6/1P1B4/P1P2PPP/R4RK1 w - - 6 21,f2f4,635,616,-19
2r2r2/pb1p1pk1/1p3N1p/4P1p1/1p3P2/1P1B4/P1P3PP/R4RK1 w - - 1 22,f4g5,629,610,-19
7r/8/1R3R2/4P1p1/pp5k/1P3B2/P1P3PP/6K1 w - - 2 33,g2g3,10000,10000,0
rnbqkbnr/pppppppp/8/8/8/8/PPPPPPPP/RNBQKBNR w KQkq - 0 1,e2e4,26,30,4
rnbqkbnr/ppp1pppp/8/3p4/4P3/8/PPPP1PPP/RNBQKBNR w KQkq - 0 2,e4e5,72,-15,-87
rn1qkbnr/ppp1pppp/8/3pPb2/8/8/PPPP1PPP/RNBQKBNR w KQkq - 1 3,d2d4,-3,-4,1
r3k1r1/p3qp1p/2p4p/4PQ2/8/8/PPP2PPP/R4RK1 w q - 1 16,g2g3,460,459,-1
rnbqkbnr/pppppppp/8/8/8/8/PPPPPPPP/RNBQKBNR w KQkq - 0 1,d2d4,28,21,-7
rnbqkbnr/pppp1ppp/4p3/8/3P4/8/PPP1PPPP/RNBQKBNR w KQkq - 0 2,e2e3,28,10,-18
rnbqkbnr/pppp4/4p1pp/5p2/3P4/4PN2/PPP1BPPP/RNBQ1RK1 w kq - 0 6,g2g3,181,85,-96
rnbqkbnr/pppppppp/8/8/8/8/PPPPPPPP/RNBQKBNR w KQkq - 0 1,e2e4,26,28,2
rnbqkb1r/pppp1ppp/4pn2/8/2B1P3/8/PPPP1PPP/RNBQK1NR w KQkq - 2 3,d2d3,26,-58,-84
rnbqk2r/ppp2ppp/4pn2/2bp4/2B1P3/3P1N2/PPP2PPP/RNBQK2R w KQkq - 0 5,h2h3,-42,-431,389
rnbqk2r/ppp2ppp/4pn2/2b5/2p1P3/3P1N1P/PPP2PP1/RNBQK2R w KQkq - 0 6,d3d4,-435,-489,54
rnbqk2r/ppp2ppp/1b2pn2/8/2pPP3/5N1P/PPP2PP1/RNBQK2R w KQkq - 1 7,c2c3,-371,-507,136
rnbqk2r/pp3ppp/4pn2/8/2pbP3/N1P4P/PP3PP1/R1BQK2R w KQkq - 0 10,c3d4,-479,-471,-8
rnb1k2r/pp3ppp/4pq2/8/2pPnB2/N6P/PP3PP1/R2QK2R w KQkq - 2 12,g2g3,-417,-479,62
3rk2r/pq3ppp/1p2p3/4n3/1B6/6PP/PPQ2P2/2R3K1 w k - 5 24,g3g4,-450,-870,420
3rk2r/pq4pp/1p2pp2/4n3/1B4P1/7P/PPQ2P2/2R3K1 w k - 0 25,h3h4,-532,-977,445
3r3r/pq3kpp/1p2pp2/4n3/1B4PP/8/PPQ2P2/2R3K1 w - - 1 26,g4g5,-571,-647,76
3r3r/pq3kpp/1p2p3/4npP1/1B5P/8/PPQ2P2/2R3K1 w - - 0 27,h4h5,-546,-650,104
2r4r/pq3kpp/1p2p3/4npPP/1B6/8/PPQ2P2/2R3K1 w - - 1 28,g5g6,-739,-788,49
2q5/p5p1/1p2pkp1/4np1P/8/2B5/PP3P2/6K1 w - - 0 32,h5g6,-611,-783,172
rnbqkbnr/pppppppp/8/8/8/8/PPPPPPPP/RNBQKBNR w KQkq - 0 1,c2c4,27,8,-19
rnbqkbnr/pppp1ppp/4p3/8/2P5/8/PP1PPPPP/RNBQKBNR w KQkq - 0 2,d2d4,19,18,-1
rnbqkbnr/ppp2ppp/4p3/8/2pP4/5N2/PP2PPPP/RNBQKB1R w KQkq - 0 4,e2e4,31,23,-8
rn1qkbnr/1b3ppp/p1p1p3/1p6/2pPP3/2N2N2/PP2BPPP/R1BQ1RK1 w kq - 0 8,a2a3,28,-59,-87
rn1qkbnr/1b3pp1/p1p1p2p/1p6/2pPP3/P1N2N2/1P2BPPP/R1BQ1RK1 w kq - 0 9,b2b4,-11,-110,99
r2qk2r/1b2bpp1/p1p1p2p/1p2n3/1PpPP3/P1N5/2Q1BPPP/3R1RK1 w kq - 0 15,d4e5,-377,-381,4
r4rk1/1bq1bpp1/p1p1p2p/1p2P3/1Pp1P3/P1N5/2Q1BPPP/3RR1K1 w - - 3 17,f2f4,-441,-412,-29
r1q2rk1/1b2b1p1/p1p1pp1p/1p2P3/1Pp1PP2/P1N5/2Q1B1PP/3RR2K w - - 0 19,e5f6,-119,-117,-2
r5k1/1bq1b1p1/p1p1pr1p/1p6/1Pp1PP2/P1N5/4B1PP/2QRR2K w - - 2 21,e4e5,-96,-57,-39
rnbqkbnr/pppppppp/8/8/8/8/PPPPPPPP/RNBQKBNR w KQkq - 0 1,d2d4,25,16,-9
rnbqkb1r/pppppppp/5n2/8/3P4/8/PPP1PPPP/RNBQKBNR w KQkq - 1 2,g2g3,16,-8,-24
rnbqkbnr/ppppp2p/5pp1/8/3P4/5NP1/PPP1PPBP/RNBQK2R w KQkq - 0 5,e2e3,180,130,-50
1r2kbnr/3n4/3ppq2/6p1/Q2P1p2/4PNPp/PPP2P1P/RNB2RK1 w k - 0 18,e3f4,374,353,-21
rnbqkbnr/pppppppp/8/8/8/8/PPPPPPPP/RNBQKBNR w KQkq - 0 1,d2d4,25,15,-10
rnbqkbnr/ppp1pppp/8/3p4/3P4/8/PPP1PPPP/RNBQKBNR w KQkq - 0 2,c2c4,21,21,0
rnbqk2r/pp2bpp1/2p1p2p/3p4/2PPn3/2N2NB1/PP2PPPP/R2QKB1R w KQkq - 4 8,e2e3,34,22,-12
rnbqk2r/pp2bpp1/2p1p2p/3p4/2PP4/2N1PNn1/PP3PPP/R2QKB1R w KQkq - 0 9,h2g3,29,24,-5
2kr3r/ppqbbpp1/2p1pn1p/3p4/2PP4/2NBPNP1/PPQ2PP1/1K1R3R w - - 9 14,c4d5,-2,-8,6
2kr1r2/ppqbbpp1/2p2n1p/3pN3/3P4/2NBP1P1/PPQ2PP1/1K1R3R w - - 2 16,f2f4,-15,-40,25
2kr1r2/pp1q1pp1/2pb1n1p/3p4/3P1P2/2NBP1P1/PPQ3P1/1K1R3R w - - 0 18,e3e4,574,-29,-603
1k6/pp1q4/2pbpr1p/6p1/2QP1P2/6P1/PP2R1P1/1K1R4 w - - 0 26,f4g5,316,254,-62
rnbqkbnr/pppppppp/8/8/8/8/PPPPPPPP/RNBQKBNR w KQkq - 0 1,e2e4,28,24,-4
r1bqk1nr/pppp1ppp/2n5/2b1p3/2B1P3/5N2/PPPP1PPP/RNBQK2R w KQkq - 4 4,d2d3,16,9,-7
r3k2r/1pp3qp/p1nppp2/2b1p3/4P2B/3P1N2/PPPQ1PPP/R3K2R w KQkq - 4 12,g2g3,-57,-61,4
3k3r/1pp3qp/p1npp3/2b1pp2/4P3/3P1NP1/PPPQ1P1P/2KR3R w - - 0 15,e4f5,241,241,0
2k2r2/1pp3qp/p1np4/2b1pp2/7N/2QP2P1/PPP2P1P/2KR3R w - - 4 18,f2f4,150,171,21
2k2r2/1pp3qp/p1np4/5p2/3b1p1N/1Q1P2P1/PPP4P/2KR3R w - - 0 20,g3f4,158,55,-103
rnbqkbnr/pppppppp/8/8/8/8/PPPPPPPP/RNBQKBNR w KQkq - 0 1,e2e4,23,29,6
rnbqkbnr/ppp1pppp/8/3p4/4P3/8/PPPP1PPP/RNBQKBNR w KQkq - 0 2,e4e5,60,-11,-71
rnbqkb1r/ppp2ppp/4p1n1/4P3/2Bp4/5N2/PPPP1PPP/RNBQ1RK1 w kq - 4 6,d2d3,10,-12,-22
r1bqkb1r/1pp2ppp/p1n1p1n1/4P3/2Bp4/3P1N2/PPP2PPP/RNBQR1K1 w kq - 0 8,c2c3,-7,-48,41
r1bqkb1r/1pp2ppp/p1n1p1n1/4P3/2B5/2pP1N2/PP3PPP/RNBQR1K1 w kq - 0 9,b2c3,39,-32,-71
r1bqk2r/2p1bppp/p1n1p1n1/1p2P3/8/1BPP1N2/P4PPP/RNBQR1K1 w kq - 2 11,d3d4,66,92,26
r1bq1rk1/2p1bppp/p1n1p1n1/1p2P3/3P4/1BP2N2/P4PPP/RNBQR1K1 w - - 1 12,a2a4,97,-7,-104
r2q1rk1/1bp1bppp/p1n1p1n1/1p2P3/P2P4/1BP2N2/5PPP/RNBQR1K1 w - - 1 13,a4b5,-2,-30,28
b4rk1/2q1bppp/2p1p1n1/1p2P3/3P4/2PQBN2/2B2PPP/4R1K1 w - - 2 20,h2h4,50,67,17
rnbqkbnr/pppppppp/8/8/8/8/PPPPPPPP/RNBQKBNR w KQkq - 0 1,d2d3,29,-20,-49
rnbqkbnr/pppp1ppp/4p3/8/8/3P4/PPP1PPPP/RNBQKBNR w KQkq - 0 2,e2e3,5,-22,-27
rnbqkbnr/pppp2pp/4p3/5p2/8/3PP3/PPP2PPP/RNBQKBNR w KQkq - 0 3,f2f3,28,-35,-63
rnbqkbnr/pppp3p/4p3/5pp1/8/3PPP2/PPP3PP/RNBQKBNR w KQkq - 0 4,c2c3,39,-2,-41
rnbqkbnr/pppp3p/4p3/5p2/6p1/2PPPP2/PP4PP/RNBQKBNR w KQkq - 0 5,b2b3,53,-67,-120
rnbqkbnr/pppp4/4p3/5p1p/6p1/1PPPPP2/P5PP/RNBQKBNR w KQkq - 0 6,f3g4,-72,-168,96
rnbqkbnr/pppp4/4p3/5p2/6Pp/1PPPP3/P5PP/RNBQKBNR w KQkq - 0 7,g2g3,171,-81,-252
rnbqkbnr/pppppppp/8/8/8/8/PPPPPPPP/RNBQKBNR w KQkq - 0 1,d2d4,33,16,-17
rnbqkbnr/pppp1ppp/8/4p3/3P4/8/PPP1PPPP/RNBQKBNR w KQkq - 0 2,e2e3,136,19,-117
rnbqk1nr/4bppp/pppp4/8/8/4PN2/PPP2PPP/RNBQKB1R w KQkq - 0 8,g2g3,4,-7,-11
rnbqk1nr/4b2p/pppp4/5pp1/8/4PNP1/PPP2PBP/RNBQK2R w KQkq - 0 10,b2b3,194,165,-29
rn6/5k2/pppp1n2/3q1p2/8/1P2P1P1/P1PNQP1P/R4RK1 w - - 6 21,c2c4,563,525,-38
rn6/5k2/pppp4/8/2PNq1n1/1P2P1P1/P2Q1P1P/R4RK1 w - - 5 27,f2f3,574,579,5
rn6/5k1q/pppp4/8/2PN2n1/1P2PPP1/P2Q3P/R4RK1 w - - 1 28,f3g4,906,931,25
8/2k4r/ppp2n2/5N2/2P3P1/1P2P1P1/P6P/R4RK1 w - - 2 37,e3e4,844,753,-91
8/2k5/pp6/2p2r2/2P3P1/1P4P1/P2RR2P/6K1 w - - 0 43,g4f5,987,983,-4
8/2k5/p7/1pp2P2/2P5/1P4P1/P2RR2P/6K1 w - - 0 44,f5f6,1041,1062,21
8/2k5/5P2/ppp5/2P5/1P4P1/P2RR2P/6K1 w - - 0 45,f6f7,10000,10000,0
8/2k2P2/8/p1p5/2p5/1P4P1/P2RR2P/6K1 w - - 0 46,f7f8q,10000,10000,0
rnbqkbnr/pppppppp/8/8/8/8/PPPPPPPP/RNBQKBNR w KQkq - 0 1,e2e4,31,33,2
r1bqk2r/pppp1ppp/5n2/2b1n3/4P3/2N5/PPPPBPPP/R1BQK2R w KQkq - 0 6,d2d4,91,122,31
3r3r/1RQb1p2/2np1k2/2q4p/4P1p1/8/P1P2PPP/4R1K1 w - - 0 27,e4e5,-458,-659,201
rnbqkbnr/pppppppp/8/8/8/8/PPPPPPPP/RNBQKBNR w KQkq - 0 1,e2e4,30,26,-4
rnbqkb1r/ppp2ppp/3p1n2/4p3/2B1P3/5N2/PPPP1PPP/RNBQK2R w KQkq - 2 4,d2d3,34,18,-16
rnbq1rk1/ppp1bppp/3p1n2/4p3/2B1P3/3P1N2/PPP2PPP/RNBQ1RK1 w - - 3 6,a2a3,17,14,-3
r1bq1rk1/pppnbppp/3p1n2/4p3/2B1P3/P2P1N2/1PP2PPP/RNBQ1RK1 w - - 1 7,c2c3,17,-8,-25
r2q1rk1/pppn1pp1/3p1b1p/4p2b/4P3/P1PP1N2/BPQN1PPP/R4RK1 w - - 4 13,d3d4,-13,-32,19
r2q1rk1/pppn1pp1/3p1b1p/7b/3pP3/P1P2N2/BPQN1PPP/R4RK1 w - - 0 14,c3d4,28,-30,-58
r2q1rk1/pppn1pp1/3p3p/6bb/3PP3/P4N2/BPQN1PPP/R4RK1 w - - 1 15,e4e5,106,-38,-144
r2q1rk1/pppn1pp1/3p3p/4P3/3P4/P4b2/BP1Q1PPP/R4RK1 w - - 0 17,g2f3,-129,-167,38
r2q1rk1/pppn1pp1/7p/4p3/3P4/P4P2/BP1Q1P1P/R4RK1 w - - 0 18,d4e5,-194,-286,92
r7/ppp1r1pk/5p2/6p1/8/P4P2/BP3PKP/R7 w - - 2 28,b2b4,-445,-454,9
3r4/ppp1r1pk/5p2/6p1/1P6/P4P2/B4PKP/R7 w - - 1 29,h2h4,-463,-471,8
8/p3r3/2p5/5k2/1P3p2/P2K1P2/5P2/8 w - - 0 46,a3a4,-620,-626,6
8/4r3/p1p5/5k2/PP3p2/3K1P2/5P2/8 w - - 0 47,b4b5,-611,-666,55
8/3r4/p7/1p3k2/P1K2p2/5P2/5P2/8 w - - 0 49,a4b5,-652,-688,36
rnbqkbnr/pppppppp/8/8/8/8/PPPPPPPP/RNBQKBNR w KQkq - 0 1,e2e4,24,30,6
rnbqkbnr/pp1ppppp/8/2p5/4P3/8/PPPP1PPP/RNBQKBNR w KQkq - 0 2,f2f4,31,-4,-35
rnbqkbnr/pp3ppp/4p3/2pp4/4PP2/5N2/PPPP2PP/RNBQKB1R w KQkq - 0 4,e4d5,-8,-41,33
rnbqkbnr/pp3ppp/8/2pp4/5P2/5N2/PPPP2PP/RNBQKB1R w KQkq - 0 5,d2d4,-32,-54,22
rnbqkb1r/pp3ppp/5n2/2pp4/3P1P2/5N2/PPP3PP/RNBQKB1R w KQkq - 1 6,c2c3,-64,-109,45
r2q1rk1/pp3pbp/5np1/4n3/2pP1Pb1/2P1B1Q1/PPBN2PP/R4RK1 w - - 0 17,f4e5,351,332,-19
r2q1rk1/pp4bp/5pp1/4P2n/3P2Q1/2PpB3/PP1N1RPP/5RK1 w - - 0 22,e5f6,445,299,-146
rnbqkbnr/pppppppp/8/8/8/8/PPPPPPPP/RNBQKBNR w KQkq - 0 1,e2e4,32,15,-17
r1bqkbnr/pppp1pp1/2n4p/4p3/2B1P3/5N2/PPPP1PPP/RNBQK2R w KQkq - 0 4,d2d4,70,68,-2
r1bqkb1r/pppp1pp1/2n2n1p/4p3/2BPP3/5N2/PPP2PPP/RNBQK2R w KQkq - 1 5,d4d5,245,90,-155
r1bqkb1r/pppp1pp1/5n1p/3Pp3/1nB1P3/5N2/PPP2PPP/RNBQK2R w KQkq - 1 6,a2a3,167,169,2
r6r/pb1pN1pk/1p1Q1n1p/2n5/4P3/P7/1PP2PPP/R1B2RK1 w - - 5 18,f2f4,781,576,-205
r6r/pb1pN1pk/1p5p/8/4nPn1/P7/1PP3PP/R1BQ1RK1 w - - 2 20,f4f5,797,586,-211
5r1r/p2p2pk/1p4Np/5P2/6n1/P4Q2/1PP2nPP/R1B2K2 w - - 3 24,h2h3,531,555,24
rnbqkbnr/pppppppp/8/8/8/8/PPPPPPPP/RNBQKBNR w KQkq - 0 1,e2e4,24,32,8
rnbqkbnr/pppp1ppp/4p3/8/4P3/8/PPPP1PPP/RNBQKBNR w KQkq - 0 2,d2d4,38,31,-7
r1b1kb1r/ppp3pp/2n2q2/4pp2/3P4/4BB2/PPP1NPPP/R2QK2R w KQkq - 0 10,d4d5,97,-32,-129
r1b1kb1r/ppp1n1pp/5q2/3P1p2/5B2/5p2/PPP1NPPP/R2Q1RK1 w kq - 0 13,g2f3,-219,-442,223
r3kb1r/ppBb2pp/5qn1/3P1p2/8/5P2/PPP1NP1P/R2Q1RK1 w kq - 1 15,d5d6,-231,-235,4
2r1kb1r/ppBb2pp/3P1qn1/5p2/8/5P2/PPP1NP1P/R2Q1RK1 w k - 1 16,f3f4,-203,-277,74
2r4r/pp4pp/3k4/3n1p2/8/8/PPP2P1P/3R1R1K w - - 2 25,f2f4,-366,-466,100
2r1r3/p5pp/3k4/1p1n1p2/5P2/5R2/PPP4P/3R3K w - - 0 27,b2b4,-131,-474,343
8/p2R2pp/1k4r1/1p3p2/5P2/8/P1R2K1P/6r1 w - - 5 38,a2a4,-348,-667,319
8/p2R2pp/1k4r1/1p3p2/P4P2/4K3/2r4P/8 w - - 0 40,a4b5,-670,-693,23
rnbqkbnr/pppppppp/8/8/8/8/PPPPPPPP/RNBQKBNR w KQkq - 0 1,e2e4,30,29,-1
rnbqkbnr/pp1ppppp/8/2p5/4P3/8/PPPP1PPP/RNBQKBNR w KQkq - 0 2,d2d3,29,9,-20
r1bqkbnr/pp1ppppp/2n5/2p5/4P3/3P4/PPP2PPP/RNBQKBNR w KQkq - 1 3,c2c3,1,-18,-19
r1bqkbnr/pp2pppp/2n5/2p5/3pP3/2PP4/PPQ2PPP/RNB1KBNR w KQkq - 0 5,c3c4,-45,-125,80
r2qkbnr/pp1bpppp/2n5/2p5/2PpP3/3P4/PPQ2PPP/RNB1KBNR w KQkq - 1 6,a2a3,-130,-132,2
r3kbnr/pp1bpppp/8/q1p5/1nPpP3/P2P4/1P1Q1PPP/RNB1KBNR w KQkq - 3 8,b2b3,-155,-454,299
r3kbnr/pp1b2pp/5p2/n1p1p3/2PpP3/PP1P1N2/3N1PPP/R1B1KB1R w KQkq - 0 12,g2g3,-92,-106,14
r3kb1r/pp1b2pp/5p1n/n1p1p3/2PpP3/PP1P1NP1/3N1P1P/R1B1KB1R w KQkq - 1 13,h2h3,-69,-91,22
r3kb1r/pp1b3p/7n/n1p1pp2/2PpP1p1/PP1P2PP/3N1P1N/1RB1KB1R w Kkq - 0 16,h3h4,208,-86,-294
r3k1r1/p3b2p/1pb4n/n3p3/2PpN1pP/PP1P2P1/5PBN/1RB1K2R w Kq - 3 21,b3b4,556,547,-9
6r1/p4k1p/1p3b1B/3rp3/1PPp2pP/P2P2P1/5P1N/1R2K2R w K - 0 27,c4d5,828,825,-3
8/p3b2p/1p4k1/3rp3/1P1p2NP/P2P2P1/3B1P2/2R2RK1 w - - 2 32,f2f4,875,848,-27
rnbqkbnr/pppppppp/8/8/8/8/PPPPPPPP/RNBQKBNR w KQkq - 0 1,e2e4,32,29,-3
rnbqkbnr/pp2pppp/2p5/3p4/4P3/5N2/PPPP1PPP/RNBQKB1R w KQkq - 0 3,e4d5,37,20,-17
rnbqkbnr/pp2pppp/8/3p4/8/5N2/PPPP1PPP/RNBQKB1R w KQkq - 0 4,d2d4,20,25,5
r1bqkbnr/pp2pppp/2n5/3p4/3P4/5N2/PPP2PPP/RNBQKB1R w KQkq - 1 5,c2c3,12,6,-6
r2q1rk1/pp2bpp1/2n1pn1p/3p4/3P1B2/2PQ1N2/PP1N1PPP/R3R1K1 w - - 0 12,h2h3,-10,2,12
2rnr1k1/pp4p1/2q1ppQp/2Np4/3P4/2P4P/PP2RPP1/4R1K1 w - - 4 22,f2f4,191,101,-90
2rn2k1/p3r1p1/1pq1ppQp/3p4/3P1P2/2PN3P/PP2R1P1/4R1K1 w - - 2 24,f4f5,205,218,13
2rn2k1/p3r1p1/1p3pQp/3ppP2/2qP1N2/2P4P/PP2R1P1/4R1K1 w - - 0 26,d4e5,429,539,110
2rn2k1/p3r1p1/1p3pQp/3pPP2/5q2/2P4P/PP2R1P1/4R1K1 w - - 0 27,e5f6,861,926,65
rnbqkbnr/pppppppp/8/8/8/8/PPPPPPPP/RNBQKBNR w KQkq - 0 1,d2d4,29,16,-13
rnbqkbnr/pp1ppppp/8/2p5/3P4/8/PPP1PPPP/RNBQKBNR w KQkq - 0 2,e2e3,63,18,-45
rnbqkbnr/pp1ppppp/8/8/3p4/4P3/PPP2PPP/RNBQKBNR w KQkq - 0 3,e3d4,18,22,4
rnbqkbnr/pp1ppp1p/6p1/8/3P4/8/PPP2PPP/RNBQKBNR w KQkq - 0 4,f2f4,38,-33,-71
rnb1k1nr/pp1pppbp/1q4p1/8/3P1P2/5N2/PPP3PP/RNBQKB1R w KQkq - 3 6,c2c3,-11,-19,8
r1b1k1nr/ppq1ppbp/2np2p1/8/2NP1P2/2P2N2/PP4PP/R1BQKB1R w KQkq - 2 9,b2b4,23,-67,-90
r1b1k2r/ppq1ppbp/2np1np1/8/1PNP1P2/2P2N2/P5PP/R1BQKB1R w KQkq - 1 10,b4b5,-82,-104,22
r4rk1/ppq1ppbp/3p2p1/1P1n4/3P1Pb1/1QPB1N2/P2B2PP/R4RK1 w - - 8 16,h2h3,395,73,-322
2r2rk1/pp2ppbp/1q1p1np1/1P6/3P1P2/1QPBBR1P/P5P1/2R3K1 w - - 5 20,c3c4,53,32,-21
2r2rk1/pp3pbp/1q1ppnp1/1P6/2PP1P2/1Q1BBR1P/P5P1/2R3K1 w - - 0 21,a2a4,74,28,-46
2rq1rk1/pp3pbp/3ppnp1/1P6/P1PP1P2/1Q1BBR1P/6P1/2R3K1 w - - 1 22,g2g3,68,29,-39
2rq1rk1/p4pbp/1p2pnp1/1P1p4/P1PP1P2/1Q1B1RPP/5B2/2R3K1 w - - 0 24,c4c5,43,-32,-75
2rq1rk1/p4pbp/4pnp1/1Ppp4/P2P1P2/1Q1B1RPP/5B2/2R3K1 w - - 0 25,d4c5,160,142,-18
2rq1rk1/p4pbp/4pnp1/1PP5/P2p1P2/1Q1B1RPP/5B2/2R3K1 w - - 0 26,c5c6,199,199,0
2rr2k1/p4pbp/2P3p1/1P1qp3/P1Rp1P2/3B1RPP/5BK1/8 w - - 0 30,f4e5,-422,-448,26
2rr2k1/p4p1p/2P3p1/1P1qb3/P1Rp4/3B1RPP/5BK1/8 w - - 0 31,g3g4,-441,-518,77
2rr2k1/p6p/2P3p1/1P1qbp2/P1Rp2P1/3B1R1P/5BK1/8 w - - 0 32,g4f5,-446,-505,59
2r2r1k/p6p/2P5/1P1qbp2/P1Rp4/3B1R1P/5BK1/8 w - - 4 35,h3h4,-578,-1034,456
rnbqkbnr/pppppppp/8/8/8/8/PPPPPPPP/RNBQKBNR w KQkq - 0 1,e2e4,27,23,-4
r1bqk1nr/pppp1ppp/2n5/2b1p3/2B1P3/2N5/PPPP1PPP/R1BQK1NR w KQkq - 4 4,d2d3,15,1,-14
N1bk3r/5p1p/p2p1p1n/4p3/2pbP3/3P4/PPP2PPP/2KR3R w - - 0 14,d3c4,-309,-300,-9
N1b5/4kp1p/p2R3b/4p3/2P1P3/8/PPP3rP/1K6 w - - 1 20,a2a3,-516,-723,207
2b5/1k3p1p/p6b/3Np3/2P1P3/P7/1PP3rP/1K6 w - - 8 25,c4c5,-706,-704,-2
2b5/1k3p1p/p7/2PNp3/4P3/P7/KPP4P/2b3r1 w - - 3 27,c5c6,-660,-758,98
5k2/5p1p/p2Nb3/4p3/4P3/P7/KPP4P/2b3r1 w - - 10 33,b2b3,-794,-831,37
5k2/5p1p/p2Nb3/4p3/4Pb2/PP6/K1P4P/6r1 w - - 1 34,a3a4,-805,-821,16
5k2/8/p3b3/4pp2/P3Pb1p/1P5N/1KP5/5r2 w - - 0 41,e4f5,-798,-847,49
5k2/8/p7/5b2/P4p1p/1P6/1KP5/5r2 w - - 0 43,b3b4,-753,-754,1
5k2/8/p7/5b2/PP3p2/7p/1KP5/5r2 w - - 0 44,b4b5,-900,-961,61
5k2/8/8/1p3b2/P4p2/7p/1KP5/5r2 w - - 0 45,a4b5,-835,-1009,174
2b2k2/8/8/1P6/5p2/7p/1KP5/5r2 w - - 1 46,b5b6,-919,-10000,9081
2b2k2/8/1P6/8/5p2/8/1KP4p/5r2 w - - 0 47,c2c4,-10000,-10000,0
2b2k2/8/1P6/8/2P2p2/8/1K6/5r1q w - - 0 48,c4c5,-10000,-10000,0
2b2k2/8/1P6/2P5/8/5p2/1K6/5r1q w - - 0 49,c5c6,-1081,-10000,8919
2b2k2/8/1PP5/8/8/5p2/1K6/2r4q w - - 1 50,b6b7,-10000,-10000,0
2b2k2/1P6/2r5/8/8/5p2/1K6/7q w - - 0 51,b7c8q,-10000,-10000,0
rnbqkbnr/ppp1pppp/3p4/8/8/5N2/PPPPPPPP/RNBQKB1R w KQkq - 0 2,d2d4,52,45,-7
rnbqkb1r/ppp1pppp/3p1n2/8/3P4/5N2/PPP1PPPP/RNBQKB1R w KQkq - 1 3,c2c4,45,51,6
rnbqkb1r/ppp1pppp/5n2/3p4/2PP4/5N2/PP2PPPP/RNBQKB1R w KQkq - 0 4,c4d5,156,126,-30
rnbqkb1r/ppp1pppp/5n2/8/3P4/2N2N2/PP2PPPP/R1BQKB1R w KQkq - 2 6,e2e3,182,101,-81
r1bq1rk1/1pp2ppp/p1nbpn2/8/3P4/2NBPN2/PPQB1PPP/R3R1K1 w - - 2 12,e3e4,107,54,-53
r1bq1rk1/1pp1bppp/p3pn2/8/1n1PP3/2NB1N2/PP1B1PPP/RQ2R1K1 w - - 3 14,e4e5,223,237,14
r1b2r1k/2p1bpp1/p3p3/1p1qP3/3P4/2BQ1N2/PP3PPP/R3R1K1 w - - 0 20,a2a3,223,121,-102
r4r2/1b2b1k1/p3p3/1p1qPppQ/2pP4/P1B2N2/1P3PPP/3RR1K1 w - - 2 26,h2h3,-262,-458,196
7r/1b2b1k1/p3p3/1p1qPpp1/2pP4/P1B2N1P/1P3PP1/3RR1K1 w - - 0 28,g2g4,-531,-837,306
rnbqkbnr/pppppppp/8/8/8/8/PPPPPPPP/RNBQKBNR w KQkq - 0 1,e2e4,27,22,-5
rnbqkbnr/ppp1pppp/8/3p4/4P3/8/PPPP1PPP/RNBQKBNR w KQkq - 0 2,e4d5,54,60,6
rn1qkbnr/p4ppp/1pp1p3/8/8/2NB1b2/PPPP1PPP/R1B1QRK1 w kq - 0 9,g2f3,-111,-127,16
rn1qk2r/p4ppp/1ppbpn2/8/8/3B1P2/PPPPNP1P/R1B1QRK1 w kq - 3 11,f3f4,-100,-138,38
rn1q1rk1/p4ppp/1ppbpn2/8/5P2/3B4/PPPPNP1P/R1B1QRK1 w - - 1 12,f2f3,-152,-160,8
rn3rk1/p4p2/1pp1p3/4b1pq/4N2p/3B1P2/PPPPKQ2/R1B4R w - - 0 21,c2c3,471,108,-363
r4rk1/p2n4/1pp1p3/8/8/2P3K1/PP1P1p2/R1B2B2 w - - 2 29,d2d3,-477,-510,33
rnbqkbnr/pppppppp/8/8/8/8/PPPPPPPP/RNBQKBNR w KQkq - 0 1,d2d4,22,16,-6
rnbqkbnr/pppp1ppp/4p3/8/3P4/8/PPP1PPPP/RNBQKBNR w KQkq - 0 2,e2e3,60,12,-48
rn1qkbnr/ppp3pp/5p2/3p1b2/3Pp3/4P3/PPPN1PPP/RNBQKB1R w KQkq - 2 7,c2c4,99,94,-5
rn1qkbnr/pp4pp/2p2p2/3p1b2/2PPp3/4P3/PP1N1PPP/RNBQKB1R w KQkq - 0 8,c4d5,104,53,-51
rn1qkbnr/pp4pp/5p2/3p1b2/3Pp3/4P3/PP1N1PPP/RNBQKB1R w KQkq - 0 9,b2b3,72,-73,-145
rn2kbnr/pp4pp/4qp2/3p1b2/3Pp3/1PN1P3/P2N1PPP/R1BQKB1R w KQkq - 3 11,g2g3,33,-106,-139
rnbqkbnr/pppppppp/8/8/8/8/PPPPPPPP/RNBQKBNR w KQkq - 0 1,d2d4,19,17,-2
rnbqkbnr/ppp1pppp/8/3p4/3P4/8/PPP1PPPP/RNBQKBNR w KQkq - 0 2,c2c4,22,21,-1
rnbqkb1r/pp3ppp/2p1pn2/6B1/2pP4/2N2N2/PP2PPPP/R2QKB1R w KQkq - 0 6,e2e4,35,22,-13
r1bq1rk1/pp1nbppp/2p2n2/4p1B1/3PP3/2NB1N2/PPQ2PPP/R3K2R w KQ - 0 10,d4d5,64,-80,-144
r1bq1rk1/pp1nbppp/8/3np1B1/4P3/3B1N2/PPQ2PPP/R3K2R w KQ - 0 12,e4d5,-386,-378,-8
r1b2r1k/pp3pp1/5n2/3Pp1q1/4B3/8/PPQ2PPP/R3K2R w KQ - 2 16,h2h4,-464,-514,50
r1b2r1k/pp3pp1/8/3np3/5q1P/3B4/PPQ2PP1/R3K2R w KQ - 0 18,g2g3,-534,-576,42
r4r1k/pp3pp1/1n2q3/4p3/7P/6P1/PPQ2P2/2KR3R w - - 0 22,h4h5,-498,-731,233
5r1k/pp4p1/5p2/q2npQ1P/8/6P1/1Pr2PK1/3R3R w - - 4 29,h5h6,352,-757,-1109
5r1k/pp4p1/5p1P/q3pn2/8/5KP1/1Pr2P2/3R3R w - - 0 31,h6g7,-800,-950,150
5r2/pp4k1/5p2/q3pn2/8/5KP1/1Pr2P2/3R3R w - - 0 32,g3g4,-951,-10000,9049
rnbqkbnr/pppppppp/8/8/8/8/PPPPPPPP/RNBQKBNR w KQkq - 0 1,e2e4,19,17,-2
r1bqkbnr/ppp2ppp/2n5/4p3/4P3/2N2N2/PPPP1PPP/R1BQ1RK1 w kq - 1 6,d2d3,-359,-435,76
N1bk2nr/pp4pp/4p3/4p3/1b1nP3/3P4/PPP2PPP/R1BQ1RK1 w - - 1 12,c2c3,878,893,15
N1bk2nr/pp4pp/4p3/4p3/3nP3/2bP4/PP3PPP/R1BQ1RK1 w - - 0 13,b2c3,988,990,2
N1bk2nr/pp4pp/4p3/1n2p3/4P3/2PP4/P4PPP/R1BQ1RK1 w - - 1 14,c3c4,984,964,-20
rnbqkbnr/pppppppp/8/8/8/8/PPPPPPPP/RNBQKBNR w KQkq - 0 1,e2e4,20,19,-1
rnbqkbnr/1ppppppp/p7/8/4P3/8/PPPP1PPP/RNBQKBNR w KQkq - 0 2,d2d4,52,50,-2
rn1qkbnr/1b1p1ppp/p3p3/1pp5/3PP3/3B1N2/PPP2PPP/RNBQ1RK1 w kq - 0 6,c2c3,90,90,0
rn1qk2r/1b1pbppp/p3pn2/1pp3B1/3PP3/2PB1N2/PP3PPP/RN1Q1RK1 w kq - 3 8,d4c5,70,59,-11
rn2k2r/1b1pqppp/p3p3/1pP5/4n3/2PB1N2/PP3PPP/RN1Q1RK1 w kq - 0 10,b2b4,70,67,-3
rn2k2r/1b1pqppp/p3p3/1pn5/1P6/2PB1N2/P4PPP/RN1Q1RK1 w kq - 0 11,b4c5,314,323,9
r4rk1/2qp1p2/p1n1p1p1/1p4Np/8/2PB3Q/P4PPP/R3R1K1 w - - 0 20,g2g4,287,129,-158
rnbqkbnr/pppppppp/8/8/8/8/PPPPPPPP/RNBQKBNR w KQkq - 0 1,d2d4,19,20,1
rnbqkbnr/ppp1pppp/3p4/8/3P4/8/PPP1PPPP/RNBQKBNR w KQkq - 0 2,e2e3,49,21,-28
rnb1kbnr/pppqpppp/3p4/8/3P4/4P3/PPP2PPP/RNBQKBNR w KQkq - 1 3,g2g3,83,38,-45
rnb1kbnr/ppp1pppp/1q1p4/8/3P4/4P1P1/PPPB1P1P/RN1QKBNR w KQkq - 7 7,c2c3,70,-145,-215
rn2kbnr/ppp1pppp/6q1/3p4/3P2b1/2P1PNP1/PPQB1PBP/RN3RK1 w kq - 6 12,h2h3,302,-502,-804
rn2kbnr/ppp1pppp/8/3p4/3P2b1/2P1PNPP/PPqB1PB1/RN3RK1 w kq - 0 13,h3g4,-520,-505,-15
rn2kbnr/ppp1pppp/6q1/3p4/3P2P1/2P1PNP1/PP1B1PB1/RN3RK1 w kq - 1 14,g4g5,-405,-442,37
rn2kbnr/ppp1ppp1/4q3/3p2Pp/3P3N/2P1P1P1/PP1B1PB1/RN3RK1 w kq - 2 16,e3e4,-328,-392,64
rn2kbnr/ppp1p1p1/4qp2/3p2Pp/3PP2N/2P3P1/PP1B1PB1/RN3RK1 w kq - 0 17,g5f6,-193,-314,121
rn2kbnr/ppp1p1p1/4qP2/7p/3Pp2N/2P3P1/PP1B1PB1/RN3RK1 w kq - 0 18,f6f7,-353,-362,9
rnbqkbnr/pppppppp/8/8/8/8/PPPPPPPP/RNBQKBNR w KQkq - 0 1,d2d4,19,21,2
rnbqkbnr/pp1ppppp/8/2p5/3P4/8/PPP1PPPP/RNBQKBNR w KQkq - 0 2,c2c3,59,9,-50
rnbqkbnr/pp1ppppp/8/8/3p4/2P5/PP2PPPP/RNBQKBNR w KQkq - 0 3,c3d4,22,19,-3
rnb1kbnr/ppqp1ppp/4p3/8/3P4/2N5/PP1BPPPP/R2QKBNR w KQkq - 0 6,a2a3,178,71,-107
rnb1kb1r/ppq2ppp/4pn2/3p4/3P4/P1N2N2/1P1BPPPP/R2QKB1R w KQkq - 2 8,e2e3,60,68,8
rnb2rk1/1pq2ppp/p2bpn2/3p4/3P4/P1N1PN2/1P1BBPPP/R2Q1RK1 w - - 4 11,g2g3,50,-8,-58
r1b1r1k1/1pq2ppp/p1nb1n2/3pp3/Q2P4/P1N1PNP1/1P1BBP1P/2R2RK1 w - - 0 14,d4e5,-17,-15,-2
4r1k1/1p4pp/p1n2b2/3r1p2/1B1pn2N/P3P1Pb/1PQ2P1P/1NRR2K1 w - - 0 24,e3d4,408,301,-107
4r1k1/1p4pp/p1n5/3r1p2/1B1Pn2b/P5Pb/1PQ2P1P/1NRR2K1 w - - 0 25,g3h4,472,364,-108
6k1/1p4pp/p1n3r1/3r1p2/1B1P3P/P5nb/1PQ2P1P/1NR3K1 w - - 0 28,h2g3,430,403,-27
rnbqkbnr/pppppppp/8/8/8/8/PPPPPPPP/RNBQKBNR w KQkq - 0 1,e2e4,19,18,-1
rnbqkb1r/ppp2ppp/3p1n2/4p3/2B1P3/5N2/PPPP1PPP/RNBQK2R w KQkq - 2 4,h2h3,24,-100,-124
rnbqkbnr/pppppppp/8/8/8/8/PPPPPPPP/RNBQKBNR w KQkq - 0 1,e2e4,19,11,-8
r1bqkbnr/pppp1ppp/2n5/4p3/4P3/5N2/PPPP1PPP/RNBQKB1R w KQkq - 2 3,d2d4,29,16,-13
r2qkbnr/pppb1ppp/2np4/1B2p3/3PP3/5N2/PPP2PPP/RNBQK2R w KQkq - 2 5,d4d5,77,78,1
r3kb1r/1ppqn1p1/p2p1p1p/3Pp3/4P3/2N1Q3/PPPN1PPP/R4RK1 w kq - 0 13,f2f3,140,31,-109
r3kb1r/1p1qn1p1/p2p1p1p/3pp3/4P3/4QP2/PPPNN1PP/R4RK1 w kq - 0 15,e4d5,-59,-158,99
r6r/1p3kp1/5p1p/1Nb5/3p1p2/5P2/PPP3PP/R4R1K w - - 3 24,c2c3,-21,-194,173
r6r/1p3kp1/5p1p/8/5p2/2b2P2/PP4PP/3R1R1K w - - 0 27,b2c3,-20,-24,4
8/1R6/5p2/3k4/5ppp/5P2/P3K1PP/8 w - - 0 38,f3g4,726,800,74
8/1R6/5p2/3k4/5pP1/7p/P3K1PP/8 w - - 0 39,g2h3,797,812,15
8/1R6/8/3k1p2/6P1/5K1P/P6P/8 w - - 0 41,a2a4,824,760,-64
8/1R6/8/3k4/P5p1/5K1P/7P/8 w - - 0 42,h3g4,800,770,-30
8/1R6/8/8/P2k2P1/5K2/7P/8 w - - 1 43,a4a5,856,938,82
8/1R6/8/P7/6P1/3k1K2/7P/8 w - - 1 44,a5a6,10000,10000,0
8/1R6/P7/8/6P1/5K2/3k3P/8 w - - 1 45,a6a7,10000,10000,0
8/PR6/8/8/6P1/5K2/7P/3k4 w - - 1 46,a7a8r,10000,10000,0
rnbqkbnr/pppppppp/8/8/8/8/PPPPPPPP/RNBQKBNR w KQkq - 0 1,e2e4,21,16,-5
rnbqkbnr/ppp2ppp/3p4/4p3/4P3/5N2/PPPP1PPP/RNBQKB1R w KQkq - 0 3,g2g3,39,4,-35
r2qkb1r/ppp2ppp/3p1n2/4p3/3nP1b1/5NP1/PPPP1PBP/RNBQR1K1 w kq - 7 7,b2b3,22,-82,-104
8/8/1p2R3/pk6/2r5/1P4PK/5P1P/8 w - - 0 36,b3c4,667,687,20
8/8/8/8/k7/6PK/5P1P/8 w - - 0 40,f2f4,725,841,116
8/8/8/1k6/5P2/6PK/7P/8 w - - 1 41,g3g4,834,730,-104
8/8/2k5/8/5PP1/7K/7P/8 w - - 1 42,g4g5,793,809,16
6k1/8/7K/6P1/5P2/8/7P/8 w - - 7 46,h2h4,866,1043,177
7k/8/7K/6P1/5P1P/8/8/8 w - - 1 47,h4h5,1198,1220,22
7k/8/6K1/6PP/5P2/8/8/8 w - - 3 49,h5h6,1231,1283,52
6k1/8/6KP/6P1/5P2/8/8/8 w - - 1 50,f4f5,1273,1130,-143
7k/8/6KP/5PP1/8/8/8/8 w - - 1 51,f5f6,1308,10000,8692
6k1/8/5PKP/6P1/8/8/8/8 w - - 1 52,h6h7,10000,853,-9147
8/5K1k/5P2/6P1/8/8/8/8 w - - 0 54,g5g6,1394,10000,8606
7k/5K2/5PP1/8/8/8/8/8 w - - 1 55,g6g7,10000,10000,0
rnbqkbnr/pppppppp/8/8/8/8/PPPPPPPP/RNBQKBNR w KQkq - 0 1,e2e4,18,25,7
rnbqkb1r/ppppnppp/4p3/8/2B1P3/8/PPPP1PPP/RNBQK1NR w KQkq - 2 3,h2h3,21,-7,-28
rnbqkb1r/pppp1ppp/4p1n1/8/2B1P3/7P/PPPP1PP1/RNBQK1NR w KQkq - 1 4,g2g4,11,-176,-187
rnbqk2r/ppppbppp/4p1n1/8/2B1P1P1/7P/PPPP1P2/RNBQK1NR w KQkq - 1 5,f2f3,-105,-286,181
rnbq1rk1/pp2bppp/2p1p1n1/3p4/2B1P1P1/5P1P/PPPPN3/RNBQ1RK1 w - - 0 8,e4d5,-208,-326,118
r1bq1rk1/pp1nbppp/2p3n1/3p4/6P1/1B3P1P/PPPPN3/RNBQ1RK1 w - - 2 10,d2d4,-214,-223,9
r1bq1rk1/pp2bppp/1np3n1/3p4/3P2P1/1B3P1P/PPP1N3/RNBQ1RK1 w - - 1 11,c2c3,-158,-236,78
r1b2rk1/pp2bppp/1npq2n1/3p4/3P2P1/1BP2P1P/PP2N3/RNBQ1RK1 w - - 1 12,a2a4,-182,-185,3
rnbqkbnr/pppppppp/8/8/8/8/PPPPPPPP/RNBQKBNR w KQkq - 0 1,d2d4,25,21,-4
rnbqkb1r/pppppppp/5n2/8/3P4/8/PPP1PPPP/RNBQKBNR w KQkq - 1 2,e2e3,19,8,-11
r1bqkb1r/pppp1ppp/2n1p3/3n4/3P4/4PN2/PPP1BPPP/RNBQK2R w KQkq - 0 5,b2b3,138,54,-84
r1bqk2r/1ppp1ppp/p1n1p3/3n4/1b1P4/1P2PN2/PBPNBPPP/R2QK2R w KQkq - 4 8,c2c4,98,37,-61
r1bqk2r/1pp2ppp/p1npp3/3n4/1bPP4/1P2PN2/PB1NBPPP/R2QK2R w KQkq - 0 9,c4d5,517,517,0
r1b1k2r/1ppq1ppp/p1np4/3p4/1b1P4/1P2PN2/PB1NBPPP/R2Q1RK1 w kq - 2 11,a2a3,577,587,10
r1b1k2r/1pp2ppp/p1np4/3p4/1b1P2q1/PP2PN2/1B1NBPPP/R2Q1RK1 w kq - 1 12,a3b4,676,668,-8
r1b1k2r/1pp2ppp/p1np4/3p1q2/1P1P4/1P2PN2/1B1NBPPP/R2Q1RK1 w kq - 1 13,b4b5,745,720,-25
r1b1k2r/1pp2ppp/p1npq3/1P1p4/3P4/1P2PN2/1B1NBPPP/R2Q1RK1 w kq - 1 14,b5c6,861,871,10
r1b1k2r/2p2ppp/p1ppq3/3p4/3P4/1P2PN2/1B1NBPPP/R2Q1RK1 w kq - 0 15,b3b4,861,808,-53
r3k2r/2p1qppp/p1pp4/3p4/1P1P2b1/B3PN2/3NBPPP/R2Q1RK1 w kq - 3 17,b4b5,870,801,-69
r3k2r/2p2ppp/p1pp1q2/1P1p4/3P2b1/B3PN2/3NBPPP/R2Q1RK1 w kq - 1 18,b5c6,856,867,11
r3k2r/2p2ppp/p1Pp2q1/3p4/3P2b1/B3PN2/3NBPPP/R2Q1RK1 w kq - 1 19,h2h3,923,735,-188
r4rk1/2p2ppp/p1Pp2q1/3p4/3P2b1/B3PN1P/3NBPP1/R2Q1RK1 w - - 1 20,h3g4,985,980,-5
rnbqkbnr/pppppppp/8/8/8/8/PPPPPPPP/RNBQKBNR w KQkq - 0 1,e2e4,26,25,-1
rnbqkbnr/pp1ppppp/8/2p5/4P3/8/PPPP1PPP/RNBQKBNR w KQkq - 0 2,c2c3,28,28,0
rnbqkbnr/pp1p1ppp/4p3/2p5/4P3/2P5/PP1P1PPP/RNBQKBNR w KQkq - 0 3,d2d4,30,31,1
r1bqkbnr/pp1p1ppp/2n1p3/2p5/3PP3/2P5/PP3PPP/RNBQKBNR w KQkq - 1 4,d4d5,152,74,-78
r1bqkbnr/pp1p1ppp/2n5/2pp4/4P3/2P5/PP3PPP/RNBQKBNR w KQkq - 0 5,e4d5,83,82,-1
rnbqkbnr/pp1p1ppp/8/2pP4/8/2P5/PP3PPP/RNBQKBNR w KQkq - 1 6,f2f4,169,71,-98
rnbqk2r/pp2bppp/3p1n2/2pP4/5P2/2PB1N2/PP4PP/RNBQK2R w KQkq - 4 9,c3c4,109,82,-27
r2qr1k1/1p1nbppp/p2p1n2/2pP4/2P2Pb1/2NB1NQ1/PP4PP/R1B2RK1 w - - 2 14,h2h3,165,190,25
r2qr1k1/3nbpp1/p2p1np1/1ppP4/2P2P2/2N2NQP/PP1B2P1/4RRK1 w - - 0 18,b2b3,40,-20,-60
r5k1/2q2pp1/3p1np1/3P4/ppP2P2/1P2B1QP/P5PK/4R3 w - - 2 29,b3a4,205,-53,-258
6k1/2q2pp1/3p2p1/3P4/1pP2Pn1/r6P/P3R1PK/8 w - - 0 36,h3g4,-664,-653,-11
6k1/2q2pp1/3p2p1/3P4/1pP2PP1/3r4/P3R1PK/8 w - - 1 37,g2g3,-624,-716,92
6k1/5pp1/3p2p1/3P4/1pq2PP1/3r2P1/P3R2K/8 w - - 0 38,g4g5,-741,-809,68
8/5ppk/6p1/2rp2P1/1R3PK1/6P1/P7/8 w - - 0 46,a2a3,6,-5,-11
8/5ppk/6p1/6P1/5P2/P2R1KP1/4r3/8 w - - 3 51,g3g4,753,131,-622
rnbqkbnr/pppppppp/8/8/8/8/PPPPPPPP/RNBQKBNR w KQkq - 0 1,e2e4,27,27,0
r1bqkbnr/pppp1p2/2n4p/4p1p1/2B1P3/5N2/PPPP1PPP/RNBQ1RK1 w kq - 0 5,c2c3,116,54,-62
r1bqk1nr/pppp1p2/2nb3p/4p1p1/2B1P3/2P2N2/PP1P1PPP/RNBQ1RK1 w kq - 1 6,d2d4,204,183,-21
r1bqk1nr/pppp1p2/2nb3p/6p1/2BpP3/2P2N2/PP3PPP/RNBQ1RK1 w kq - 0 7,c3d4,307,277,-30
r1bqk1nr/pppp1p2/2n4p/6p1/1bBPP3/5N2/PP3PPP/RNBQ1RK1 w kq - 1 8,a2a3,363,354,-9
r1bqk1nr/p1pp1p2/2n4p/bB4p1/3PP3/P4N2/1P3PPP/RNBQ1RK1 w kq - 1 10,b2b4,457,422,-35
r1bqk1nr/p1pp1p2/1bn4p/1B4p1/1P1PP3/P4N2/5PPP/RNBQ1RK1 w kq - 1 11,d4d5,401,415,14
r1b2k2/p2p1p2/2p4p/1B1P2p1/1P2P3/P7/5PPP/RNB2RK1 w - - 0 17,d5c6,999,992,-7
B4k2/p4p2/7p/3b2p1/1P2P3/P3B3/5PPP/R3R1K1 w - - 0 24,e4d5,1168,1155,-13
rnbqkbnr/pppppppp/8/8/8/8/PPPPPPPP/RNBQKBNR w KQkq - 0 1,e2e4,23,27,4
rnbqkbnr/1p1p1ppp/p3p3/2p5/2B1P3/2N5/PPPP1PPP/R1BQK1NR w KQkq - 0 4,a2a3,-25,-30,5
rnbqkbnr/1p3ppp/p2pp3/2p5/2B1P3/P1N5/1PPP1PPP/R1BQK1NR w KQkq - 0 5,d2d3,-13,-9,-4
rnbqkb1r/1p3pp1/p2ppn1p/2p5/2B1P3/P1NP1N2/1PP2PPP/R1BQK2R w KQkq - 2 7,h2h3,-11,-27,16
rnbq1r2/1p2bppk/p2ppn1p/2p5/2B1P3/P1NPBN1P/1PPQ1PP1/R3K2R w KQ - 5 10,g2g4,16,0,-16
rnbq1r2/3nbppk/p2pp2p/1pp5/4P1P1/P1NPBN1P/BPPQ1P2/R3K2R w KQ - 2 12,h3h4,33,28,-5
rnbq1r2/3nbppk/p2pp2p/2p5/1p2P1PP/P1NPBN2/BPPQ1P2/R3K2R w KQ - 0 13,a3b4,87,116,29
r1bq1r2/3nbppk/p1npp2p/8/Np2P1PP/3PBN2/BPPQ1P2/R3K2R w KQ - 2 15,h4h5,85,-77,-162
r1bq1r2/3nbppk/2npp2p/p6P/Np2P1P1/3PBN2/BPPQ1P2/R3K2R w KQ - 0 16,g4g5,-40,-76,36
r1bq1r2/4bppk/3pp2p/p3n1PP/Np2P3/3PB3/BPPQ1P2/R3K2R w KQ - 0 18,g5h6,-96,-343,247
r1bq1r2/4bppk/3pp2P/p6P/Np2P3/3PB3/BPPnKP2/R6R w - - 0 20,h6g7,-385,-383,-2
r1bq2r1/4bpPk/3pp3/p6P/Np2P3/3PB3/BPPnKP2/R6R w - - 1 21,h5h6,-358,-369,11
r1bq2r1/4bpPk/3pp2P/p7/Np2n3/3PB3/BPP1KP2/R6R w - - 0 22,d3e4,-372,-366,-6
r5r1/5pPk/b2ppq1P/p7/Np2P3/4b3/BPP2PK1/6RR w - - 0 26,f2e3,-617,-570,-47
rnbqkbnr/pppppppp/8/8/8/8/PPPPPPPP/RNBQKBNR w KQkq - 0 1,d2d4,26,17,-9
rnbqkbnr/ppp1pppp/8/3p4/3P4/8/PPP1PPPP/RNBQKBNR w KQkq - 0 2,e2e3,21,2,-19
r1b2bnr/pp3kpp/5n2/8/8/4BN2/PPP2PPP/RN1R2K1 w - - 0 12,c2c3,-99,-230,131
r1b2b1r/pp2nkpp/8/8/8/1NP1nN2/PP3PPP/R2R2K1 w - - 0 15,f2e3,-306,-294,-12
3rkb1r/pp2n1pp/8/8/3N2b1/1NP1P3/PP4PP/R3R1K1 w - - 5 18,h2h3,-276,-315,39
3rkb1r/pp2n1pp/8/7b/3N4/1NP1P2P/PP4P1/R3R1K1 w - - 1 19,g2g4,-241,-327,86
3rkb1r/pp4pp/8/3b1n2/6P1/1NP1P1KP/PP6/R3R3 w - - 0 23,g4f5,-399,-406,7
3rk2r/pp4pp/3b4/5P2/8/1bP1P2P/PP3K2/R3R3 w - - 0 25,a2b3,-367,-357,-10
3rk2r/p5pp/3b4/1p3P2/8/1PP1P2P/1P3K2/R3R3 w - - 0 26,b3b4,-117,-291,174
2r1k2r/R1b3pp/8/1p3P2/1P6/2P1P2P/1P3K2/4R3 w - - 1 28,e3e4,8,-519,-527
1k6/b1r4p/R5p1/5P2/1P2P3/2P2K1P/1P6/8 w - - 4 38,f5g6,359,140,-219
8/b1k5/8/3K4/1P2P3/2P4P/8/8 w - - 1 50,e4e5,448,452,4
8/b2k4/8/3KP3/1P6/2P4P/8/8 w - - 1 51,c3c4,491,481,-10
8/b3k3/8/3KP3/1PP5/7P/8/8 w - - 1 52,c4c5,643,722,79
1b6/4k3/8/2PKP3/1P6/7P/8/8 w - - 1 53,c5c6,725,540,-185
8/2b1k3/2P5/3KP3/1P6/7P/8/8 w - - 1 54,b4b5,558,579,21
3k4/2b5/2P5/1P1KP3/8/7P/8/8 w - - 1 55,h3h4,593,602,9
3k4/8/2P5/bP1KP3/7P/8/8/8 w - - 1 56,h4h5,627,704,77
3k4/8/2P5/1P1KP2P/8/8/3b4/8 w - - 1 57,b5b6,756,837,81
3k4/8/1PP5/3KP2P/8/4b3/8/8 w - - 1 58,b6b7,880,663,-217
3k4/1P6/1bP5/3KP2P/8/8/8/8 w - - 1 59,b7b8q,1337,10000,8663
6k1/1Q6/2P5/3KP2P/8/8/8/8 w - - 3 62,e5e6,10000,10000,0
5k2/1Q6/2P1P3/3K3P/8/8/8/8 w - - 1 63,e6e7,10000,10000,0
8/3Q4/2P2k2/3K3P/8/8/8/8 w - - 2 66,c6c7,1290,10000,8710
8/2PQ4/8/3K2kP/8/8/8/8 w - - 1 67,c7c8q,10000,10000,0
rnbqkbnr/pppppppp/8/8/8/8/PPPPPPPP/RNBQKBNR w KQkq - 0 1,e2e4,28,25,-3
rnbqk2r/ppppbppp/4p1n1/8/2B1P3/5N2/PPPP1PPP/RNBQ1RK1 w kq - 6 5,h2h3,38,-27,-65
rnbq1rk1/ppppbppp/4p1n1/8/2B1P3/5N1P/PPPP1PP1/RNBQ1RK1 w - - 1 6,d2d3,20,-31,-51
rnbq1rk1/pp1pbppp/2p1p1n1/8/2B1P3/3P1N1P/PPP2PP1/RNBQ1RK1 w - - 0 7,b2b3,4,-507,-511
rnbq1rk1/pp2bppp/2p1p1n1/3p4/2B1P3/1P1P1N1P/P1P2PP1/RNBQ1RK1 w - - 0 8,e4d5,-430,-499,69
r2q1rk1/pp3ppp/2n1bbn1/1N1p3Q/8/1P1P3P/P1P2PP1/R3R1K1 w - - 6 16,g2g4,-948,-1115,167
rnbqkbnr/pppppppp/8/8/8/8/PPPPPPPP/RNBQKBNR w KQkq - 0 1,d2d4,26,21,-5
rnbqkbnr/ppp1pppp/8/3p4/3P4/8/PPP1PPPP/RNBQKBNR w KQkq - 0 2,c2c4,18,16,-2
2kr1bnr/pppbpppp/8/3N4/2pN4/8/PP2PPPP/R1B1KB1R w KQ - 3 8,e2e4,303,274,-29
2kr1bnr/3b2pp/2p2p2/pp2p3/4P3/1BN2N2/PP3PPP/R1B1K2R w KQ - 0 13,a2a3,439,394,-45
3r1bnr/2kb2pp/2p2p2/p3p3/N3P3/pB3N2/1P3PPP/R1B2RK1 w - - 0 16,b2a3,543,536,-7
7r/2k3pp/2p2p1n/prN1p3/4P1b1/PB6/3N1PPP/R4RK1 w - - 3 21,h2h3,474,334,-140
rnbqkbnr/pppppppp/8/8/8/8/PPPPPPPP/RNBQKBNR w KQkq - 0 1,e2e4,29,28,-1
rnbqkbnr/pp2pppp/2p5/3p4/4P3/5N2/PPPP1PPP/RNBQKB1R w KQkq - 0 3,e4e5,29,28,-1
rnbqkbnr/pp3ppp/2p1p3/3pP3/8/5N2/PPPP1PPP/RNBQKB1R w KQkq - 0 4,d2d4,89,90,1
r1b1k1nr/p4ppp/1qp1p3/2bpP3/3N4/4B3/PPP2PPP/RN1Q1RK1 w kq - 3 10,c2c3,113,63,-50
r3k2r/p3nppp/bqp1p3/2bpP3/3N4/2P1B3/PP3PPP/RN1QR1K1 w kq - 3 12,b2b4,169,171,2
r3k2r/p1q1nppp/b1p1p3/3pP3/1P1B4/2P5/P4PPP/RN1QR1K1 w kq - 1 14,a2a4,174,174,0
r3r1k1/1b1q1pp1/p1pnp2p/3pP3/PP4QN/2P5/5PPP/R3R1K1 w - - 0 24,e5d6,-83,-84,1
rnbqkbnr/pppppppp/8/8/8/8/PPPPPPPP/RNBQKBNR w KQkq - 0 1,e2e4,23,23,0
rnbqkbnr/pppp1ppp/8/4p3/4P3/8/PPPP1PPP/RNBQKBNR w KQkq - 0 2,d2d4,29,3,-26
r1b2rk1/ppp1qppp/5n2/2p5/3pP3/5N2/PPP2PPP/RN1QR1K1 w - - 4 10,e4e5,-166,-222,56
r1b2rk1/ppp1qppp/8/2pnP3/3p4/5N2/PPP2PPP/RN1QR1K1 w - - 1 11,c2c3,-223,-217,-6
r4rk1/ppp1qppp/8/2pnP3/3p2b1/2P2N2/PP3PPP/RN1QR1K1 w - - 1 12,c3d4,-186,-168,-18
r4rk1/ppp1qppp/8/3nP3/3Q4/5b2/PP3PPP/RN2R1K1 w - - 0 14,g2f3,-164,-173,9
3r1rk1/pp2qppp/8/2p1P3/8/2Q2P2/PP3P1P/R3R1K1 w - - 0 17,f3f4,-40,-80,40
3r1rk1/p3qppp/1p6/2p1P3/5P2/2Q5/PP3P1P/R3R1K1 w - - 0 18,f4f5,-33,-287,254
5rk1/p4p1p/1p4p1/2p1P3/3rq3/6Q1/PP3P1P/5RRK w - - 2 23,f2f3,-403,-378,-25
5rk1/p4p1p/1p4p1/2p1Pq2/3r4/5PQ1/PP5P/5RRK w - - 1 24,h2h4,-348,-458,110
4r1k1/p4p2/1p4p1/2p1P1Rp/3r3P/5P1K/PP3R1Q/3q4 w - - 10 30,f3f4,-313,-363,50
4r3/p4p1k/1p4p1/2p1P1Rp/3r1P1P/7K/PP3R1Q/3q4 w - - 1 31,f4f5,-224,-409,185
4r3/p4p1k/1p4p1/2p1PPRp/7P/8/PP1r1RKQ/3q4 w - - 3 33,f5g6,-49,-158,109
4k3/p3r3/1p3Q2/2p1P3/7P/7K/PP6/8 w - - 7 44,h4h5,719,642,-77
8/p4rk1/1p2Q3/2p1P2P/7K/8/PP6/8 w - - 11 50,h5h6,754,880,126
7Q/p3kr2/1p5P/2p1P2K/8/8/PP6/8 w - - 7 54,h6h7,686,730,44
4k3/p4r1P/1p5K/2p1P1Q1/8/8/PP6/8 w - - 7 58,h7h8q,10000,10000,0
8/p3Q3/kp1Q3K/2p1P3/8/8/PP6/8 w - - 5 66,e5e6,10000,10000,0
8/p3Q3/1p1QP2K/1kp5/8/8/PP6/8 w - - 1 67,b2b3,10000,10000,0
8/3Q4/1p2P2K/p7/1kp2Q2/1P6/P7/8 w - - 2 70,e6e7,10000,10000,0
rnbqkbnr/pppppppp/8/8/8/8/PPPPPPPP/RNBQKBNR w KQkq - 0 1,d2d4,29,19,-10
rnbqkbnr/pppp1ppp/4p3/8/3P4/8/PPP1PPPP/RNBQKBNR w KQkq - 0 2,e2e3,34,6,-28
rnb1kbnr/ppppqppp/4p3/8/3P4/4P3/PPP2PPP/RNBQKBNR w KQkq - 1 3,g2g3,71,55,-16
rnb1kbnr/pppp1ppp/4pq2/8/3P4/3NP1P1/PPPB1PBP/RN1Q1RK1 w kq - 13 10,b2b3,271,217,-54
rnb1kbnr/pppp1ppp/4p3/5q2/3P4/1P1NP1P1/P1PB1PBP/RN1Q1RK1 w kq - 1 11,c2c4,310,-129,-439
rnb1kbnr/pppp1ppp/4pq2/8/2PP1N2/1PN1P1P1/P2B1PBP/R2Q1RK1 w kq - 9 16,d4d5,349,320,-29
rnbqkbnr/pppppppp/8/8/8/8/PPPPPPPP/RNBQKBNR w KQkq - 0 1,e2e3,29,7,-22
rnbqkbnr/pp1ppppp/8/2p5/8/4P3/PPPP1PPP/RNBQKBNR w KQkq - 0 2,e3e4,11,-17,-28
r1bqkbnr/pp2pppp/2np4/2p5/4P3/5N2/PPPP1PPP/RNBQKB1R w KQkq - 2 4,d2d4,-13,-16,3
r2qkb1r/pp3p2/2n1bn1p/3pp1p1/4P3/1NN1B3/PPP1BPPP/R2Q1RK1 w kq - 0 11,e4d5,113,103,-10
r4rk1/ppq2pb1/2n4p/2N1p1p1/8/4BQ2/PPP2PPP/R2R2K1 w - - 5 17,c2c4,152,-8,-160
r4rk1/p1q2pb1/1p5p/4p1p1/1nP1N3/4BQ2/PP3PPP/R2R2K1 w - - 2 19,b2b3,270,-111,-381
r4rk1/p1q2pb1/1p5p/4p1p1/2P1N3/1P2nQ2/P4PPP/2RR2K1 w - - 0 21,f2e3,121,111,-10
5r2/p5bk/1p5p/3R1ppQ/2P1p3/qP2P3/P5PP/5N1K w - - 3 28,h2h4,4,24,20
5r2/p5bk/1p5p/3R1ppQ/2P1p2P/1P2P3/q5P1/5N1K w - - 0 29,h4g5,59,65,6
5r2/p5bk/1p5p/3R1pPQ/2P1p3/1P2P3/6P1/1q3N1K w - - 1 30,g5g6,499,194,-305
7k/p4qb1/1p4Pp/5N2/2P1p3/4P2K/6P1/8 w - - 0 39,g6f7,-156,-136,-20
8/8/1K6/8/2P4p/4P1k1/6P1/8 w - - 1 51,c4c5,318,516,198
8/8/1K6/2P5/7p/4P3/6k1/8 w - - 0 52,c5c6,516,517,1
8/8/1KP5/8/8/4P2p/6k1/8 w - - 0 53,c6c7,520,548,28
8/2P5/1K6/8/8/4P3/6kp/8 w - - 0 54,c7c8q,543,539,-4
rnbqkbnr/pppppppp/8/8/8/8/PPPPPPPP/RNBQKBNR w KQkq - 0 1,d2d4,27,20,-7
rnbqkbnr/pp1ppppp/8/2p5/3P4/8/PPP1PPPP/RNBQKBNR w KQkq - 0 2,e2e3,71,9,-62
rnbqk2r/pp1pppbp/5np1/8/3Q4/4P3/PPP2PPP/RNB1KBNR w KQkq - 4 6,b2b3,-140,-465,325
r1bq1rk1/pp1pppbp/5np1/8/3B4/1P2P3/P1P2PPP/RN2KBNR w KQ - 1 9,g2g3,-703,-719,16
r1bq1rk1/p2pppbp/1p3np1/8/3B4/1P2P1P1/P1P2P1P/RN2KBNR w KQ - 0 10,c2c4,-688,-823,135
r2q1rk1/pb1pppbp/1p3np1/8/2PB4/1P2P1P1/P4P1P/RN2KBNR w KQ - 1 11,f2f3,-767,-754,-13
2r2rk1/pb3pbp/1pqp1np1/4p3/2P5/1P2PPP1/PB2N1BP/RN3RK1 w - - 2 16,f3f4,-596,-10000,9404
rnbqkbnr/pppppppp/8/8/8/8/PPPPPPPP/RNBQKBNR w KQkq - 0 1,e2e4,30,26,-4
rnbqkbnr/pppp1p1p/4p1p1/8/4P3/5N2/PPPP1PPP/RNBQKB1R w KQkq - 0 3,d2d4,85,91,6
rnbqkbnr/pppp1p2/4p1p1/7p/3PP3/5N2/PPP2PPP/RNBQKB1R w KQkq - 0 4,e4e5,194,154,-40
rnbqk2r/pppp1p2/4p2n/4P2p/3P4/3B1N2/PPP2PPP/RN1Q1RK1 w kq - 4 9,c2c3,420,351,-69
rnbqk2r/pppp1p2/4p3/4P2p/3P2n1/2PB1N2/PP3PPP/RN1Q1RK1 w kq - 1 10,h2h3,392,384,-8
rnbqkbnr/pppppppp/8/8/8/8/PPPPPPPP/RNBQKBNR w KQkq - 0 1,e2e4,29,27,-2
r1bqk1nr/pppp1ppp/2n5/2b1p3/4P3/2N2N2/PPPP1PPP/R1BQKB1R w KQkq - 4 4,d2d3,54,1,-53
rnbqkbnr/pppppppp/8/8/8/8/PPPPPPPP/RNBQKBNR w KQkq - 0 1,e2e4,30,26,-4
rnbqkbnr/pp1p1ppp/4p3/2p5/4P3/5N2/PPPP1PPP/RNBQKB1R w KQkq - 0 3,c2c3,45,25,-20
rnbqkbnr/pp3ppp/4p3/2pp4/4P3/2P2N2/PP1P1PPP/RNBQKB1R w KQkq - 0 4,e4d5,15,5,-10
rnbqkbnr/pp3ppp/8/2pp4/8/2P2N2/PP1P1PPP/RNBQKB1R w KQkq - 0 5,d2d4,22,19,-3
r2qr1k1/pp3p2/2n2bpp/2pp4/3P2b1/2PQ1N2/PPB2PPP/RN2R1K1 w - - 0 14,h2h3,-135,-345,210
r2q2k1/pp3p2/2n2bpp/3p4/3p4/2P4P/PPQ2PP1/RN2N1K1 w - - 0 18,c3d4,-195,-221,26
r3q1k1/pp3p2/6pp/3p1n2/8/2bQ1N1P/PP3PP1/R5K1 w - - 0 22,b2c3,-53,-57,4
3r2k1/p2q1p2/1p4pp/3p1n2/8/2PQ1N1P/P4PP1/4R1K1 w - - 2 25,g2g4,-53,-56,3
8/p3kp2/1p2n1p1/3p4/6PN/2P4P/P4PK1/8 w - - 1 35,f2f3,-114,-217,103
8/p3kp2/1p4p1/3p4/6PN/2P1KP1P/P7/2n5 w - - 5 38,a2a3,15,12,-3
rnbqkbnr/pppppppp/8/8/8/8/PPPPPPPP/RNBQKBNR w KQkq - 0 1,d2d4,26,19,-7
rnbqkbnr/pp1ppppp/2p5/8/3P4/8/PPP1PPPP/RNBQKBNR w KQkq - 0 2,f2f4,43,-21,-64
rn1qkb1r/pp2pppp/2p2n2/3pNb2/3P1P2/8/PPP1P1PP/RNBQKB1R w KQkq - 4 5,e2e3,-28,-32,4
r4k2/pp1nq3/n1pbppQ1/3p4/3P1P2/4P3/PPPN2PP/R1B2RK1 w - - 3 16,c2c3,556,510,-46
r4k2/pp1nq1n1/2pbppQ1/3p4/3P1P1N/2P1P3/PP4PP/R1B2RK1 w - - 5 19,b2b4,510,452,-58
4rk2/pp1n1qn1/2pbpp2/3p4/1P1P1P1N/2PQP3/P5PP/R1B2RK1 w - - 3 21,g2g3,454,406,-48
4rk2/p2n1qn1/1ppbpp2/3p4/1P1P1P1N/2PQP1P1/P6P/R1B2RK1 w - - 0 22,a2a4,499,439,-60
rnbqkbnr/pppppppp/8/8/8/8/PPPPPPPP/RNBQKBNR w KQkq - 0 1,e2e4,29,28,-1
rnbqkbnr/ppp1pppp/8/3p4/4P3/8/PPPP1PPP/RNBQKBNR w KQkq - 0 2,e4d5,60,60,0
rnbqk1nr/p1p1bppp/1p2p3/8/2B5/2N2N2/PPPP1PPP/R1BQ1RK1 w kq - 0 7,d2d4,106,119,13
rn1qk1nr/pbp1bppp/1p2p3/8/2BP4/2N2N2/PPP2PPP/R1BQ1RK1 w kq - 1 8,d4d5,296,290,-6
r4rk1/p3bppp/1pp2n2/8/5B2/1nR2N2/PPP2PPP/3R2K1 w - - 0 17,a2b3,17,-2,-19
r5k1/p4ppp/1pN2b2/2p5/4nB2/1P1R4/1PP2PPP/6K1 w - - 3 22,f2f3,63,50,-13
6k1/1R3pp1/1pr4p/2p5/3n4/1P3PB1/1PP3PP/6K1 w - - 5 29,b3b4,56,-3,-59
6k1/1R3pp1/1pr4p/8/1p1n4/5PB1/1PP3PP/6K1 w - - 0 30,c2c3,-17,-35,18
6k1/1R3pp1/1pr4p/8/3n4/2p2PB1/1P4PP/6K1 w - - 0 31,b2c3,-29,-33,4
rnbqkbnr/pppppppp/8/8/8/8/PPPPPPPP/RNBQKBNR w KQkq - 0 1,e2e4,25,22,-3
rnbqk2r/pppp1ppp/5n2/2b1p3/2B1P3/2N5/PPPP1PPP/R1BQK1NR w KQkq - 4 4,d2d3,2,-8,-10
rnbqk2r/pp1p1p2/2p2p1p/2b1p3/2B1P3/2NP4/PPP2PPP/R2QK1NR w KQkq - 0 7,f2f3,130,-127,-257
rnbqk2r/pp3p2/2p2p1p/2bpp3/2B1P3/2NP1P2/PPP3PP/R2QK1NR w KQkq - 0 8,e4d5,1,0,-1
r1b1k2r/p4p2/2p2p1p/2b1p3/3qN3/3P1P2/PPP3PP/R2QK1NR w KQkq - 2 12,c2c3,140,55,-85
r2r4/p3kp2/2p4p/4pb2/4Nb2/2PP1P2/PP2K1PP/R5NR w - - 5 18,g2g3,310,305,-5
r2r4/p3kp2/2p4p/4pbb1/4N3/2PP1PP1/PP2K2P/R5NR w - - 1 19,h2h4,302,294,-8
r2r4/p3kp2/2p4p/4p1b1/4b2P/2PP1PP1/PP2K3/R5NR w - - 0 20,f3e4,290,312,22
1r1r4/p3kp2/2p2b1p/4p3/4P2P/2PP1NP1/PP2K3/R6R w - - 3 22,b2b3,332,313,-19
3r4/p3kp2/2p2b1p/1r2p3/4P2P/1PPP1NP1/P3K3/R6R w - - 1 23,g3g4,410,412,2
1r6/p3kp2/2p2b1p/2r1p3/4P1PP/1PPP1N2/P3K3/2R4R w - - 3 25,g4g5,445,435,-10
1r6/p3k1b1/2p5/2r1pp2/4P2P/1PPP1N2/P1R1K3/7R w - - 0 29,e4f5,423,398,-25
1r6/p3k1b1/2p5/2r2P2/4p2P/1PPP1N2/P1R1K3/7R w - - 0 30,d3e4,485,494,9
1r6/p3k3/2p5/2r2P2/4P2P/1Pb2N2/P1R1K3/7R w - - 0 31,h4h5,647,525,-122
1r6/p7/2p2k2/2r2P1P/4P3/1Pb2N2/P1R1K3/7R w - - 1 32,h5h6,602,538,-64
7r/p7/2p2k1P/2r2P2/4P3/1Pb2N2/P1R1K3/7R w - - 1 33,h6h7,606,611,5
7r/7P/8/8/3k4/1P6/P3K3/2R4R w - - 5 42,a2a4,855,712,-143
7r/7P/8/3k4/P7/1P6/4K3/2R4R w - - 1 43,a4a5,745,767,22
7r/7P/3k4/P7/8/1P6/4K3/2R4R w - - 1 44,b3b4,787,767,-20
7r/4k2P/8/P7/1P6/8/4K3/2R4R w - - 1 45,a5a6,795,798,3
7r/7P/P2k4/8/1P6/8/4K3/2R4R w - - 1 46,b4b5,813,813,0
7r/4k2P/P7/1P6/8/8/4K3/2R4R w - - 1 47,a6a7,833,828,-5
7r/P6P/5k2/1P6/8/8/4K3/2R4R w - - 1 48,b5b6,855,806,-49
7r/P3k2P/1P6/8/8/8/4K3/2R4R w - - 1 49,b6b7,877,1222,345
7r/PP1k3P/8/8/8/8/4K3/2R4R w - - 1 50,a7a8q,1626,10000,8374
rnbqkbnr/pppppppp/8/8/8/8/PPPPPPPP/RNBQKBNR w KQkq - 0 1,e2e4,26,34,8
r1bqkbnr/pppp1ppp/2n5/4p3/2B1P3/8/PPPP1PPP/RNBQK1NR w KQkq - 2 3,d2d3,26,33,7
r1bqk1nr/ppp2pp1/2np3p/2b1p3/2B1P3/2NP1N2/PPP2PPP/R1BQK2R w KQkq - 0 6,h2h3,19,-14,-33
r1bqk2r/1pp1npp1/p2p3p/n1b1p3/2B1P3/2NP1N1P/PPPB1PP1/R2Q1RK1 w kq - 2 9,b2b4,-6,-146,140
r1bqk2r/1pp1npp1/p2p3p/2b1p3/1Pn1P3/2NP1N1P/P1PB1PP1/R2Q1RK1 w kq - 0 10,b4c5,-12,9,21
6k1/2p1npp1/p3b2p/8/2NpP3/3P3P/P1r2PP1/4R1K1 w - - 0 23,a2a4,-542,-575,33
6k1/2p1npp1/p6p/8/P1bpP3/3P3P/2r2PP1/4R1K1 w - - 0 24,d3c4,-556,-554,-2
6k1/4npp1/p6p/2p5/P1PpP3/7P/r4PP1/3R2K1 w - - 0 26,e4e5,-543,-556,13
6k1/4npp1/p6p/2p1P3/r1Pp4/7P/5PP1/3R2K1 w - - 0 27,f2f3,-547,-616,69
6k1/4npp1/p6p/2p1P3/2rp4/5P1P/6P1/3R2K1 w - - 0 28,g2g4,-603,-652,49
6k1/4npp1/7p/p1p1P3/2rp2P1/5P1P/8/3R2K1 w - - 0 29,f3f4,-644,-658,14
6k1/4npp1/7p/2p1P3/p1rp1PP1/7P/8/3R2K1 w - - 0 30,h3h4,-613,-674,61
6k1/4npp1/7p/2p1P3/p2p1PPP/8/2r5/3R2K1 w - - 1 31,g4g5,-669,-708,39
6k1/4npp1/7p/2p1P1P1/3p1P1P/p7/2r5/3R2K1 w - - 0 32,g5h6,-736,-773,37
6k1/4np2/7p/2p1P3/3p1P1P/p7/2r5/3R2K1 w - - 0 33,f4f5,-755,-785,30
6k1/5p2/7p/2p1Pn2/3p3P/p7/2r5/3R2K1 w - - 0 34,e5e6,-800,-886,86
6k1/8/4p2p/2p2n2/3p3P/p7/2r5/3R2K1 w - - 0 35,h4h5,-880,-905,25
rnbqkbnr/pppppppp/8/8/8/8/PPPPPPPP/RNBQKBNR w KQkq - 0 1,d2d4,30,19,-11
rnbqkbnr/pp1ppppp/8/2p5/3P4/8/PPP1PPPP/RNBQKBNR w KQkq - 0 2,e2e3,74,14,-60
rnbqkbnr/pp1ppppp/8/8/3p4/4P3/PPP2PPP/RNBQKBNR w KQkq - 0 3,e3d4,20,21,1
rnbqkbnr/pp2pppp/3p4/8/3P4/8/PPP2PPP/RNBQKBNR w KQkq - 0 4,f2f4,43,-29,-72
rnbqk2r/pp2ppbp/5np1/3p4/3P1P2/3B1N2/PPP3PP/RNBQK2R w KQkq - 2 8,c2c3,-8,-30,22
2rqk2r/pp1nppbp/5np1/3p4/3P1P2/2PQ1N2/PP1N2PP/R1B2RK1 w k - 3 12,a2a4,21,15,-6
2rqk2r/pp3pbp/4pnp1/3pn3/P2P1P2/2PQ4/1P1N2PP/R1B2RK1 w k - 0 14,f4e5,170,142,-28
5k2/pr3p1p/4p1p1/4P3/P2P4/1rP5/RP3RPP/6K1 w - - 2 24,g2g3,328,323,-5
rnbqkbnr/pppppppp/8/8/8/8/PPPPPPPP/RNBQKBNR w KQkq - 0 1,e2e4,33,32,-1
r1bqkbnr/pppp1ppp/2n5/4p3/4P3/5N2/PPPP1PPP/RNBQKB1R w KQkq - 2 3,d2d4,35,34,-1
r1b1k1nr/ppp2ppp/3p4/3Q4/4P3/2N5/PPq3PP/R1B1KB1R w kq - 0 10,e4e5,465,339,-126
rnbqkbnr/pppppppp/8/8/8/8/PPPPPPPP/RNBQKBNR w KQkq - 0 1,e2e4,24,28,4
rnbqkbnr/pp1p1ppp/4p3/2p5/2B1P3/8/PPPP1PPP/RNBQK1NR w KQkq - 0 3,d2d4,-4,-16,12
r3k2r/5p2/p4b1p/np1qpN2/4P1p1/8/PPP2PPP/RN2R1K1 w - - 0 21,e4d5,235,218,-17
r3k2r/5p2/p4b1p/1p1PpN2/2n3p1/8/PPP2PPP/RN2R1K1 w - - 1 22,b2b3,245,244,-1
r6r/8/p6p/1pR2pk1/1n4p1/1P6/P1P1NPPP/3R2K1 w - - 0 32,a2a3,346,337,-9
8/8/p6p/1pR2pk1/6p1/PP6/2PrrPPP/R4K2 w - - 3 38,h2h4,-346,-337,-9
8/8/p6p/1p4k1/5R2/PP4p1/2PrrPP1/R4K2 w - - 2 41,f2g3,-4,-8,4
8/8/8/p3R3/7p/PPr2k2/8/5K2 w - - 4 52,b3b4,-8,-560,552
8/8/8/p3R3/1P5p/r4k2/8/5K2 w - - 0 53,b4b5,-4,-1340,1336
rnbqkbnr/pppppppp/8/8/8/8/PPPPPPPP/RNBQKBNR w KQkq - 0 1,e2e4,35,28,-7
rnbqkbnr/ppp1pppp/8/3p4/4P3/8/PPPP1PPP/RNBQKBNR w KQkq - 0 2,e4d5,62,67,5
rnbq1rk1/ppb2pp1/2p1pn1p/8/8/2N2N1B/PPPP1PPP/R1BQR1K1 w - - 8 11,d2d3,7,-13,-20
rnbq1rk1/ppb2ppn/2p1p2p/8/8/2NP1N1B/PPP2PPP/R1BQR1K1 w - - 1 12,b2b3,27,10,-17
rnb2rk1/ppb2pp1/2pqp2p/6n1/8/1PNP1N1B/PBP2PPP/R2QR1K1 w - - 3 14,g2g3,159,-379,-538
rnb2rk1/pp4p1/2pbp2p/4N3/8/1P1P2pn/PBP2P1P/R2QRK2 w - - 0 19,h2g3,160,-10000,-10160
rnbqkbnr/pppppppp/8/8/8/8/PPPPPPPP/RNBQKBNR w KQkq - 0 1,d2d4,36,20,-16
rnbqkbnr/pp1ppppp/8/2p5/3P4/8/PPP1PPPP/RNBQKBNR w KQkq - 0 2,e2e3,83,10,-73
r1bq1rk1/pp2ppbp/2n2np1/3p4/8/4PN2/PPPNBPPP/R1BQ1RK1 w - - 0 9,c2c3,-101,-86,-15
r1bq1rk1/pp3pbp/2n2np1/3pp3/8/2P1PN2/PP1NBPPP/R1BQ1RK1 w - - 0 10,b2b3,-103,-125,22
r1bq1rk1/pp3pbp/2n2np1/4p3/3p4/1PP1PN2/P2NBPPP/R1BQ1RK1 w - - 0 11,c3d4,-29,-29,0
r1bq1rk1/pp3pbp/5np1/8/3n4/1P2P3/P2NBPPP/R1BQ1RK1 w - - 0 13,e3d4,-37,-26,-11
4r3/1p3pkp/1p4p1/8/4n3/1P6/P4PPP/4RK2 w - - 2 24,f2f3,-493,-488,-5
8/1p3pkp/1p4p1/8/8/1P3P2/n1K3PP/8 w - - 0 29,g2g3,-530,-602,72
8/5p1p/4k1p1/2K5/8/1Pn2PP1/7P/8 w - - 5 38,b3b4,-268,-286,18
8/3k1p1p/6p1/2K5/1P6/2n2PP1/7P/8 w - - 1 39,b4b5,-245,-287,42
8/2k2p1p/6p1/1PK5/8/2n2PP1/7P/8 w - - 1 40,b5b6,-141,-131,-10
8/3kn3/5Kp1/8/8/5PP1/7P/8 w - - 5 49,f3f4,56,40,-16
4k3/4n3/5Kp1/8/5P2/6P1/7P/8 w - - 1 50,h2h4,48,14,-34
5k2/4n3/5Kp1/8/5P1P/6P1/8/8 w - - 1 51,g3g4,14,15,1
8/8/5Kpk/8/5PPP/8/8/8 w - - 3 54,g4g5,10000,725,-9275
8/8/5Kp1/6Pk/5P1P/8/8/8 w - - 1 55,f4f5,780,642,-138
8/8/5K2/6Pk/8/8/8/8 w - - 2 58,g5g6,642,593,-49
rnbqkbnr/pppppppp/8/8/8/8/PPPPPPPP/RNBQKBNR w KQkq - 0 1,e2e4,29,29,0
rnbqkbnr/pp1p2pp/5p2/2p1p3/4P3/2N2N2/PPPP1PPP/R1BQKB1R w KQkq - 0 4,d2d3,342,50,-292
rnb1kbnr/pp5p/3p1p2/q1p1p1p1/4P3/2NP1N2/PPP1BPPP/R1BQ1RK1 w kq - 0 7,g2g3,270,200,-70
rnb1kbnr/pp6/3p1p2/q1p1p1pp/4P3/2NP1NP1/PPP1BP1P/R1BQ1RK1 w kq - 0 8,h2h3,192,-64,-256
rnb1kb1r/pp2n3/3p1p2/q1p1p2p/4P1pN/2NP2PP/PPP1BP2/R1BQ1RK1 w kq - 2 10,h3g4,236,246,10
3qkrr1/1p2n3/p2p1p2/2pNp3/4P3/2NP2P1/PPP2P2/R4RK1 w - - 0 22,b2b3,-472,-553,81
3qkr1r/1p2n3/p2p1p2/2pNp3/4P3/1PNP2P1/P1P2P2/R4RK1 w - - 1 23,a2a4,-472,-555,83
3qk1rr/1p6/p2p1pn1/2pNp3/P3P3/1PNP2P1/2P2P2/1R3RK1 w - - 3 25,b3b4,-553,-438,-115
3qk1rr/8/p2p1pn1/1ppNp3/PP2P3/2NP2P1/2P2P2/1R3RK1 w - - 0 26,a4b5,-371,-396,25
3qk1rr/8/p2p1p2/1PpNp3/1P2P2n/2NP2P1/2P2P2/1R3RK1 w - - 1 27,b5a6,-366,-301,-65
4k1rr/3q4/P2p1p2/2pNp3/1P2P2n/2NP2P1/2P2P2/1R3RK1 w - - 1 28,b4c5,0,-10000,-10000
6r1/q4k2/P2p4/2P1p3/4n3/2NP2P1/2P2PK1/R2R4 w - - 0 34,d3e4,519,254,-265
2q4r/5k2/P2p4/4p3/4P3/2NR2P1/R1P2PK1/8 w - - 4 37,a6a7,256,298,42
7r/P4k2/3p4/4p3/4P3/R1Nq2P1/5PK1/8 w - - 0 41,f2f3,-232,-10000,9768
8/P4k2/q2p4/4p3/4P3/5PP1/N7/6K1 w - - 1 46,g3g4,-513,-682,169
8/P4k2/3p4/4p3/4P1P1/5P2/q7/6K1 w - - 0 47,a7a8q,-742,-777,35
8/q7/3p2k1/4p3/4P1P1/5PK1/8/8 w - - 4 50,f3f4,-863,-925,62
8/8/6k1/2qpp3/4PPP1/5K2/8/8 w - - 0 52,e4d5,-644,-931,287
8/8/6k1/3q4/4pPP1/4K3/8/8 w - - 0 54,f4f5,-781,-1199,418
8/8/8/5Pk1/3q2P1/4p1K1/8/8 w - - 0 57,f5f6,-1356,-10000,8644
rnbqkbnr/pppppppp/8/8/8/8/PPPPPPPP/RNBQKBNR w KQkq - 0 1,e2e4,28,34,6
rnbqkbnr/pp1p1ppp/4p3/2p5/4P3/5N2/PPPP1PPP/RNBQKB1R w KQkq - 0 3,c2c3,43,24,-19
rnbqkbnr/pp3ppp/4p3/2pp4/4P3/2P2N2/PP1P1PPP/RNBQKB1R w KQkq - 0 4,e4d5,20,22,2
rnbqkbnr/pp3ppp/8/2pp4/8/2P2N2/PP1P1PPP/RNBQKB1R w KQkq - 0 5,d2d4,23,20,-3
rnbqkbnr/pppppppp/8/8/8/8/PPPPPPPP/RNBQKBNR w KQkq - 0 1,d2d4,32,18,-14
rnbqkbnr/pppp1ppp/4p3/8/3P4/8/PPP1PPPP/RNBQKBNR w KQkq - 0 2,f2f4,42,-18,-60
rnbqk2r/ppppbppp/4pn2/8/3P1P2/5N2/PPP1P1PP/RNBQKB1R w KQkq - 3 4,e2e3,-22,-23,1
rnbq1rk1/pp1pbppp/4pn2/2p5/3P1P2/3BPN2/PPP3PP/RNBQK2R w KQ - 0 6,c2c3,-22,-30,8
rnbq1rk1/pp2bppp/4pn2/2pp4/3P1P2/2PBPN2/PP4PP/RNBQK2R w KQ - 0 7,a2a4,-31,-40,9
r2q1rk1/pp1bbppp/4pn2/3pn3/P1pP1P2/2P1P3/1PBN2PP/R1BQK2R w KQ - 0 11,f4e5,120,105,-15
r2q1rk1/pp1bb1np/4p1p1/3pPp2/P1pP4/2P1PN1Q/1PB3PP/R1B2RK1 w - - 6 17,g2g4,-9,-13,4
r2q1rk1/pp1bb2p/4p1p1/3pPn2/P1pP2Q1/2P1PN2/1PB4P/R1B2RK1 w - - 1 19,e3e4,21,-5,-26
rnbqkbnr/pppppppp/8/8/8/8/PPPPPPPP/RNBQKBNR w KQkq - 0 1,e2e4,31,30,-1
rnbqkbnr/pppp1ppp/4p3/8/4P3/8/PPPP1PPP/RNBQKBNR w KQkq - 0 2,d2d4,36,31,-5
rnbqkbnr/ppp2ppp/4p3/3p4/3PP3/8/PPP2PPP/RNBQKBNR w KQkq - 0 3,e4e5,26,20,-6
rnbqkbnr/pp3ppp/4p3/2ppP3/3P4/8/PPP2PPP/RNBQKBNR w KQkq - 0 4,c2c3,21,18,-3
rnbqkb1r/pp2nppp/4p3/2ppP3/3P4/2P5/PP3PPP/RNBQKBNR w KQkq - 1 5,f2f4,20,-31,-51
r2qkb1r/pp1bnppp/2n1p3/3pP3/3p1P2/2PB1N2/PP4PP/RNBQK2R w KQkq - 0 8,c3d4,0,10,10
2rq1rk1/pp1b1ppp/2n1p1n1/3pP3/1b1P1P2/2NBBN2/PP4PP/R2Q1RK1 w - - 7 12,a2a3,105,74,-31
2rq1rk1/pp1b1ppp/4p1n1/3pP3/3N1P2/P1bBB3/1P4PP/R2Q1RK1 w - - 0 14,b2c3,472,451,-21
2rq1rk1/pp1b2p1/4p1p1/3pp3/3N1P2/PQP1B3/6PP/R4RK1 w - - 0 17,f4e5,407,416,9
rnbqkbnr/pppppppp/8/8/8/8/PPPPPPPP/RNBQKBNR w KQkq - 0 1,c2c4,28,-5,-33
rnbqkb1r/pppppppp/5n2/8/2P5/8/PP1PPPPP/RNBQKBNR w KQkq - 1 2,b2b3,19,-28,-47
rnbqkb1r/pppppp1p/5np1/8/2P5/1P6/P2PPPPP/RNBQKBNR w KQkq - 0 3,g2g3,1,2,1
1r1qk2r/p1p2p1p/6p1/3Bp3/1bPn4/1P1b2P1/PB1P1P1P/R1Q1K2R w KQk - 1 14,a2a3,-529,-546,17
1r1qk2r/p1p2p1p/6p1/b2Bp3/2Pn4/PP1b2P1/1B1P1P1P/R1Q1K2R w KQk - 1 15,b3b4,-514,-497,-17
1r1qk2r/p1p2p1p/6p1/3Bp3/1bPn4/P2b2P1/1B1P1P1P/R1Q1K2R w KQk - 0 16,a3b4,-298,-295,-3
rnbqkbnr/pppppppp/8/8/8/8/PPPPPPPP/RNBQKBNR w KQkq - 0 1,d2d4,31,19,-12
rnbqkbnr/pp1ppppp/8/2p5/3P4/8/PPP1PPPP/RNBQKBNR w KQkq - 0 2,c2c4,83,-22,-105
r1bq1rk1/pp1pppbp/2n2np1/6B1/2P5/2N2N2/PP2PPPP/R2QKB1R w KQ - 4 8,e2e3,-17,-43,26
r1bq1rk1/pp2ppbp/2np1np1/6B1/2P5/2N1PN2/PP3PPP/R2QKB1R w KQ - 0 9,a2a3,-22,-68,46
r4rk1/pb2ppbp/1p1p1np1/1N4q1/2PN4/P3P3/1PQ2P1P/2KR3R w - - 0 17,h2h4,-565,-589,24
rnbqkbnr/pppppppp/8/8/8/8/PPPPPPPP/RNBQKBNR w KQkq - 0 1,e2e4,27,31,4
r1bqkbnr/p1p2ppp/2pp4/4p3/4P3/5N2/PPPP1PPP/RNBQK2R w KQkq - 0 5,d2d4,22,26,4
r2qkbnr/p1p2ppp/2pp4/4p3/3PP1b1/5N2/PPP2PPP/RNBQK2R w KQkq - 1 6,h2h3,72,27,-45
r2qk1nr/p1p1bppp/2pp4/8/3pP3/5Q1P/PPP2PP1/RNB2RK1 w kq - 2 9,e4e5,54,46,-8
r2qk1nr/p1p1bppp/2p5/3pP3/3p4/5Q1P/PPP2PP1/RNB2RK1 w kq - 0 10,e5e6,128,-166,-294
r3k1nr/p1pqb1pp/2p1p3/3p4/3p4/5Q1P/PPP2PP1/RNB1R1K1 w kq - 2 12,b2b3,-138,-254,116
r3k2r/p1pqb1pp/4pn2/2pp4/3p4/1P3Q1P/PBP2PP1/RN2R1K1 w kq - 0 14,c2c3,-253,-299,46
6k1/p1p3pp/8/2p5/8/NPnp2bP/P3rPP1/R4K2 w - - 0 26,f2g3,-401,-459,58
8/p5pp/2p5/2p1k3/8/1P2K1PP/P5P1/8 w - - 0 34,g3g4,16,1,-15
8/p6p/2p3p1/2p1k3/6P1/1P2K2P/P5P1/8 w - - 0 35,h3h4,0,0,0
8/7p/2p3p1/p1p1k3/6PP/1P2K3/P5P1/8 w - - 0 36,a2a3,150,191,41
8/8/2p3pp/p1p1k3/6PP/PP2K3/6P1/8 w - - 0 37,g2g3,219,51,-168
8/8/2p3pp/p1pk4/6PP/PP2K1P1/8/8 w - - 1 38,g4g5,42,0,-42
8/8/2p3p1/p1p3Pp/3k1K1P/PP4P1/8/8 w - - 2 40,g3g4,393,4,-389
8/8/2p3p1/p1p3P1/6KP/PPk5/8/8 w - - 1 42,h4h5,267,430,163
8/8/2p5/p1p3PK/8/Pk6/8/8 w - - 0 44,g5g6,438,497,59
8/8/2p3P1/p6K/2p5/Pk6/8/8 w - - 0 45,g6g7,515,521,6
8/6P1/2p5/p6K/8/Pkp5/8/8 w - - 0 46,g7g8q,527,531,4
rnbqkbnr/pp1p1ppp/4p3/2p5/8/2N2N2/PPPPPPPP/R1BQKB1R w KQkq - 0 3,e2e4,39,46,7
rnbqkbnr/pp3ppp/4p3/2pp4/4P3/2N2N2/PPPP1PPP/R1BQKB1R w KQkq - 0 4,h2h3,76,-37,-113
r1bqkb1r/pp3ppp/2n2n2/2p1p3/3pP3/7P/PPPP1PPN/R1BQKBNR w KQkq - 2 8,g2g3,-125,-266,141
r1bqk2r/pp2bppp/2n2n2/2p1p3/3pP3/6PP/PPPP1P1N/R1BQKBNR w KQkq - 1 9,f2f3,-180,-391,211
r1b1k2r/pp2bppp/2n2n2/q3p3/2BpP3/5PPP/PPPP3N/R1BQK1NR w KQkq - 1 11,b2b4,-51,-198,147
r1b1k2r/ppq1bppp/2n2n2/4p3/1PBpP3/5PPP/P1PP3N/R1BQK1NR w KQkq - 1 12,b4b5,-92,-177,85
r1b1k2r/ppq1bppp/5n2/1P2p3/1nBpP3/5PPP/P1PP3N/R1BQK1NR w KQkq - 1 13,a2a3,-61,-248,187
r1b1k2r/pp2bppp/5n2/1P2p3/1nqpP3/P4PPP/2PP3N/R1BQK1NR w KQkq - 0 14,a3b4,-235,-233,-2
r1b1k2r/pp3ppp/3q1n2/1P2p3/3pP3/5PPP/2PPQ2N/R3K1NR w KQkq - 0 18,d2d3,-118,-154,36
r4rk1/p4ppp/1p1qb3/1P2p2n/3pP3/3P1PPP/2PQN2N/R4RK1 w - - 4 22,g3g4,35,-120,-155
r4rk1/p4pp1/1p1qb3/1P6/3pPpp1/3P1P1P/2P2QKN/R4R2 w - - 0 26,f3g4,24,11,-13
r4rk1/p4pp1/1p2b3/6q1/3pPpP1/3P1Q1P/2P3KN/1R3R2 w - - 2 29,h3h4,-38,-166,128
rnbqkbnr/pppppppp/8/8/8/8/PPPPPPPP/RNBQKBNR w KQkq - 0 1,e2e4,26,29,3
rnbqkbnr/1p1p1ppp/p3p3/2p5/2B1P3/5N2/PPPP1PPP/RNBQK2R w KQkq - 0 4,h2h3,4,-34,-38
rnb1kbnr/1pqp1ppp/p3p3/2p5/2B1P3/5N1P/PPPP1PP1/RNBQK2R w KQkq - 1 5,d2d4,4,-51,-55
r1b1k1nr/1pqp1ppp/p1n1p3/8/1bB1P3/2Q2N1P/PPP2PP1/RNB1K2R w KQkq - 3 8,b2b3,-561,-608,47
rnbqkbnr/pppppppp/8/8/8/8/PPPPPPPP/RNBQKBNR w KQkq - 0 1,e2e4,33,29,-4
rn1qkbnr/ppp2ppp/3p4/4p3/4P1b1/2N2N2/PPPP1PPP/R1BQKB1R w KQkq - 2 4,h2h3,110,43,-67
rn1qkbnr/ppp2ppp/3p4/4p2b/4P3/2N2N1P/PPPP1PP1/R1BQKB1R w KQkq - 1 5,g2g4,167,149,-18
r3k1nr/pppnqppp/3p2b1/4p3/2B1P1P1/5N1P/PPPP1P2/R1BQK2R w KQkq - 0 9,d2d3,20,16,-4
r3k1nr/ppp1qpp1/1n1p2b1/4p2p/4P1P1/1B1P1N1P/PPP2P2/R1BQK2R w KQkq - 0 11,g4g5,56,9,-47
r3k1nr/ppp1qpp1/1n1p2b1/4p1P1/4P2p/1B1P1N1P/PPP2P2/R1BQK2R w KQkq - 0 12,a2a3,28,-28,-56
2kr2nr/1pp1q1p1/1p1p1pb1/4p1P1/4P2p/PB1P1N1P/1PP2P2/R2QK2R w KQ - 0 15,g5f6,-70,-120,50
2k2r1r/1pp5/1p1p2pn/4p1Rb/4P2p/PB1P3P/1PPK1P2/6R1 w - - 2 23,c2c4,-470,-553,83
rnbqkbnr/pppppppp/8/8/8/8/PPPPPPPP/RNBQKBNR w KQkq - 0 1,d2d4,30,19,-11
rnbqkbnr/ppp1pppp/8/3p4/3P4/8/PPP1PPPP/RNBQKBNR w KQkq - 0 2,f2f4,23,-37,-60
rn2kbnr/ppp1pppp/3q4/3p1b2/3P1P2/5N2/PPP1P1PP/RNBQKB1R w KQkq - 3 4,e2e3,29,26,-3
r2k1bnr/pppnp2p/3q1p2/3p1Q2/3P1P2/4P3/PPP3PP/RNB1KB1R w KQ - 1 9,g2g3,229,161,-68
r2k1b1r/pp1np2p/3q1p1n/2pp3Q/3P1P2/4P1P1/PPP4P/RNB1KB1R w KQ - 0 11,c2c3,257,187,-70
r2k1b1r/pp1np2p/3q1p1n/3p3Q/3p1P2/2P1P1P1/PP5P/RNB1KB1R w KQ - 0 12,e3d4,211,188,-23
r2k1br1/1p2p3/p3q3/3p1p2/3PnPp1/2PQ2P1/PP1B2KP/RN2R3 w - - 0 21,a2a4,29,3,-26
r4br1/1p1kp3/p3q3/3p1p2/P2PnPp1/2PQ2P1/1P1B2KP/RN2R3 w - - 1 22,b2b4,22,-83,-105
r1r5/3kp3/p2q3b/1p1p1p2/PP1P1Pp1/N1P3P1/3QR1KP/2R5 w - - 0 27,a4b5,275,180,-95
rr2k3/4p3/2q5/1N1p1Q2/1P1P1Pp1/2P3P1/4R1KP/2R5 w - - 3 34,c3c4,10000,461,-9539
4k3/4p3/8/4R3/1P1P1Pp1/r5Pr/2R3K1/8 w - - 8 43,b4b5,0,0,0
6r1/3kp3/4R3/1P2K3/3P1P2/8/8/8 w - - 7 50,f4f5,324,306,-18
1r6/3kp3/4R3/1P2KP2/3P4/8/8/8 w - - 1 51,d4d5,472,29,-443
8/3kp3/4R3/1r1PKP2/8/8/8/8 w - - 0 52,f5f6,7,7,0
rnbqkbnr/pppppppp/8/8/8/8/PPPPPPPP/RNBQKBNR w KQkq - 0 1,e2e4,23,34,11
rnbqkbnr/ppp1pppp/8/3p4/4P3/8/PPPP1PPP/RNBQKBNR w KQkq - 0 2,e4d5,66,68,2
rnb1kbnr/ppp1pppp/8/3q4/8/8/PPPP1PPP/RNBQKBNR w KQkq - 0 3,c2c4,74,-38,-112
rnbqk1nr/ppp2ppp/4p3/8/1bP5/2N2N2/PP1P1PPP/R1BQKB1R w KQkq - 2 6,d2d4,93,95,2
rnbqk1nr/ppp1bppp/4p3/8/2PP4/2N2N2/PP3PPP/R1BQKB1R w KQkq - 1 7,d4d5,178,18,-160
rnbqk1nr/ppp1bppp/8/3p4/2P5/2N2N2/PP3PPP/R1BQKB1R w KQkq - 0 8,c4d5,45,19,-26
rn1qk2r/pp2bppp/2p2n2/1Q1P4/8/2N2N2/PP3PPP/R1B1K2R w KQkq - 0 12,d5c6,238,95,-143
1q4k1/p4ppp/8/8/8/8/PP1Q1PPP/6K1 w - - 1 27,h2h3,174,141,-33
1q4k1/p4pp1/7p/8/8/7P/PP1Q1PP1/6K1 w - - 0 28,b2b3,162,152,-10
6k1/p4pp1/7p/q7/8/1P1Q3P/P4PP1/6K1 w - - 3 30,a2a4,116,31,-85
6k1/p4pp1/7p/4q3/P7/1P1Q3P/5PPK/8 w - - 3 32,g2g3,196,154,-42
6k1/p4pp1/q6p/8/P7/1P2Q1PP/5PK1/8 w - - 5 35,h3h4,369,233,-136
6k1/pq3pp1/7p/8/P6P/1P2Q1P1/5PK1/8 w - - 5 38,f2f3,261,38,-223
6k1/p2q1pp1/7p/8/P6P/1P2QPP1/6K1/8 w - - 1 39,g3g4,62,50,-12
6k1/p1q2pp1/7p/8/P5PP/1P2QP2/6K1/8 w - - 1 40,g4g5,122,35,-87
6k1/p1q2pp1/8/6p1/P6P/1P2QP2/6K1/8 w - - 0 41,h4g5,34,33,-1
6k1/p1q2pp1/8/6P1/P7/1P2QPK1/8/8 w - - 3 43,f3f4,44,49,5
rnbqkbnr/pppppppp/8/8/8/8/PPPPPPPP/RNBQKBNR w KQkq - 0 1,e2e3,36,16,-20
rnbqkbnr/pp1ppppp/8/2p5/8/4P3/PPPP1PPP/RNBQKBNR w KQkq - 0 2,d2d4,17,18,1
rnbqkbnr/pp1p1ppp/4p3/2p5/3P4/4P3/PPP2PPP/RNBQKBNR w KQkq - 0 3,d4c5,25,-4,-29
rnbqk2r/pp1pbppp/4pn2/8/2B5/4PN2/PPP2PPP/RNBQK2R w KQkq - 4 6,b2b3,-9,-12,3
r1bq1rk1/pp3ppp/2nbpn2/3p4/8/1P1BPN2/PBP2PPP/RN1Q1RK1 w - - 2 10,h2h4,15,-158,-173
r1bq1rk1/pp3ppp/2nb1n2/3pp3/7P/1P1BPN2/PBP2PP1/RN1Q1RK1 w - - 0 11,e3e4,-164,-549,385
r1bqr1k1/pp3ppp/2nb1n2/4p3/7P/1P1Q1N2/PBPN1PP1/R4RK1 w - - 4 15,g2g4,-526,-685,159
r1bqr1k1/pp3ppp/2nb1n2/8/6PP/1P1Q1N2/PBP2P2/R3R1K1 w - - 2 18,g4g5,-474,-484,10
rnbqkbnr/pppppppp/8/8/8/8/PPPPPPPP/RNBQKBNR w KQkq - 0 1,e2e4,32,30,-2
r1bqkb1r/pppp1ppp/2n2n2/4p3/2B1P3/2N5/PPPP1PPP/R1BQK1NR w KQkq - 2 4,d2d3,15,3,-12
r1bqkb1r/pppp1pp1/2n2n1p/4p3/2B1P3/2NP4/PPP2PPP/R1BQK1NR w KQkq - 0 5,f2f3,28,-61,-89
r1b1k2r/1p2qpp1/2pp3p/p3p3/4P3/1B1P1P2/PPP2QPP/R3K2R w KQkq - 0 14,a2a3,4,-26,-30
r4rk1/4qpp1/2ppb2p/1p2p3/p3P3/P2P1PQ1/BPP1K1PP/R6R w - - 2 18,h2h3,-46,-152,106
5rk1/r4pp1/2ppq2p/1p2p3/p3P3/P2P1PQP/1PP1K1P1/R6R w - - 3 21,f3f4,-26,-156,130
5rk1/4rpp1/2ppq2p/1p2p3/p3PP2/P2P2QP/1PP1K1P1/R6R w - - 1 22,f4f5,-49,-62,13
5r2/4rppk/2pp1q1p/1p2pP2/p3P1Q1/P2P3P/1PP1K1P1/R6R w - - 3 24,g2g3,-70,-93,23
6r1/4rppk/2pp1q1p/1p2pP2/p3P1Q1/P2P2PP/1PP1K3/R6R w - - 1 25,h3h4,-57,-76,19
6r1/4rppk/5q1p/1pp1pP2/p2pP2P/P2P1QP1/1PP1K3/3R3R w - - 0 28,g3g4,5,5,0
6r1/4rp1k/5q1p/1pp1pPp1/p2pP1PP/P2P1Q2/1PP1K3/3R3R w - g6 0 29,h4g5,49,93,44
6r1/4r2k/5p1p/1p2pP1Q/p2pP1P1/P2pq3/1PP5/5KRR w - - 0 34,c2d3,-358,-470,112
6r1/4r2k/5p1p/1p2pP1Q/p3P1P1/P2pq3/1P6/5KRR w - - 0 37,g4g5,0,-40,-40
8/7k/7p/1p2pPp1/p2rP3/P1K5/1P6/7R w - - 4 43,b2b3,-372,-382,10
8/7k/7p/1p2pPp1/5r2/PK6/8/5R2 w - - 2 46,f5f6,-451,-727,276
8/7k/5P1p/1p2p1p1/8/PK6/8/5r2 w - - 0 47,f6f7,-729,-759,30
8/5Pk1/7p/1p2p1p1/8/PK6/8/5r2 w - - 1 48,f7f8q,-775,-794,19
8/4k3/7p/1pK1p1p1/8/P7/8/1r6 w - - 4 51,a3a4,-803,-886,83
rnbqkbnr/pppppppp/8/8/8/8/PPPPPPPP/RNBQKBNR w KQkq - 0 1,d2d4,32,22,-10
rnbqkbnr/ppp1pppp/8/3p4/3P4/8/PPP1PPPP/RNBQKBNR w KQkq - 0 2,c2c4,26,23,-3
rn1qkb1r/ppp2ppp/4pn2/6B1/2pP2b1/2N2N2/PP2PPPP/R2QKB1R w KQkq - 0 6,e2e4,121,-42,-163
2rq1rk1/pp2bppp/1n2pn2/2p3B1/3PP1b1/2NB1N2/PPQ2PPP/1K1R3R w - - 0 12,d4d5,50,-121,-171
2r2rk1/pp3ppp/1n3q2/8/4P1b1/2p2N2/PPQ1BPPP/1K1R3R w - - 0 17,b2b3,-137,-126,-11
2r2rk1/pp3ppp/1n3q2/8/4P3/1Pp2b2/P1Q1BPPP/1K1R3R w - - 0 18,g2f3,-73,-145,72
6k1/pp3ppp/1n3q2/8/4P3/1Pp2P2/P3rP1P/1KQ3R1 w - - 0 23,a2a4,-633,-701,68
6k1/pp1n1p1p/5qp1/8/P3P3/1P3PR1/K1p2r1P/6Q1 w - - 0 27,h2h4,-727,-10000,9273
rnbqkbnr/pppppppp/8/8/8/8/PPPPPPPP/RNBQKBNR w KQkq - 0 1,e2e4,26,31,5
r1bqkbnr/pp1p1ppp/2n1p3/2p4Q/2B1P3/8/PPPP1PPP/RNB1K1NR w KQkq - 0 4,d2d3,-126,-143,17
r1bq1rk1/pp1p1pbp/2n1pnp1/2p3B1/2B1P3/2NP1Q2/PPP2PPP/R3K1NR w KQ - 4 8,h2h4,-104,-155,51
r1bq1rk1/1p1p1pbp/p1n1pnp1/2p3B1/2B1P2P/2NP1Q2/PPP2PP1/R3K1NR w KQ - 0 9,a2a3,-67,-183,116
r1bq1rk1/5pbp/p2ppnp1/1pp1n1B1/4PQ1P/P1NP4/BPP2PP1/R3K1NR w KQ - 0 12,h4h5,-41,-99,58
r4rk1/1b3p1p/p2ppbp1/1pp1n2P/4P3/P1NP4/BPP2PP1/R3K1NR w KQ - 0 15,h5g6,-123,-118,-5
r4rk1/1b3p2/p2ppbp1/1pp1n3/4P3/P1NP4/BPP2PP1/R3K1NR w KQ - 0 16,f2f3,-119,-151,32
7r/5pk1/2b1pbp1/1pp1n3/p2pP3/P2P1PN1/BPP1N1P1/2KR4 w - - 2 24,c2c3,-197,-223,26
1r6/5pk1/2b1pbp1/1pp1n3/p3P3/P1NP1PN1/BP4P1/2KR4 w - - 1 26,d3d4,-259,-406,147
rnbqkbnr/pppppppp/8/8/8/8/PPPPPPPP/RNBQKBNR w KQkq - 0 1,d2d4,28,21,-7
rnb1kbnr/pppqpppp/8/3p4/3P4/5N2/PPP1PPPP/RNBQKB1R w KQkq - 2 3,e2e3,91,63,-28
rnbqkbnr/pppppppp/8/8/8/8/PPPPPPPP/RNBQKBNR w KQkq - 0 1,d2d4,29,22,-7
rnbqkbnr/pp2pppp/2pp4/8/3P4/5N2/PPP1PPPP/RNBQKB1R w KQkq - 0 3,e2e3,67,38,-29
rnbqkbnr/pppppppp/8/8/8/8/PPPPPPPP/RNBQKBNR w KQkq - 0 1,d2d4,31,25,-6
rn1qkbnr/pbpppppp/1p6/8/3P4/5N2/PPP1PPPP/RNBQKB1R w KQkq - 2 3,e2e4,25,-53,-78
rn1qkbnr/pb1p2pp/2p1pp2/1p6/3PP3/3BQN2/PPP2PPP/RNB1K2R w KQkq - 0 7,e4e5,215,143,-72
rnbqkbnr/pppppppp/8/8/8/8/PPPPPPPP/RNBQKBNR w KQkq - 0 1,d2d4,24,22,-2
rnbqkbnr/pp1ppppp/8/2p5/3P4/8/PPP1PPPP/RNBQKBNR w KQkq - 0 2,d4c5,73,22,-51
rnb1kbnr/pp1ppppp/8/2q5/8/8/PPPBPPPP/RN1QKBNR w KQkq - 0 4,c2c3,50,-21,-71
rnb1kbnr/pp2pppp/8/2qp4/8/2P5/PP1BPPPP/RN1QKBNR w KQkq - 0 5,g2g3,-8,-69,61
r3kbnr/pp2pppp/2n5/2qp1b2/8/2P3P1/PP1BPPBP/RN1QK1NR w KQkq - 3 7,e2e3,63,-152,-215
3rkbnr/pp2pppp/2n5/2qp1b2/8/2P1P1P1/PP1B1PBP/RN1QK1NR w KQk - 1 8,b2b4,-121,-107,-14
3rkbnr/pp3ppp/2nq4/4pb2/1P1p4/2P1P1P1/P2BNPBP/RN1Q1RK1 w k - 0 11,e3d4,275,285,10
3rkbnr/pp3ppp/2nq4/5b2/1P1p4/2P3P1/P2BNPBP/RN1Q1RK1 w k - 0 12,c3d4,376,157,-219
rnbqkbnr/pppppppp/8/8/8/8/PPPPPPPP/RNBQKBNR w KQkq - 0 1,e2e4,32,22,-10
rnbqkbnr/pp1ppppp/8/2p5/4P3/8/PPPP1PPP/RNBQKBNR w KQkq - 0 2,c2c4,35,0,-35
r1bqkbnr/pp1ppppp/2n5/2p5/2P1P3/8/PP1P1PPP/RNBQKBNR w KQkq - 1 3,d2d3,-2,-24,22
r3k1nr/pbqpppbp/1pn3p1/2p5/2P1P3/2NPBN2/PP2BPPP/R2QK2R w KQkq - 4 8,a2a4,43,-15,-58
r1q2rk1/pb1pppbp/1p3np1/1Np5/PnP1P3/3PBN2/1P1QBPPP/R4RK1 w - - 7 12,a4a5,20,24,4
r1q2rk1/1b1pppbp/p4np1/Ppp5/1nP1P3/2NPBN2/1P1QBPPP/R4RK1 w - - 0 14,c4b5,66,64,-2
r4rk1/1b1pppbp/5np1/Ppq5/1n2P3/2NP1N2/1P1QBPPP/R4RK1 w - - 0 16,d3d4,-286,-266,-20
1r1q1rk1/4ppbp/6p1/P2p4/Q2Pn3/5N2/1P2NPPP/4RRK1 w - - 0 23,a5a6,134,10,-124
r5k1/4ppbp/Pr1n2p1/3p4/3P4/5N2/1P2NPPP/RR4K1 w - - 4 29,b2b4,-58,-18,-40
6k1/4ppbp/r2n2p1/3p4/1P1P4/5N2/4NPPP/1R4K1 w - - 0 31,b4b5,-12,-89,77
6k1/5pbp/1r1np1p1/1P1p4/3P4/2N2N2/5PPP/1R4K1 w - - 0 33,h2h4,0,-12,-12
6k1/5pbp/1r2p1p1/1P1p1n2/3P3P/2N2N2/5PP1/1R4K1 w - - 1 34,g2g3,1,-83,-84
6k1/1r5p/6p1/1P1ppp2/N2b3P/5KP1/5P2/1R6 w - - 0 39,g3g4,-109,-181,72
6k1/1r5p/6p1/1P1pp3/N5KP/4b3/1R6/8 w - - 2 42,b5b6,-225,-225,0
8/7p/5kp1/4p3/7P/5K2/8/2b5 w - - 2 50,h4h5,-691,-714,23
rnbqkbnr/pppppppp/8/8/8/8/PPPPPPPP/RNBQKBNR w KQkq - 0 1,d2d4,36,19,-17
rnbqk1nr/pp1pppbp/6p1/8/3N4/2N5/PPP1PPPP/R1BQKB1R w KQkq - 2 5,e2e4,50,45,-5
rnbqkbnr/pppppppp/8/8/8/8/PPPPPPPP/RNBQKBNR w KQkq - 0 1,e2e4,35,32,-3
rnbqkbnr/ppp1pppp/8/3p4/4P3/8/PPPP1PPP/RNBQKBNR w KQkq - 0 2,d2d4,65,-54,-119
rnbqkbnr/ppp1pppp/8/8/3Pp3/8/PPP2PPP/RNBQKBNR w KQkq - 0 3,f2f3,-57,-62,5
r2qkbnr/ppp1pppp/2n5/8/3P2b1/5N2/PPPN2PP/R1BQKB1R w KQkq - 3 6,h2h3,-38,-59,21
r2qkbnr/ppp1pppp/2n5/7b/3P4/5N1P/PPPN2P1/R1BQKB1R w KQkq - 1 7,g2g4,-69,-106,37
r3kbnr/pp1qpppp/2N3b1/8/Q1BP2P1/7P/PP1NK3/n1B4R w kq - 1 13,b2b3,-296,-405,109
r3kb1r/p2q1ppp/2p1p3/3n4/Qn1P2P1/1PB4P/P2NK3/2R5 w kq - 5 20,a2a3,-837,-1003,166
2r1kb1r/p2q1ppp/2p5/4p3/Q2PNnP1/PPR4P/8/3K4 w k - 0 25,d4d5,-781,-901,120
rnbqkbnr/pppppppp/8/8/8/8/PPPPPPPP/RNBQKBNR w KQkq - 0 1,e2e4,30,33,3
r1bqkbnr/pppp1ppp/2n5/4p3/4P3/2N5/PPPP1PPP/R1BQKBNR w KQkq - 0 3,f2f3,7,-75,-82
r1bqk1nr/pppp1ppp/2n5/2bNp3/4P3/5P2/PPPP2PP/R1BQKBNR w KQkq - 3 5,a2a3,-47,-81,34
r1bqk1nr/1ppp1ppp/p1n5/2bNp3/4P3/P4P2/1PPP2PP/R1BQKBNR w KQkq - 0 6,b2b4,-70,-111,41
r1bqk1nr/bppp1ppp/p1n5/3Np3/1P2P3/P4P2/2PP2PP/R1BQKBNR w KQkq - 1 7,c2c4,-113,-145,32
r2qk1nr/1p3ppp/p1ppb3/4p3/1PPbP3/P3NP2/3P2PP/1RBQKB1R w Kkq - 2 12,d2d3,-24,-86,62
r2qk2r/1p3ppp/p1ppbn2/4p3/1PP1P3/P2PbP2/1B4PP/1R1QKB1R w Kkq - 0 14,d3d4,-561,-595,34
r3nrk1/1p3ppp/p1ppb3/8/1PPQP2q/P4P2/4B1PP/3RK2R w K - 5 19,g2g3,-525,-543,18
r3nrk1/1p3ppp/p1ppb3/6q1/1PPQP3/P4PP1/4B2P/3RK2R w K - 1 20,f3f4,-447,-418,-29
r3nrk1/1p3ppp/p1ppb1q1/8/1PPQPP2/P5P1/4B2P/3RK2R w K - 1 21,f4f5,-247,-261,14
r3nrk1/1p3ppp/p1pp2q1/5b2/1PPQP3/P5P1/4B2P/3RK2R w K - 0 22,e4f5,-266,-267,1
r4rk1/1p1q1ppp/p1pp1n2/8/1PPQ4/P3R1P1/4B2P/4KR2 w - - 6 26,h2h3,0,-423,-423
4r1k1/1p1q1ppp/p1pp1n2/8/1PPQ4/P5PP/4B3/4KR2 w - - 0 28,g3g4,-462,-515,53
4r1k1/1p1q1ppp/p1p2n2/3p4/1PPQ2P1/P6P/4B3/4KR2 w - - 0 29,c4c5,-463,-526,63
rnbqkbnr/pppppppp/8/8/8/8/PPPPPPPP/RNBQKBNR w KQkq - 0 1,d2d4,29,20,-9
rnbqkbnr/ppp1pppp/3p4/8/3P4/8/PPP1PPPP/RNBQKBNR w KQkq - 0 2,c2c4,45,25,-20
rn1qkbnr/ppp1pb2/3p1ppp/8/2PP4/2N2NB1/PP2PPPP/R2QKB1R w KQkq - 0 7,e2e3,178,142,-36
rnbqkbnr/pppppppp/8/8/8/8/PPPPPPPP/RNBQKBNR w KQkq - 0 1,d2d4,29,20,-9
rnbqkbnr/pp1ppppp/8/2p5/3P4/8/PPP1PPPP/RNBQKBNR w KQkq - 0 2,d4c5,85,30,-55
rnb1kbnr/pp1ppppp/8/2q5/8/8/PPPBPPPP/RN1QKBNR w KQkq - 0 4,b2b3,52,-41,-93
rnb1kb1r/pp1ppppp/5n2/2q5/8/1P6/P1PBPPPP/RN1QKBNR w KQkq - 1 5,c2c4,-41,-52,11
r1b1kb1r/pp1ppppp/2n2n2/2q5/2P5/1P6/P2BPPPP/RN1QKBNR w KQkq - 1 6,e2e3,-16,-26,10
r1b1kb1r/pp2pppp/5n2/2q5/2n5/1PB1PN2/P4PPP/RN1QK2R w KQkq - 0 10,b3c4,-130,-138,8
rnbqkbnr/pppppppp/8/8/8/8/PPPPPPPP/RNBQKBNR w KQkq - 0 1,e2e4,30,30,0
rnbqkbnr/ppp2ppp/4p3/3p4/2B1P3/8/PPPP1PPP/RNBQK1NR w KQkq - 0 3,e4d5,-22,-30,8
rnbqk2r/ppp1bppp/5n2/3p4/8/1B6/PPPPQPPP/RNB1K1NR w KQkq - 4 6,d2d3,-67,-117,50
rn1qk2r/ppp1bp2/5n1p/3p4/6b1/1BNP4/PPP1QPPP/R3K1NR w KQkq - 2 9,f2f3,-436,-446,10
r2qk2r/ppp1bp2/2n1bn1p/3p4/8/1BNP1P2/PPP1Q1PP/2KR2NR w kq - 3 11,d3d4,-461,-452,-9
r3k2r/pppqbp2/2n1bn1p/3p4/3P4/1BN2P2/PPP1Q1PP/2KR2NR w kq - 1 12,a2a4,-405,-519,114
2kr3r/pppqbp2/2n2n1p/3p4/P2P4/1BN2P1b/1PP1Q1PP/2KR3R w - - 0 14,g2h3,-639,-634,-5
2krr3/Qp3p2/2pb1n1p/3p2n1/P7/1BN4q/1PP4P/R1K4R w - - 1 21,a4a5,-521,-560,39
2krr3/Qp3p2/2p2n1p/P2p2n1/8/1BN2q2/1PP4b/R1KR4 w - - 0 23,a5a6,-284,-298,14
rnbq1rk1/pp2bppp/4pn2/2pp4/8/8/PPPPPPPP/RNBQKBNR w KQ - 6 7,c2c3,-215,-226,11
r1bq1rk1/pp2bppp/2n2n2/2ppp3/8/2P5/PPQPPPPP/RNB1KBNR w KQ - 0 9,d2d3,-278,-291,13
r1bq1rk1/pp2bppp/2n2n2/2p1p3/3p4/2PP4/PPQ1PPPP/RNB1KBNR w KQ - 0 10,c3d4,-212,-351,139
rnbqkbnr/pppppppp/8/8/8/8/PPPPPPPP/RNBQKBNR w KQkq - 0 1,e2e4,23,23,0
rnbqkbnr/ppp1pppp/8/3p4/4P3/8/PPPP1PPP/RNBQKBNR w KQkq - 0 2,e4d5,59,61,2
rnbqkbnr/ppp2ppp/4p3/8/2B5/2N5/PPPP1PPP/R1BQK1NR w KQkq - 0 5,f2f4,63,12,-51
rn1qk1nr/pbp1bppp/1p2p3/8/2B2P2/2N2N2/PPPP2PP/R1BQ1RK1 w kq - 2 8,d2d4,22,19,-3
rn1qk1nr/pb2bppp/1p2p3/2p5/2BP1P2/2N2N2/PPP3PP/R1BQ1RK1 w kq - 0 9,d4d5,234,199,-35
r3k2r/p3nppp/1p3n2/2p5/5P2/5N2/PPP3PP/R1BR2K1 w kq - 0 15,b2b3,34,0,-34
r4rk1/p3nppp/1p6/2pn4/5P2/1P3N2/PBP3PP/R2R2K1 w - - 3 17,g2g3,-19,-13,-6
4r1k1/p1B3pp/1p3p2/2p5/3n1P2/1P4P1/P1PR1K1P/8 w - - 4 26,c2c3,-18,-106,88
1B6/p4k1p/1p4p1/2pn4/5P2/1PP3P1/P4K1P/8 w - - 5 32,c3c4,379,290,-89
8/7p/2k3p1/4K3/2P2P2/1n4P1/7P/6B1 w - - 10 41,h2h3,461,468,7
8/8/4k1K1/8/5P2/6PP/3n4/6B1 w - - 1 46,f4f5,617,714,97
4k3/8/6K1/2B2P2/8/6PP/3n4/8 w - - 3 48,h3h4,863,653,-210
4k3/8/6K1/5P2/7P/B5n1/8/8 w - - 0 50,f5f6,872,1029,157
4k3/8/5PK1/8/4n2P/B7/8/8 w - - 1 51,f6f7,959,1079,120
8/3k1P2/6K1/8/4n2P/B7/8/8 w - - 1 52,f7f8q,1076,1077,1
2k5/8/3Q2K1/8/7P/B7/8/8 w - - 1 54,h4h5,10000,10000,0
8/1k6/3Q2K1/7P/8/B7/8/8 w - - 1 55,h5h6,10000,10000,0
8/k7/3Q2KP/8/8/B7/8/8 w - - 1 56,h6h7,10000,10000,0
8/1k5P/3Q2K1/8/8/B7/8/8 w - - 1 57,h7h8q,10000,10000,0
rnbqkbnr/pppppppp/8/8/8/8/PPPPPPPP/RNBQKBNR w KQkq - 0 1,d2d4,24,18,-6
rnbqkb1r/pppppppp/5n2/8/3P4/8/PPP1PPPP/RNBQKBNR w KQkq - 1 2,f2f4,18,-45,-63
rnbqkb1r/pp2pppp/2pp1n2/8/3P1P2/5N2/PPP1P1PP/RNBQKB1R w KQkq - 0 4,e2e3,6,-8,-14
r1bqkb1r/pp1n1pp1/2p2n1p/3p4/3p1P2/3BP2N/PPP3PP/RNBQK2R w KQkq - 0 9,e3d4,-79,-88,9
2kr3r/Bp3pp1/2pb3p/3p4/5P2/2q5/P1P1Q1PP/RR4K1 w - - 3 21,a2a3,-185,-246,61
rnbqkbnr/pppppppp/8/8/8/8/PPPPPPPP/RNBQKBNR w KQkq - 0 1,d2d4,27,20,-7
rnbqkbnr/ppp1pppp/3p4/8/3P4/8/PPP1PPPP/RNBQKBNR w KQkq - 0 2,c2c4,51,39,-12
rnbqkbnr/pppppppp/8/8/8/8/PPPPPPPP/RNBQKBNR w KQkq - 0 1,d2d3,28,-19,-47
rnbqkbnr/pp1ppppp/8/2p5/8/3P4/PPP1PPPP/RNBQKBNR w KQkq - 0 2,c2c3,-6,-21,15
rnbqkbnr/pp1p1ppp/4p3/2p5/8/2PP4/PP2PPPP/RNBQKBNR w KQkq - 0 3,b2b3,-7,-52,45
rnbqkbnr/pp3ppp/4p3/2pp4/8/1PPP4/P3PPPP/RNBQKBNR w KQkq - 0 4,a2a3,-55,-63,8
rnbqkb1r/pp3ppp/4pn2/2pp4/8/PPPP4/4PPPP/RNBQKBNR w KQkq - 1 5,c3c4,-62,-77,15
rnbqk2r/pp2bppp/4pn2/2pp4/2P5/PP1P4/4PPPP/RNBQKBNR w KQkq - 1 6,b3b4,-74,-232,158
rnbq1rk1/pp2bppp/4pn2/2pp4/1PP5/P2P4/4PPPP/RNBQKBNR w KQ - 1 7,a3a4,-231,-315,84
r1b2rk1/1p3ppp/1q2pn2/p2p4/PpP5/1Q1Pb3/4PPPP/1N2KBNR w K - 0 15,f2e3,-662,-682,20
r1b2rk1/1p3ppp/4pn2/p7/Pp6/3q1N2/4P1PP/1N2KB1R w K - 0 19,e2d3,-748,-741,-7
r1b2rk1/5ppp/1p2pn2/p7/Pp6/3P1N2/6PP/1N2KB1R w K - 0 20,g2g3,-688,-706,18
4r1k1/5ppp/1p6/p2pr3/Pp6/3P1RP1/3K3P/1N6 w - - 6 27,d3d4,-687,-691,4
3R4/5pkp/6p1/8/P7/6r1/8/2K5 w - - 2 43,a4a5,-391,-425,34
R7/5pk1/6p1/P6p/8/r7/8/2K5 w - - 0 45,a5a6,-463,-493,30
R7/5pk1/P5p1/8/7p/r7/8/2K5 w - - 0 46,a6a7,-500,-522,22
7k/P4p2/6p1/8/8/r6p/8/2K5 w - - 0 48,a7a8q,-1096,-1116,20
rnbqkbnr/pppppppp/8/8/8/8/PPPPPPPP/RNBQKBNR w KQkq - 0 1,e2e4,33,36,3
rnbqkb1r/pppp1ppp/5n2/4p3/4P3/5N2/PPPP1PPP/RNBQKB1R w KQkq - 2 3,d2d4,24,27,3
2r5/p1p1RN2/5pp1/5b1k/3P4/8/PPP2PPP/2K5 w - - 4 25,h2h3,524,517,-7
2r5/p1p1RN2/5p2/5bpk/3P4/7P/PPP2PP1/2K5 w - - 0 26,g2g4,527,531,4
2r5/p1p1RN2/5p2/6pk/3P2b1/7P/PPP2P2/2K5 w - - 0 27,h3g4,509,541,32
2r5/p1p5/7N/5R2/3Pk1p1/8/PPP2P2/2K5 w - - 1 32,c2c3,596,545,-51
7r/p7/5R1N/2p5/3Pk1p1/2P5/PP3P2/2K5 w - - 0 34,d4c5,651,679,28
7r/p7/5R2/2k5/8/2P1N3/PP3P2/2K5 w - - 0 37,b2b4,686,657,-29
8/p7/5R2/1k6/1P5r/1KP1N3/P4P2/8 w - - 5 40,a2a4,10000,10000,0
rnbqkbnr/pppppppp/8/8/8/8/PPPPPPPP/RNBQKBNR w KQkq - 0 1,e2e4,29,28,-1
rnbqkbnr/ppp1pppp/8/3p4/4P3/8/PPPP1PPP/RNBQKBNR w KQkq - 0 2,e4d5,58,61,3
rnbqkbnr/ppp1pppp/8/8/8/2N5/PPPP1PPP/R1BQKBNR w KQkq - 2 4,d2d4,66,70,4
1rb2rk1/p4pp1/1p1qpn1p/8/3P4/5B2/PPP2PPP/R1BQR1K1 w - - 2 15,c2c3,280,163,-117
rnbqkbnr/pppppppp/8/8/8/8/PPPPPPPP/RNBQKBNR w KQkq - 0 1,e2e4,27,30,3
rnbqkbnr/pppp1ppp/8/4p3/4P3/8/PPPP1PPP/RNBQKBNR w KQkq - 0 2,f2f4,28,-54,-82
r1bqkbnr/pppp1ppp/2n5/8/4Pp2/5N2/PPPP2PP/RNBQKB1R w KQkq - 0 4,d2d4,35,0,-35
2kr1bnr/ppp2ppp/3p1q2/8/3nP3/5BB1/PPP3PP/RN1Q1RK1 w - - 0 10,c2c3,438,-60,-498
2k1rb1r/Bpp2pp1/5nq1/3p4/4P2p/2P2R2/PPQN2PP/4R1K1 w - - 0 17,e4e5,-78,-608,530
2k4r/1pp2pp1/6q1/4B3/4p3/2P1R2p/PPQ3PP/6K1 w - - 0 23,g2g3,317,240,-77
8/8/4R3/kp4q1/8/2P3Pp/1P2Q2P/4K3 w - - 7 38,b2b4,10000,10000,0
rnbqkbnr/pppppppp/8/8/8/8/PPPPPPPP/RNBQKBNR w KQkq - 0 1,e2e4,26,26,0
rnbqkbnr/pp1ppppp/8/2p5/4P3/8/PPPP1PPP/RNBQKBNR w KQkq - 0 2,d2d4,32,6,-26
r1bqkbnr/pp1p1ppp/2n1p3/8/4P3/4Q3/PPP2PPP/RNB1KBNR w KQkq - 0 5,c2c4,14,-23,-37
r1b2rk1/pp1p1ppp/2n1pn1B/q7/2P1P3/2b3QN/PP3PPP/R3KB1R w KQ - 0 11,b2c3,-321,-323,2
rnbqkbnr/pppppppp/8/8/8/8/PPPPPPPP/RNBQKBNR w KQkq - 0 1,d2d4,27,21,-6
rnbqkbnr/p1pppppp/1p6/8/3P4/8/PPP1PPPP/RNBQKBNR w KQkq - 0 2,c2c4,87,57,-30
rn1qkbnr/p2ppppp/bp6/2p3B1/2PP4/2N2N2/PP2PPPP/R2QKB1R w KQkq - 2 6,d4d5,199,174,-25
rn1qkb1r/p2ppppp/bp3n2/2pP2B1/2P5/2N2N2/PP2PPPP/R2QKB1R w KQkq - 1 7,e2e3,240,187,-53
rn1qkb1r/p2ppp2/bp3p1p/2pP4/2P5/2N1PN2/PP3PPP/R2QKB1R w KQkq - 0 9,e3e4,264,243,-21
rn1qk2r/p2p1p2/bp3p1b/2pPp2p/2P1P3/2NB4/PPQN1PPP/2KR3R w kq - 2 14,g2g3,198,193,-5
rn5r/p2pkp2/5p1b/2NPp2p/2P1P1q1/3B2P1/PPQN1P1P/2KR3R w - - 1 19,d5d6,646,531,-115
rn5r/p2p1p2/3k1p1b/2N1p2p/2P1P1q1/3B2P1/PPQN1P1P/2KR3R w - - 0 20,f2f3,504,465,-39
r6r/p2nkp2/3p1p1b/4p2p/2P1P3/1N1B1PPq/PPQN3P/2KR3R w - - 2 24,c4c5,560,557,-3
2r4r/p2nkp2/3p1p1b/2P1p2p/4P3/1N1B1PPq/PPQN3P/2KR3R w - - 1 25,c5d6,537,493,-44
rnbqkbnr/pppppppp/8/8/8/8/PPPPPPPP/RNBQKBNR w KQkq - 0 1,e2e4,26,28,2
rnbqkbnr/1p1ppppp/p7/2p5/2B1P3/8/PPPP1PPP/RNBQK1NR w KQkq - 0 3,a2a4,8,-18,-26
rnbqkbnr/1p3ppp/p3p3/2pp4/P1B1P3/5N2/1PPP1PPP/RNBQK2R w KQkq - 0 5,e4d5,-36,-36,0
rnbqkb1r/1p3pp1/p4n1p/2pp4/P7/5N2/BPPP1PPP/RNBQ1RK1 w kq - 2 8,d2d4,-22,-24,2
rnbqkb1r/1p3pp1/p4n1p/3p4/P1pP4/5N2/BPP2PPP/RNBQ1RK1 w kq - 0 9,b2b3,4,-20,-24
r4rk1/5pp1/p1pqbn1p/3p4/P2P4/1B6/N1P2PPP/R2Q1RK1 w - - 0 17,c2c3,-52,-77,25
r3r1k1/5pp1/p1pqb2p/3p4/P2Pn3/2P5/N1B2PPP/R2Q1RK1 w - - 3 19,f2f3,-15,-18,3
1r2r1k1/5pp1/p2qbn1p/2pp4/P2P4/1RP2P2/N1B3PP/3Q1RK1 w - - 0 22,a4a5,-41,-183,142
8/5pk1/5p1p/8/4q3/2p2P2/4K1PP/8 w - - 0 40,f3e4,-16,-8,-8
8/5p2/8/5p2/4Pk1p/3K4/6PP/8 w - - 0 46,e4f5,-5,0,5
8/8/5p2/6k1/7p/5K2/6PP/8 w - - 2 50,g2g3,0,0,0
8/8/5p2/6k1/8/5KPp/7P/8 w - - 0 51,g3g4,13,30,17
8/8/8/5pk1/6P1/5K1p/7P/8 w - - 0 52,g4f5,30,30,0
8/8/8/6k1/8/6K1/7P/8 w - - 3 56,h2h4,22,18,-4
8/7k/8/8/6KP/8/8/8 w - - 5 59,h4h5,9,9,0
8/7k/8/6KP/8/8/8/8 w - - 3 61,h5h6,7,6,-1
rnbqkbnr/pppppppp/8/8/8/8/PPPPPPPP/RNBQKBNR w KQkq - 0 1,e2e3,25,9,-16
rnbqkbnr/pp1p1ppp/4p3/2p5/8/4P3/PPPPBPPP/RNBQK1NR w KQkq - 0 3,f2f3,9,-62,-71
rnbqkbnr/pp3ppp/4p3/2pp4/8/4PP2/PPPPB1PP/RNBQK1NR w KQkq - 0 4,g2g3,-67,-150,83
rnbqkb1r/pp3ppp/4pn2/2pp4/8/4PPP1/PPPPB2P/RNBQK1NR w KQkq - 1 5,h2h3,-96,-257,161
r2q1rk1/pp2bppp/2n5/2pp3n/4b3/4PNPP/PPPPB1K1/R1BNQ2R w - - 5 14,d2d3,-185,-185,0
r2q1rk1/pp3ppp/2nb1n2/2pp4/8/3PPBPP/PPP2QK1/R1BN3R w - - 3 17,e3e4,-56,-74,18
r2q1rk1/pp3ppp/2nb1n2/2p5/4p3/3P1BPP/PPP2QK1/R1BN3R w - - 0 18,d3e4,-78,-73,-5
r2q1rk1/pp3ppp/3b1n2/2p5/3nP3/5BPP/PPP2QK1/R1BN3R w - - 1 19,c2c3,-62,-55,-7
rnbqkbnr/pppppppp/8/8/8/8/PPPPPPPP/RNBQKBNR w KQkq - 0 1,d2d4,29,22,-7
rnbqkbnr/ppp1pppp/3p4/8/3P4/8/PPP1PPPP/RNBQKBNR w KQkq - 0 2,c2c4,55,21,-34
rn1qkbnr/ppp1p2p/3p1p2/6pb/2PP4/2N2NB1/PP2PPPP/R2QKB1R w KQkq - 2 8,e2e3,230,223,-7
rn1q1rk1/ppp4p/3ppn1b/5p1b/2PP2p1/2NBP1B1/PPQN1PPP/2KR3R w - - 6 14,h2h3,227,204,-23
rn1q1r1k/ppp4p/3ppn1b/5p1b/2PP2p1/2NBP1BP/PPQN1PP1/2KR3R w - - 1 15,h3g4,448,429,-19
rnbqkbnr/pp3ppp/3pp3/2p5/8/4N3/PPPPPPPP/R1BQKBNR w KQkq - 0 4,d2d3,-48,-56,8
rnbqk2r/pp2bppp/4pn2/2pp4/8/3P4/PPPQPPPP/R1BNKBNR w KQkq - 4 7,f2f3,-126,-160,34
r2q1rk1/pp2bppp/2n2n2/1Q1ppb2/8/5P2/PPP1PNPP/R1BNKBR1 w Q - 2 13,c2c3,-372,-387,15
r2q1rk1/pp2bppp/2n2n2/1Q1p1b2/4p3/2P2P2/PP2PNPP/R1BNKBR1 w Q - 0 14,f3f4,-267,-423,156
rnbqkbnr/pppppppp/8/8/8/8/PPPPPPPP/RNBQKBNR w KQkq - 0 1,d2d4,32,24,-8
rnbqkbnr/ppp1pppp/3p4/8/3P4/8/PPP1PPPP/RNBQKBNR w KQkq - 0 2,c2c4,65,25,-40
rnbqkbnr/p3pppp/1p1p4/2p5/2PP4/2N2N2/PP2PPPP/R1BQKB1R w KQkq - 0 5,d4d5,170,139,-31
rnbqkbnr/p3pppp/3p4/1ppP4/2P5/2N2N2/PP2PPPP/R1BQKB1R w KQkq - 0 6,c4b5,221,227,6
rn1qkbnr/pb2pppp/3p4/1PpP4/8/2N2N2/PP2PPPP/R1BQKB1R w KQkq - 1 7,e2e4,307,319,12
rn2kb1r/pb2pppp/3p4/1PpP4/1q2P1n1/2NB1NB1/PPQ2PPP/R3K2R w KQkq - 11 13,a2a3,462,433,-29
rn2kb1r/pb2pppp/1q1p4/1PpP4/4P1n1/P1NB1NB1/1PQ2PPP/2KR3R w kq - 3 15,h2h3,451,452,1
rn2kb1r/pb2pppp/1q1p1n2/1PpP4/4P3/P1NB1NBP/1PQ2PP1/2KR3R w kq - 1 16,e4e5,504,502,-2
rn2kb1r/pb1npppp/1q1p4/1PpPP3/8/P1NB1NBP/1PQ2PP1/2KR3R w kq - 1 17,e5d6,571,584,13
rn1k1b1r/pb1npppp/1q1P4/1PpP4/8/P1NB1NBP/1PQ2PP1/2KR3R w - - 1 18,d6e7,779,647,-132
r2k4/pb1nbp1p/1q4rB/1PpP4/4B3/P1N4P/1PQ2P2/2KR3R w - - 2 24,d5d6,539,452,-87
r2k4/pb1nbp1p/1q1P3r/1Pp5/4B3/P1N4P/1PQ2P2/2KR3R w - - 0 25,d6e7,562,608,46
rnbqkbnr/pppppppp/8/8/8/8/PPPPPPPP/RNBQKBNR w KQkq - 0 1,e2e4,24,34,10
r1bqkbnr/pppppppp/2n5/8/4P3/8/PPPP1PPP/RNBQKBNR w KQkq - 1 2,d2d4,49,58,9
r1bqkbnr/pppp1ppp/2n5/4p3/3PP3/8/PPP2PPP/RNBQKBNR w KQkq - 0 3,d4e5,74,67,-7
r1bqkb1r/pppp1ppp/5n2/4n3/4P3/2N5/PPP2PPP/R1BQKBNR w KQkq - 2 5,b2b3,151,-99,-250
r1bqk2r/1ppp1ppp/p4n2/4n3/1b2P3/1PN5/PBP2PPP/R2QKBNR w KQkq - 2 7,a2a3,71,48,-23
r4rk1/1pp2ppp/p2p1n2/7b/4Pq2/PP1B1N2/2P1QPPP/4RRK1 w - - 4 15,g2g3,13,-418,-431
r4rk1/1pp2ppp/p2p1n2/8/4P3/PP1B1bP1/2P2P1P/4RRK1 w - - 0 17,e4e5,-556,-546,-10
4r1k1/1pp2ppp/p4n2/8/8/PP1B1bP1/2P2P1P/5RK1 w - - 0 20,c2c4,-533,-547,14
4r1k1/1pp2ppp/p7/8/2P3n1/PP1B1bP1/5P1P/5RK1 w - - 1 21,h2h3,-532,-538,6
7r/1pp5/p4pk1/4n3/2P5/PP2R1PP/5PK1/3b4 w - - 0 28,g3g4,-536,-606,70
7r/1p6/p4pk1/2p1n3/2P3P1/PP2R2P/5PK1/3b4 w - - 0 29,b3b4,-529,-573,44
7r/1p6/p4pk1/4n3/1pP3P1/P3R2P/5PK1/3b4 w - - 0 30,a3b4,-555,-543,-12
7r/8/p4pk1/1p2n3/1P3RP1/1b4KP/5P2/8 w - - 2 34,h3h4,-562,-612,50
7r/8/p3bpk1/1p2n3/1P3RPP/6K1/5P2/8 w - - 1 35,h4h5,-569,-576,7
7r/8/p3bp2/1p2n1kP/1P3RP1/6K1/5P2/8 w - - 1 36,f2f3,-527,-523,-4
7r/8/p3bp2/1p2n1kP/1P2R1P1/5PK1/8/8 w - - 3 38,f3f4,-332,-332,0
7r/8/p3bp1k/1p2n2P/1P2RPP1/6K1/8/8 w - - 1 39,f4e5,-351,-350,-1
8/6k1/p7/1p4KP/1P4P1/3b4/8/8 w - - 7 48,h5h6,-291,-390,99
8/7k/p6P/1p5K/1Pb3P1/8/8/8 w - - 7 52,g4g5,-611,-651,40
8/8/p5kP/1p4P1/1P5K/8/4b3/8 w - - 3 54,h6h7,-485,-487,2
rnbqkbnr/pppppppp/8/8/8/8/PPPPPPPP/RNBQKBNR w KQkq - 0 1,d2d4,30,22,-8
rnbqkbnr/p1pppppp/1p6/8/3P4/8/PPP1PPPP/RNBQKBNR w KQkq - 0 2,c2c4,80,58,-22
rnbqkbnr/p1pppppp/8/8/2pP4/2N5/PP2PPPP/R1BQKBNR w KQkq - 0 4,e2e4,84,82,-2
rnbqkbnr/p2ppppp/8/2p5/2pPP3/2N5/PP3PPP/R1BQKBNR w KQkq - 0 5,d4d5,147,148,1
rn2kbnr/3qpppp/p2p4/2pP4/2Q1P3/2N2N2/PP3PPP/R1B1K2R w KQkq - 0 10,e4e5,318,317,-1
rn2kbnr/4pppp/p7/2pPNq2/2Q5/2N5/PP3PPP/R1B1K2R w KQkq - 1 12,f2f4,308,338,30
r1bqkbnr/ppp1pppp/2n5/1N6/3p4/5N2/PPPPPPPP/R1BQKB1R w KQkq - 2 4,c2c3,-64,-73,9
r1bqkb1r/ppp1pppp/2n2n2/8/8/2N2N2/PP1PPPPP/R1BQKB1R w KQkq - 1 6,e2e3,58,11,-47
r1bq1rk1/p1p2ppp/2pb1n2/4p3/8/2N1PN2/PP1P1PPP/R1BQ1RK1 w - - 0 10,d2d4,25,-42,-67
r4rk1/pQp2ppp/3b1n2/2p1q3/8/2N1P3/PP3PPP/R1B2RK1 w - - 1 16,f2f4,-37,-52,15
r4rk1/pQp2ppp/3b1n2/2p4q/5P2/2N1P3/PP4PP/R1B2RK1 w - - 1 17,h2h3,17,-32,-49
r4rk1/pQp2ppp/3b1n2/2p2q2/5P2/2N1P2P/PP4P1/R1B2RK1 w - - 1 18,g2g4,425,-32,-457
rnbqkbnr/pp1p1ppp/4p3/2p1N3/8/8/PPPPPPPP/RNBQKB1R w KQkq - 0 3,g2g3,-22,-46,24
rnbqkb1r/pp3ppp/4pn2/2pp4/8/5NP1/PPPPPP1P/RNBQKBR1 w Qkq - 2 6,h2h3,-120,-162,42
rnbqk2r/pp2bppp/4pn2/2pp4/8/5NPP/PPPPPP2/RNBQKBR1 w Qkq - 1 7,g3g4,-159,-172,13
r1bqk2r/pp2bppp/2n1pn2/2pp4/6P1/5N1P/PPPPPP2/RNBQKBR1 w Qkq - 1 8,g4g5,-170,-186,16
r1bqk2r/pp2bppp/2n1p3/2pp2Pn/8/5N1P/PPPPPP2/RNBQKBR1 w Qkq - 1 9,h3h4,-173,-214,41
r1bqk2r/p3bppp/2p5/2p3P1/3p3P/4p3/PPPPPP2/RNBQK1R1 w Qkq - 0 16,d2e3,-139,-139,0
r1bbk2r/p4ppp/2p5/2p3P1/7P/4p3/PPP1PP2/RNB1K1R1 w Qkq - 0 18,f2e3,199,17,-182
3r1rk1/p4ppp/2p5/2p3P1/7P/4P1bb/PPPBP3/RN1K4 w - - 4 24,c2c3,-817,-851,34
3r2k1/p4ppp/2pr4/2p3P1/7P/2P1P1bb/PPKBP3/RN6 w - - 3 26,c3c4,-807,-829,22
rnbqkbnr/pppppppp/8/8/8/8/PPPPPPPP/RNBQKBNR w KQkq - 0 1,g2g3,29,8,-21
rnbqkbnr/pp1p1ppp/4p3/2p5/8/6P1/PPPPPPBP/RNBQK1NR w KQkq - 0 3,f2f3,20,-50,-70
rnbqkbnr/pp3ppp/4p3/2pp4/8/5PP1/PPPPP1BP/RNBQK1NR w KQkq - 0 4,f3f4,-56,-51,-5
rnbqkb1r/pp3ppp/4pn2/2pp4/5P2/6P1/PPPPP1BP/RNBQK1NR w KQkq - 1 5,g3g4,-45,-234,189
rnbqk2r/pp2bppp/4pn2/2pp4/5PP1/8/PPPPP1BP/RNBQK1NR w KQkq - 1 6,g4g5,-131,-120,-11
rnbqk2r/pp1nbppp/4p3/2pp2P1/5P2/8/PPPPP1BP/RNBQK1NR w KQkq - 1 7,f4f5,-76,-291,215
rnbq1rk1/pp1n1ppp/8/2pp1Bb1/8/8/PPPPP2P/RNBQK1NR w KQ - 1 10,c2c3,-454,-720,266
rnbqr1k1/pp1n1p1p/6p1/2p3b1/3p2B1/2P5/PPQPP2P/RNB1K1NR w KQ - 0 13,d2d3,-532,-618,86
rnbqkbnr/pppppppp/8/8/8/8/PPPPPPPP/RNBQKBNR w KQkq - 0 1,e2e3,29,8,-21
rnbqkbnr/pppp1ppp/8/4p3/8/4P3/PPPP1PPP/RNBQKBNR w KQkq - 0 2,d2d4,25,21,-4
r2qk2r/ppp2pp1/2nb1n1p/3p4/3Pp3/1B2P2N/PPP1QPPP/RNB2RK1 w kq - 2 9,f2f4,512,479,-33
r2qk2r/ppp2p2/2nb1n1p/3p2p1/3PpP2/1B2P2N/PPP1Q1PP/RNB2RK1 w kq - 0 10,f4g5,465,314,-151
r3k3/p1p2p2/2p2n2/8/3Pp3/4P3/PPPN2q1/R1BK1R1r w q - 0 20,b2b3,-825,-847,22
1r6/2pk1p2/p1p5/2B5/2KPp1n1/1P3q2/P1P5/1R6 w - - 0 29,a2a4,-839,-888,49
1r6/2pk1p2/p1p5/2B5/P1KP2n1/1P2pq2/2P5/1R6 w - - 0 30,c2c3,-852,-10000,9148
1r6/2pk1p2/p1p5/8/P1KPq3/BPPn4/4p3/4R3 w - - 6 34,b3b4,-10000,-10000,0
1r6/2pk1p2/p1p5/8/PPKPq3/B1P5/4p3/4n3 w - - 0 35,b4b5,-10000,-10000,0
1r6/2pk1p2/p1p5/1P6/P1KPq3/B1P5/2n1p3/8 w - - 1 36,b5c6,-1266,-10000,8734
1r6/2p2p2/p1k5/2B5/P1KPq3/2P5/2n5/4q3 w - - 0 38,a4a5,-10000,-10000,0
1r6/2p2p2/p1k5/P1B5/2KP4/2P1q3/2n5/4q3 w - - 1 39,d4d5,-10000,-10000,0
rnbqkbnr/pppppppp/8/8/8/8/PPPPPPPP/RNBQKBNR w KQkq - 0 1,e2e4,31,31,0
r1bqkb1r/ppppnppp/2n5/1B2p3/4P3/5N2/PPPP1PPP/RNBQK2R w KQkq - 4 4,d2d4,55,44,-11
r3k2r/1bBpbpp1/p1n3qp/1p1Q4/4P3/1B6/PPP2PPP/RN3RK1 w kq - 1 14,c2c4,170,-22,-192
rnbqkbnr/pppppppp/8/8/8/8/PPPPPPPP/RNBQKBNR w KQkq - 0 1,d2d4,33,26,-7
rnbqkbnr/ppp1pppp/3p4/8/3P4/8/PPP1PPPP/RNBQKBNR w KQkq - 0 2,c2c4,56,30,-26
r2qkbnr/pp2pp2/2pp1n1p/5b2/2PP2p1/2N3B1/PP1NPPPP/R2QKB1R w KQkq - 2 9,e2e3,105,80,-25
r3kbnr/pp2pp2/2pp3p/q7/2PP2p1/2N1P1B1/PPQ2PPP/R3KB1R w KQkq - 5 14,a2a3,686,703,17
rnbqkbnr/pppppppp/8/8/8/8/PPPPPPPP/RNBQKBNR w KQkq - 0 1,e2e4,29,26,-3
rnbqkbnr/pppp1ppp/4p3/8/4P3/8/PPPP1PPP/RNBQKBNR w KQkq - 0 2,d2d4,33,29,-4
rnbqk1nr/pp3ppp/4p3/2pp4/1b1PP3/2N5/PPPB1PPP/R2QKBNR w KQkq - 0 5,a2a3,52,60,8
rnbqk1nr/pp3ppp/4p3/b1pp4/3PP3/P1N5/1PPB1PPP/R2QKBNR w KQkq - 1 6,d4c5,165,163,-2
rnbqk1nr/pp3ppp/4p3/b1P5/4p3/P1N5/1PPB1PPP/R2QKBNR w KQkq - 0 7,b2b4,199,195,-4
rnbqkbnr/pppppppp/8/8/8/8/PPPPPPPP/RNBQKBNR w KQkq - 0 1,d2d4,28,25,-3
rnbqkbnr/ppp1pppp/8/3p4/3P4/8/PPP1PPPP/RNBQKBNR w KQkq - 0 2,c2c4,26,29,3
rnbqkbnr/ppp1pppp/8/8/2pP4/8/PP2PPPP/RNBQKBNR w KQkq - 0 3,e2e4,34,36,2
rnbqkbnr/p1p1pppp/8/1p6/2pPP3/8/PP3PPP/RNBQKBNR w KQkq - 0 4,b2b3,50,-27,-77
rn2kbnr/p1pqpppp/8/8/3PP3/1p6/P4PPP/RNBQK1NR w KQkq - 0 7,a2b3,100,46,-54
rn2kbnr/p1pq1ppp/4p3/8/3PP3/1P6/5PPP/RNBQK1NR w KQkq - 0 8,e4e5,49,-121,-170
2kr2nr/p1pq2pp/4p3/4n3/3P4/1P2B3/3Q1PPP/R4RK1 w - - 0 15,d4e5,374,-108,-482
1k4nr/R1R3pp/4p3/4P3/8/1r6/5PPP/6K1 w - - 1 20,g2g3,-26,-29,3
1k5r/R2R4/4p3/4Pn1p/8/1r4P1/5P1P/6K1 w - - 0 23,f2f4,-2,-168,166
1k4r1/R2R4/4p3/4Pn2/5P2/1r4p1/5K1P/8 w - - 0 26,h2g3,-611,-645,34
rnbqkbnr/pppppppp/8/8/8/8/PPPPPPPP/RNBQKBNR w KQkq - 0 1,e2e4,28,27,-1
rnbqkbnr/pp1p1ppp/2p1p3/8/4P3/5N2/PPPP1PPP/RNBQKB1R w KQkq - 0 3,d2d4,78,83,5
rnbqkbnr/pp3ppp/2p1p3/3p4/3PP3/5N2/PPP2PPP/RNBQKB1R w KQkq - 0 4,e4e5,88,87,-1
r2qkbnr/pp1n1ppp/4p3/2ppP3/3P4/5N2/PPP2PPP/RNBQK2R w KQkq - 0 7,c2c3,-9,-38,29
r2qkbnr/3n1ppp/4p3/ppppP3/3P4/2P2N2/PP3PPP/RNBQ1RK1 w kq - 0 9,a2a3,50,-2,-52
r2qkbnr/3n1ppp/4p3/1pppP3/p2P4/P1P2N2/1P3PPP/RNBQ1RK1 w kq - 0 10,b2b3,-4,-74,70
r2qkbnr/3n1ppp/4p3/1p1pP3/p1pP4/PPP2N2/5PPP/RNBQ1RK1 w kq - 0 11,b3b4,2,-14,-16
r3kb1r/3n1p2/1q2p2p/1p1pPnp1/pPpP4/P1P1BN2/5PPP/RN1Q1RK1 w kq - 2 16,h2h3,-90,-111,21
2k2r2/3n1pbr/1q2p2p/1p1pP1pQ/pPpP2N1/P1P1n2P/3N1PP1/R4RK1 w - - 0 21,f2e3,164,184,20
2k2r1b/3n3r/1q2p2p/1p1pPppQ/pPpP2N1/P1P1P2P/3N1RP1/R5K1 w - f6 0 23,e5f6,277,282,5
rnbqkbnr/pppppppp/8/8/8/8/PPPPPPPP/RNBQKBNR w KQkq - 0 1,e2e4,32,30,-2
rnbqkbnr/pp1ppppp/2p5/8/4P3/8/PPPP1PPP/RNBQKBNR w KQkq - 0 2,d2d4,57,40,-17
rnbqkbnr/pp2pppp/2p5/3p4/3PP3/8/PPP2PPP/RNBQKBNR w KQkq - 0 3,e4d5,53,22,-31
r1bqkb1r/pp2pppp/2n2n2/3p4/3P1B2/3B4/PPP2PPP/RN1QK1NR w KQkq - 4 6,c2c3,18,19,1
r2q1rk1/p3bppp/1pb1pn2/3p4/3P1B2/2PB4/PP1N1PPP/R2Q1RK1 w - - 0 12,h2h3,95,65,-30
rnbqkbnr/pppppppp/8/8/8/8/PPPPPPPP/RNBQKBNR w KQkq - 0 1,e2e4,33,31,-2
rnbqkbnr/pppp1ppp/8/4p3/4P3/8/PPPP1PPP/RNBQKBNR w KQkq - 0 2,f2f4,33,-78,-111
r1bqkbnr/pppp1ppp/2n5/4p3/4PP2/8/PPPP2PP/RNBQKBNR w KQkq - 1 3,d2d3,19,-75,-94
r2q1rk1/1pp1bppp/2npbn2/p3p3/4PP2/3PBN2/PPPNB1PP/R2Q1RK1 w - - 0 9,c2c4,18,-192,-210
r4rk1/1ppqbppp/2npbn2/p3p3/2P1PP2/3PBN2/PP1NB1PP/R2Q1RK1 w - - 1 10,f4f5,263,282,19
r4rk1/1ppqbppp/2np1n2/p3pb2/2P1P3/3PBN2/PP1NB1PP/R2Q1RK1 w - - 0 11,e4f5,347,334,-13
r4rk1/1ppqbppp/2np1n2/p3p3/2P4N/3PB3/PP1NB1PP/R2Q1RK1 w - - 2 13,a2a3,384,280,-104
rnbqkbnr/pppppppp/8/8/8/8/PPPPPPPP/RNBQKBNR w KQkq - 0 1,d2d4,33,26,-7
rnbqkbnr/ppp1pppp/8/3p4/3P4/8/PPP1PPPP/RNBQKBNR w KQkq - 0 2,c2c4,29,25,-4
r1bqkb1r/pp1n1ppp/2p1pn2/3p2B1/2PP4/2N2N2/PP2PPPP/R2QKB1R w KQkq - 2 6,e2e4,29,9,-20
r1bqk2r/pp1n1ppp/2p2b2/4p3/2PP4/4BN2/PP3PPP/R2QKB1R w KQkq - 0 10,d4d5,8,-30,-38
r1bqk2r/pp1n1ppp/5b2/3p4/2P1p3/4B3/PP1N1PPP/R2QKB1R w KQkq - 0 12,c4d5,-30,-27,-3
rnbqkbnr/pppppppp/8/8/8/8/PPPPPPPP/RNBQKBNR w KQkq - 0 1,e2e4,28,28,0
rnbqkbnr/ppp1pppp/8/3p4/4P3/8/PPPP1PPP/RNBQKBNR w KQkq - 0 2,e4d5,63,65,2
rn1qkb1r/pbp1pppp/1p3n2/8/8/2N2N2/PPPPBPPP/R1BQ1RK1 w kq - 4 7,d2d4,98,100,2
rn1qkb1r/pbp2pp1/1p2pn1p/8/3P1B2/2N2N2/PPP1BPPP/R2Q1RK1 w kq - 0 9,a2a3,129,57,-72
rn1qkb1r/1bp2pp1/pp2pn1p/8/3P1B2/P1N2N2/1PP1BPPP/R2Q1RK1 w kq - 0 10,b2b4,143,26,-117
r2q1rk1/1bpnbpp1/pp2pn1p/4B3/1P1P4/P1N2N2/2P1BPPP/R2QR1K1 w - - 5 13,h2h3,-21,-42,21
r2q1rk1/1bpnbpp1/pp2p2p/8/1P1P1B2/P1NB1n1P/2P2PP1/R2QR1K1 w - - 0 16,g2f3,-164,-138,-26
r2q1rk1/1bp1b1p1/pp2p2p/5p1n/1P1P4/P1NB1P1P/2P2P1B/R2QR1K1 w - - 0 19,f3f4,-192,-200,8
4r2k/1R4p1/pp3r1p/8/1PBP4/P3p2P/2P1KPnq/R2Q4 w - - 0 30,f2f3,-678,-10000,9322
rnbqkbnr/pppppppp/8/8/8/8/PPPPPPPP/RNBQKBNR w KQkq - 0 1,e2e4,29,29,0
rnbqkbnr/1p1ppppp/p7/2p5/4P3/5N2/PPPP1PPP/RNBQKB1R w KQkq - 0 3,d2d4,51,32,-19
r1bqkb1r/1p3ppp/p1n2n2/3ppN2/4P3/3BB3/PPP2PPP/RN1QK2R w KQkq - 0 8,e4d5,-79,-92,13
4rrk1/1B2qp1p/p5p1/5b2/2Q2p2/8/PPP2PPP/RN4K1 w - - 1 20,h2h3,-318,-488,170
rnbqkbnr/pppppppp/8/8/8/8/PPPPPPPP/RNBQKBNR w KQkq - 0 1,d2d4,33,22,-11
rnbqkbnr/pp1ppppp/8/2p5/3P4/8/PPP1PPPP/RNBQKBNR w KQkq - 0 2,d4c5,70,25,-45
rnbqkbnr/pp2pppp/8/2Pp4/8/8/PPP1PPPP/RNBQKBNR w KQkq d6 0 3,c5d6,121,137,16
r1b1kbnr/pp3ppp/2np4/8/5B2/8/PPP1PPPP/RN2KBNR w KQkq - 2 6,e2e3,211,203,-8
r3kbnr/1p3ppp/p1np4/8/5B2/3bPN2/PPP2PPP/RN2K2R w KQkq - 0 9,c2d3,216,207,-9
2kr1b1r/1p5p/p1np1p2/6p1/8/2NPPNn1/PP3PPP/R4RK1 w - - 0 15,f2g3,201,165,-36
1k1r1r2/1p4b1/p2p1p2/3Nn1pp/2N5/3PP1P1/PP4PP/2R2RK1 w - - 8 20,d3d4,291,304,13
1kr2r2/1p4b1/p2p1p2/3N2pp/2RP4/4P1P1/PP4PP/5RK1 w - - 1 22,b2b3,320,256,-64
1k3r2/1p4b1/p2p1p2/3N2pp/2rP4/1P2P1P1/P5PP/5RK1 w - - 0 23,b3c4,262,262,0
1k3r2/1p4b1/p2p4/3N1ppp/2PP4/4P1P1/P5PP/5RK1 w - - 0 24,h2h3,309,269,-40
1k3r2/1p4b1/p2p4/3N2pp/2PP1p2/4P1PP/P5P1/5RK1 w - - 0 25,g3f4,446,442,-4
5b2/1p6/pk1p4/5N2/2PP4/4P2P/P5P1/5K2 w - - 3 31,h3h4,439,501,62
5b2/1p6/p2p4/5N2/2PP3P/k2KP3/P5P1/8 w - - 5 34,h4h5,463,532,69
5b2/1p6/p2p4/5N1P/2PP4/3KP3/k5P1/8 w - - 0 35,g2g4,575,335,-240
5b2/1p6/3p4/p4N1P/2PP2P1/3KP3/k7/8 w - - 0 36,g4g5,578,571,-7
5b2/1p6/3p4/5NPP/p1PP4/3KP3/k7/8 w - - 0 37,h5h6,628,614,-14
5b2/1p6/3p3P/5NP1/2PP4/p1K1P3/8/1k6 w - - 2 39,h6h7,329,342,13
5b2/1p5P/3p4/5NP1/2PP4/2K1P3/p7/1k6 w - - 0 40,h7h8q,329,347,18
5b1Q/1p6/8/3p1NP1/2PPK3/q3P3/8/1k6 w - - 0 43,c4d5,410,431,21
7Q/1p6/8/3P1NP1/1b1PK3/q3P3/8/1k6 w - - 1 44,g5g6,538,554,16
7Q/1p6/6P1/3P1N2/1b1PK3/2q1P3/8/1k6 w - - 1 45,g6g7,721,672,-49
7Q/1p4P1/8/3PKN2/3P4/4P3/3b1q2/1k6 w - - 9 50,g7g8q,832,838,6
rnbqkbnr/pppppppp/8/8/8/8/PPPPPPPP/RNBQKBNR w KQkq - 0 1,b2b3,31,-28,-59
rnbqkb1r/pppp1ppp/4pn2/8/8/1P3N2/P1PPPPPP/RNBQKB1R w KQkq - 0 3,d2d3,8,-23,-31
rnbqk2r/ppppbppp/4pn2/8/8/1P1P1N2/P1P1PPPP/RNBQKB1R w KQkq - 1 4,c2c3,-7,-25,18
rnb2rk1/p1ppqppp/1p2pn2/8/8/1PPP1N2/P3PPPP/RN1QKB1R w KQ - 0 7,a2a4,-51,-84,33
rnb2rk1/2ppqppp/1p2pn2/p7/P7/1PPP1N2/4PPPP/RN1QKB1R w KQ - 0 8,e2e4,-42,-89,47
rn3rk1/1bp1qppp/1p2pn2/p7/P2Np3/1PPP4/4BPPP/RN1QK2R w KQ - 0 11,d3e4,-236,-263,27
rnbqkbnr/pppppppp/8/8/8/8/PPPPPPPP/RNBQKBNR w KQkq - 0 1,e2e4,38,30,-8
rn1qkbnr/pbpp1ppp/1p2p3/8/2B1P3/2N5/PPPP1PPP/R1BQK1NR w KQkq - 0 4,f2f3,21,-56,-77
rn1qk1nr/pbpp1ppp/1p2p3/8/1bB1P3/2N2P2/PPPP2PP/R1BQK1NR w KQkq - 1 5,d2d3,6,-214,-220
rn1qk1nr/pbpp1ppp/1p2p3/8/2B1P3/2bP1P2/PPP3PP/R1BQK1NR w KQkq - 0 6,b2c3,-20,-32,12
rn1qk1nr/pbp2ppp/1p2p3/3p4/2B1P3/2PP1P2/P1P3PP/R1BQK1NR w KQkq - 0 7,e4d5,-29,-27,-2
rn1qk1nr/1b3ppp/2p5/pp1p4/8/1BPP1P2/P1P3PP/R1BQK1NR w KQkq - 0 11,a2a3,4,-54,-58
r1b1k2r/3nn3/2p2p2/1p1p2pp/p7/P1PP1PB1/B1P1N1PP/R3K2R w KQkq - 0 19,h2h3,66,16,-50
r1b4r/5k2/2p2p2/1pnp1np1/p6p/P1PP1P1P/B1PKN1PB/R3R3 w - - 6 23,d3d4,-24,-155,131
r6r/3b1k2/3nnp2/1p1p2p1/p2P3p/P1PK1P1P/2P1N1P1/R3R3 w - - 2 27,g2g3,-821,-911,90
4r2r/3b1k2/3nnp2/1p1p2p1/p2P3p/P1PK1PPP/2P1N3/R3R3 w - - 1 28,g3g4,-858,-938,80
7r/3b1k2/3n1p2/1p1p4/p2P1pPp/P1PK1P1P/2P5/4R3 w - - 0 31,c3c4,-704,-735,31
4b3/5k2/5p2/8/3K1pPp/p4P1P/8/8 w - - 0 39,g4g5,-697,-785,88
rnbqkbnr/pppppppp/8/8/8/8/PPPPPPPP/RNBQKBNR w KQkq - 0 1,e2e4,38,38,0
rnbqkbnr/pppp1ppp/8/4p3/4P3/8/PPPP1PPP/RNBQKBNR w KQkq - 0 2,d2d4,38,6,-32
rnbqkbnr/pppp1ppp/8/8/3pP3/8/PPP2PPP/RNBQKBNR w KQkq - 0 3,f2f3,11,-111,-122
r1bq1rk1/p1p2ppp/1p1p4/8/4P3/2Nn1P2/PPP2QPP/R4RK1 w - - 0 14,c2d3,13,17,4
r4rk1/p1pq1ppp/bp1p4/8/4P3/2NP1P2/PP3QPP/R2R2K1 w - - 3 16,d3d4,43,25,-18
r3r1k1/p1pq1ppp/bp1p4/8/3PP3/2N2P2/PP3QPP/R2R2K1 w - - 1 17,b2b4,87,22,-65
r3r1k1/p1pq1ppp/1p1p4/8/1PbPP3/2N2P2/P4QPP/R2R2K1 w - - 1 18,a2a4,17,12,-5
r3r1k1/2pq1ppp/1p1p4/p7/PPbPP3/2N2P2/5QPP/R2R2K1 w - - 0 19,b4b5,35,38,3
r3r1k1/2pq1ppp/1p6/pP1p4/P1bPP3/2N2P2/5QPP/R2R2K1 w - - 0 20,e4e5,29,27,-2
r3r1k1/2p2p1p/1p4p1/pP1pPq2/P1bP4/2N2P2/5QPP/2RR2K1 w - - 0 22,g2g4,108,63,-45
6k1/r1p1rp1p/1pR3p1/pP1pP3/q5P1/5P2/4Q1KP/2R5 w - - 0 28,h2h3,-100,-265,165
6k1/r1p1rp1p/1pR3p1/pP1pP3/3q2P1/5P1P/4Q1K1/2R5 w - - 1 29,f3f4,-165,-427,262
rnbqkbnr/pppppppp/8/8/8/8/PPPPPPPP/RNBQKBNR w KQkq - 0 1,e2e4,35,32,-3
rnbqkbnr/pp1p1ppp/4p3/2p5/4P3/5N2/PPPP1PPP/RNBQKB1R w KQkq - 0 3,d2d4,57,46,-11
rnbqkbnr/pp3ppp/4p3/2pp4/3PP3/5N2/PPP2PPP/RNBQKB1R w KQkq - 0 4,e4e5,108,-5,-113
rnbqkbnr/pp4pp/4pp2/2ppP3/3P4/5N2/PPP2PPP/RNBQKB1R w KQkq - 0 5,c2c3,63,60,-3
rnbq1rk1/pp2b1pp/4pn2/3pN1B1/3p4/2PB4/PP3PPP/RN1Q1RK1 w - - 0 10,c3d4,72,73,1
r1b2rk1/pp4p1/3qpb1p/3pN3/3P4/3Q1N2/PP3PPP/2R1R1K1 w - - 1 18,b2b3,168,136,-32
r5k1/1pR5/p3pr1p/1b1pN1p1/3P4/1P4Q1/P4PPP/6K1 w - - 0 26,h2h4,608,604,-4
5rk1/1pR5/p3pr1p/1b1pN1p1/3P3P/1P4Q1/P4PP1/6K1 w - - 1 27,h4g5,843,980,137
5rk1/1pR5/p3p2p/1b1pNrP1/3P4/1P4Q1/P4PP1/6K1 w - - 1 28,g5h6,10000,10000,0
rnbqkbnr/pppppppp/8/8/8/8/PPPPPPPP/RNBQKBNR w KQkq - 0 1,e2e4,26,31,5
rnbqkbnr/ppp1pppp/8/3p4/4P3/8/PPPP1PPP/RNBQKBNR w KQkq - 0 2,e4d5,59,63,4
rnb1kbnr/ppp1pppp/8/q2N4/8/5B2/PPPPNPPP/R1BQK2R w KQkq - 10 8,b2b4,560,552,-8
rnbk1bnr/pp3ppp/4p3/1N6/1P6/5B2/P1PPNPPP/R1BQK2R w KQ - 0 11,d2d3,1011,957,-54
N1bk3r/p3npp1/np2p3/2b4p/5B2/3P1B2/P1P1NPPP/R2Q1RK1 w - - 1 17,d3d4,1081,1069,-12
rnbqkbnr/pppppppp/8/8/8/8/PPPPPPPP/RNBQKBNR w KQkq - 0 1,e2e4,26,26,0
r1bqkb1r/pppp1ppp/2n2n2/1B2p3/4P3/5N2/PPPP1PPP/RNBQK2R w KQkq - 4 4,d2d3,26,22,-4
r1bqk2r/pppp1ppp/2n2n2/1Bb1p3/4P3/3P1N2/PPP2PPP/RNBQK2R w KQkq - 1 5,h2h3,21,-1,-22
r1b2rk1/ppp2ppp/2p2n2/2b1q3/4P3/3PB2P/PPP2PP1/RN1QK2R w KQ - 0 9,d3d4,-427,-501,74
rnbqkbnr/pppppppp/8/8/8/8/PPPPPPPP/RNBQKBNR w KQkq - 0 1,e2e4,27,28,1
rnbqkbnr/ppp2ppp/3p4/4p3/4P3/5N2/PPPP1PPP/RNBQKB1R w KQkq - 0 3,c2c3,41,6,-35
rn1qkbnr/ppp2ppp/3p4/4p3/4P1b1/2P2N2/PP1P1PPP/RNBQKB1R w KQkq - 1 4,h2h3,55,47,-8
rn1qkbnr/ppp2ppp/3p4/4p2b/4P3/2P2N1P/PP1P1PP1/RNBQKB1R w KQkq - 1 5,g2g4,59,37,-22
rn1qkbnr/ppp2ppp/3p2b1/4p3/4P1P1/2P2N1P/PP1P1P2/RNBQKB1R w KQkq - 1 6,d2d3,42,47,5
rn1qkb1r/1pp2pp1/p2p1nbp/4p3/4P1P1/2PPBN1P/PP1N1P2/R2QKB1R w KQkq - 2 9,g4g5,78,-10,-88
2kr3r/1ppqnp2/p1np2p1/4p2b/4P3/2PPQNRP/PP1N1P2/2K1RB2 w - - 4 18,d3d4,-98,-125,27
2kr3r/1ppqnp2/p1np2p1/8/3pP3/2P1QR1P/PP1N1P2/2K1RB2 w - - 0 20,c3d4,-68,-82,14
2kr4/1ppqn3/p1np2p1/5p1r/3PP3/4QR1P/PP1N1P2/1K2RB2 w - - 2 22,d4d5,165,100,-65
rnbqkbnr/pppppppp/8/8/8/8/PPPPPPPP/RNBQKBNR w KQkq - 0 1,d2d4,32,16,-16
rnbqkbnr/pppp1ppp/4p3/8/3P4/8/PPP1PPPP/RNBQKBNR w KQkq - 0 2,c2c4,28,20,-8
rnbqkbnr/ppp4p/5p2/4p1p1/2pP4/2N2NB1/PP2PPPP/R2QKB1R w KQkq - 0 8,e2e3,292,280,-12
rn1qkbnr/ppp4p/5p2/4p1p1/2BP4/2N1PbB1/PP3PPP/R2QK2R w KQkq - 0 10,g2f3,561,435,-126
1r3bnr/2N2k1p/p4p2/4p1p1/2pP4/4PPB1/PP3P1P/R4RK1 w - - 1 21,b2b3,282,77,-205
5bnr/1r3k1p/p4p2/3Np1p1/3P4/1p2PPB1/P4P1P/R4RK1 w - - 0 23,a2b3,131,152,21
7r/R3nk1p/5p2/4p1p1/3P4/4PPB1/1r3P1P/5RK1 w - - 0 27,d4e5,375,405,30
7r/7p/R1n1k3/4Ppp1/8/4PPB1/2r2PKP/8 w - - 2 32,f3f4,-382,-401,19
6r1/2R5/2n5/2k1Pp1p/5B2/4PK2/5P1P/6r1 w - - 8 39,e5e6,-275,-411,136
rnbqkbnr/pppppppp/8/8/8/8/PPPPPPPP/RNBQKBNR w KQkq - 0 1,e2e4,31,28,-3
rnbqkbnr/ppp1pppp/8/3p4/4P3/8/PPPP1PPP/RNBQKBNR w KQkq - 0 2,e4d5,65,68,3
rnbqkb1r/pp2pppp/2p2n2/3P4/8/2N5/PPPP1PPP/R1BQKBNR w KQkq - 0 4,d5c6,76,78,2
r2qkb1r/pp3ppp/2n2n2/4p3/6b1/2N2N2/PPPPBPPP/R1BQK2R w KQkq - 0 7,h2h3,118,95,-23
r2qkb1r/pp3ppp/2n2n2/4p2b/8/2N2N1P/PPPPBPP1/R1BQK2R w KQkq - 1 8,g2g4,240,23,-217
r2qkb1r/pp3ppp/2n2nb1/4p3/6P1/2N2N1P/PPPPBP2/R1BQK2R w KQkq - 1 9,g4g5,16,-63,-79
r2qkb1r/pp3ppp/2n5/4p1P1/4b3/5N1P/PPPPBP2/R1BQK2R w KQkq - 0 11,h3h4,6,-102,-108
r3kb1r/pp1q1ppp/8/4p1P1/4b2P/5NR1/PP1PBP2/n1BQ1K2 w kq - 0 15,d2d3,-125,-330,205
r3kb1r/pp3ppp/2b5/3qN1P1/7P/3P2R1/PP2BP2/n1BQ1K2 w kq - 1 17,d3d4,-93,-10000,9907
3r1rk1/pp3ppp/8/4N1P1/1b1PK2P/3Bn3/PP3P2/6Q1 w - - 0 26,f2e3,491,510,19
4r2k/pp2rppB/8/4b1Pp/3P3P/4PK2/PPQ5/8 w - - 0 33,d4e5,264,250,-14
4r2k/pp3ppB/8/4r1Pp/7P/4PK2/PPQ5/8 w - - 0 34,e3e4,258,-196,-454
4r3/1p2rp1k/p5p1/3Q2Pp/4P2P/5K2/PP6/8 w - - 0 38,b2b3,-166,-260,94
4r3/4rp1k/p5p1/1p1Q2Pp/4P2P/1P3K2/P7/8 w - - 0 39,a2a3,-234,-318,84
4r1k1/5p2/Q5p1/1p4Pp/7P/Pr6/5K2/8 w - - 0 43,a3a4,-379,-379,0
rnbqkbnr/pppppppp/8/8/8/8/PPPPPPPP/RNBQKBNR w KQkq - 0 1,e2e4,29,32,3
rnbqkbnr/pp2pppp/3p4/2p5/4P3/2N5/PPPP1PPP/R1BQKBNR w KQkq - 0 3,d2d3,28,-4,-32
rnbqkbnr/pp3ppp/3p4/2p1p3/4P3/2NP4/PPP2PPP/R1BQKBNR w KQkq - 0 4,g2g3,18,18,0
rnbqk1nr/1p2bppp/p2p4/2p1p3/4P3/2NP2P1/PPP2PBP/R1BQK1NR w KQkq - 0 6,f2f4,51,26,-25
r1bqk1nr/1p1nbppp/p2p4/2p1p3/4PP2/2NP2P1/PPP3BP/R1BQK1NR w KQkq - 1 7,f4e5,88,34,-54
r1bqk2r/4bpp1/p2p1n1p/1pp5/4PB2/2NP1BP1/PPP4P/R2Q1RK1 w kq - 0 12,a2a3,41,-14,-55
r2q1rk1/1b2bpp1/p2p1n1p/2p5/1p2PB2/P1NP1BP1/1PP1Q2P/4RRK1 w - - 0 15,a3b4,20,-32,-52
r2q1rk1/4bpp1/p2p1n1p/3b4/1p2PB2/3P1BP1/1PP1Q2P/4RRK1 w - - 0 17,e4d5,-28,-28,0
r2qr1k1/4bpp1/p2p1n1p/3P4/1p3B2/3P1BP1/1PP1Q2P/4RRK1 w - - 1 18,g3g4,-28,-70,42
2r1r1k1/2q2ppn/p2p3p/3P2b1/1p2B1P1/3PB3/1PP1Q2P/2R2R1K w - - 9 23,h2h4,-98,-138,40
2r1r1k1/2q2pp1/p2p1n1p/3P4/1p2B1PP/3PQ3/1PP5/2R2R1K w - - 1 25,g4g5,-65,-220,155
2r1r1k1/2q2pp1/p2p3p/3P2P1/1p2n2P/3PQ3/1PP5/2R2R1K w - - 0 26,d3e4,-232,-221,-11
rnbqkbnr/pppppppp/8/8/8/8/PPPPPPPP/RNBQKBNR w KQkq - 0 1,d2d4,33,18,-15
rnbqkbnr/pppp1ppp/4p3/8/3P4/8/PPP1PPPP/RNBQKBNR w KQkq - 0 2,c2c4,32,24,-8
rnbq1rk1/ppp1bppp/4pn2/3p4/2PP1B2/2N2N2/PP2PPPP/R2QKB1R w KQ - 6 6,e2e3,31,28,-3
rnbq1rk1/pp2bppp/2p1pn2/3p4/2PP1B2/2N1PN2/PP3PPP/R2QKB1R w KQ - 0 7,h2h3,53,33,-20
r1bq1rk1/pp1nbppp/2p1pn2/3p4/2PP1B2/2N1PN1P/PP3PP1/R2QKB1R w KQ - 1 8,c4c5,41,21,-20
r1bq1rk1/p2nbppp/1pp1pn2/2Pp4/3P1B2/2N1PN1P/PP3PP1/R2QKB1R w KQ - 0 9,b2b4,23,35,12
r1bq1rk1/3nbppp/1pp1pn2/p1Pp4/1P1P1B2/2N1PN1P/P4PP1/R2QKB1R w KQ - 0 10,a2a3,55,40,-15
r1bq1rk1/3nbppp/1pp1pn2/2Pp4/1p1P1B2/P1N1PN1P/5PP1/R2QKB1R w KQ - 0 11,a3b4,113,78,-35
2bq1rk1/3nbppp/2p1pn2/2pp4/1P1P1B2/2N1PN1P/5PP1/Q3KB1R w K - 0 13,b4c5,133,110,-23
2bq1rk1/4b2p/2Q1p3/2Pn2p1/2BPp3/4p2P/3N1PPB/5RK1 w - - 0 21,f2e3,306,282,-24
6k1/3b3p/3qp3/2PB2p1/3Pp3/4P2P/6P1/5NK1 w - - 0 28,c5d6,93,94,1
8/7p/5k2/3p2p1/3Pp1K1/4P2P/6P1/8 w - - 1 36,g2g3,428,-2,-430
8/7p/6k1/3p2p1/3Pp1K1/4P1PP/8/8 w - - 1 37,h3h4,-2,0,2
rnbqkbnr/pppppppp/8/8/8/8/PPPPPPPP/RNBQKBNR w KQkq - 0 1,d2d4,28,18,-10
rnbqkb1r/pppppppp/5n2/8/3P4/8/PPP1PPPP/RNBQKBNR w KQkq - 1 2,c2c4,17,18,1
rnbqk2r/ppp1ppbp/5np1/3p4/2PP4/1QN5/PP2PPPP/R1B1KBNR w KQkq - 2 5,c4d5,104,97,-7
rnbq1rk1/ppp1ppbp/5np1/3P4/3P4/1QN5/PP2PPPP/R1B1KBNR w KQ - 1 6,e2e4,99,101,2
rnbq1rk1/pp2ppbp/2p2np1/3P4/3PP3/1QN5/PP3PPP/R1B1KBNR w KQ - 0 7,d5c6,104,-25,-129
r1bq1rk1/pp2ppbp/2n2np1/8/3PP3/1QN5/PP3PPP/R1B1KBNR w KQ - 0 8,d4d5,-7,-63,56
r1bq1rk1/pp1n1pbp/6p1/3Pp3/3nP3/2N1B3/PP3PPP/R2QKBNR w KQ e6 0 11,d5e6,156,54,-102
r1bq1rk1/pp3p1p/4n1p1/2n5/4P3/2b1BN2/PP2BPPP/R2QK2R w KQ - 0 14,b2c3,-10,-9,-1
rnbqkbnr/pppppppp/8/8/8/8/PPPPPPPP/RNBQKBNR w KQkq - 0 1,c2c4,27,14,-13
rnbqkbnr/ppp1pppp/8/3p4/2P5/8/PP1PPPPP/RNBQKBNR w KQkq - 0 2,c4d5,66,69,3
rnb1kb1r/pp2pppp/8/2pq4/8/5N2/PP1PPPPP/R1BQKB1R w KQkq - 0 6,g2g3,-1,-9,8
r1b1kb1r/pp4pp/2n5/2pq1p2/4p3/6P1/PP1PPPBP/R1BQNRK1 w kq - 0 10,d2d3,128,145,17
r3k2r/pp4p1/2nbb2p/2pq1p2/4p3/3PB1P1/PP2PPBP/R2QNRK1 w kq - 2 13,d3e4,168,161,-7
2kr3r/pp2n1p1/3b3p/2pb4/4p3/4B1P1/PPN1PPBP/3R1RK1 w - - 4 17,b2b3,72,40,-32
1bkrr3/p3n1p1/1p5p/2pb4/2N1p3/1P2B1P1/P3PPBP/3R1RK1 w - - 4 20,a2a4,20,-30,-50
1b6/pk1rr3/1p4p1/2pb4/P1N1p3/1P4P1/4PPBP/3R1RK1 w - - 0 26,e2e3,194,86,-108
1b6/pk1rr3/1p4p1/2p5/P1b1p3/1P2P1P1/5PBP/3R1RK1 w - - 0 27,b3c4,207,101,-106
8/p1k2r2/1p1b4/2p5/P1P5/4PBP1/5PKP/3R4 w - - 7 34,h2h4,590,558,-32
8/p1k3r1/1p1b4/2p5/P1P4P/4PBP1/5PK1/3R4 w - - 1 35,h4h5,565,553,-12
8/p1k4r/1p1b4/2p4P/P1P5/4PBP1/5PK1/3R4 w - - 1 36,g3g4,573,564,-9
8/p1k5/1p1b4/2p3rP/P1P3P1/4PB2/5PK1/7R w - - 3 38,h5h6,638,634,-4
6r1/p1k5/1p1b3P/2p5/P1P3P1/4PB2/5PK1/7R w - - 1 39,h6h7,633,632,-1
7r/p1k4P/1p1b4/2p5/P1P3P1/4PB2/5PK1/7R w - - 1 40,g4g5,619,601,-18
7r/p1k4P/1p6/2p1b1P1/P1P5/4PB2/5PK1/7R w - - 1 41,g5g6,633,581,-52
7r/p5bP/1p1k2P1/2p5/P1P1B3/4P3/5PK1/7R w - - 3 43,f2f4,569,573,4
5b1r/p6P/1p3kP1/2p5/P1P1BPK1/4P3/8/7R w - - 5 46,f4f5,671,532,-139
7r/p5bP/1p3kP1/2p2P2/P1P5/4PK2/6B1/7R w - - 13 53,e3e4,551,521,-30
6r1/p2R3P/1p4P1/2p2P2/P1P1P2k/5K2/6B1/8 w - - 3 60,f5f6,10000,1064,-8936
6r1/p2R3P/1p3PP1/2p4k/P1P1P3/5K2/6B1/8 w - - 1 61,f6f7,10000,10000,0
6r1/p2R1P1P/1p4Pk/2p5/P1P1P3/5K2/6B1/8 w - - 1 62,f7f8q,10000,750,-9250
rnbqkbnr/pppppppp/8/8/8/8/PPPPPPPP/RNBQKBNR w KQkq - 0 1,e2e3,32,8,-24
r1bqk2r/p3bppp/2p1pn2/2pp4/8/4P3/PPPP1PPP/RNBQK1NR w KQkq - 0 8,d2d3,-116,-116,0
r1bq1rk1/p3bppp/2p1pn2/2pp4/8/3PP3/PPP2PPP/RNBQK1NR w KQ - 1 9,e3e4,-112,-235,123
r1bqr1k1/p3bppp/2p1pn2/2pp4/4P3/3P4/PPP2PPP/RNBQK1NR w KQ - 1 10,e4d5,-129,-223,94
r1bqr1k1/p4pp1/7p/2pp4/8/3p4/PbPK1PPP/RN1Q2NR w - - 0 17,c2d3,-916,-955,39
r3r1k1/p4pp1/7p/2p2bq1/Q2p4/2bP4/P1K1NPPP/7R w - - 0 22,h2h4,-1027,-10000,8973
rnbqkbnr/pppppppp/8/8/8/8/PPPPPPPP/RNBQKBNR w KQkq - 0 1,e2e4,32,26,-6
rnbqkb1r/pp1p1ppp/2p2n2/4p3/2B1P3/2N5/PPPP1PPP/R1BQK1NR w KQkq - 0 4,d2d3,55,-25,-80
rnbqkb1r/pp3ppp/2p2n2/3pp3/2B1P3/2NP4/PPP2PPP/R1BQK1NR w KQkq - 0 5,e4d5,-41,-54,13
rn2kb1r/pp1q1ppp/8/4p1B1/3pn3/3P4/PPP2PPP/R2QK1NR w KQkq - 0 10,d3e4,-168,-168,0
rn2k2r/pp4pp/5p2/4p3/1q1pP3/8/PPPK1PPP/R2Q2NR w kq - 1 15,c2c3,-254,-403,149
r1q1k2r/pp4p1/2n3K1/4pp1p/Q3P3/8/P2p1PPP/R5NR w kq - 2 23,e4f5,-1111,-10000,8889
rnbqkbnr/pppppppp/8/8/8/8/PPPPPPPP/RNBQKBNR w KQkq - 0 1,d2d4,26,19,-7
rnbqkbnr/ppp1pppp/8/3p4/3P4/8/PPP1PPPP/RNBQKBNR w KQkq - 0 2,c2c4,23,25,2
rnbqkbnr/pp3ppp/4p3/2pp4/2PP4/2N2N2/PP2PPPP/R1BQKB1R w KQkq - 0 5,d4c5,164,93,-71
rnbqk1nr/pp3ppp/4p3/2bp4/2P5/2N2N2/PP2PPPP/R1BQKB1R w KQkq - 0 6,c4d5,69,96,27
rnbqk1nr/pp3ppp/4p3/3P2B1/8/2b2N2/PP2PPPP/R2QKB1R w KQkq - 0 8,b2c3,91,79,-12
rnb1k1nr/pp3ppp/8/3p2B1/8/2P2N2/P3PPPP/R3KB1R w KQkq - 0 10,e2e3,71,70,-1
rnbqkbnr/pppppppp/8/8/8/8/PPPPPPPP/RNBQKBNR w KQkq - 0 1,e2e4,32,24,-8
rnbqkbnr/pp1ppppp/2p5/8/4P3/8/PPPP1PPP/RNBQKBNR w KQkq - 0 2,d2d4,38,31,-7
rnbqkbnr/pp2pppp/2p5/3p4/3PP3/8/PPP2PPP/RNBQKBNR w KQkq - 0 3,e4d5,38,20,-18
rnbqkbnr/pp2pppp/8/3p4/3P4/8/PPP2PPP/RNBQKBNR w KQkq - 0 4,c2c4,21,21,0
rnbqkb1r/pp2pppp/5n2/3p4/2PP4/8/PP3PPP/RNBQKBNR w KQkq - 1 5,c4c5,22,-32,-54
r1bqkb1r/pp2pppp/2n2n2/2Pp4/3P4/8/PP3PPP/RNBQKBNR w KQkq - 1 6,b2b4,-6,-92,86
rnbqkbnr/pppppppp/8/8/8/8/PPPPPPPP/RNBQKBNR w KQkq - 0 1,d2d4,28,16,-12
rnbqkbnr/ppp1pppp/8/3p4/3P4/8/PPP1PPPP/RNBQKBNR w KQkq - 0 2,f2f4,22,-45,-67
rnbqkb1r/ppp2ppp/4pn2/3p4/3P1P2/5N2/PPP1P1PP/RNBQKB1R w KQkq - 0 4,e2e3,-23,-18,-5
rnbq1rk1/pp2bppp/4pn2/2pp4/3P1P2/3BPN2/PPPN2PP/R1BQK2R w KQ - 0 7,c2c3,-22,-32,10
r1bq1rk1/pp2bppp/2n1pn2/2pp4/3P1P2/2PBPN2/PP1N2PP/R1BQK2R w KQ - 1 8,a2a4,2,-33,-35
2rq1rk1/pb2bppp/1pn1pn2/3pN3/P2p1P2/2PBPQ2/1P1N2PP/R1B2RK1 w - - 0 12,e3d4,47,54,7
2rq1rk1/pb2bppp/1p2pn2/n2pN3/P2P1P2/2PB1Q2/1P1N2PP/R1B2RK1 w - - 1 13,g2g4,116,48,-68
2r2rk1/pbq1bppp/1p2pn2/n2pN3/P2P1PP1/2PB1Q2/1P1N3P/R1B2RK1 w - - 1 14,g4g5,72,65,-7
2r2rk1/pbq1bp1p/1p2p1p1/n2pn1P1/P2P1PQ1/2PB4/1P1N3P/R1B2RK1 w - - 0 17,f4e5,195,191,-4
2rr2k1/p3bp1p/1pq1p1p1/4P1P1/P1pP2Q1/2P5/1P5P/R1B2RK1 w - - 3 22,h2h4,103,112,9
3r2k1/p1r1bp1p/1pq1p1p1/4P1P1/P1pP2QP/2P5/1P6/R1B2RK1 w - - 1 23,h4h5,124,98,-26
1r4k1/2r1bpqp/pp2p1p1/4P1PP/P1pP2Q1/2P1B3/1P4K1/5R1R w - - 2 28,h5g6,264,240,-24
rnbqkbnr/pppppppp/8/8/8/8/PPPPPPPP/RNBQKBNR w KQkq - 0 1,d2d4,25,18,-7
rnbqkbnr/pp1ppppp/8/2p5/3P4/8/PPP1PPPP/RNBQKBNR w KQkq - 0 2,d4d5,70,58,-12
rnbqkbnr/pp2pppp/3p4/2pP4/8/8/PPP1PPPP/RNBQKBNR w KQkq - 0 3,c2c4,80,98,18
rnbqkbnr/p3pppp/3p4/1ppP4/2P5/8/PP2PPPP/RNBQKBNR w KQkq - 0 4,c4b5,136,151,15
rnb1kbnr/p3pppp/1q1p4/1PpP4/8/2N5/PP2PPPP/R1BQKBNR w KQkq - 3 6,e2e4,273,272,-1
rn2kb1r/p2bpppp/1q1p1n2/1PpP4/4P3/2N2N2/PP3PPP/R1BQKB1R w KQkq - 3 8,a2a4,350,343,-7
r3kb1r/p2n1ppp/1q1ppn2/1PpP4/P3P3/2N2B2/1P3PPP/R1BQ1RK1 w kq - 2 12,d5e6,631,629,-2
r3k2r/p2n2bp/1q1ppnp1/1Pp5/P3P3/2N2B2/1P3PPP/R1BQ1RK1 w kq - 2 15,e4e5,538,544,6
5qk1/p6p/2Qpp1p1/1Pp2r1n/P7/2N5/1P3PPP/R4RK1 w - - 0 23,a4a5,574,474,-100
5qk1/p6p/2Qpp1p1/PPp3rn/8/2N5/1P3PPP/R4RK1 w - - 1 24,b5b6,562,475,-87
rnbqkb1r/pp3ppp/4pn2/2pp4/5N2/2N5/PPPPPPPP/R1BQKB1R w KQkq - 2 6,g2g3,-176,-177,1
rnbqk2r/pp2bppp/4pn2/2pp4/5N2/2N3P1/PPPPPP1P/R1BQKB1R w KQkq - 1 7,d2d3,-129,-144,15
rnbq1rk1/pp2bppp/4pn2/2pp4/5N2/2NP2P1/PPP1PP1P/R1BQKB1R w KQ - 1 8,e2e3,-87,-143,56
r1bq1rk1/pp2bppp/2n2n2/2p1p3/3p4/2NPP1P1/PPP1BPNP/R1BQK2R w KQ - 0 11,e3d4,-190,-203,13
r1bq1rk1/pp2bppp/2n5/2p5/3pn3/3P2P1/PPP1BPNP/R1BQK2R w KQ - 0 13,d3e4,-125,-139,14
r1bq1rk1/pp2bppp/2n5/8/2p1P3/3p1BP1/PPP2PNP/R1BQK2R w KQ - 0 15,c2d3,-117,-209,92
rnbqkbnr/pppppppp/8/8/8/8/PPPPPPPP/RNBQKBNR w KQkq - 0 1,e2e4,28,28,0
rnbqkbnr/ppp1pppp/8/3p4/4P3/8/PPPP1PPP/RNBQKBNR w KQkq - 0 2,e4d5,63,64,1
rnb1kbnr/ppp1pppp/8/q7/8/2N5/PPPP1PPP/R1BQKBNR w KQkq - 2 4,a2a4,90,33,-57
rnb1kbnr/pp2pppp/2p5/q7/P7/2N5/1PPP1PPP/R1BQKBNR w KQkq - 0 5,d2d3,32,19,-13
rnq1kb1r/pp2pppp/2p2n2/8/P4Bb1/2NP4/1PP1NPPP/R2QKB1R w KQkq - 7 9,f2f3,62,60,-2
rnq1kb1r/pp2pppp/2p2n2/7b/P4B2/2NP1P2/1PP1N1PP/R2QKB1R w KQkq - 1 10,g2g4,93,83,-10
rnq1kb1r/pp2pppp/2p2nb1/8/P4BP1/2NP1P2/1PP1N2P/R2QKB1R w KQkq - 1 11,g4g5,80,17,-63
rnq1k2r/pp3ppp/4p1b1/3p2P1/Pb3B2/3P1P1B/1PP1Q2P/R3K1NR w KQkq - 4 16,c2c3,-152,-241,89
rnq2rk1/pp3ppp/4p1b1/b2pB1P1/P7/2PP1P1B/1P2Q2P/R3K1NR w KQ - 3 18,b2b4,-171,-234,63
rnq2rk1/pp3ppp/4p3/3pQ1P1/PP6/2Pb1P1B/7P/2R1K1NR w K - 0 21,g5g6,-274,-414,140
r4rk1/pp2qppp/4p1b1/3p4/PP3Q2/2P2P1B/7P/3R1RK1 w - - 1 28,c3c4,-418,-478,60
rnbqkbnr/pppppppp/8/8/8/8/PPPPPPPP/RNBQKBNR w KQkq - 0 1,d2d4,24,19,-5
rnbqkbnr/ppp1pppp/8/3p4/3P4/8/PPP1PPPP/RNBQKBNR w KQkq - 0 2,c2c4,22,26,4
r1bk1bnr/p3pppp/2p5/6B1/2p5/2N5/PP2PPPP/R3KB1R w KQ - 0 9,e2e4,138,121,-17
r2k1bnr/p3p3/2p2p1p/6p1/2B1P1b1/2N3B1/PP3PPP/R3K2R w KQ - 1 13,f2f3,351,313,-38
rnbqkbnr/pppppppp/8/8/8/8/PPPPPPPP/RNBQKBNR w KQkq - 0 1,e2e3,23,18,-5
r1bq1rk1/p3bppp/1pn1pn2/8/2p5/2Q5/PPPP1PPP/RNB1KBNR w KQ - 0 12,d2d3,-302,-666,364
rnbqkbnr/pppppppp/8/8/8/8/PPPPPPPP/RNBQKBNR w KQkq - 0 1,d2d4,29,23,-6
rnbqkbnr/pppp1ppp/4p3/8/3P4/8/PPP1PPPP/RNBQKBNR w KQkq - 0 2,c2c4,40,19,-21
rnbqk1nr/pppp1p2/4p2p/8/2PP2p1/2N2N2/PP1QPPPP/R3KB1R w KQkq - 0 8,e2e3,185,-206,-391
rnbqk1nr/pppp1p2/4p2p/8/2PP4/2N1Pp2/PP1Q1PPP/R3KB1R w KQkq - 0 9,g2f3,-209,-212,3
r1b1k1nr/pppp1p2/2n1p2p/8/2PP3q/2NBPP2/PP1Q1P1P/2KR3R w kq - 5 12,a2a3,-65,-196,131
r1b1k2r/pppp1p2/2n1pn1p/8/2PP4/P1NBPP2/1P1Q1P1q/2KR2R1 w kq - 0 14,d4d5,110,4,-106
r1b1k2r/pppp1p2/2n1pn1p/3P3q/2P5/P1NBPP2/1P1Q1P2/2KR2R1 w kq - 1 15,d5c6,205,197,-8
r1b1k2r/ppp2p2/2p1pn1p/7q/2P5/P1NBPP2/1P1Q1P2/2KR2R1 w kq - 0 16,f3f4,488,275,-213
r1b1k1r1/ppp2p2/2p1pn1p/7q/2P2P2/P1NBP3/1P1Q1P2/2KR2R1 w q - 1 17,e3e4,931,170,-761
rnbqkbnr/pppppppp/8/8/8/8/PPPPPPPP/RNBQKBNR w KQkq - 0 1,d2d4,19,21,2
rnbqkbnr/ppp1pppp/8/3p4/3P4/8/PPP1PPPP/RNBQKBNR w KQkq - 0 2,c2c4,20,31,11
rnbqkbnr/ppp1pppp/8/8/2pP4/8/PP2PPPP/RNBQKBNR w KQkq - 0 3,e2e3,37,32,-5
rn1q1rk1/1ppb1ppp/p3pn2/4b3/2BP4/1QN1P3/PP3PPP/R1B1K2R w KQ - 0 10,d4e5,-40,-36,-4
rn1q1rk1/2pb1ppp/p3pn2/1p2P3/2B5/1QN1P3/PP3PPP/R1B1K2R w KQ - 0 11,e5f6,114,83,-31
r4rk1/2pb1ppp/p3pq2/4n3/4Q3/2N1P3/PP3PPP/R1B2RK1 w - - 4 15,b2b3,13,6,-7
r4rk1/2p2ppp/p1b1p3/4n1q1/8/1PN1P3/P1Q2PPP/R1B2RK1 w - - 3 17,g2g3,18,-855,-873
rnbqkbnr/pppppppp/8/8/8/8/PPPPPPPP/RNBQKBNR w KQkq - 0 1,e2e3,22,6,-16
rnbqkbnr/pppp1ppp/8/4p3/8/4P3/PPPP1PPP/RNBQKBNR w KQkq - 0 2,g2g3,20,-66,-86
rnbqkb1r/pp3ppp/2p2n2/3pp3/B7/4P1P1/PPPP1P1P/RNBQK1NR w KQkq - 2 5,b2b3,-192,-586,394
rnbqkbnr/pppppppp/8/8/8/8/PPPPPPPP/RNBQKBNR w KQkq - 0 1,d2d4,23,22,-1
rnbqkbnr/pppp1ppp/4p3/8/3P4/8/PPP1PPPP/RNBQKBNR w KQkq - 0 2,g2g3,53,7,-46
rnbq1rk1/ppp1bppp/4pn2/3p4/3P4/5NP1/PPP1PPBP/RNBQ1RK1 w - - 6 6,c2c4,31,28,-3
r1bq1rk1/pppnbppp/4pn2/3p4/2PP4/5NP1/PP2PPBP/RNBQ1RK1 w - - 1 7,c4d5,43,-22,-65
r1bqr1k1/pp1nbppp/2p2n2/3p2B1/3P4/2N2NP1/PP2PPBP/R2Q1RK1 w - - 2 10,e2e3,-42,-46,4
r3r1k1/pp3pp1/2p4p/5q2/3Pnb2/1Q2PNPb/PP3P1P/2R1R1KB w - - 0 19,e3f4,166,182,16
r3r1k1/pp4p1/2pn4/4pq1p/3P1P2/6Pb/PP1Q1P1P/2R1R1KB w - - 0 23,d4e5,-202,-211,9
r3r1k1/pp1q2p1/2p5/1n2P2p/4BPb1/6P1/PP2QP1P/2R1R1K1 w - - 5 26,f2f3,-160,-148,-12
r3r1k1/pp4p1/1qp1b3/1n2P2p/4BP2/5PP1/PP2Q1KP/3RR3 w - - 5 29,f4f5,145,155,10
r3r1k1/pp4p1/1qp5/1n2PP1p/4B3/5PP1/bP2Q1KP/3RR3 w - - 0 30,f3f4,171,190,19
3rr1k1/pp3bp1/1qp5/4PP2/3nBPQ1/6P1/1P4KP/3RR3 w - - 3 33,e5e6,412,0,-412
3rr1k1/pp3bp1/2p1n3/5P2/4BPQ1/6P1/1q5P/3RR2K w - - 0 35,f5e6,-16,0,16
rnbqkbnr/pp1p1ppp/4p3/2p5/8/2N2N2/PPPPPPPP/R1BQKB1R w KQkq - 0 3,e2e4,42,30,-12
rnbqkbnr/pp3ppp/4p3/2pp4/4P3/2N2N2/PPPP1PPP/R1BQKB1R w KQkq - 0 4,h2h3,82,-26,-108
rnbqkbnr/pppppppp/8/8/8/8/PPPPPPPP/RNBQKBNR w KQkq - 0 1,e2e4,23,31,8
rnb1kb1r/pppp1ppp/5q2/4N3/2B1n3/8/PPPP1PPP/RNBQK2R w KQkq - 1 5,f2f3,71,-364,-435
rnb1kb1r/pppp1ppp/8/4q3/2B1n3/5P2/PPPP2PP/RNBQK2R w KQkq - 0 6,f3e4,-166,-145,-21
rnb1k2r/pppp1ppp/8/2b5/2B5/8/PPPPK1PP/RNB4R w kq - 1 9,d2d3,-143,-214,71
rnb1r1k1/pppp1ppp/8/2b5/2B5/3PB3/PPP1K1PP/RN5R w - - 3 11,d3d4,-398,-449,51
r3r1k1/p4ppp/nbp5/1p6/8/2NK4/PPP3PP/4RR2 w - - 4 20,a2a3,-623,-825,202
3rr1k1/p4ppp/1bp1n3/1p6/8/P1N5/1PP3PP/2K1RR2 w - - 5 23,h2h3,-603,-607,4
4r1k1/p4ppp/8/bpp5/3n4/P1N4P/1PP3P1/2KR4 w - - 0 27,b2b4,-537,-606,69
4r1k1/p4ppp/8/bp6/1p1n4/P1N4P/2P3P1/2KR4 w - - 0 28,a3b4,-616,-614,-2
4r1k1/p4p1p/6p1/1p6/8/2b4P/2P3P1/2KR4 w - - 0 31,g2g4,-697,-715,18
4r1k1/5p1p/6p1/pp6/6P1/2b4P/2P5/2KR4 w - - 0 32,g4g5,-711,-748,37
6k1/5p1p/6p1/1p4P1/8/7P/p1PK4/8 w - - 0 37,c2c3,-754,-802,48
6k1/5p1p/6p1/1p4P1/8/2PK3P/1q6/8 w - - 2 39,h3h4,-795,-796,1
8/5pkp/6p1/6P1/1p1K3P/2P5/1q6/8 w - - 0 41,h4h5,-896,-1000,104
8/5pkp/8/6Pp/1p1K4/2P5/1q6/8 w - - 0 42,g5g6,-10000,-10000,0
rnbqkbnr/pppppppp/8/8/8/8/PPPPPPPP/RNBQKBNR w KQkq - 0 1,d2d4,30,22,-8
rnbqkbnr/pp1ppppp/8/2p5/3P4/8/PPP1PPPP/RNBQKBNR w KQkq - 0 2,d4c5,70,12,-58
rnbqkbnr/pp2pppp/8/2Pp4/8/8/PPP1PPPP/RNBQKBNR w KQkq d6 0 3,b2b4,155,-28,-183
rnbqkbnr/pp3ppp/8/2Ppp3/1P6/8/P1P1PPPP/RNBQKBNR w KQkq - 0 4,e2e4,69,34,-35
r1bqkb1r/pp3ppp/2n2n2/1BP1p3/1P1pP3/3Q4/P1P2PPP/RNB1K1NR w KQkq - 4 7,h2h3,148,-70,-218
r4rk1/pp3ppp/5b2/2P1p3/3pP3/1b3N1P/n1P2PP1/RN3RK1 w - - 0 16,c2b3,-174,-166,-8
rnbqkbnr/pppppppp/8/8/8/8/PPPPPPPP/RNBQKBNR w KQkq - 0 1,d2d4,31,20,-11
rnbqkbnr/ppppp1pp/5p2/8/3P4/8/PPP1PPPP/RNBQKBNR w KQkq - 0 2,c2c4,147,71,-76
rnb1kbnr/pppp2pp/4p3/5qB1/2PP4/2N2N2/PP2PPPP/R2QKB1R w KQkq - 3 7,e2e3,444,394,-50
rnb1kbnr/pp1p2pp/4p3/q5B1/2Pp4/2NBPN2/PPQ2PPP/R3K2R w KQkq - 0 10,e3d4,10000,463,-9537
rnbqkbnr/pppppppp/8/8/8/8/PPPPPPPP/RNBQKBNR w KQkq - 0 1,c2c4,33,2,-31
rnbqkbnr/pp1p1ppp/2p1p3/8/2P5/2N5/PP1PPPPP/R1BQKBNR w KQkq - 0 3,g2g3,27,2,-25
rnbqkbnr/pp3ppp/2p1p3/3p4/2P5/2N3P1/PP1PPP1P/R1BQKBNR w KQkq - 0 4,c4d5,8,-18,-26
rnbqkbnr/pp3ppp/4p3/3p4/8/2N3P1/PP1PPP1P/R1BQKBNR w KQkq - 0 5,d2d4,-5,-1,-4
r1bqkb1r/1p3pp1/p1n1pn1p/3p4/3P4/2N2NP1/PP2PPBP/R1BQ1RK1 w kq - 2 9,h2h3,37,5,-32
r2q1rk1/1p1b1pp1/p2bpn1p/n2p4/3P4/2N1B1PP/PP2PPB1/2RQNRK1 w - - 7 13,b2b3,-45,-60,15
r4rk1/1p1b1pp1/pqn1pn1p/3p4/3P4/1PN3PP/P3PPB1/2RQNRK1 w - - 1 17,e2e3,-13,-11,-2
r1r1b1k1/1p3pp1/pq2pn1p/2Np4/1n1P4/1PN1P1PP/P4PB1/2RQ1RK1 w - - 5 20,a2a3,-1,-20,19
r1r1b1k1/qp3pp1/p1n1pn1p/2Np4/N2P4/PP2P1PP/5PB1/2RQ1RK1 w - - 3 22,b3b4,-20,-44,24
r1r1b1k1/qp1n1pp1/p3p2p/3p4/Nn1P4/PN2P1PP/5PB1/2RQ1RK1 w - - 0 24,a3b4,297,293,-4
rnbqkbnr/pppppppp/8/8/8/8/PPPPPPPP/RNBQKBNR w KQkq - 0 1,e2e4,32,33,1
rnbqkbnr/ppp1pppp/8/3p4/4P3/8/PPPP1PPP/RNBQKBNR w KQkq - 0 2,e4d5,65,70,5
rnbqkbnr/ppp2ppp/4p3/8/8/2N2N2/PPPP1PPP/R1BQKB1R w KQkq - 0 5,d2d4,66,63,-3
rnbqkb1r/pp3pp1/2p1pn1p/8/3P4/2N2N2/PPP1BPPP/R1BQ1RK1 w kq - 0 8,a2a3,99,83,-16
rnbq1rk1/p1b2pp1/2p1pn1p/1p6/3P4/P1N2N2/BPP2PPP/R1BQR1K1 w - - 2 12,b2b4,90,39,-51
r1b2rk1/p1bn1pp1/2pqp2p/1p6/1P1P2n1/P4N2/B1P1QPPP/R1BNR1K1 w - - 5 15,g2g3,92,104,12
r4rk1/pbbn1pp1/2pq3p/1p2p3/1P1P1Bn1/P4NP1/B1P1QP1P/R2NR1K1 w - - 0 17,d4e5,409,404,-5
r4rk1/pbbn1pp1/2p4p/1p2P2q/1P3BnN/P5P1/B1P1QP1P/R2NR1K1 w - - 3 19,h2h3,415,469,54
rnbqkbnr/pppppppp/8/8/8/8/PPPPPPPP/RNBQKBNR w KQkq - 0 1,d2d4,34,21,-13
rnbqkbnr/ppp1pppp/8/3p4/3P4/8/PPP1PPPP/RNBQKBNR w KQkq - 0 2,c2c4,26,29,3
rnbqkbnr/ppp1pppp/8/8/2pP4/8/PP2PPPP/RNBQKBNR w KQkq - 0 3,e2e4,41,27,-14
r1bqkbnr/ppp1pppp/2n5/8/2pPP3/8/PP3PPP/RNBQKBNR w KQkq - 1 4,d4d5,56,32,-24
1r1qk2r/pppb1ppp/4pnn1/3P4/1QB1P3/2N1B3/PP3PPP/R3K1NR w KQk - 1 11,a2a4,608,509,-99
1r1qk2r/pp1b1ppp/2p1pnn1/3P4/PQB1P3/2N1B3/1P3PPP/R3K1NR w KQk - 0 12,d5e6,604,561,-43
rnbqkbnr/pppppppp/8/8/8/8/PPPPPPPP/RNBQKBNR w KQkq - 0 1,g2g3,31,5,-26
rnbqkbnr/pp1ppppp/8/2p5/8/6P1/PPPPPP1P/RNBQKBNR w KQkq - 0 2,e2e3,20,-15,-35
rnbqkbnr/pp1p1ppp/4p3/2p5/8/4P1P1/PPPP1P1P/RNBQKBNR w KQkq - 0 3,c2c3,4,-29,-33
rnbqkbnr/pp3ppp/4p3/2pp4/8/2P1P1P1/PP1P1P1P/RNBQKBNR w KQkq - 0 4,d2d3,-26,-43,17
rnbqkb1r/pp3ppp/4pn2/2pp4/8/2PPP1P1/PP3P1P/RNBQKBNR w KQkq - 1 5,f2f3,-46,-97,51
rnbqk2r/pp2bppp/4pn2/2pp4/8/2PPPPP1/PP5P/RNBQKBNR w KQkq - 1 6,h2h3,-97,-145,48
r1bq1rk1/pp2bppp/2n1pn2/2pp4/8/2PPPPPP/PP2N3/RNBQKB1R w KQ - 3 8,f3f4,-141,-149,8
r1bqr1k1/pp2bppp/2n1pn2/2pp4/5P2/2PPP1PP/PP2N3/RNBQKB1R w KQ - 1 9,g3g4,-120,-199,79
r1bqr1k1/pp2bppp/2n1pn2/2p5/3p1PP1/2PPP2P/PP2N3/RNBQKB1R w KQ - 0 10,g4g5,-145,-245,100
r1bqr1k1/p4p1p/2p1p1p1/2p2nP1/6Q1/2PP3P/PP6/RN2K1R1 w Q - 0 19,h3h4,-473,-719,246
r1bqr1k1/p4p1p/2p3p1/2p1pnP1/6QP/2PP4/PP6/RN2K1R1 w Q - 0 20,h4h5,-537,-708,171
rnbqkbnr/pppppppp/8/8/8/8/PPPPPPPP/RNBQKBNR w KQkq - 0 1,d2d4,37,27,-10
rnbqkbnr/p1pppppp/1p6/8/3P4/8/PPP1PPPP/RNBQKBNR w KQkq - 0 2,c2c4,93,58,-35
rn1qkbnr/p1pppppp/8/2N5/1pbP4/8/PP2PPPP/R1BQKBNR w KQkq - 0 6,e2e3,10,-134,-144
rn1qkbnr/p1p1pppp/8/2p5/1p1P4/4PN2/PP3PPP/R1BQ1K1R w kq - 0 9,g2g3,-400,-443,43
rn2kbnr/p5pp/2q1p3/2p2p2/1p6/4PNP1/PPQ2PKP/R1B1R3 w kq - 0 15,e3e4,-200,-236,36
rnbqkbnr/pppppppp/8/8/8/8/PPPPPPPP/RNBQKBNR w KQkq - 0 1,g2g3,34,15,-19
rnbqkbnr/pp1p1ppp/4p3/2p5/8/6P1/PPPPPPBP/RNBQK1NR w KQkq - 0 3,f2f3,28,-63,-91
rnbqkbnr/pp3ppp/4p3/2pp4/8/5PP1/PPPPP1BP/RNBQK1NR w KQkq - 0 4,g3g4,-48,-244,196
rnbqkb1r/pp3ppp/4pn2/2pp4/6P1/5P2/PPPPP1BP/RNBQK1NR w KQkq - 1 5,f3f4,-117,-261,144
rnbqkb1r/pp3ppp/4p3/2p5/4pPP1/8/PPPPP2P/RNBQK1NR w KQkq - 0 7,e2e3,-187,-304,117
r1bq1rk1/pp3ppp/2nbp3/1Qp5/4pPP1/4P3/PPPP3P/RNB1K1NR w KQ - 5 10,b2b4,-340,-515,175
r1bq1rk1/1p3ppp/p1nb4/2p1p3/1PQ1pPP1/4P3/P1PP3P/RNB1K1NR w KQ - 0 12,b4c5,-446,-459,13
rnbqkbnr/pppppppp/8/8/8/8/PPPPPPPP/RNBQKBNR w KQkq - 0 1,e2e4,35,34,-1
rnbqk1nr/ppp2ppp/3p4/4p1b1/2B1P3/8/PPPP1PPP/RNBQK2R w KQkq - 0 5,d2d3,-473,-553,80
rnbqk1nr/ppp1bppp/3p4/4p3/2B1P3/3P4/PPP2PPP/RNBQK2R w KQkq - 1 6,h2h4,-493,-532,39
rnbqk1nr/pp3pp1/2pp1b1p/4p3/2B1P2P/2NP1Q2/PPP2PP1/R1B1K2R w KQkq - 0 9,b2b4,-291,-470,179
rnbqk2r/p3npp1/2pp1b1p/1p2p3/1P2P2P/1BNP1Q2/P1P2PP1/R1B1K2R w KQkq - 2 11,a2a4,-325,-381,56
rnbqk2r/4npp1/2pp1b1p/p3p3/BP2P2P/2NP1Q2/2P2PP1/R1B1K2R w KQkq - 0 13,b4b5,-298,-356,58
rnb1k2r/5pp1/1q1p1b1p/pPpnp3/B3P2P/3P1Q2/2P2PP1/1RB1K2R w Kkq - 0 16,e4d5,-351,-348,-3
rnb2r2/5p1k/1q1p1Q1p/pPpPp3/B6P/3P4/2P2PP1/1R2K2R w K - 1 19,g2g4,-264,-387,123
r1bq1r2/3n1p1k/3p3p/pPpPp3/B5PP/3P1Q2/2P2P2/1R2K2R w K - 3 21,g4g5,-194,-194,0
r1bq2r1/3n1p1k/3p3p/pPpPp1P1/B6P/3P1Q2/2P2P2/1R2K2R w K - 1 22,g5h6,-70,-397,327
r2q2r1/5p2/1n1p3k/pPpPp3/4Q1bP/1B1P4/2P2P2/1R2K2R w K - 0 25,f2f3,-354,-458,104
r5r1/3q1p2/1n1p3k/pPpPp2b/4Q2P/1B1P1P2/2PK4/1R5R w - - 3 27,c2c3,-336,-455,119
rnbqkbnr/pppppppp/8/8/8/8/PPPPPPPP/RNBQKBNR w KQkq - 0 1,d2d4,32,22,-10
rnbqkbnr/p1pppppp/1p6/8/3P4/8/PPP1PPPP/RNBQKBNR w KQkq - 0 2,c2c4,87,65,-22
rnbqkbnr/p3p3/1ppp1p2/8/2PP2pp/2N5/PP1BPPPP/R2QKBNR w KQkq - 0 10,e2e3,169,161,-8
rnb1kbnr/p1q5/1pppp3/5p2/2PP2pp/2NBP3/PPQB1PPP/2KR2NR w kq - 4 14,f2f3,289,245,-44
rnb1kbnr/p1q5/1pppp3/5p2/2PP3p/2NBPPp1/PPQB2PP/2KR2NR w kq - 0 15,h2g3,405,387,-18
rnb1kbnr/p1q5/1pppp3/8/2PP1p1p/2NBPPP1/PPQB2P1/2KR2NR w kq - 0 16,g3h4,546,519,-27
rnb1kb1r/p1q5/1pppp2n/8/2PP1p1P/2NBPP2/PPQB2P1/2KR2NR w kq - 1 17,e3f4,572,533,-39
rnb1kb1r/p1q2n2/1pppp3/8/2PP1P1P/2NB1P2/PPQB2P1/2KR2NR w kq - 1 18,f4f5,618,565,-53
rnb1kb1r/p1q2n2/1ppp4/4pP2/2PP3P/2NB1P2/PPQB2P1/2KR2NR w kq - 0 19,d4e5,574,502,-72
rnb1kb1r/p1q5/1ppp3n/4PP2/2P4P/2NB1P2/PPQB2P1/2KR2NR w kq - 1 20,e5e6,676,671,-5
rnb1k2r/p1q1b3/1pppP2n/5P2/2P4P/2NB1P2/PPQB2P1/2KR2NR w kq - 1 21,f5f6,694,656,-38
rnbqkbnr/pppppppp/8/8/8/8/PPPPPPPP/RNBQKBNR w KQkq - 0 1,e2e4,38,26,-12
r1bqkbnr/2pp1ppp/p1p5/4p3/4P3/5N2/PPPP1PPP/RNBQK2R w KQkq - 0 5,d2d4,72,60,-12
r1b1k2r/2pp1ppp/p1p2q1n/2b5/3NP3/2N1B3/PPP2PPP/R2QK2R w KQkq - 5 9,h2h3,181,146,-35
r1b2rk1/2p2ppp/p1Np1q1n/8/4P3/2N1b2P/PPP2PP1/R2Q1RK1 w - - 0 12,f2e3,107,120,13
1r2r1k1/2p2ppp/p2p3n/3Q4/4Pq2/5N1P/PPP3P1/4R1K1 w - - 4 21,b2b3,-530,-557,27
rnbqkbnr/pppppppp/8/8/8/8/PPPPPPPP/RNBQKBNR w KQkq - 0 1,e2e4,24,27,3
r1bqkb1r/pppppppp/5n2/1B6/1n2P3/5N2/PPPP1PPP/RNBQK2R w KQkq - 5 4,d2d3,160,65,-95
r1bqkb1r/1ppppppp/p4n2/1B6/1n2P3/3P1N2/PPP2PPP/RNBQK2R w KQkq - 0 5,c2c3,75,-29,-104
rnbqkbnr/pppppppp/8/8/8/8/PPPPPPPP/RNBQKBNR w KQkq - 0 1,g2g3,28,12,-16
rnbqkbnr/pp1ppppp/8/2p5/8/6P1/PPPPPP1P/RNBQKBNR w KQkq - 0 2,f2f3,18,-68,-86
rnbqkbnr/pp1p1ppp/4p3/2p5/8/5PP1/PPPPP2P/RNBQKBNR w KQkq - 0 3,e2e3,-45,-69,24
r1bqkbnr/pp1p1ppp/2n1p3/2p5/8/4PPP1/PPPP3P/RNBQKBNR w KQkq - 1 4,d2d3,-64,-83,19
r1bqkbnr/pp3ppp/2n1p3/2pp4/8/3PPPP1/PPP4P/RNBQKBNR w KQkq - 0 5,f3f4,-86,-75,-11
r1bqkb1r/pp3ppp/2n1pn2/2pp4/5P2/3PP1P1/PPP4P/RNBQKBNR w KQkq - 1 6,g3g4,-68,-151,83
r1bqk2r/pp2bppp/2n1pn2/2pp4/5PP1/3PP3/PPP4P/RNBQKBNR w KQkq - 1 7,g4g5,-97,-100,3
r1bqk2r/pp1nbppp/2n1p3/2pp2P1/5P2/3PP3/PPP4P/RNBQKBNR w KQkq - 1 8,a2a4,-94,-210,116
r1bq1rk1/pp1nbppp/2n1p3/2pp2P1/P4P2/3PP3/1PP4P/RNBQKBNR w KQ - 1 9,a4a5,-75,-180,105
r1bq1rk1/1p1nbppp/p1n1p3/P1pp2P1/5P2/3PP3/1PP4P/RNBQKBNR w KQ - 0 10,b2b3,-132,-171,39
r1bq1rk1/1p1nb1pp/p1n1p3/P1pp2p1/5P2/1P1PP3/2PB3P/RN1QKBNR w KQ - 0 12,e3e4,-404,-598,194
r1bq1rk1/1p1nb1pp/p1n1p3/P1pp4/4Pp2/1P1P4/2PB3P/RN1QKBNR w KQ - 0 13,e4d5,-614,-10000,9386
r2q2k1/1p4pp/p7/P1pp4/8/1P1P1r2/2P2p1P/R2K1Q1R w - - 0 25,h2h4,-593,-641,48
rnbqkbnr/pppppppp/8/8/8/8/PPPPPPPP/RNBQKBNR w KQkq - 0 1,e2e4,32,32,0
r1bqkb1r/pppp1ppp/2n2n2/4p3/2B1P3/2N5/PPPP1PPP/R1BQK1NR w KQkq - 4 4,f2f3,4,-65,-69
r1bqkb1r/pppp1p1p/2n2np1/4p3/2B1P3/2N2P2/PPPP2PP/R1BQK1NR w KQkq - 0 5,a2a3,33,15,-18
r1bq1rk1/ppp2pbp/2p3p1/4p3/4P3/P4P2/1PPP2PP/R1BQK1NR w KQ - 0 9,d2d3,-25,-36,11
r4rk1/pbp2pbp/1p4p1/2p1p1B1/4P3/P2P1P2/1PP3PP/R3K1NR w KQ - 1 13,g2g4,20,-65,-85
r4rk1/p1p3bp/bp3pp1/2p1p3/4P1P1/P2PBP2/1PP4P/R3K1NR w KQ - 2 15,h2h4,42,-8,-50
r4rk1/p1p3bp/bp3pp1/4p3/2p1P1PP/P2PBP2/1PP5/R3K1NR w KQ - 0 16,d3d4,-27,-106,79
6k1/p2b2bp/1p4p1/2p2p2/2p1P1PP/P1N1BP2/1PP5/3K4 w - - 0 25,g4f5,-35,-45,10
6k1/p2b3p/1p4p1/2p2P2/2p1P2P/P1b1BP2/1PP5/3K4 w - - 0 26,b2c3,1,1,0
6k1/p2b3p/1p6/2p2p2/2p1P2P/P1P1BP2/2P5/3K4 w - - 0 27,e4f5,3,-2,-5
8/p5kp/1p6/2p2b2/2p4P/P1P1BP2/2PK4/8 w - - 2 29,a3a4,-7,-28,21
8/2Bb3p/p5k1/1pp5/P1p4P/2P2P2/2PK4/8 w - - 0 33,a4b5,-11,-9,-2
rnbqkbnr/pppppppp/8/8/8/8/PPPPPPPP/RNBQKBNR w KQkq - 0 1,d2d4,32,25,-7
rnbqkbnr/ppp1pppp/8/3p4/3P4/8/PPP1PPPP/RNBQKBNR w KQkq - 0 2,f2f4,24,-41,-65
r2qkbnr/ppp1pppp/2n5/3p1b2/3P1P2/5N2/PPP1P1PP/RNBQKB1R w KQkq - 3 4,e2e3,-9,-11,2
r2qkbnr/ppp2ppp/2n1p3/3p1b2/3P1P2/4PN2/PPP3PP/RNBQKB1R w KQkq - 0 5,c2c4,-7,-84,77
r2qk2r/ppp2ppp/2n1pn2/3p1b2/1bPP1P2/4PN2/PP1B2PP/RN1QKB1R w KQkq - 3 7,a2a3,2,1,-1
r2qk2r/ppp2ppp/2n1pn2/b2p1b2/2PP1P2/P3PN2/1P1B2PP/RN1QKB1R w KQkq - 1 8,b2b4,386,386,0
r2qk2r/ppp2ppp/1bn1pn2/3p1b2/1PPP1P2/P3PN2/3B2PP/RN1QKB1R w KQkq - 1 9,c4c5,387,377,-10
r2qk2r/ppp2ppp/1bn1p3/2Pp1b2/1P1PnP2/P3PN2/3B2PP/RN1QKB1R w KQkq - 1 10,c5b6,386,391,5
r4rk1/pp3ppp/1p2pq2/4nb2/1P1PpP2/P3P3/3BB1PP/R2QK2R w KQ - 0 15,d4e5,362,364,2
r4rk1/pp3ppp/1p2p3/4Pb2/1P2pP1q/P3P3/3BB1PP/R2QK2R w KQ - 1 16,g2g3,396,330,-66
r4rk1/pp4pp/1p2p2q/4Pp2/1P2pP2/P3P1Pb/3BBR1P/R2Q2K1 w - f6 0 19,e5f6,453,414,-39
5rk1/pp4pp/1p3r2/8/1P2Qp2/P3P1Pq/3B1R1P/R5K1 w - - 0 24,e3f4,506,494,-12
4R3/pp1q2pk/1pr3rp/8/1P3P2/P5P1/3B3P/1Q2R2K w - - 8 32,f4f5,455,464,9
4R3/pp4pk/1pr3rp/5P2/1P6/P5P1/3q3P/1Q2R2K w - - 0 33,f5g6,679,715,36
rnbqkbnr/pppppppp/8/8/8/8/PPPPPPPP/RNBQKBNR w KQkq - 0 1,d2d4,27,24,-3
rnbqkbnr/pp1ppppp/2p5/8/3P4/8/PPP1PPPP/RNBQKBNR w KQkq - 0 2,c2c4,41,34,-7
r1b1k1nr/pp1p1ppp/8/q3p3/1bPn4/2N2N2/PP1BPPPP/R2QKB1R w KQkq - 6 9,e2e3,214,157,-57
r1b1k1nr/pp4pp/2np4/4pp2/2P5/3BPN2/PPQ2PPP/R4RK1 w kq - 0 15,a2a3,715,598,-117
3r4/pp2nk2/6b1/4Q3/2P5/P3P3/1P3PPP/5RK1 w - - 0 26,f2f4,743,680,-63
6r1/pp3k2/2n3b1/6Q1/2P2P2/P3P3/1P4PP/5RK1 w - - 3 28,f4f5,824,909,85
5kr1/pp2n2Q/8/5P2/2P5/P3P3/1P4PP/5RK1 w - - 1 31,f5f6,982,1008,26
5kr1/pp5Q/5Pn1/8/2P5/P3P3/1P4PP/5RK1 w - - 1 32,f6f7,1023,963,-60
8/pp3Pk1/6n1/8/2P5/P3P3/1P4PP/5RK1 w - - 0 34,h2h4,748,741,-7
8/p4Pk1/1p4n1/8/2P4P/P3P3/1P4P1/5RK1 w - - 0 35,h4h5,772,799,27
5n2/p4Pk1/1p6/7P/2P5/P3P3/1P4P1/5RK1 w - - 1 36,e3e4,802,787,-15
5n2/p4P2/1p5k/7P/2P1P3/P7/1P4P1/5RK1 w - - 1 37,e4e5,789,787,-2
5n2/p4P2/1p6/4P2k/2P5/P7/1P4P1/5RK1 w - - 0 38,e5e6,798,790,-8
5n2/p4P2/1p2P2k/8/2P5/P7/1P4P1/5RK1 w - - 1 39,e6e7,932,1025,93
8/p3PP2/1p2n2k/8/2P5/P7/1P4P1/5RK1 w - - 1 40,e7e8q,10000,10000,0
7Q/p4Pn1/1p4k1/8/2P5/P7/1P4P1/5RK1 w - - 3 42,f7f8q,10000,10000,0
rnbqkbnr/pppppppp/8/8/8/8/PPPPPPPP/RNBQKBNR w KQkq - 0 1,e2e4,26,25,-1
rnbqkbnr/pp1ppppp/2p5/8/4P3/8/PPPP1PPP/RNBQKBNR w KQkq - 0 2,d2d4,39,38,-1
rnbqkbnr/pp2pppp/2p5/3p4/3PP3/8/PPP2PPP/RNBQKBNR w KQkq - 0 3,e4e5,28,33,5
rn2kbnr/pp3ppp/q3p3/2ppP3/3P4/2N2Q2/PPPB1PPP/R3K1NR w KQkq - 0 9,d4c5,-32,-37,5
rnbqkbnr/pppppppp/8/8/8/8/PPPPPPPP/RNBQKBNR w KQkq - 0 1,d2d4,22,24,2
rnbqkbnr/pppp1ppp/4p3/8/3P4/8/PPP1PPPP/RNBQKBNR w KQkq - 0 2,c2c4,58,22,-36
rnbq1rk1/ppp1bppp/4pn2/3p4/2PP1B2/2N2N2/PP2PPPP/R2QKB1R w KQ - 6 6,e2e3,33,26,-7
rnbq1rk1/pp2bppp/2p1pn2/3p4/2PP1B2/2N1PN2/PP3PPP/R2QKB1R w KQ - 0 7,h2h3,51,29,-22
r1bq1rk1/pp1nbppp/2p1pn2/3p4/2PP1B2/2N1PN1P/PP3PP1/R2QKB1R w KQ - 1 8,c4c5,32,36,4
r1bqr1k1/pp1nbppp/2p1pn2/2Pp4/3P1B2/2N1PN1P/PP3PP1/R2QKB1R w KQ - 1 9,b2b4,67,66,-1
r1bqr1k1/1p1nbppp/2p1pn2/p1Pp4/1P1P1B2/2N1PN1P/P4PP1/R2QKB1R w KQ - 0 10,a2a3,81,70,-11
r1b1rb1k/1p4pp/2p1pp2/2Pq4/3P4/p3P1BP/2Q2PP1/3RKB1R w K - 0 19,e3e4,-71,-285,214
r1b1rb1k/1p4pp/2p2p2/q1P1p3/2BPP3/p5BP/2Q2PP1/R4RK1 w - - 0 23,d4e5,-154,-250,96
r6k/1p4pp/2p1r3/q3p3/3bP3/p5BP/R1Q2PPK/5R2 w - - 0 28,f2f4,-367,-368,1
r3r2k/1p4pp/2p5/q3p3/3bPP2/p5BP/R1Q3PK/5R2 w - - 1 29,f4e5,-294,-343,49
8/6pk/7p/8/1q6/7P/r5PK/4r3 w - - 0 50,h3h4,-10000,-10000,0
rnbqkbnr/pppppppp/8/8/8/8/PPPPPPPP/RNBQKBNR w KQkq - 0 1,e2e4,19,17,-2
r1bqkbnr/pp1ppppp/2n5/2p5/4P3/5N2/PPPP1PPP/RNBQKB1R w KQkq - 2 3,c2c3,34,16,-18
r1bqkbnr/pp1ppp1p/2n3p1/2p5/4P3/2P2N2/PP1P1PPP/RNBQKB1R w KQkq - 0 4,d2d4,53,54,1
r1bqkbnr/pp1ppp1p/2n3p1/8/3pP3/2P2N2/PP3PPP/RNBQKB1R w KQkq - 0 5,c3d4,103,102,-1
r1bqk2r/pp2npbp/2n1p1p1/3p4/3PP3/2N1BN2/PP2BPPP/R2QK2R w KQkq - 0 9,e4e5,29,12,-17
r1bq1rk1/1p2n1bp/p3p1p1/3pn3/3P4/2NQB3/PP2BPPP/2R2RK1 w - - 0 14,d4e5,-55,-55,0
6k1/5b1p/6p1/pprp4/3Np3/1B6/PP2KPPP/4R3 w - - 0 30,a2a3,440,417,-23
6k1/5b1p/6p1/p1rp4/1p1Np3/PB6/1P2KPPP/4R3 w - - 0 31,a3b4,498,491,-7
8/5b1p/5kp1/r2p4/1p1Np3/1B2K3/1P3PPP/2R5 w - - 6 35,f2f3,505,487,-18
rnbqkbnr/pppppppp/8/8/8/8/PPPPPPPP/RNBQKBNR w KQkq - 0 1,f2f4,18,-22,-40
rnbqkbnr/pp1ppppp/8/2p5/5P2/8/PPPPP1PP/RNBQKBNR w KQkq - 0 2,f4f5,-4,-225,221
rnbqkbnr/pp1p1ppp/4p3/2p2P2/8/8/PPPPP1PP/RNBQKBNR w KQkq - 0 3,f5e6,-69,-65,-4
rnbqkbnr/pp1p2pp/4p3/2p5/8/8/PPPPP1PP/RNBQKBNR w KQkq - 0 4,e2e3,-71,-99,28
rnbqkbnr/pp4pp/4p3/2pp4/8/4P3/PPPP2PP/RNBQKBNR w KQkq - 0 5,h2h3,-72,-268,196
rnbqkb1r/pp4pp/4pn2/2pp4/8/4P2P/PPPP2P1/RNBQKBNR w KQkq - 1 6,h3h4,-182,-410,228
rnbqk2r/pp2b1pp/4pn2/2pp4/7P/4P3/PPPP2P1/RNBQKBNR w KQkq - 1 7,h4h5,-317,-381,64
rnbq1rk1/pp2b1pp/4pn2/2pp3P/8/4P3/PPPP2P1/RNBQKBNR w KQ - 1 8,g2g4,-381,-518,137
rnbqkbnr/pppppppp/8/8/8/8/PPPPPPPP/RNBQKBNR w KQkq - 0 1,e2e4,22,19,-3
r1bqk1nr/pppp1ppp/2n5/4p3/1b2P3/2N2N2/PPPP1PPP/R1BQKB1R w KQkq - 4 4,d2d3,57,-7,-64
r1bq1rk1/pppp1ppp/2n2n2/4p3/1b2P3/2NP1N2/PPPB1PPP/R2QKB1R w KQ - 3 6,a2a3,-10,-47,37
r1bq1rk1/pppp1ppp/2n2n2/2b1p3/4P3/P1NP1N2/1PPB1PPP/R2QKB1R w KQ - 1 7,b2b4,1,-1,-2
r2q1rk1/p1pp1ppp/b1n5/1p1np3/1P1bP3/P2P1N2/2PBQPPP/2KR1B1R w - - 0 11,e4d5,-15,-18,3
r2q1rk1/p1pp1ppp/b7/1p1nN3/1P1b4/P2P4/2PBQPPP/2KR1B1R w - - 0 13,g2g3,18,-292,-310
r5k1/p1p2ppp/b1Np4/1p1n4/1P3b2/P2P2P1/1KP2r1P/3R1B1R w - - 0 19,g3f4,-506,-448,-58
r5k1/p1p2ppp/b1Np4/1p6/1P3n2/P2P4/1KP2r1P/3R1B1R w - - 0 20,h2h4,-231,-546,315
4k3/pR3p2/3p4/2p4p/1P3n1P/P2P4/1KP5/5r2 w - - 0 29,b4c5,-127,-307,180
4k3/R4p2/8/2p4p/5n1P/P2P4/1KP5/7r w - - 1 31,a3a4,-335,-288,-47
4k3/R4p2/8/2p4p/P4n1r/3P4/1KP5/8 w - - 0 32,a4a5,-315,-322,7
4k3/R4p2/8/P1pn3p/7r/3P4/1KP5/8 w - - 1 33,a5a6,-260,-352,92
R7/4kp2/P7/2pn3p/r7/3P4/1KP5/8 w - - 3 35,a6a7,-402,-428,26
rnbqkbnr/pppppppp/8/8/8/8/PPPPPPPP/RNBQKBNR w KQkq - 0 1,e2e4,20,28,8
rn1qkbnr/pbp1pppp/1p6/8/2B1N3/8/PPPP1PPP/R1BQK1NR w KQkq - 2 5,d2d3,33,28,-5
rn1qkbnr/pbp2ppp/1p2p3/8/2B1N3/3P4/PPP2PPP/R1BQK1NR w KQkq - 0 6,b2b3,23,-109,-132
r3kb1r/p4ppp/1pn1p3/8/8/1P1P4/P1PK1P1P/6q1 w kq - 0 16,a2a4,-1436,-10000,8564
rnbqkbnr/pppppppp/8/8/8/8/PPPPPPPP/RNBQKBNR w KQkq - 0 1,d2d4,27,20,-7
rnbqkbnr/ppp1pppp/3p4/8/3P4/8/PPP1PPPP/RNBQKBNR w KQkq - 0 2,c2c4,49,29,-20
rnbqkbnr/pppppppp/8/8/8/8/PPPPPPPP/RNBQKBNR w KQkq - 0 1,e2e3,19,12,-7
rnbqkbnr/pp1ppppp/8/2p5/8/4P3/PPPP1PPP/RNBQKBNR w KQkq - 0 2,d2d3,14,-26,-40
rnbqkbnr/pp1p1ppp/4p3/2p5/8/3PP3/PPP2PPP/RNBQKBNR w KQkq - 0 3,e3e4,-19,-37,18
rnbqkbnr/pp3ppp/4p3/2pp4/4P3/3P4/PPP2PPP/RNBQKBNR w KQkq - 0 4,f2f4,-30,-34,4
rnbqkbnr/pp3ppp/4p3/2p5/4pP2/3P4/PPP3PP/RNBQKBNR w KQkq - 0 5,d3e4,-19,-14,-5
rnbk3r/pp2bppp/4pn2/8/2B1PP2/2N1B3/PPP3PP/R3K1NR w KQ - 1 10,e4e5,309,265,-44
r1b4r/pp2bppp/1kn1p3/4P3/5P2/n4N2/PPP3PP/R1KR4 w - - 0 17,b2a3,-759,-701,-58
r1b5/kp3ppp/p3p3/4P3/1n2K3/8/P1P4P/8 w - - 12 37,a2a3,-951,-981,30
r1b5/kp3ppp/p3p3/4P3/4K3/P7/2n4P/8 w - - 0 38,a3a4,-991,-1010,19
r1b5/kp3ppp/p3p3/4P3/Pn2K3/8/7P/8 w - - 1 39,a4a5,-1011,-1071,60
r1b5/k4ppp/pp2p3/P3P3/1n2K3/8/7P/8 w - - 0 40,h2h4,-970,-1041,71
r1b5/k4ppp/p3p3/p3P3/1n2K2P/8/8/8 w - - 0 41,h4h5,-1040,-1080,40
r1b5/k4ppp/p3p3/4P2P/pn2K3/8/8/8 w - - 0 42,h5h6,-1039,-1116,77
rnbqkbnr/pppppppp/8/8/8/8/PPPPPPPP/RNBQKBNR w KQkq - 0 1,e2e4,19,21,2
rnbqkbnr/pppppppp/8/8/8/8/PPPPPPPP/RNBQKBNR w KQkq - 0 1,e2e4,23,16,-7
rnbqkbnr/pppppp1p/6p1/8/4P3/8/PPPP1PPP/RNBQKBNR w KQkq - 0 2,d2d4,66,62,-4
rnbq1rk1/pp2ppbp/3p1np1/2p5/3PP3/2N2N2/PPP1BPPP/R1BQ1RK1 w - - 0 7,d4c5,59,30,-29
r1bq1rk1/pp2ppbp/2np1np1/2P5/4P3/2N2N2/PPP1BPPP/R1BQ1RK1 w - - 1 8,c5d6,126,167,41
r1bq1rk1/pp2ppbp/3P1np1/8/1n2P3/2N2N2/PPP1BPPP/R1BQ1RK1 w - - 1 9,d6e7,364,258,-106
r4rk1/pp2qpbp/5np1/8/1n2P1b1/2NB1N2/PPP2PPP/R1BQ1RK1 w - - 2 11,h2h3,288,289,1
r4rk1/pp2qpbp/4bnp1/8/1n2P3/2NB1N1P/PPP2PP1/R1BQ1RK1 w - - 1 12,a2a3,292,312,20
3rr1k1/1Q3p1p/6p1/8/3N4/P6P/2P2PP1/5K2 w - - 1 24,c2c3,366,-178,-544
r4k2/5p1p/6p1/1N6/8/P1P4P/4KPP1/8 w - - 4 28,c3c4,-74,-115,41
r7/3k1p1p/6p1/1N6/2P5/P2K3P/5PP1/8 w - - 3 30,c4c5,-103,-202,99
8/5p1p/2k3p1/rNP5/8/PK5P/5PP1/8 w - - 5 33,a3a4,-273,-306,33
r7/5p2/6p1/6N1/P7/1K5P/4kPP1/8 w - - 3 39,f2f4,-15,-164,149
r7/5p2/6p1/6N1/P4P2/1K5P/5kP1/8 w - - 1 40,g2g4,-4,-33,29
r7/5p2/6p1/6N1/P4PP1/1K4kP/8/8 w - - 1 41,f4f5,-13,-29,16
r7/5p2/8/5pN1/P5P1/1K4kP/8/8 w - - 0 42,g4f5,-7,-22,15
r7/8/3N4/7k/PK6/7P/8/8 w - - 4 46,a4a5,-14,-35,21
r7/8/1K1N4/P7/6k1/8/8/8 w - - 2 49,a5a6,-33,-34,1
rnbqkbnr/pppppppp/8/8/8/8/PPPPPPPP/RNBQKBNR w KQkq - 0 1,c2c4,32,7,-25
rnbqkbnr/ppp1pppp/8/3p4/2P5/8/PP1PPPPP/RNBQKBNR w KQkq - 0 2,c4d5,62,58,-4
rnbqkb1r/pp2pppp/8/2pn4/8/2N2N2/PP1PPPPP/R1BQKB1R w KQkq - 0 5,g2g3,17,9,-8
r1b1kb1r/pp3ppp/2n5/2pqp3/8/5NP1/PP1PPPBP/R1BQK2R w KQkq - 0 8,d2d3,-7,-5,-2
r1b2rk1/pp2b1pp/2n5/2pqpp2/8/3PBNP1/PP2PPBP/R2Q1RK1 w - - 4 11,b2b3,185,-78,-263
r4rk1/pp3qp1/2n4p/2pbpp2/8/1PBP2P1/P3PPBP/R2Q1RK1 w - - 4 16,e2e4,-18,-8,-10
r4rk1/pp3qp1/2n1b2p/2p1pp2/4P3/1PBP2P1/P4PBP/R2Q1RK1 w - - 1 17,e4f5,8,26,18
rnbqkbnr/pppppppp/8/8/8/8/PPPPPPPP/RNBQKBNR w KQkq - 0 1,e2e4,35,35,0
r1bqkbnr/pppp1ppp/2n5/4p3/2B1P3/8/PPPP1PPP/RNBQK1NR w KQkq - 2 3,d2d3,34,15,-19
r2qkb1r/ppp3p1/2nppn1p/4p3/4P3/3PBN2/PPP2PPP/RN1Q1RK1 w kq - 0 8,c2c4,38,3,-35
r1q2rk1/ppp1b1p1/2nppn1p/4p3/Q1P1P3/2NPBN2/PP3PPP/R4RK1 w - - 5 11,d3d4,6,-6,-12
r4rk1/1p2b1p1/p1qppn1p/1Np5/Q1P1P3/2N5/PP3PPP/R3R1K1 w - - 0 16,b2b4,-20,-533,513
r4rk1/1p2b1p1/2qppn1p/1p6/1pP1P3/2N5/P1Q2PPP/R3R1K1 w - - 0 18,c4b5,-542,-739,197
2r2rk1/1p2b1p1/4pn1p/1q1p4/4P3/2p1R3/P1Q2PPP/2R3K1 w - - 0 23,e4d5,-719,-723,4
2r2rk1/1p2b1p1/4p2p/1q1n4/8/2p1R3/P1Q2PPP/2R3K1 w - - 0 24,g2g3,-621,-883,262
2r2rk1/1p4p1/4p2p/8/1b6/2n3P1/P5KP/8 w - - 2 31,h2h4,-1178,-10000,8822
2r2rk1/1p4p1/4p2p/8/1b5P/6P1/n5K1/8 w - - 0 32,g3g4,-10000,-10000,0
rnbqkbnr/pppppppp/8/8/8/8/PPPPPPPP/RNBQKBNR w KQkq - 0 1,d2d4,32,21,-11
rnbqkbnr/ppp1pppp/3p4/8/3P4/8/PPP1PPPP/RNBQKBNR w KQkq - 0 2,c2c4,54,30,-24
rnb1qbnr/pppkpppp/3p4/6B1/2PP4/2N2N2/PP2PPPP/R2QKB1R w KQ - 7 6,e2e4,344,343,-1
rnbk1bnr/ppp1pqpp/3p1p2/8/2PPP3/2N2NB1/PP3PPP/R2QKB1R w KQ - 4 9,e4e5,311,264,-47
rnb1kbnr/ppp1pqpp/3p1p2/4P3/2PP4/2N2NB1/PP3PPP/R2QKB1R w KQ - 1 10,e5f6,340,296,-44
rn1qkb1r/ppp1p1pp/3p1n2/8/2PP2bB/2N2N2/PPQ1BPPP/2KR3R w - - 6 15,h2h3,401,411,10
rn1qkb1r/ppp1p1pp/3p1n2/8/2PP3B/2N2b1P/PPQ1BPP1/2KR3R w - - 0 16,g2f3,429,339,-90
rn1qkb1r/p3p1pp/2p2n2/1p6/3P3B/1BN2P1P/PPQ2P2/2KR2R1 w - - 0 20,d4d5,531,529,-2
rnbqkbnr/pppppppp/8/8/8/8/PPPPPPPP/RNBQKBNR w KQkq - 0 1,e2e4,34,30,-4
rnbqkbnr/pp3ppp/2p1p3/3p4/2B1P3/5N2/PPPP1PPP/RNBQK2R w KQkq - 0 4,e4d5,-34,-28,-6
rnbqkb1r/pp3ppp/4pn2/3p4/8/1B3N2/PPPP1PPP/RNBQK2R w KQkq - 2 6,d2d4,2,-2,-4
rnbqkb1r/pp3pp1/4pn1p/3p4/3P4/1B3N2/PPP2PPP/RNBQK2R w KQkq - 0 7,a2a3,4,-12,-16
r4rk1/pp1b1pp1/2nqp2p/3p4/3P4/PB6/1PP2PPP/RN1QR1K1 w - - 0 14,c2c4,10,-239,-249
r4rk1/6p1/1q2p2p/p2p4/1p1P4/P5Q1/1P3PPP/R3R1K1 w - - 0 26,a3b4,2,-29,-31
r5k1/6p1/1q2p2p/3p4/1p1P4/6Q1/1P3PPP/4R1K1 w - - 0 28,h2h3,49,-19,-68
7k/6p1/4Q2p/3p4/1p1q4/7P/1P3PP1/6K1 w - - 1 32,b2b3,0,-69,-69
7k/6p1/7p/2qpQ3/1p6/1P5P/5PPK/8 w - - 5 35,f2f4,0,0,0
8/6pk/7p/2qpQ3/1p3P2/1P5P/6PK/8 w - - 1 36,f4f5,0,-3,-3
8/6pk/3q3p/3p1P2/1p1Q4/1P5P/6PK/8 w - - 3 38,g2g3,-7,-11,4
8/6pk/3q4/3p1P1p/1p1Q4/1P4PP/7K/8 w - - 0 39,h3h4,-1,-14,13
8/8/2q3pk/3p1P1p/1p1Q3P/1P3KP1/8/8 w - - 0 42,f5f6,10000,61,-9939
8/8/4qPpk/3p3p/1p1Q3P/1P3KP1/8/8 w - - 1 43,f6f7,10000,-1,-10001
8/8/4q2k/3p2pp/1Q5P/1P4P1/3K4/8 w - - 0 48,h4g5,12,5,-7
8/8/8/1k5p/2qp4/1P4P1/1K6/8 w - - 0 62,b3c4,-612,-664,52
rnbqkbnr/pppppppp/8/8/8/8/PPPPPPPP/RNBQKBNR w KQkq - 0 1,d2d3,32,-18,-50
rnbqkbnr/pp3ppp/4p3/2pp4/8/3P4/PPP1PPPP/RNBQKBNR w KQkq - 0 4,d3d4,-46,-173,127
rnbqkb1r/pp3ppp/4pn2/2pp4/3P4/8/PPP1PPPP/RNBQKBNR w KQkq - 1 5,d4c5,-87,-177,90
rnbqk2r/pp2bppp/4pn2/2Pp4/8/8/PPP1PPPP/RNBQKBNR w KQkq - 1 6,c5c6,-90,-234,144
rnbqk2r/pp3ppp/2P1pn2/2bp4/8/8/PPP1PPPP/RNBQKBNR w KQkq - 1 7,b2b4,-62,-316,254
rnbqkbnr/pppppppp/8/8/8/8/PPPPPPPP/RNBQKBNR w KQkq - 0 1,e2e4,27,35,8
rnbqkb1r/pp3p1p/2pp1np1/4p3/2B1P3/2N2Q2/PPPP1PPP/R1B1K1NR w KQkq - 2 6,d2d3,-38,-69,31
rnbq1rk1/pp3pb1/2pp1npp/4p3/2B1P3/2NP1Q2/PPP1NPPP/R1B2RK1 w - - 4 9,h2h3,-57,-59,2
rnbq1rk1/5pb1/2pp1npp/pp2p3/4P3/1BNP1Q1P/PPP1NPP1/R1B2RK1 w - - 0 11,a2a3,-55,-61,6
r1bq1rk1/3n1pb1/2pp1npp/pp2p3/4P3/PBNP1Q1P/1PP1NPP1/R1B2RK1 w - - 1 12,g2g4,-64,-148,84
r1b2rk1/3nqpb1/2pp2pp/pp2p3/4P1P1/PBNP2QP/1PP1NP2/R4RK1 w - - 4 17,f2f4,-169,-180,11
r1b2r2/3nqpbk/2pp2pp/pp6/4PNP1/PBNP2QP/1PP5/R4RK1 w - - 1 19,h3h4,-205,-257,52
r1b2r2/4qpbk/2pp2pp/pp2n3/4PNPP/PBNP2Q1/1PP5/R4RK1 w - - 1 20,g4g5,-245,-256,11
r1b2r2/4qp1k/2pp2p1/pp2b1Pp/4PNnP/PB1P2Q1/R1P5/5R1K w - - 2 25,c2c4,-520,-511,-9
r1b2r2/4qp1k/2pp2p1/4b1Pp/p1p1PNnP/P2P2Q1/R1B5/5R1K w - - 0 27,d3c4,-565,-611,46
5r2/4qp1k/2pp4/4b1Pp/p1B1P1nP/P4r2/R7/3R3K w - - 0 33,g5g6,-917,-1287,370
rnbqkbnr/pppppppp/8/8/8/8/PPPPPPPP/RNBQKBNR w KQkq - 0 1,d2d4,30,19,-11
rnbqkbnr/ppppppp1/7p/8/3P4/8/PPP1PPPP/RNBQKBNR w KQkq - 0 2,c2c4,78,38,-40
rnbqkbnr/1pppppp1/8/6Bp/p1PP4/2N2N2/PP2PPPP/R2QKB1R w KQkq - 0 6,a2a3,253,210,-43
rnbqkbnr/1pppp3/5p2/6p1/p1PP3p/P1N2N2/1PQBPPPP/R3KB1R w KQkq - 0 9,e2e3,10000,270,-9730
rnbqkb1r/1pp1p3/3p1p1n/8/p1PP2pp/P1N1P3/1PQB1PPP/2KR1BNR w kq - 2 12,f2f3,288,236,-52
rn1qkb1r/1pp1p3/3p1p1n/5b2/p1PP2pp/P1N1PP2/1PQB2PP/2KR1BNR w kq - 1 13,f3g4,240,-483,-723
rn1qkb1r/1pp1p3/3p1p1n/8/p1PP3p/P1N1PN2/1PKB2PP/3R1B1R w kq - 2 16,h2h3,-393,-443,50
rn2kb1r/1ppqp3/3p1p1n/8/p1PP3p/P1N1PN1P/1PKB2P1/3R1B1R w kq - 1 17,g2g3,-383,-488,105
rn2kb1r/1ppqpn2/3p1p2/8/p1PP3p/P1N1PNPP/1PKB4/3R1B1R w kq - 1 18,g3g4,-360,-448,88
rn2kb1r/1ppqpn2/3p4/5p2/p1PP2Pp/P1N1PN1P/1PKB4/3R1B1R w kq - 0 19,g4f5,-339,-360,21
4r3/1ppkpR2/2np4/8/p1PP3p/P1N1P3/1PKB4/5R2 w - - 3 30,d4d5,746,657,-89
3n4/1ppkp3/3p4/3P4/p1P4p/P1N1P3/1PKB4/5R2 w - - 3 34,e3e4,771,738,-33
8/1ppkpn2/3p4/3P4/p1P1P2p/P1N5/1PKB4/5R2 w - - 1 35,c4c5,873,687,-186
8/1ppkp3/3p4/2PP2n1/p3P2p/P1N5/1PKB4/5R2 w - - 1 36,c5d6,874,825,-49
8/1ppkp3/3P4/3P4/p3P3/P1NKB2q/1P6/8 w - - 6 42,e4e5,-184,-333,149
8/3kp3/1p1p4/1K1PP3/p5q1/P1N1B3/1P6/8 w - - 0 47,e5d6,-214,-271,57
2k5/8/2K5/3P4/N7/P7/1P6/6B1 w - - 5 56,d5d6,1197,1259,62
1k6/8/2KP4/8/N7/P7/1P6/6B1 w - - 1 57,d6d7,10000,10000,0
k7/3P4/2K5/8/N7/P7/1P6/6B1 w - - 1 58,d7d8q,10000,10000,0
rnbqkbnr/pppppppp/8/8/8/8/PPPPPPPP/RNBQKBNR w KQkq - 0 1,e2e4,32,32,0
rnbqkbnr/pp2pppp/3p4/2p5/4P3/5N2/PPPP1PPP/RNBQKB1R w KQkq - 0 3,c2c3,33,-5,-38
r2qkbnr/p3pppp/2pp4/2p5/4P1b1/2P2N2/PP1P1PPP/RNBQK2R w KQkq - 0 6,d2d4,5,4,-1
r2qkbnr/p3pppp/2pp4/8/3pP1b1/2P2N2/PP3PPP/RNBQK2R w KQkq - 0 7,c3d4,4,1,-3
r2qk1nr/p3bppp/2ppp3/8/3PP1b1/2N2N2/PP3PPP/R1BQK2R w KQkq - 2 9,h2h3,-1,-7,6
r2qk1nr/p3bppp/2ppp3/7b/3PP3/2N2N1P/PP3PP1/R1BQK2R w KQkq - 1 10,g2g4,-11,-39,28
r2qk1nr/p3bppp/2ppp1b1/8/3PP1P1/2N2N1P/PP3P2/R1BQK2R w KQkq - 1 11,h3h4,-37,-80,43
r2qk1nr/p3bpp1/2ppp1bp/8/3PP1PP/2N2N2/PP3P2/R1BQK2R w KQkq - 0 12,g4g5,-2,-183,181
r2qk1nr/p3bpp1/2ppp2p/6Pb/3PP2P/2N2N2/PP3P2/R1BQK2R w KQkq - 1 13,g5h6,-82,-145,63
1r1qk2r/p3b1p1/2pppp1n/7b/3PP2P/2N1BN2/PP3P2/R2QK2R w KQk - 2 16,d4d5,-228,-268,40
1r1qk2r/p3b1p1/3ppp1n/3p3b/4P2P/2N1BN2/PP3P2/R2QK2R w KQk - 0 17,e4d5,-264,-233,-31
rnbqkbnr/pppppppp/8/8/8/8/PPPPPPPP/RNBQKBNR w KQkq - 0 1,e2e4,33,31,-2
rnbqkbnr/pppp1ppp/8/4p3/4P3/8/PPPP1PPP/RNBQKBNR w KQkq - 0 2,f2f4,31,-70,-101
rnbqk2r/pppp1ppp/5n2/2b5/4Pp2/2N2N2/PPPP2PP/R1BQKB1R w KQkq - 4 5,d2d4,69,61,-8
rnbq1rk1/ppp2ppp/1b1p1n2/6B1/3PP3/2N2N2/PPP3PP/R2QKB1R w KQ - 0 8,e4e5,161,-39,-200
rnbq1rk1/ppp2ppp/1b3n2/4p1B1/3P4/2N2N2/PPP3PP/R2QKB1R w KQ - 0 9,d4e5,-21,-39,18
7r/p1p3pp/1bp2k2/8/6b1/8/PPPK2PP/4R3 w - - 2 24,h2h3,-749,-773,24
rnbqkbnr/pp1ppppp/8/2p5/8/5N2/PPPPPPPP/RNBQKB1R w KQkq - 0 2,d2d4,35,-11,-46
rnbqkbnr/pp1p1ppp/4p3/2p5/3P4/5N2/PPP1PPPP/RNBQKB1R w KQkq - 0 3,d4d5,42,-8,-50
rnbqkbnr/pppppppp/8/8/8/8/PPPPPPPP/RNBQKBNR w KQkq - 0 1,d2d4,35,19,-16
rnbqkbnr/pppp1ppp/4p3/8/3P4/8/PPP1PPPP/RNBQKBNR w KQkq - 0 2,c2c4,31,25,-6
r1bqk1nr/pppp1ppp/2n1p3/8/2PP4/2b2N2/PP2PPPP/R1BQKB1R w KQkq - 0 5,b2c3,43,48,5
r1bk2nr/pppp2pp/2n2p2/8/2P5/2Q2N2/P3PPPP/R3KB1R w KQ - 0 10,e2e3,647,620,-27
rnbqkbnr/pp1p1ppp/4p3/2p5/8/8/PPPPPPPP/RNBQKBNR w KQkq - 0 3,d2d3,-48,-56,8
r1bq1rk1/pp2bppp/2n1p3/8/3pn3/3P1N2/PPP1PPPP/R2QKB1R w KQ - 0 11,d3e4,-709,-707,-2
r1bq1rk1/pp3ppp/2n5/4p3/1b1pP2N/8/PPP1PPPP/R2QKB1R w KQ - 2 13,c2c3,-958,-934,-24
r1bq1rk1/pp3ppp/2n5/4p3/1b2P2N/2p5/PP2PPPP/R2QKB1R w KQ - 0 14,b2c3,-944,-10000,9056
rnbqkbnr/pppppppp/8/8/8/8/PPPPPPPP/RNBQKBNR w KQkq - 0 1,d2d4,29,22,-7
rnbqkbnr/ppppp1pp/5p2/8/3P4/8/PPP1PPPP/RNBQKBNR w KQkq - 0 2,c2c4,148,66,-82
rnbqk1nr/ppppp3/7b/5pBp/2PP4/2N2N2/PP2PPPP/R2QKB1R w KQkq - 1 6,e2e3,412,381,-31
rnb1k2r/ppp1pN2/8/3q3p/2PP2n1/2N1P3/PP3PPP/R3KB1R w KQ - 0 13,c4d5,373,47,-326
rn2r3/pppbpk2/8/3P3p/3P2n1/2NBP3/PP3PPP/2KR3R w - - 4 16,h2h3,130,122,-8
rn2r3/pppbpk2/5n2/3P3p/3P4/2NBP2P/PP3PP1/2KR3R w - - 1 17,g2g4,138,61,-77
rn2r1n1/pppbpk2/8/3P3p/3P2P1/2NBP2P/PP3P2/2KR3R w - - 1 18,g4h5,261,230,-31
rnbqkbnr/pppppppp/8/8/8/8/PPPPPPPP/RNBQKBNR w KQkq - 0 1,e2e3,29,19,-10
rnbqk2r/pp2bppp/4pn2/2pp4/8/1B2PQ2/PPPP1PPP/RNB1K1NR w KQkq - 4 6,e3e4,-184,-315,131
rnbq1rk1/pp2bppp/4pn2/2pp4/4P3/1B3Q2/PPPP1PPP/RNB1K1NR w KQ - 1 7,e4d5,-263,-363,100
rnbq1rk1/pp2bppp/5n2/2pp4/8/1B3Q2/PPPP1PPP/RNB1K1NR w KQ - 0 8,c2c4,-379,-513,134
rnbq1rk1/pp2bppp/5n2/2p5/2Pp4/1B3Q2/PP1P1PPP/RNB1K1NR w KQ - 0 9,d2d3,-313,-330,17
rnbqkbnr/pppppppp/8/8/8/8/PPPPPPPP/RNBQKBNR w KQkq - 0 1,d2d4,33,23,-10
rnbqkbnr/p1pppppp/1p6/8/3P4/8/PPP1PPPP/RNBQKBNR w KQkq - 0 2,c2c4,97,56,-41
rn1qkbnr/p3pppp/bppp4/6B1/2PP4/2N2N2/PP2PPPP/R2QKB1R w KQkq - 2 6,e2e3,186,145,-41
rn1qkbnr/p3pppp/b1pp4/1p4B1/2PP4/2N1PN2/PP3PPP/R2QKB1R w KQkq - 0 7,c4b5,308,308,0
rnbqkbnr/pppppppp/8/8/8/8/PPPPPPPP/RNBQKBNR w KQkq - 0 1,f2f3,35,-73,-108
rnbqkbnr/pp1ppppp/8/2p5/8/5P2/PPPPP1PP/RNBQKBNR w KQkq - 0 2,e2e3,-49,-58,9
rnbqkbnr/pp1p1ppp/4p3/2p5/8/4PP2/PPPP2PP/RNBQKBNR w KQkq - 0 3,c2c3,-47,-36,-11
rnbqkbnr/pp3ppp/4p3/2pp4/8/2P1PP2/PP1P2PP/RNBQKBNR w KQkq - 0 4,g2g3,-43,-98,55
rnbqkb1r/pp3ppp/4pn2/2pp4/8/2P1PPP1/PP1P3P/RNBQKBNR w KQkq - 1 5,f3f4,-68,-77,9
r2q1rk1/pp2bppp/2n5/4n3/2p2p2/2PpP1PQ/PP1P3P/RNB1KB1R w KQ - 0 17,g3f4,-322,-291,-31
rnbqkbnr/pppppppp/8/8/8/8/PPPPPPPP/RNBQKBNR w KQkq - 0 1,e2e4,28,27,-1
rnbqkbnr/pppppp1p/6p1/8/4P3/8/PPPP1PPP/RNBQKBNR w KQkq - 0 2,d2d4,67,71,4
r1bq1rk1/pp1nppbp/3p1np1/2p5/3PP3/2N1BN2/PPP1BPPP/R2Q1RK1 w - - 0 8,d4c5,98,-16,-114
r1bq1rk1/pp2ppbp/6p1/2p5/4P1n1/2NB1N2/PPP2PPP/R2Q1RK1 w - - 0 11,h2h3,-16,-12,-4
r1bq1rk1/pp2p2p/6p1/2p1bp2/4P3/2NB1Q1P/PPP2PP1/R4RK1 w - - 0 14,e4f5,143,51,-92
3N2k1/4p2p/8/5p2/8/7P/P4bPK/8 w - - 0 26,a2a4,20,22,2
3N2k1/7p/8/4pp2/P7/7P/5bPK/8 w - - 0 27,a4a5,162,201,39
3N2k1/7p/8/P4p2/4p3/7P/5bPK/8 w - - 0 28,a5a6,194,0,-194
6k1/7p/P1N5/2b2p2/4p3/7P/6PK/8 w - - 3 30,a6a7,403,425,22
8/8/8/6K1/8/6kP/8/8 w - - 3 52,h3h4,660,656,-4
8/8/8/6K1/7P/7k/8/8 w - - 1 53,h4h5,639,641,2
rnbqkbnr/pppppppp/8/8/8/8/PPPPPPPP/RNBQKBNR w KQkq - 0 1,d2d4,31,21,-10
rnbqkbnr/ppp1pppp/3p4/8/3P4/8/PPP1PPPP/RNBQKBNR w KQkq - 0 2,c2c4,64,34,-30
rn1qkbnr/pp1bpppp/2pp4/6B1/2PP4/2N2N2/PP2PPPP/R2QKB1R w KQ - 4 6,e2e3,170,155,-15
rnk2bnr/ppqbpppp/2pp4/8/2PP1B2/2NBPN2/PP3PPP/R2QK2R w KQ - 5 9,c4c5,374,376,2
rn2kbnr/ppqb1ppp/2ppp3/2P5/3P1B2/2NBPN2/PPQ2PPP/2KR3R w - - 0 12,e3e4,462,346,-116
rn2k1nr/ppqbbppp/2ppp3/2P5/3PPB2/2NB1N2/PPQ2PPP/2KR3R w - - 1 13,d4d5,367,224,-143
rn3knr/ppqbbppp/2ppp3/2PP4/4PB2/2NB1N2/PPQ2PPP/2KR3R w - - 1 14,d5e6,443,461,18
rn3knr/ppq1bppp/2ppb3/2P5/4PB2/2NB1N2/PPQ2PPP/2KR3R w - - 0 15,c5d6,485,314,-171
rn3knr/pp3ppp/2pqb3/8/4P3/2NB1N2/PPQ2PPP/2KR3R w - - 0 17,e4e5,315,307,-8
rn3knr/pp2q1pp/2p2p2/4P3/8/5N2/PPQ2PPP/2KR3R w - - 0 22,e5f6,249,227,-22
rnbqkbnr/pppppppp/8/8/8/8/PPPPPPPP/RNBQKBNR w KQkq - 0 1,d2d4,40,24,-16
rnbqkbnr/ppp1pppp/8/3p4/3P4/8/PPP1PPPP/RNBQKBNR w KQkq - 0 2,c2c4,28,27,-1
rnbqkb1r/ppp1pppp/5n2/8/2pP4/2N5/PP2PPPP/R1BQKBNR w KQkq - 2 4,e2e3,20,23,3
rnbqkb1r/ppp2ppp/4pn2/8/2pP4/2N1P3/PP3PPP/R1BQKBNR w KQkq - 0 5,a2a3,27,-12,-39
rnbq1rk1/ppp2ppp/3bpn2/8/2BP4/P1N1P3/1P3PPP/R1BQK1NR w KQ - 1 7,h2h3,33,4,-29
r2q1rk1/pbpn1ppp/1p1bpn2/8/2BP4/P1N1PN1P/1P3PP1/R1BQ1RK1 w - - 4 10,d4d5,13,-76,-89
r2q1rk1/pbp2ppp/1p1bpn2/2nP4/2B5/P1N1PN1P/1P3PP1/R1BQ1RK1 w - - 1 11,b2b4,77,85,8
r2q1rk1/pbp2ppp/1p1bp3/3P4/1PB1n3/P3PN1P/5PP1/R1BQ1RK1 w - - 0 13,d5e6,68,78,10
r2q3k/pbp3pp/1p1bB3/8/1P1Qn3/P3Pr1P/5PP1/R1B2RK1 w - - 0 16,g2f3,-401,-540,139
rnbqkbnr/pppppppp/8/8/8/8/PPPPPPPP/RNBQKBNR w KQkq - 0 1,d2d4,31,26,-5
rnbqkbnr/pppp1ppp/8/4p3/3P4/8/PPP1PPPP/RNBQKBNR w KQkq - 0 2,f2f4,132,-107,-239
rnbqk2r/pp1p1ppp/3p1n2/8/3P4/5N2/PPP1P1PP/RN1QKB1R w KQkq - 2 6,e2e3,129,66,-63
rnbqk2r/pp3ppp/3p1n2/3p4/3P4/3BPN2/PPP3PP/RN1QK2R w KQkq - 0 8,c2c3,88,-12,-100
r1bqk2r/pp3ppp/2np1n2/3p4/3P4/2PBPN2/PP4PP/RN1QK2R w KQkq - 1 9,a2a4,5,-15,-20
r3k2r/pp2qppp/2np4/3p4/P2Pn1b1/2PBPN2/1PQ3PP/RN3RK1 w kq - 5 12,h2h3,97,-21,-118
r3k2r/pp2qppp/2np4/3p3b/P2Pn3/2PBPN1P/1PQ3P1/RN3RK1 w kq - 1 13,b2b4,-16,-53,37
r4rk1/pp2qppp/2np4/3p3b/PP1Pn3/2PBPN1P/2Q3P1/RN3RK1 w - - 1 14,a4a5,-63,-103,40
6k1/1p4pp/p2p2r1/P7/1P1Pp2n/2P1P2P/3N1KP1/R7 w - - 2 26,g2g4,325,255,-70
rnbqkbnr/pppppppp/8/8/8/8/PPPPPPPP/RNBQKBNR w KQkq - 0 1,e2e4,28,24,-4
rnbqkbnr/ppp1pppp/8/3p4/4P3/8/PPPP1PPP/RNBQKBNR w KQkq - 0 2,e4d5,65,66,1
r1bqkb1r/p1p1pppp/1pn2n2/8/2B5/2N2N2/PPPP1PPP/R1BQ1RK1 w kq - 0 7,d2d3,180,47,-133
r2qkb1r/pbp2ppp/1pn1pn2/8/2B2B2/2NP1N2/PPP2PPP/R2Q1RK1 w kq - 0 9,h2h3,18,-21,-39
2kr3r/pbp2pp1/1pnqpn1p/8/2B5/3PQN1P/PPP2PP1/R3R1K1 w - - 2 15,a2a3,-566,-559,-7
2kr3r/pbp2p2/1pnqpn1p/6p1/2B5/P2PQN1P/1PP2PP1/R3R1K1 w - - 0 16,b2b4,-540,-574,34
2kr3r/pbp2p2/1pnqpn1p/8/1PB3p1/P2PQN1P/2P2PP1/R3R1K1 w - - 0 17,h3g4,-575,-597,22
2kr2r1/pbp2p2/1pnqp2p/8/1PB1Q1n1/P2P1N2/2P2PP1/R3R1K1 w - - 2 19,g2g3,-646,-661,15
rnbqkbnr/pppppppp/8/8/8/8/PPPPPPPP/RNBQKBNR w KQkq - 0 1,e2e3,27,11,-16
rnbqkbnr/5ppp/p3p3/1ppp4/8/1B2P3/PPPPQPPP/RNB1K1NR w KQkq - 0 6,c2c3,-110,-120,10
r1bq1rk1/4bppp/p1n2n2/1p1pp3/2p5/2P1P3/PPQPBPPP/RNB1K1NR w KQ - 0 12,d2d3,-325,-328,3
5rk1/5ppp/p7/8/2p1pq2/2P5/PP2QPP1/3R1K2 w - - 0 31,g2g3,1,-28,-29
5rk1/5ppp/p6q/8/2p1p3/2P3P1/PP2QP2/3R1K2 w - - 1 32,f2f3,22,-569,-591
1r4k1/5ppp/Q7/1q6/4p3/K1P5/PP6/8 w - - 5 41,b2b3,-798,-10000,9202
1r4k1/5ppp/8/8/4p3/1PPq4/PK6/8 w - - 2 43,a2a3,-10000,-10000,0
1r4k1/5ppp/8/8/8/PPPqp3/1K6/8 w - - 0 44,c3c4,-10000,-10000,0
1r4k1/5ppp/8/8/2P5/PP1q4/1K2p3/8 w - - 0 45,b3b4,-10000,-10000,0
1r4k1/5ppp/8/8/1PP5/P2q4/1K6/4q3 w - - 0 46,c4c5,-10000,-10000,0
rnbqkbnr/pppppppp/8/8/8/8/PPPPPPPP/RNBQKBNR w KQkq - 0 1,e2e4,28,25,-3
rnbqkbnr/ppp2ppp/4p3/3p4/4P3/2N5/PPPP1PPP/R1BQKBNR w KQkq - 0 3,e4d5,33,15,-18
r2qr1k1/p3bppp/p1p2n2/3p4/3N2b1/1Q3N2/PPPP1PPP/R1B2RK1 w - - 2 12,h2h3,74,-6,-80
1r1qr1k1/p3bppp/p4n2/2pp1N2/8/5Q1P/PPPP1PP1/R1B2RK1 w - - 2 15,d2d3,74,90,16
1r2r1k1/p3bppp/pq3n2/2pp1N2/8/3P1Q1P/PPP2PP1/R1B2RK1 w - - 1 16,b2b3,163,189,26
8/1Q3pk1/p5p1/2p5/3p4/1P1P3P/P1r2rPK/8 w - - 0 32,a2a3,-333,-479,146
8/5p2/p5p1/2p1k3/3p4/PP1P1K1P/8/8 w - - 3 36,h3h4,-248,-465,217
8/8/p4pp1/2p1k3/3p3P/PP1P1K2/8/8 w - - 0 37,a3a4,-462,-509,47
8/8/p4pp1/2p2k2/P2p3P/1P1P1K2/8/8 w - - 1 38,a4a5,-416,-464,48
rnbqkbnr/pppppppp/8/8/8/8/PPPPPPPP/RNBQKBNR w KQkq - 0 1,e2e4,30,31,1
r1bqkbnr/ppp2ppp/2np4/4p3/4P3/5N2/PPPPBPPP/RNBQK2R w KQkq - 0 4,d2d3,43,6,-37
r2qk2r/ppp2ppp/2np1b2/4p3/4P1b1/3P1N2/PPP1BPPP/RN1Q1RK1 w kq - 0 8,h2h3,-24,-19,-5
r2qk2r/ppp2ppp/3p1b2/4p3/3nP3/3P1B1P/PPP2PP1/RN1Q1RK1 w kq - 1 10,c2c3,-1,4,5
r2qk2r/pp3ppp/2pp1b2/4p3/4P3/2PP1Q1P/PP3PP1/RN3RK1 w kq - 0 12,d3d4,6,-155,-161
r2qk2r/pp3ppp/2pp1b2/8/3pP3/2P2Q1P/PP3PP1/RN3RK1 w kq - 0 13,c3d4,-137,-153,16
rnbqkbnr/pppppppp/8/8/8/8/PPPPPPPP/RNBQKBNR w KQkq - 0 1,e2e4,34,30,-4
rnbqkbnr/pppp1ppp/8/4p3/4P3/8/PPPP1PPP/RNBQKBNR w KQkq - 0 2,c2c4,33,-40,-73
rnb1kbnr/pppp1ppp/8/4p3/2P1P2q/8/PP1P1PPP/RNBQKBNR w KQkq - 1 3,d2d3,74,6,-68
rnb1k2r/pppp1ppp/5n2/4p3/1bP1P2q/3P4/PP1N1PPP/R1BQKBNR w KQkq - 3 5,a2a3,98,69,-29
rnbqkbnr/pppppppp/8/8/8/8/PPPPPPPP/RNBQKBNR w KQkq - 0 1,d2d4,34,21,-13
rnbqkbnr/pppp1ppp/4p3/8/3P4/8/PPP1PPPP/RNBQKBNR w KQkq - 0 2,c2c4,28,24,-4
rnbqkbnr/pppppppp/8/8/8/8/PPPPPPPP/RNBQKBNR w KQkq - 0 1,e2e4,29,22,-7
rnbqkbnr/pppp1ppp/4p3/8/4P3/8/PPPP1PPP/RNBQKBNR w KQkq - 0 2,e4e5,29,-21,-50
rnbqkbnr/pppp2pp/4pp2/4P3/8/8/PPPP1PPP/RNBQKBNR w KQkq - 0 3,e5f6,74,-20,-94
rnbq1bnr/ppppk2p/4pp2/7Q/8/8/PPPP1PPP/RNB1KBNR w KQ - 2 5,b2b3,95,42,-53
rnbqkbnr/pppppppp/8/8/8/8/PPPPPPPP/RNBQKBNR w KQkq - 0 1,d2d4,22,24,2
rnbqkbnr/pp1p1ppp/4p3/8/3p4/8/PPPBPPPP/RN1QKBNR w KQkq - 0 4,e2e3,-138,-157,19
rnbqkbnr/pp1p1ppp/8/4p3/3p4/4P3/PPPB1PPP/RN1QKBNR w KQkq - 0 5,e3d4,-47,-40,-7
r3k2r/pp3ppp/3bbq2/3p4/3p4/8/PPP1QPPP/RN2KB1R w KQkq - 2 13,c2c3,-233,-483,250
r4rk1/pp3ppp/3bbq2/3p4/3p4/2P5/PP2QPPP/RN2KB1R w KQ - 1 14,c3d4,-503,-663,160
r4rk1/pp3ppp/3bb3/3p1q2/8/8/P2N1PPP/1R1QKB1R w K - 4 18,g2g3,-379,-550,171
rnbqkbnr/pppppppp/8/8/8/8/PPPPPPPP/RNBQKBNR w KQkq - 0 1,e2e4,23,27,4
rnbqkbnr/pppp1ppp/4p3/8/4P3/8/PPPP1PPP/RNBQKBNR w KQkq - 0 2,e4e5,28,-23,-51
rnbqkbnr/pppp1p1p/4p1p1/4P3/8/8/PPPP1PPP/RNBQKBNR w KQkq - 0 3,d2d4,70,73,3
r1bqk1nr/ppp2pbp/2n1p1p1/4p3/3P4/3B1N2/PPP2PPP/RNBQ1RK1 w kq - 0 7,d4e5,14,22,8
r1bq1rk1/ppp1n1bp/2n1ppp1/4P3/5B2/2NB1N2/PPP2PPP/R2Q1RK1 w - - 0 10,e5f6,154,155,1
rnbqkbnr/pppppppp/8/8/8/8/PPPPPPPP/RNBQKBNR w KQkq - 0 1,e2e4,25,26,1
rnbqkbnr/pp1p1ppp/2p1p3/8/2B1P3/8/PPPP1PPP/RNBQK1NR w KQkq - 0 3,e4e5,5,-11,-16
rnbqkbnr/pp1p1p1p/2p1p1p1/4P3/2B5/8/PPPP1PPP/RNBQK1NR w KQkq - 0 4,d2d4,100,93,-7
rnbqk1nr/pp1p1pbp/2p1p1p1/4P3/2BP4/8/PPP2PPP/RNBQK1NR w KQkq - 1 5,h2h3,131,22,-109
rnbqk2r/pp1pnpbp/2p1p1p1/4P3/2BP4/7P/PPP2PP1/RNBQK1NR w KQkq - 1 6,f2f3,69,-108,-177
rnbq1rk1/pp1pn1bp/2p1ppp1/4P3/2BP4/5P1P/PPP1N1P1/RNBQK2R w KQ - 0 8,e5f6,-43,-47,4
rnb2k2/pp2n2p/2p1pbp1/3p4/5q2/1B3P1P/P1P2RP1/1R1Q2K1 w - - 0 17,g2g3,-734,-780,46
rnbqkbnr/pppppppp/8/8/8/8/PPPPPPPP/RNBQKBNR w KQkq - 0 1,d2d4,33,21,-12
rnbqkbnr/pppp1ppp/8/4p3/3P4/8/PPP1PPPP/RNBQKBNR w KQkq - 0 2,c2c4,125,-18,-143
rnbqk1nr/pppp1ppp/3b4/4p3/2PP4/8/PP2PPPP/RNBQKBNR w KQkq - 1 3,d4d5,42,5,-37
rn2k1nr/pppbq1pp/3p1p2/2bPp3/2P5/2N2N2/PP1BPPPP/R2QKB1R w KQkq - 2 8,e2e3,64,18,-46
rnbqkbnr/pppppppp/8/8/8/8/PPPPPPPP/RNBQKBNR w KQkq - 0 1,e2e4,30,31,1
rnbqkbnr/pp3ppp/4p3/2pp4/2B1P3/8/PPPP1PPP/RNBQK1NR w KQkq - 0 4,e4d5,-56,-58,2
rnbqkb1r/pp3ppp/5n2/2pp4/8/1B6/PPPP1PPP/RNBQK1NR w KQkq - 2 6,d2d4,-78,-79,1
r1bq1rk1/pp2bppp/2n2n2/2pp4/3P4/1B1Q4/PPPB1PPP/RN2K1NR w KQ - 5 9,c2c4,-310,-502,192
rnbqkbnr/pppppppp/8/8/8/8/PPPPPPPP/RNBQKBNR w KQkq - 0 1,e2e4,33,34,1
rnbqk1nr/ppp1ppbp/3p2p1/8/2B1P3/5N2/PPPP1PPP/RNBQK2R w KQkq - 0 4,c2c3,41,16,-25
rnbqk1nr/ppp2pbp/3p2p1/4p3/2B1P3/2P2N2/PP1P1PPP/RNBQK2R w KQkq - 0 5,d2d4,61,62,1
rnbqk1nr/ppp2pbp/3p2p1/8/2BpP3/2P2N2/PP3PPP/RNBQK2R w KQkq - 0 6,c3d4,102,106,4
r1b5/ppp1kBb1/2np1np1/6Nr/3PP3/8/PP3PPP/R2QK2R w KQ - 1 13,h2h4,532,512,-20
r7/ppp1kBb1/2np1np1/6Nr/3PP1bP/8/PP3PP1/R2QK2R w KQ - 1 14,f2f3,422,399,-23
r7/pppbk1b1/2np1nBr/6N1/3PP2P/5P2/PP4P1/R2QK2R w KQ - 1 16,h4h5,519,507,-12
2k2r2/ppp3b1/3p1n2/5b1P/4P3/5P2/PP1Q2P1/R3K2R w KQ - 0 22,e4f5,753,761,8
2k2r2/pppn2b1/3p4/5P1P/8/5P2/PP1Q2P1/R3K2R w KQ - 1 23,g2g4,770,700,-70
2k1r3/ppp3b1/2np4/5P1P/5QP1/5P2/PP6/2KR3R w - - 5 26,h5h6,752,774,22
2k1r2b/ppp5/2np3P/5P2/5QP1/5P2/PP6/2KR3R w - - 1 27,g4g5,784,768,-16
2k4b/ppp5/2np3P/4rPP1/5Q2/5P2/PP1R4/2K4R w - - 3 29,g5g6,864,872,8
2k4b/ppp5/3p2PP/3n1P2/2R5/5P2/PP6/1K5R w - - 2 34,g6g7,885,911,26
rnbqkbnr/pppppppp/8/8/8/8/PPPPPPPP/RNBQKBNR w KQkq - 0 1,d2d4,33,23,-10
rnbqkbnr/pppp1ppp/8/4p3/3P4/8/PPP1PPPP/RNBQKBNR w KQkq - 0 2,c2c4,121,-20,-141
rnbqkbnr/ppp2ppp/8/3pp3/2PP4/8/PP2PPPP/RNBQKBNR w KQkq - 0 3,c4d5,64,7,-57
rnbqk1nr/ppp2ppp/3b4/3Pp3/3P4/8/PP2PPPP/RNBQKBNR w KQkq - 1 4,d4e5,161,165,4
rn1qk1nr/pppb3p/3b1p2/3P2p1/8/2N2N2/PP1BPPPP/R2QKB1R w KQkq - 0 9,e2e3,363,331,-32
r2q1rk1/pp5p/2nb4/5b2/6p1/2B1P3/PPQ2PPP/1K1R2NR w - - 0 19,e3e4,-311,-286,-25
r2q1rk1/pp5p/2nb2b1/8/4P1p1/2B5/PPQ2PPP/1K1R2NR w - - 1 20,e4e5,-288,-739,451
rnbqkbnr/pppppppp/8/8/8/8/PPPPPPPP/RNBQKBNR w KQkq - 0 1,d2d4,34,27,-7
rnbqkbnr/pp2pppp/3p4/2p5/3P4/5N2/PPP1PPPP/RNBQKB1R w KQkq - 0 3,e2e3,124,42,-82
rnbqkbnr/pp2pppp/3p4/8/3p4/4PN2/PPP2PPP/RNBQKB1R w KQkq - 0 4,e3d4,46,43,-3
r1bqkbnr/pp4pp/2np1p2/4p3/3P4/5N2/PPP1BPPP/RNBQ1RK1 w kq - 0 7,d4e5,181,44,-137
r1b1kbnr/pp4pp/3p1q2/4p3/8/8/PPP1BPPP/RNBQR1K1 w kq - 2 10,c2c4,317,307,-10
r7/4bk2/p2p1qp1/4p2p/8/4B2Q/PP3PPP/2R1R1K1 w - - 0 22,g2g3,687,660,-27
1r6/4bk2/p2p1qp1/4p2p/8/4B1PQ/PP3P1P/2R1R1K1 w - - 1 23,b2b3,652,630,-22
1r6/4b1k1/p2p2p1/3Qp2p/6q1/1P2B1P1/P4P1P/2R1R1K1 w - - 5 26,f2f4,736,622,-114
rnbqkbnr/pppppppp/8/8/8/8/PPPPPPPP/RNBQKBNR w KQkq - 0 1,d2d4,25,21,-4
rnbqkb1r/pppppppp/5n2/8/3P4/8/PPP1PPPP/RNBQKBNR w KQkq - 1 2,c2c4,23,24,1
rnbqk2r/ppppppbp/5np1/8/2PP4/2N5/PP2PPPP/R1BQKBNR w KQkq - 2 4,a2a3,48,-32,-80
rnbq1rk1/ppppppbp/5np1/8/2PP4/P1N5/1P2PPPP/R1BQKBNR w KQ - 1 5,e2e3,25,-41,-66
rnbq1rk1/ppp1ppbp/3p1np1/8/2PP4/P1N1P3/1P3PPP/R1BQKBNR w KQ - 0 6,h2h3,-4,-9,5
r2qnrk1/1ppbp1bp/p1np2p1/5p2/2PP4/P1N1P2P/1P2BPPN/R1BQ1RK1 w - - 0 11,e3e4,36,-120,-156
r2q2k1/1pp1p1bp/p1np1rp1/5b2/2PP4/P4B1P/1P3PPN/R1BQ1RK1 w - - 0 15,d4d5,155,43,-112
r2q2k1/1p2p1bp/p1pp1rp1/3Pnb2/2P5/P6P/1P2BPPN/R1BQ1RK1 w - - 0 17,d5c6,60,45,-15
r2q2k1/4p1bp/p1pp1rp1/4nb2/2P5/P6P/1P2BPPN/R1BQ1RK1 w - - 0 18,b2b3,45,12,-33
rnbqkbnr/pppppppp/8/8/8/8/PPPPPPPP/RNBQKBNR w KQkq - 0 1,b2b3,30,-26,-56
rnbqkbnB/pppp3p/4ppp1/8/8/1P6/P1PPPPPP/RN1QKBNR w KQq - 0 4,g2g3,457,375,-82
rnb1k3/pppp1n1p/4pqp1/8/1b6/1PN3P1/P1PPPPBP/R2QK1NR w KQq - 2 8,a2a3,353,225,-128
rnb1k3/pppp1n1p/4pqp1/8/8/PPb3P1/2PPPPBP/R2QK1NR w KQq - 0 9,d2c3,246,252,6
r1b1k3/pppp3p/2q1p1p1/4n3/8/PP4PN/2P1PP1P/R2Q1K1R w q - 0 13,f2f3,185,198,13
r1b1k3/p1pp3p/1p2p1p1/1q2n3/8/PP3PPN/2P1PK1P/R2Q3R w q - 0 15,a3a4,310,104,-206
r1b1k3/p1pp3p/1p2p1p1/2q1n3/P7/1P3PPN/2P1PK1P/R2Q3R w q - 1 16,e2e3,77,-186,-263
r3k3/pbpp3p/1pq1p1p1/4n3/P7/1P2PPPN/2PQ1K1P/R6R w q - 3 18,b3b4,-197,-10000,9803
r3k3/p1pp3p/1p2p1p1/4n3/PP2b1q1/4P1P1/2PK4/R3Q3 w q - 4 24,c2c4,-784,-881,97
rnbqkbnr/pppppppp/8/8/8/8/PPPPPPPP/RNBQKBNR w KQkq - 0 1,e2e4,30,28,-2
rnbqkbnr/pp1ppppp/8/2p5/4P3/8/PPPP1PPP/RNBQKBNR w KQkq - 0 2,c2c3,37,29,-8
rnbqkbnr/pp3ppp/3p4/2p1p2Q/4P3/2P5/PP1P1PPP/RNB1KBNR w KQkq - 0 4,d2d4,-20,-86,66
r2qkb1r/pp3ppp/2np1n2/2p1p3/3PP1b1/2PQ4/PP3PPP/RNB1KBNR w KQkq - 5 7,d4d5,98,106,8
r2qkb1r/1p1b3p/p2p1p2/2pPpnp1/4Q3/2P1B3/PP1N1PPP/R3KBNR w KQkq - 0 14,g2g4,326,364,38
r2qkb1r/1p1b3p/p2p1p2/2pPp1p1/4Q1P1/2P1n3/PP1N1P1P/R3KBNR w KQkq - 0 15,f2e3,391,406,15
r3k2r/3bb2p/p2p1p2/1p1Pp1p1/2p1Q1P1/2P1P3/1P1N3P/qBKR2NR w kq - 2 21,b2b4,173,-427,-600
r3k2r/3bb2p/3p1p2/1p1Pp1p1/pqp1Q1P1/4P3/2B1N2P/1NKR3R w kq - 0 25,h2h3,-249,-291,42
4k2r/3bb2p/3p1p2/3Pp1p1/1pp3P1/4P2P/2K1N3/rB1R1R2 w k - 0 32,e3e4,-486,-593,107
1r6/6k1/1b1p1p2/3Ppbp1/6P1/2N4P/2K5/R7 w - - 0 44,g4f5,-63,-63,0
8/8/3R4/3PpP2/3bN1p1/3K3k/1r6/8 w - - 0 51,f5f6,239,305,66
8/8/3R1P2/3Pp3/3bN3/3K2pk/1r6/8 w - - 0 52,f6f7,355,365,10
8/5P2/6R1/3Pp3/2K5/2b3p1/6k1/8 w - - 0 57,f7f8q,852,867,15
rnbqkbnr/pppppppp/8/8/8/8/PPPPPPPP/RNBQKBNR w KQkq - 0 1,d2d4,35,25,-10
rnbqkbnr/pp1ppppp/8/2p5/3P4/8/PPP1PPPP/RNBQKBNR w KQkq - 0 2,d4c5,70,16,-54
rnbqk2r/pp1pbppp/4pn2/8/5B2/3Q4/PPP1PPPP/RN2KBNR w KQkq - 4 6,e2e4,-69,-79,10
r1bqr1k1/pp3ppp/2n1p3/3p2b1/4n3/4B3/PPP1BPPP/RN2QKNR w - - 2 12,f2f3,-388,-550,162
r1bqr1k1/pp3ppp/2n1p3/3p4/4n3/4bP2/PPP1B1PP/RN2QKNR w - - 0 13,f3e4,-602,-603,1
r1b1r1k1/pp3ppp/4p3/3p4/4P3/2q1bB2/PPP3PP/RN3K1R w - - 0 17,b2c3,-241,-383,142
r1b1r1k1/pp3ppp/4p2b/3p4/4P3/2P2B2/P1P3PP/RN3K1R w - - 1 18,g2g4,-286,-383,97
r1b1r1k1/pp3p1p/4p1pb/3p4/4P1P1/2P2B2/P1P4P/RN3K1R w - - 0 19,h2h3,-361,-390,29
rnbqkbnr/pppppppp/8/8/8/8/PPPPPPPP/RNBQKBNR w KQkq - 0 1,e2e4,31,29,-2
r1bqkbnr/pppp1ppp/2n5/4p3/2B1P3/8/PPPP1PPP/RNBQK1NR w KQkq - 2 3,d2d3,23,20,-3
r1bqk1nr/ppp2ppp/2np4/2b1p3/2B1P3/3P1N2/PPP2PPP/RNBQK2R w KQkq - 0 5,h2h3,21,-21,-42
r2qk1nr/ppp2ppp/2np4/2b1p3/2B1P1b1/3P1N1P/PPP2PP1/RNBQK2R w KQkq - 1 6,h3g4,524,517,-7
2kr3r/ppp2pp1/2np1q1p/2b1p3/2B1P1P1/2NP1N2/PPP2PP1/R2QK2R w KQ - 2 10,b2b4,559,55,-504
2kr3r/pp3pp1/2pp1q1p/8/1PBnP1P1/2pPQ3/P1P2PP1/2KR3R w - - 0 15,f2f4,-135,-209,74
2kr3r/p4pp1/2pp1q1p/np6/1P2PPP1/2pPQ3/P1P3P1/1K1R3R w - - 2 18,g4g5,70,-123,-193
2kr3r/p4pp1/2pp1q2/np4p1/1P2PP2/2pPQ3/P1P3P1/1K1R3R w - - 0 19,f4g5,41,-211,-252
2k4r/p4pp1/2pp4/np2q1P1/1P2P3/2pPQ3/P1P3P1/1K1R4 w - - 0 21,g5g6,118,-260,-378
2k4r/p5p1/2pp2p1/np2q3/1P2P3/2pPQ3/P1P3P1/1K1R4 w - - 0 22,d3d4,-87,-489,402
2k4r/p5p1/2ppq1p1/1p6/1PnPP3/2Q5/P1P3P1/1K1R4 w - - 1 24,d4d5,-420,-514,94
2k4r/p5p1/3pq1p1/1p1p4/1Pn1P3/2Q5/P1P3P1/1K1R4 w - - 0 25,e4d5,-486,-549,63
rnbqkbnr/pppppppp/8/8/8/8/PPPPPPPP/RNBQKBNR w KQkq - 0 1,e2e4,32,35,3
rnbqkbnr/pppp1ppp/8/4p3/4P3/8/PPPP1PPP/RNBQKBNR w KQkq - 0 2,d2d3,33,-14,-47
rnb1k1nr/pppp1ppp/5q2/4p3/4P3/2NPb3/PPP2PPP/R2QKBNR w KQkq - 0 5,f2e3,21,25,4
rnb1k2r/pppp1ppp/5q1n/4p3/4P3/2NPP3/PPP3PP/R2QKBNR w KQkq - 1 6,d3d4,67,70,3
rnb1k2r/pppp1ppp/5q1n/8/3pP3/2N1P3/PPP3PP/R2QKBNR w KQkq - 0 7,e3d4,108,143,35
Nn1k3r/pp3ppp/3p3n/8/3PP2q/8/PPP3PP/3RKB1R w K - 1 13,g2g3,-600,-787,187
Nn1k3r/pp3ppp/3p3n/8/3P4/6P1/PPP4q/3RKB2 w - - 0 16,d4d5,-923,-10000,9077
rnbqkbnr/pppppppp/8/8/8/8/PPPPPPPP/RNBQKBNR w KQkq - 0 1,d2d4,32,26,-6
rnbqkbnr/ppp1pppp/3p4/8/3P4/8/PPP1PPPP/RNBQKBNR w KQkq - 0 2,c2c4,49,31,-18
rnbqkbnr/ppp3pp/3p1p2/4p3/2PP4/2N2N2/PP2PPPP/R1BQKB1R w KQkq - 0 5,e2e3,164,137,-27
rn1qkbnr/ppp3pp/4b3/3p1p2/2PPp3/2N1P3/PPQB1PPP/R3KBNR w KQkq - 0 9,c4d5,234,245,11
rn1qk1nr/ppp1bbpp/8/3P1p2/3Pp3/2N1P3/PPQB1PPP/2KR1BNR w kq - 3 11,f2f3,247,203,-44
rn1qk1nr/ppp1b1pp/8/3b1p2/3Pp3/2N1PP2/PPQB2PP/2KR1BNR w kq - 0 12,f3e4,277,262,-15
rn2k2r/ppp1b1pp/8/3q4/3P4/3QP3/PP1B2PP/2KR2NR w kq - 0 18,e3e4,216,33,-183
rn1q1r1k/ppp3pp/8/4b3/2QPP3/8/PP1B2PP/2KR1R2 w - - 2 23,d4e5,239,218,-21
r2q3k/3n1Rpp/p7/1pp1P3/4P3/1QB5/PP4PP/2K5 w - - 2 28,e5e6,455,515,60
r6k/5R1p/p3Pp2/1ppq4/4P3/8/PP4PP/2K5 w - - 0 31,e4d5,535,559,24
6rk/5R1p/p3Pp2/1ppP4/8/8/PP4PP/2K5 w - - 1 32,e6e7,780,820,40
5Rrk/4P2p/p4p2/1ppP4/8/8/PP5P/2K5 w - - 2 34,e7e8q,10000,10000,0
rnbqkbnr/pppppppp/8/8/8/8/PPPPPPPP/RNBQKBNR w KQkq - 0 1,e2e4,31,26,-5
rnbqkbnr/pp3ppp/4p3/2pp4/4P3/8/PPPPBPPP/RNBQ1KNR w kq - 0 4,d2d3,-99,-109,10
rnbq1rk1/pp2bppp/4pn2/2pp4/4P3/3PB3/PPP1BPPP/RN2QKNR w - - 5 7,f2f3,-191,-202,11
r1bq1rk1/pp2bppp/2n1pn2/2p5/3pP3/3P1P2/PPP1BBPP/RN2QKNR w - - 2 9,c2c3,-165,-217,52
r1bq1rk1/pp2bppp/2n2n2/2p1p3/3pP3/2PP1P2/PP2BBPP/RN2QKNR w - - 0 10,c3d4,-194,-259,65
r1bq1rk1/pp2bppp/5n2/2p1n3/3pP3/3P1P2/PP1NBBPP/R3QKNR w - - 2 12,f3f4,-125,-135,10
r1bq1rk1/pp2bppp/2n2n2/8/2ppPP2/3P1N2/PP1NBBPP/R3QK1R w - - 0 14,e4e5,25,-212,-237
rnbqkbnr/pppppppp/8/8/8/8/PPPPPPPP/RNBQKBNR w KQkq - 0 1,e2e4,26,22,-4
rnbqk1nr/ppp2ppp/3p4/2b1p3/2B1P3/5N2/PPPP1PPP/RNBQK2R w KQkq - 0 4,d2d3,53,13,-40
r1bqk2r/ppp2ppp/2np1n2/2b1p3/2B1P3/3P1N2/PPP2PPP/RNBQ1RK1 w kq - 3 6,h2h3,18,14,-4
r1bq1rk1/ppp2ppp/2np1n2/2b1p3/2B1P3/3P1N1P/PPP2PP1/RNBQ1RK1 w - - 1 7,c2c3,24,22,-2
r1bq1rk1/ppp2pp1/3p1n1p/2b1p3/2BnP3/2PPBN1P/PP3PP1/RN1Q1RK1 w - - 2 9,c3d4,398,432,34
r1bq1rk1/1pp2pp1/p2p1n1p/2b5/2BpP3/3P1N1P/PP1B1PP1/RN1Q1RK1 w - - 0 11,b2b4,430,424,-6
r1bq1rk1/1pp2pp1/pb1p1n1p/8/1PBpP3/3P1N1P/P2B1PP1/RN1Q1RK1 w - - 1 12,a2a4,426,410,-16
r1bq1rk1/1pp2pp1/1b1p1n1p/p7/PPBpP3/3P1N1P/3B1PP1/RN1Q1RK1 w - - 0 13,b4b5,421,410,-11
r2q1rk1/2p2pp1/1p1p1n1p/pPbb4/P2pP3/3P1N1P/1B3PP1/RN1Q1RK1 w - - 0 17,e4d5,337,335,-2
r2qr1k1/2p2pp1/1p1p3p/pPbn4/P2p4/3P3P/1B3PPN/RN1Q1RK1 w - - 2 19,f2f4,277,25,-252
rnbqkbnr/pppppppp/8/8/8/8/PPPPPPPP/RNBQKBNR w KQkq - 0 1,e2e4,26,27,1
r1b1qk1N/pp4pp/2p2n2/3pp3/1bBnP3/3Q4/PPPP1PPP/RNB2RK1 w - - 0 12,e4d5,212,38,-174
r1b1qk1N/pp4pp/5n2/1n1pp3/1b6/3Q4/PPPP1PPP/RNB2RK1 w - - 0 14,c2c3,-279,-307,28
r1b1qk1N/pp4pp/5n2/bn1pp3/8/2PQ4/PP1P1PPP/RNB2RK1 w - - 1 15,b2b4,-217,-303,86
r1b1q2N/ppb1k1pp/5n2/1n1pp3/1P6/2PQ4/PB1P1PPP/RN2R1K1 w - - 5 18,c3c4,173,161,-12
r6q/ppb1R2p/2k2p2/3N4/1Ppn4/8/P2PQPPP/1R4K1 w - - 10 29,b4b5,10000,523,-9477
r6q/ppR4p/2n2p2/1Pk5/2p2Q2/8/P2P1PPP/1R4K1 w - - 5 34,b5c6,10000,10000,0
rnbqkbnr/pppppppp/8/8/8/8/PPPPPPPP/RNBQKBNR w KQkq - 0 1,c2c4,26,10,-16
rnbqkbnr/pppp1ppp/8/4p3/2P5/8/PP1PPPPP/RNBQKBNR w KQkq - 0 2,b2b3,17,-24,-41
rnbqkb1r/pp1p2pp/2p2n2/4pp2/2P5/1PN5/PB1PPPPP/R2QKBNR w KQkq - 0 5,g2g3,25,-58,-83
rnbq1rk1/pp1pb1pp/2p2n2/4pp2/2P5/1PN3P1/PB1PPPBP/R2QK1NR w KQ - 3 7,d2d4,8,4,-4
rnbq1rk1/pp2b1pp/2pp1n2/4pp2/2PP4/1PN3P1/PB2PPBP/R2QK1NR w KQ - 0 8,d4e5,-1,-43,42
r1b2rk1/pp2b1p1/2p2n1p/5p2/1nP1p3/1PN3PN/PB2PPBP/3R1RK1 w - - 4 14,a2a3,18,2,-16
r1b2rk1/pp2b1p1/2p2n1p/5p2/2P1p3/PPN3PN/1Bn1PPBP/3R1RK1 w - - 1 15,b3b4,23,-220,-243
r1b2rk1/pp2b1p1/5n1p/2p2p2/1PP1p3/P1N3PN/1Bn1PPBP/3R1RK1 w - - 0 16,b4b5,27,-89,-116
r1b2rk1/p3b1p1/1p3n1p/1Pp2p2/2P1p3/P1N3PN/1Bn1PPBP/3R1RK1 w - - 0 17,e2e3,193,197,4
r1b3k1/p3r3/1p3n1p/1Pp3p1/2P1p3/P1N1n1P1/1B1R1PBP/5RK1 w - - 0 22,f2e3,727,735,8
r1b3k1/p5r1/1p5p/1PpN2p1/2P1p1n1/P3P1P1/1B1R2BP/5RK1 w - - 3 24,h2h3,818,832,14
rnbqkbnr/pppppppp/8/8/8/8/PPPPPPPP/RNBQKBNR w KQkq - 0 1,d2d4,34,26,-8
rnbqkbnr/ppp1pppp/3p4/8/3P4/8/PPP1PPPP/RNBQKBNR w KQkq - 0 2,c2c4,52,27,-25
rnbkq1nr/ppp1bppp/3pp3/8/2PP4/2N2NB1/PP2PPPP/R2QKB1R w KQ - 8 7,e2e3,253,261,8
rn1kq1nr/ppp1bppp/3p4/4p3/2PP4/2NBPbB1/PPQ2PPP/R3K2R w KQ - 0 10,g2f3,176,174,-2
rn1kq1nr/ppp1bppp/3p4/8/2Pp4/2NBPPB1/PPQ2P1P/R3K2R w KQ - 0 11,e3d4,182,161,-21
rnbqkbnr/pppppppp/8/8/8/8/PPPPPPPP/RNBQKBNR w KQkq - 0 1,d2d3,30,-17,-47
rnbqkbnr/pp1ppppp/8/2p5/8/3P4/PPP1PPPP/RNBQKBNR w KQkq - 0 2,e2e3,-4,-26,22
rnbqkbnr/pp1p1ppp/4p3/2p5/8/3PP3/PPP2PPP/RNBQKBNR w KQkq - 0 3,e3e4,-15,-23,8
rnbqkbnr/pp3ppp/8/2p1p3/3pP3/3P4/PPPB1PPP/RN1QKBNR w KQkq - 0 6,c2c3,-44,-72,28
r1bqkbnr/pp3ppp/2n5/2p1p3/3pP3/2PP4/PP1B1PPP/RN1QKBNR w KQkq - 1 7,c3d4,-61,-67,6
r1bqkb1r/pp3ppp/2n2n2/2p1p3/3PP3/3P4/PP1B1PPP/RN1QKBNR w KQkq - 1 8,d4e5,195,85,-110
rnbqkbnr/pppppppp/8/8/8/8/PPPPPPPP/RNBQKBNR w KQkq - 0 1,e2e4,29,26,-3
rnbqkb1r/ppp1pppp/5n2/3p4/4P3/2N5/PPPP1PPP/R1BQKBNR w KQkq - 0 3,e4d5,33,22,-11
rnb1kb1r/ppp1pppp/8/3q4/8/8/PPPP1PPP/R1BQKBNR w KQkq - 0 5,d2d3,-8,-58,50
r1b1k2r/ppp2ppp/2n5/3qp3/1b6/3P1N2/PPP1BPPP/R1BQK2R w KQkq - 2 8,c2c3,1,1,0
r4rk1/ppp2ppp/2n5/b2qp3/6b1/2PPBN2/PP2BPPP/R2Q1RK1 w - - 5 11,h2h3,176,65,-111
3r1rk1/ppp3pp/2n1q1b1/b7/5p2/2PP3P/PPQ1BPPN/R2R2K1 w - - 0 18,b2b3,-370,-455,85
rnbqkbnr/pppppppp/8/8/8/8/PPPPPPPP/RNBQKBNR w KQkq - 0 1,d2d4,26,23,-3
rnbqkbnr/pppp1ppp/8/4p3/3P4/8/PPP1PPPP/RNBQKBNR w KQkq - 0 2,c2c4,127,-22,-149
rnbqkbnr/pppppppp/8/8/8/8/PPPPPPPP/RNBQKBNR w KQkq - 0 1,d2d4,23,24,1
rnbqkbnr/pp1ppppp/8/2p5/3P4/8/PPP1PPPP/RNBQKBNR w KQkq - 0 2,e2e4,78,11,-67
rnbqkbnr/pp1p1ppp/4p3/2p5/3PP3/8/PPP2PPP/RNBQKBNR w KQkq - 0 3,d4c5,80,10,-70
r1bq1rk1/pp3ppp/2n1pn2/1Nbp4/2B1PB2/8/PPP2PPP/R2QK1NR w KQ - 0 8,e4d5,-283,-285,2
r1b2rk1/5ppp/p1p2n2/q7/8/2N1b3/PPP2PPP/R2QK1NR w KQ - 0 13,f2e3,-288,-279,-9
r1b1r1k1/5ppp/p1p2n2/6q1/7N/2N1P3/PPP3PP/R2Q1RK1 w - - 7 17,g2g3,11,-247,-258
rnbqkbnr/pppppppp/8/8/8/8/PPPPPPPP/RNBQKBNR w KQkq - 0 1,e2e4,26,25,-1
rnb1k2r/pppp2bp/5ppn/4p3/4P3/5N2/PPPP1PPP/RNB1KB1R w KQkq - 2 8,d2d4,46,9,-37
rnb1k2r/pppp3p/6pn/1N2bp2/4P3/8/PPP2PPP/RNB1KB1R w KQkq - 2 11,e4f5,418,197,-221
8/1p2rk1p/pN2b3/3p1p2/8/4B3/PP1KBPPP/2R5 w - - 4 25,f2f4,841,826,-15
rnbqkbnr/pppppppp/8/8/8/8/PPPPPPPP/RNBQKBNR w KQkq - 0 1,e2e4,21,32,11
rnbqk1nr/pppp1pbp/4p1p1/8/2B1P3/5N2/PPPP1PPP/RNBQK2R w KQkq - 0 4,d2d3,55,-22,-77
rnbqk1nr/ppp2pbp/4p1p1/3p4/2B1P3/3P1N2/PPP2PPP/RNBQK2R w KQkq - 0 5,e4d5,-6,4,10
r4rk1/pp2qp1p/2p1b1p1/2np4/8/1BNP4/PPP2PPP/R2QR1K1 w - - 0 15,a2a3,3,-40,-43
r4rk1/pp2qp1p/2p1b1p1/3p4/8/PnNP4/1PP2PPP/R2QR1K1 w - - 0 16,c2b3,-9,-9,0
r4rk1/pp3p2/2p3p1/3p2qp/6b1/PPNP2Q1/1P3PPP/R3R1K1 w - - 0 19,h2h3,229,211,-18
r4rk1/pp3p2/2p3p1/3p3p/6b1/PPNP2QP/1P1q1PP1/R3R1K1 w - - 1 20,h3g4,313,292,-21
rnbqkbnr/pppppppp/8/8/8/8/PPPPPPPP/RNBQKBNR w KQkq - 0 1,e2e4,32,32,0
rnbqkbnr/pp2pppp/2p5/3p4/2B1P3/8/PPPP1PPP/RNBQK1NR w KQkq - 0 3,e4d5,-30,-32,2
r2qkbnr/p3pppp/b1p5/3p4/8/5N2/PPPP1PPP/RNBQK2R w KQkq - 2 7,d2d3,-53,-54,1
r3kb1r/p1q1pppp/b1p2n2/3p4/8/3P1N2/PPP2PPP/RNBQ1RK1 w kq - 3 9,g2g3,-19,-46,27
r3kb1r/p1q2ppp/b1p2n2/3pp3/8/3P1NP1/PPP2P1P/RNBQ1RK1 w kq - 0 10,d3d4,30,-290,-320
r4rk1/p1qn1ppp/b1pb4/3pN3/3PpB2/2N3P1/PPP2P1P/R2Q1RK1 w - - 6 14,a2a3,-184,-424,240
r4rk1/p1q2ppp/b1p5/3pb3/3Pp3/P1N3P1/1PP2P1P/R2Q1RK1 w - - 0 16,d4e5,-487,-493,6
r4rk1/p4ppp/2pq4/3p4/N3p3/P5P1/1PP2P1P/R4QK1 w - - 1 19,b2b4,-496,-518,22
r4rk1/p5pp/2pq4/3p1p2/NP2p3/P5P1/2P2P1P/R4QK1 w - - 0 20,c2c3,-516,-530,14
r4rk1/p5pp/2pq4/3p4/NP2pp2/P1P3P1/5P1P/R4QK1 w - - 0 21,g3g4,-530,-593,63
r4rk1/p5pp/2pq4/3p4/NP2p1P1/P1P2p2/5P1P/R4QK1 w - - 0 22,h2h3,-580,-649,69
r5k1/p5p1/2p2r2/3p3p/NP2pqP1/P1P2p1P/5P2/3R1Q1K w - - 0 25,g4g5,-624,-654,30
5k2/p5p1/2p5/3pq2p/1P2p3/P1P2p1P/5P2/6RK w - - 0 31,h3h4,-800,-908,108
8/p4kp1/2p5/3pq2p/1P2p2P/P1P2p2/5P2/6RK w - - 1 32,a3a4,-863,-937,74
8/p4k2/2p3p1/3pq2p/PP2p2P/2P2p2/5P2/6RK w - - 0 33,a4a5,-843,-952,109
8/p4k2/2p3p1/P2p3p/1P2p2P/2q2p2/5P2/6RK w - - 0 34,a5a6,-824,-924,100
rnbqkbnr/pppppppp/8/8/8/8/PPPPPPPP/RNBQKBNR w KQkq - 0 1,d2d4,34,23,-11
rnbqkbnr/ppp1pppp/8/3p4/3P4/8/PPP1PPPP/RNBQKBNR w KQkq - 0 2,c2c4,25,24,-1
rnbqkbnr/pppppppp/8/8/8/8/PPPPPPPP/RNBQKBNR w KQkq - 0 1,e2e4,37,29,-8
rn1qkbnr/ppp2ppp/3p4/4p3/2B1P1b1/5N2/PPPP1PPP/RNBQK2R w KQkq - 2 4,h2h3,87,88,1
r3kbr1/pppq3p/3p1p2/6p1/3pP3/7P/PPPP1PP1/R1BQ1RK1 w q - 0 12,d2d3,34,0,-34
r3kbr1/pppq3p/3p1p2/8/3pP1p1/3P3P/PPP2PP1/R1BQ1RK1 w q - 0 13,h3h4,15,30,15
r5r1/ppp1bk2/3p1p2/7p/3pP2P/3P2B1/PPP2PP1/R4RK1 w - - 0 18,c2c3,181,126,-55
r5r1/ppp1bk2/3p1p2/7p/4P2P/2pP2B1/PP3PP1/R4RK1 w - - 0 19,b2c3,141,131,-10
r5r1/p3bk2/1p1p1p2/2p4p/4P2P/2PP2B1/P4PP1/1R3RK1 w - - 0 21,d3d4,165,45,-120
r5r1/p3bk2/1p1p1p2/7p/3pP2P/2P3B1/P4PP1/1R3RK1 w - - 0 22,c3d4,77,105,28
rnbqkbnr/pppppppp/8/8/8/8/PPPPPPPP/RNBQKBNR w KQkq - 0 1,e2e4,30,37,7
r1bqkb1r/pppp1ppp/5n2/1B2n3/4P3/8/PPPP1PPP/RNBQK2R w KQkq - 0 5,d2d4,-242,-252,10
r1bqkb1r/pppp1ppp/5n2/1B6/3PP1n1/8/PPP2PPP/RNBQK2R w KQkq - 1 6,h2h3,6,-260,-266
r1bqkb1r/pppp1ppp/5n1n/1B6/3PP3/7P/PPP2PP1/RNBQK2R w KQkq - 1 7,e4e5,-209,-215,6
r1bqkb1r/2pp1ppp/p4n1n/4P3/3P4/7P/PPP2PP1/RNBQK2R w KQkq - 0 9,e5f6,-360,-379,19
2kr1b1r/1bp2ppp/p3p3/8/3P4/2N4P/PPP2PP1/R4RK1 w - - 4 15,b2b4,-565,-603,38
2kr3r/1bp2ppp/p3p3/8/1b1P4/2N4P/P1P2PP1/R4RK1 w - - 0 16,a2a3,-558,-785,227
rnbqkbnr/pppppppp/8/8/8/8/PPPPPPPP/RNBQKBNR w KQkq - 0 1,d2d4,33,26,-7
rnbqkbnr/ppp1pppp/8/3p4/3P4/8/PPP1PPPP/RNBQKBNR w KQkq - 0 2,c2c4,25,23,-2
rnbqkbnr/p1p3pp/1p3p2/3N4/2PQ4/8/PP2PPPP/R1B1KBNR w KQkq - 0 6,e2e4,213,-172,-385
rnb1k1nr/p1q5/1p5b/2p3pp/2P1P3/3B1N2/PP2QPPP/R4RK1 w kq - 0 14,e4e5,-301,-312,11
rnbqkbnr/pppppppp/8/8/8/8/PPPPPPPP/RNBQKBNR w KQkq - 0 1,e2e4,36,34,-2
r1bqk2r/pppp1ppp/2n4n/2b1p3/2B1P3/5Q2/PPPPNPPP/RNB1K2R w KQkq - 6 5,d2d3,142,79,-63
r1b1k2r/pppp1ppp/2n4B/2b1p3/2B1P3/3P1q2/PPP1NPPP/RN2K2R w KQkq - 0 7,g2f3,86,98,12
r1b1k2r/pppp1p1p/2n4p/2b1p3/2B1P3/3P1P2/PPP1NP1P/RN2K2R w KQkq - 0 8,f3f4,99,64,-35
r1b4r/pp2kp1p/1bp4p/3p4/3nP1N1/1B1P4/PPP2P1P/RN2K2R w KQ - 0 14,e4d5,-115,-541,426
r6r/pp2kp1p/1bp4p/3P4/3n2b1/1B1P4/PPP2P1P/RN2K2R w KQ - 0 15,d5c6,-509,-511,2
r6r/p3kp1p/1bp4p/8/3n4/1b1P4/PPPN1P1P/2KR3R w - - 0 18,a2b3,-361,-375,14
rnbqkbnr/pppppppp/8/8/8/8/PPPPPPPP/RNBQKBNR w KQkq - 0 1,d2d4,36,21,-15
rnbqkbnr/ppp1pppp/8/3p4/3P4/8/PPP1PPPP/RNBQKBNR w KQkq - 0 2,c2c4,24,21,-3
r1bqkbnr/ppp1pppp/2n5/8/2pP4/2N5/PP2PPPP/R1BQKBNR w KQkq - 2 4,d4d5,94,83,-11
r1bqkbnr/ppp1pppp/8/3Pn3/2p5/2N5/PP2PPPP/R1BQKBNR w KQkq - 1 5,f2f4,118,82,-36
r1bqkbnr/ppp1pppp/6n1/3P4/2p2P2/2N5/PP2P1PP/R1BQKBNR w KQkq - 1 6,e2e4,119,94,-25
rnbqkbnr/pppppppp/8/8/8/8/PPPPPPPP/RNBQKBNR w KQkq - 0 1,e2e4,35,34,-1
rnbqkb1r/pppppppp/5n2/8/4P3/8/PPPP1PPP/RNBQKBNR w KQkq - 1 2,e4e5,66,67,1
rnbqkb1r/pppppppp/8/3nP3/8/8/PPPP1PPP/RNBQKBNR w KQkq - 1 3,d2d4,73,73,0
rnbqkb1r/ppp1pppp/1n6/4p3/3P4/2N2N2/PPP2PPP/R1BQKB1R w KQkq - 0 6,d4e5,89,-2,-91
rn2kb1r/ppp1pppp/1n6/4Pb2/8/5N2/PPP2PPP/R1BNKB1R w KQkq - 1 8,c2c3,24,-22,-46
rn2kb1r/ppp2ppp/1n2p1b1/4P3/8/2P1NN2/PP3PPP/R1B1KB1R w KQkq - 2 10,g2g3,-21,-93,72
r3k2r/ppp2ppp/1nn1p1b1/2b1P3/8/2P1NNP1/PP3PBP/R1B1K2R w KQkq - 3 12,a2a3,-67,-163,96
r3k2r/ppp2ppp/1nn1p3/2b1P3/8/P1PbNNP1/1P3PBP/R1B1K2R w KQkq - 1 13,b2b4,-100,-101,1
r3k2r/ppp1bppp/1nn1p3/4P3/1P6/P1PbNNP1/5PBP/R1B1K2R w KQkq - 1 14,a3a4,-63,-133,70
2kr3r/ppp1bppp/1nn1p3/4P3/PP6/2PbNNP1/5PBP/R1B1K2R w KQ - 1 15,a4a5,-132,-130,-2
2kr3r/ppp1bppp/2n1p3/P3P3/1P6/2Pb2P1/3N1PBP/R1B1K2R w KQ - 2 18,f2f4,14,6,-8
rnbqkbnr/pppppppp/8/8/8/8/PPPPPPPP/RNBQKBNR w KQkq - 0 1,d2d4,31,22,-9
rnbqkbnr/pp1ppppp/8/2p5/3P4/8/PPP1PPPP/RNBQKBNR w KQkq - 0 2,e2e4,76,20,-56
rnbqkbnr/pp1p1ppp/8/4p3/3pP3/3B4/PPPB1PPP/RN1QK1NR w KQkq - 0 5,c2c3,-34,-34,0
r1bqkbnr/pp1p1ppp/2n5/4p3/3pP3/2PB4/PP1B1PPP/RN1QK1NR w KQkq - 1 6,c3d4,-35,-54,19
r2q1rk1/pp1bbppp/3p4/3n4/3pP3/8/PPQB1PPP/R3K2R w KQ - 0 16,e4d5,-615,-597,-18
rnbqkbnr/pppppppp/8/8/8/8/PPPPPPPP/RNBQKBNR w KQkq - 0 1,d2d4,34,24,-10
rnbqkbnr/ppp1pppp/8/3p4/3P4/8/PPP1PPPP/RNBQKBNR w KQkq - 0 2,c2c4,26,24,-2
rn1qkbnr/pp2pppp/2p5/3p1b2/2PP4/2N5/PP2PPPP/R1BQKBNR w KQkq - 2 4,a2a3,129,14,-115
r2qkbnr/1p1npppp/p1p5/3p1b2/2PP1B2/P1N5/1P2PPPP/R2QKBNR w KQkq - 2 6,c4c5,152,-67,-219
r2qkbnr/1p1n1ppp/p1p1p3/2Pp1b2/3P1B2/P1N5/1P2PPPP/R2QKBNR w KQkq - 0 7,e2e3,25,9,-16
r2qkbnr/1p1n2pp/p1p1pp2/2Pp4/3P1Bb1/P1N1PN2/1P3PPP/R2QKB1R w KQkq - 2 9,h2h3,123,133,10
r2qkbnr/1p1n2pp/p1p1pp2/2Pp4/3P1B2/P1N1Pb1P/1P3PP1/R2QKB1R w KQkq - 0 10,g2f3,137,101,-36
r2qk1nr/1p1nb1pp/p1p2p2/2Ppp3/3P4/P1N1PPBP/1P3P2/R2QKB1R w KQkq - 2 12,f3f4,166,-25,-191
r2qk1nr/1p1nb2p/p1p2pp1/2Ppp3/3P1P2/P1N1P1BP/1P3P2/R2QKB1R w KQkq - 0 13,f4e5,101,147,46
r2qk1nr/1p1nb2p/p1p3p1/2Ppp3/3P4/P1N1P1BP/1P3P2/R2QKB1R w KQkq - 0 14,h3h4,150,123,-27
r2qk2r/1p1nb2p/p1p3pn/2Ppp3/3P3P/P1N1P1B1/1P3P2/R2QKB1R w KQkq - 1 15,h4h5,145,87,-58
r2qk2r/1p1nb2p/p1p3p1/2Pppn1P/3P4/P1N1P1B1/1P3P2/R2QKB1R w KQkq - 1 16,h5g6,251,240,-11
r2qk2r/1p1nb2p/p1p3P1/2Ppp3/3P4/P1N1P1n1/1P3P2/R2QKB1R w KQkq - 0 17,f2g3,258,236,-22
rnbqkbnr/pppppppp/8/8/8/8/PPPPPPPP/RNBQKBNR w KQkq - 0 1,e2e4,36,36,0
rnbqk1nr/ppppppbp/6p1/8/2B1P3/8/PPPP1PPP/RNBQK1NR w KQkq - 2 3,d2d3,41,-4,-45
rnbqk2r/ppp2pbp/4pnp1/3p4/2B1P3/3P1N2/PPP2PPP/RNBQ1RK1 w kq - 0 6,e4d5,12,16,4
rnbqk2r/ppp2pbp/4p1p1/8/8/2NP1N2/PPP2PPP/R1BQ1RK1 w kq - 2 9,h2h3,15,0,-15
r2q1rk1/pbp2pbp/1p2pnp1/4R1B1/8/2NP1N1P/PPP2PP1/R2Q2K1 w - - 6 14,a2a3,-68,-108,40
r4rk1/p1pq1p1p/1p2pbp1/8/4b3/P1NP1N1P/1PP2PP1/R2Q2K1 w - - 0 17,d3e4,-354,-334,-20
6k1/N4p1p/1p2pbp1/2r5/4P3/P6P/5PP1/6K1 w - - 1 28,a3a4,-663,-695,32
6k1/N4p1p/1p2p1p1/2r5/P2bP3/7P/5PP1/6K1 w - - 1 29,g2g3,-682,-700,18
6k1/N4p1p/4p1p1/1p6/P2bP3/6PP/5PK1/2r5 w - - 0 31,h3h4,-579,-720,141
6k1/b4p1p/4p1p1/1p6/P3P2P/6P1/5PK1/2r5 w - - 0 32,e4e5,-726,-813,87
6k1/b4p1p/4p1p1/4P3/p6P/6P1/5PK1/2r5 w - - 0 33,h4h5,-818,-833,15
6k1/5p1p/4p1p1/4P2P/p2b4/6P1/5PK1/2r5 w - - 1 34,g3g4,-790,-836,46
6k1/5p1p/4p1p1/7P/p2b2P1/7K/5P2/2r5 w - - 2 36,g4g5,-816,-868,52
rnbqkbnr/pppppppp/8/8/8/8/PPPPPPPP/RNBQKBNR w KQkq - 0 1,e2e4,37,31,-6
rnbqkbnr/pp1p1ppp/4p3/2p5/4P3/5N2/PPPP1PPP/RNBQKB1R w KQkq - 0 3,d2d4,42,39,-3
r1bqk2r/pp1pnppp/2n1p3/8/1b1NP3/2N1B3/PPP2PPP/R2QKB1R w KQkq - 5 7,a2a3,43,8,-35
r1bq1rk1/pp2nppp/2n1p3/b2p4/3NP3/P1N1B3/1PP1BPPP/R2Q1RK1 w - - 0 10,b2b4,28,16,-12
r1bq1rk1/p3nppp/1bp1p3/3p4/1P2P3/P1N1B3/2P1BPPP/R2Q1RK1 w - - 0 12,e4d5,14,-19,-33
r1b2rk1/5ppp/1pp5/3p4/1P6/P7/2P1BPPP/R4RK1 w - - 0 16,c2c4,3,3,0
r4rk1/5ppp/1pp1b3/8/1PPp4/P7/4BPPP/R1R3K1 w - - 0 18,c4c5,18,-26,-44
3r2k1/r4ppp/2R5/8/1P6/P7/3pKPPP/R7 w - - 2 28,a3a4,222,-721,-943
rnbqkbnr/pppppppp/8/8/8/8/PPPPPPPP/RNBQKBNR w KQkq - 0 1,e2e4,30,38,8
rnbqkbnr/pppppp1p/6p1/8/4P3/8/PPPP1PPP/RNBQKBNR w KQkq - 0 2,d2d4,65,64,-1
rnbqkbnr/pppp1p1p/4p1p1/8/3PP3/8/PPP2PPP/RNBQKBNR w KQkq - 0 3,f2f4,121,19,-102
rnbqk2r/ppppnpbp/4p1p1/8/3PPP2/5N2/PPP3PP/RNBQKB1R w KQkq - 3 5,e4e5,82,74,-8
rnbq1rk1/1p1pnpbp/p1p1p1p1/4P3/2BP1P2/2N2N2/PPP3PP/R1BQK2R w KQ - 0 8,a2a3,162,103,-59
rnb2rk1/2qp1pbp/p1p1p1pn/1p2P3/3P1P2/P1N1BN2/BPP3PP/R2Q1R1K w - - 8 13,h2h3,233,152,-81
rnb2rk1/2q2pbp/p1p1p1pn/1p2p3/3P1P2/P1N1BN1P/BPPQ2P1/R4R1K w - - 0 15,f4e5,207,167,-40
rnb3k1/3r1pbp/pqp1p1p1/1p2PnB1/3P4/P4N1P/BPPQN1P1/4RR1K w - - 7 19,c2c3,276,181,-95
rnbqkbnr/pppppppp/8/8/8/8/PPPPPPPP/RNBQKBNR w KQkq - 0 1,c2c4,31,9,-22
rnbqkbnr/pp1ppppp/8/2p5/2P5/8/PP1PPPPP/RNBQKBNR w KQkq - 0 2,b2b3,20,-18,-38
r1bqkb1r/pp1p1ppp/2n1pn2/2p5/2P5/1PN5/PB1PPPPP/R2QKBNR w KQkq - 4 5,g2g3,-27,-76,49
r1bq1rk1/1p1pbpp1/p1n1pn1p/2p5/2P5/1PN2NP1/PB1PPPBP/R2Q1RK1 w - - 0 9,d2d4,74,64,-10
1r3rk1/3b1pp1/p3pq1p/3p4/8/1P4P1/P1Q1PPBP/3R1RK1 w - - 0 19,e2e4,0,1,1
rnbqkbnr/pppppppp/8/8/8/8/PPPPPPPP/RNBQKBNR w KQkq - 0 1,e2e4,31,29,-2
rnbqkbnr/pp1ppppp/8/2p5/4P3/8/PPPP1PPP/RNBQKBNR w KQkq - 0 2,d2d4,37,1,-36
r1bqkbnr/pp2pppp/2np4/8/4P3/4Q3/PPP2PPP/RNB1KBNR w KQkq - 0 5,c2c3,19,-47,-66
r1bqkb1r/1p2pppp/p1np1n2/8/4P3/2P1Q3/PP2BPPP/RNB1K1NR w KQkq - 2 7,f2f3,15,-131,-146
4rrk1/1pq1bppp/p1nppn2/8/4P3/2P1QP1N/PP2B1PP/R1B2RK1 w - - 4 14,f3f4,-31,-29,-2
4rrk1/1pq1bppp/p1n1pn2/3p4/4PP2/2P1Q2N/PP2B1PP/R1B2RK1 w - - 0 15,e4e5,-25,-40,15
4rrk1/1pqnbppp/p1n1p3/3pP3/5P2/2P1Q2N/PP2B1PP/R1B2RK1 w - - 1 16,f4f5,3,-504,-507
4rrk1/1pq2ppp/p1n1p3/2npPP2/8/2P4N/PP2B1PP/R1B2RK1 w - - 0 18,f5f6,-495,-561,66
rnbqkbnr/pppppppp/8/8/8/8/PPPPPPPP/RNBQKBNR w KQkq - 0 1,d2d4,36,26,-10
rnbqkbnr/pppp1ppp/4p3/8/3P4/8/PPP1PPPP/RNBQKBNR w KQkq - 0 2,c2c4,25,25,0
rnbqk2r/pp1pnpbp/2p1p1p1/6B1/2PP4/2N2N2/PP2PPPP/R2QKB1R w KQkq - 4 6,e2e4,134,138,4
r1bq1rk1/1p1nn1bp/p1p1p1p1/3p4/2PP4/2NBBN2/PPQ2PPP/2KR3R w - - 0 13,h2h3,158,77,-81
r1bq1rk1/1p2n1bp/p1p1pnp1/3p4/2PP4/2NBBN1P/PPQ2PP1/2KR3R w - - 1 14,h3h4,145,105,-40
r1bq1rk1/1p4bp/p1p1pnp1/3p1n2/2PP3P/2NBBN2/PPQ2PP1/2KR3R w - - 1 15,h4h5,108,47,-61
r1bq1rk1/1p4bp/p1p1pnp1/3p3P/2PP4/2NBnN2/PPQ2PP1/2KR3R w - - 0 16,f2e3,133,150,17
r1bq2k1/1p4bp/p1p1p3/7p/2BP4/2N1Pr2/PPQ3P1/2K4R w - - 0 20,g2f3,227,246,19
r1b3k1/1p4bp/p1p1p3/6qp/2BP4/2N1PP2/PPQ5/2K4R w - - 1 21,f3f4,245,219,-26
2r5/1b3k1p/p1p1p3/4b2p/1p1P1P2/3BP2q/PP3Q2/2K3R1 w - - 0 29,f4e5,987,1076,89
rnbqkbnr/pppppppp/8/8/8/8/PPPPPPPP/RNBQKBNR w KQkq - 0 1,d2d4,38,21,-17
rnbqkbnr/ppp1pppp/8/3p4/3P4/8/PPP1PPPP/RNBQKBNR w KQkq - 0 2,c2c4,24,22,-2
r1bqkbnr/2p1pppp/p1n5/8/2pP4/2N5/PP2PPPP/R1BQKBNR w KQkq - 2 6,e2e4,240,97,-143
r1bqkbnr/2p2ppp/p3p3/8/1nBPP3/2N5/PP3PPP/R1BQK1NR w KQkq - 1 8,a2a3,393,89,-304
r1bqkbnr/2p3pp/p3pp2/8/1nBPP3/P1N5/1P3PPP/R1BQK1NR w KQkq - 0 9,a3b4,715,685,-30
r2qk1nr/1bp4p/p2bpp2/6p1/1PBPP3/2N5/1P2NPPP/R1BQ1RK1 w kq - 2 12,f2f3,649,618,-31
r2qk1nr/1bp4p/p2bp3/5pp1/1PBPP3/2N2P2/1P2N1PP/R1BQ1RK1 w kq - 0 13,d4d5,698,573,-125
q2r2k1/2p4p/p2b1n2/5pp1/1P2P3/2B2P2/1P2N1PP/R2Q1RK1 w - - 4 19,e4e5,749,682,-67
q7/6kp/p4n2/2p1Ppp1/1PQ5/5P2/1P4PP/R4RK1 w - - 2 24,e5f6,983,1008,25
rnbqkbnr/pppppppp/8/8/8/8/PPPPPPPP/RNBQKBNR w KQkq - 0 1,c2c4,32,18,-14
rnbqkbnr/pp3ppp/2pp4/4p3/2P5/2N2N2/PP1PPPPP/R1BQKB1R w KQkq - 0 4,e2e3,71,29,-42
rnbqkbnr/p4ppp/2pp4/1p2p3/2P5/2N1PN2/PP1P1PPP/R1BQKB1R w KQkq - 0 5,c4b5,208,198,-10
N5nr/p2kbppp/2np4/4p3/8/4PN2/PP1P1PPP/R1B2RK1 w - - 1 13,d2d4,451,422,-29
N5nr/p2kbppp/3p4/8/3n4/4P3/PP3PPP/R1B2RK1 w - - 0 15,e3d4,404,409,5
2rk4/p3Rppp/8/3p4/3PnB2/8/PP3PPP/4R1K1 w - - 1 21,h2h3,740,491,-249
2r5/p3kppp/8/3p4/3PnB2/7P/PP3PP1/4R1K1 w - - 0 22,f2f3,491,496,5
8/p3kppp/8/3p4/3PnB2/5P1P/PPr3P1/4R1K1 w - - 1 23,f3e4,486,492,6
8/p3kppp/8/3p4/3PPB2/7P/Pr4P1/4R1K1 w - - 0 24,e4d5,509,524,15
8/p4ppp/8/3PBk2/3P4/7P/Pr4P1/4R1K1 w - - 3 26,d5d6,628,602,-26
8/p4ppp/3P4/4Bk2/3P4/7P/r5P1/4R1K1 w - - 0 27,d6d7,833,873,40
8/p2P1ppp/8/4Bk2/3P4/7P/3r2P1/4R1K1 w - - 1 28,d7d8q,1004,1049,45
rnbqkbnr/pppppppp/8/8/8/8/PPPPPPPP/RNBQKBNR w KQkq - 0 1,d2d4,33,22,-11
rnbqkbnr/ppp1pppp/8/3p4/3P4/8/PPP1PPPP/RNBQKBNR w KQkq - 0 2,e2e3,24,11,-13
rnbqkb1r/ppp1pppp/5n2/3p4/3P4/4P3/PPP2PPP/RNBQKBNR w KQkq - 1 3,g2g3,12,-28,-40
r2qkb1r/ppp2ppp/2n2n2/3pp3/3P2b1/4PNP1/PPP2PBP/RNBQK2R w KQkq - 0 6,d4e5,-28,-42,14
r2qk2r/ppp2ppp/3b1n2/3pn3/6b1/4PNP1/PPP2PBP/RNBQ1RK1 w kq - 2 8,b2b3,-32,-233,201
r3k2r/pppq1ppp/3b1n2/3pn3/6b1/1P2PNP1/P1P2PBP/RNBQ1RK1 w kq - 1 9,c2c4,-32,-483,451
r3k2r/pp3ppp/2pb1n2/3pnq2/2P3b1/1P2PNP1/PB3PBP/RN1Q1RK1 w kq - 2 11,c4c5,47,-561,-608
r3k2r/ppb2ppp/2p2n2/2Ppn2q/8/1PB1P1P1/P2Q1P1P/RN3RK1 w kq - 3 16,f2f4,-587,-577,-10
r3k2r/ppb2ppp/2p2n2/2Pp3q/5Pn1/1PB1P1P1/P2Q3P/RN3RK1 w kq - 1 17,e3e4,-565,-660,95
3rk2r/ppb2ppp/2p2n2/2Pp3q/4PPn1/1PB3P1/P2Q3P/RN3RK1 w k - 1 18,e4d5,-600,-553,-47
3r1rk1/ppb2ppp/2p2n2/2PP3q/5Pn1/1PB3P1/P2Q3P/RN3RK1 w - - 1 19,d5c6,-603,-10000,9397
rnbqkbnr/pppppppp/8/8/8/8/PPPPPPPP/RNBQKBNR w KQkq - 0 1,e2e4,32,35,3
r1bqkbnr/pppp1ppp/2n5/4p3/4P3/5N2/PPPP1PPP/RNBQKB1R w KQkq - 2 3,c2c3,32,-23,-55
r1bqk1nr/pppp1ppp/2n5/2b1p3/4P3/2P2N2/PP1P1PPP/RNBQKB1R w KQkq - 1 4,d2d4,98,100,2
r1bqk1nr/pppp1ppp/2n5/2b5/3pP3/2P2N2/PP3PPP/RNBQKB1R w KQkq - 0 5,c3d4,98,90,-8
r2qk1nr/ppp2ppp/1bnp4/8/2BPP1b1/4BN2/PP3PPP/RN1QK2R w KQkq - 2 8,h2h3,91,-15,-106
r2qk2r/ppp2ppp/1bnp4/8/2BPn3/3QBb1P/PP3PP1/R3KN1R w KQkq - 0 12,g2f3,-150,-170,20
rnbqkbnr/pppppppp/8/8/8/8/PPPPPPPP/RNBQKBNR w KQkq - 0 1,e2e4,34,36,2
rnbqkb1r/pppppppp/5n2/8/4P3/8/PPPP1PPP/RNBQKBNR w KQkq - 1 2,e4e5,68,55,-13
rnbqkb1r/pppppppp/8/3nP3/8/8/PPPP1PPP/RNBQKBNR w KQkq - 1 3,c2c4,62,53,-9
rnbqkb1r/pppppppp/8/4P3/1nP5/8/PP1P1PPP/RNBQKBNR w KQkq - 1 4,a2a3,155,99,-56
rnbqkb1r/pppppppp/2n5/4P3/2P5/P7/1P1P1PPP/RNBQKBNR w KQkq - 1 5,d2d4,98,99,1
rnbqk2r/ppppbppp/2n1p3/4P3/2PP4/P4N2/1P3PPP/RNBQKB1R w KQkq - 2 7,c4c5,386,56,-330
r1b1k2r/p1pp1ppp/2n1p3/2p1P1q1/3P4/P7/1P3PPP/RN1QK2R w KQkq - 0 12,d4c5,-590,-791,201
rnbqkbnr/pppppppp/8/8/8/8/PPPPPPPP/RNBQKBNR w KQkq - 0 1,e2e4,31,33,2
rnbqkbnr/ppp1pppp/8/3p4/4P3/8/PPPP1PPP/RNBQKBNR w KQkq - 0 2,e4d5,63,56,-7
rnb1kb1r/ppp1pppp/5n2/q7/8/2N2N2/PPPP1PPP/R1BQKB1R w KQkq - 4 5,d2d4,76,89,13
rn2kb1r/ppq1pppp/2p2n2/8/2BP2b1/2N2N2/PPPB1PPP/R2QK2R w KQkq - 4 8,h2h3,105,108,3
rn2kb1r/ppq1pppp/2p2n2/7b/2BP4/2N2N1P/PPPB1PP1/R2QK2R w KQkq - 1 9,g2g4,135,168,33
r3kb1r/ppq1pppp/2p2nb1/4n3/2BP1BP1/2N4P/PPP2P2/R2QK2R w KQkq - 0 12,d4e5,37,-4,-41
r3kb1r/ppq1pppp/2p3b1/4P3/2B2BP1/2n2Q1P/PPP2P2/R3K2R w KQkq - 0 14,b2c3,292,-79,-371
r4rk1/ppq2ppp/2p1p1b1/4P3/6P1/2PBbQ1P/P1P2P2/R4RK1 w - - 0 18,f2e3,-69,-260,191
3r1rk1/pp3ppp/2p1p1b1/q3P3/4B1P1/2P1PQ1P/P1P5/R4RK1 w - - 3 20,h3h4,-287,-340,53
3r1rk1/pp3ppp/2p1p3/4P3/4Q1PP/2q1P3/P1P5/R4RK1 w - - 0 22,h4h5,-285,-341,56
5rk1/pp3ppp/2p1p3/4P2P/4Q1P1/2q1P3/P1Pr4/R4RK1 w - - 1 23,g4g5,-265,-389,124
3r2k1/pp3ppp/2p1p3/4P1PP/8/4PQ2/P1qr4/R4RK1 w - - 2 25,g5g6,10000,-388,-10388
3r2k1/pp4pp/2p1p1p1/4P2P/8/4PQ2/P1qr4/R4RK1 w - - 0 26,h5g6,10000,-10000,-20000
rnbqkbnr/pppppppp/8/8/8/8/PPPPPPPP/RNBQKBNR w KQkq - 0 1,e2e4,25,29,4
rnbqkbnr/pp1ppppp/8/2p5/4P3/8/PPPP1PPP/RNBQKBNR w KQkq - 0 2,d2d4,34,-1,-35
rnbqkbnr/pp1p1ppp/4p3/2p5/3PP3/8/PPP2PPP/RNBQKBNR w KQkq - 0 3,d4c5,73,22,-51
rnbqk1nr/pp1pbppp/4p3/8/4P3/5N2/PPP2PPP/RNBQKB1R w KQkq - 2 5,c2c4,66,43,-23
rnbqk1nr/pp2bppp/4p3/3p4/2P1P3/5N2/PP3PPP/RNBQKB1R w KQkq - 0 6,c4d5,123,118,-5
rnbqk1nr/pp2bppp/8/3p4/4P3/5N2/PP3PPP/RNBQKB1R w KQkq - 0 7,e4d5,136,143,7
r2qr1k1/pp1n1pp1/5b1p/3P4/6b1/2N2N2/PPQ1BPPP/R4RK1 w - - 6 14,h2h3,77,62,-15
r2qr1k1/pp3pp1/5b1p/2nP3b/2B5/2N2N1P/PP1Q1PP1/R3R1K1 w - - 7 18,a2a3,179,22,-157
r2qr1k1/pp3pp1/5b1p/2nP4/2B5/P1N2b1P/1P1Q1PP1/R3R1K1 w - - 0 19,g2f3,32,24,-8
4r1k1/pp3pp1/7p/2nP4/2B5/P1Q2P1P/1PK2P2/q7 w - - 0 25,d5d6,-508,-536,28
4r1k1/ppQ2pp1/3P3p/4n3/8/P4P1P/1PK2P2/5B2 w - - 3 28,d6d7,725,790,65
8/8/5k2/7p/8/P1K2P1P/1P3P2/8 w - - 0 39,a3a4,612,656,44
8/8/8/5k1p/P7/2K2P1P/1P3P2/8 w - - 1 40,a4a5,717,757,40
8/8/8/P6p/5k2/2K2P1P/1P3P2/8 w - - 1 41,a5a6,761,761,0
8/8/P7/7p/8/2K2k1P/1P3P2/8 w - - 0 42,a6a7,781,808,27
8/P7/8/7p/8/2K4P/1P3k2/8 w - - 0 43,a7a8q,822,833,11
rnbqkbnr/pppppppp/8/8/8/8/PPPPPPPP/RNBQKBNR w KQkq - 0 1,e2e4,32,33,1
rnbqkbnr/pp2pppp/2p5/3p4/2B1P3/8/PPPP1PPP/RNBQK1NR w KQkq - 0 3,e4d5,-31,-37,6
r3kbnr/pp1q2pp/2n2p2/4p3/3pN3/5N2/PPPP1PPP/R1BQ1RK1 w kq - 2 10,d2d3,-54,-71,17
r3kb1r/pp1qn1pp/2n2p2/4p3/3pN3/3P1N2/PPP2PPP/R1BQ1RK1 w kq - 1 11,b2b3,-12,-157,145
r4rk1/pp1qb1pp/2n2p2/3np3/3pN3/1P1P1N2/PBP2PPP/R2QR1K1 w - - 5 14,h2h3,-173,-216,43
r4r1k/pp1qb1pp/2n2p2/3np3/3pN3/1P1P1N1P/PBP2PP1/R2QR1K1 w - - 1 15,a2a4,-150,-286,136
2r2r1k/pp1qb1pp/2n2p2/3np3/P2pN3/1P1P1N1P/1BP2PP1/R2QR1K1 w - - 1 16,c2c4,-271,-341,70
7k/pp1q2pp/5p2/8/P2p4/1P1P3P/2r2PP1/4R1K1 w - - 1 27,f2f3,-701,-757,56
7k/pp1q2p1/5p1p/8/P2p4/1P1P1P1P/2r3P1/4R1K1 w - - 0 28,g2g4,-748,-763,15
rnbqkbnr/pppppppp/8/8/8/8/PPPPPPPP/RNBQKBNR w KQkq - 0 1,e2e4,33,37,4
rnbqkbnr/pppp1ppp/8/4p3/4P3/8/PPPP1PPP/RNBQKBNR w KQkq - 0 2,d2d3,35,-3,-38
rnbqkbnr/ppp2ppp/8/3pp3/4P3/3P4/PPP2PPP/RNBQKBNR w KQkq - 0 3,e4d5,8,4,-4
1r3Nk1/pp3pbp/2p3p1/4p3/8/3P1n2/PPP2PPP/3R1RK1 w - - 0 18,g2f3,251,257,6
1r4k1/pp3pbp/2p3p1/4p3/8/3P1P2/PPP2P1P/4RRK1 w - - 2 20,c2c3,271,242,-29
3r2k1/pp3pbp/6p1/4p3/2p5/2PP1P2/PP2RP1P/3R2K1 w - - 0 23,d3c4,256,-443,-699
6k1/pp3pbp/6p1/4p3/2P5/2P2P2/PP2RPKP/r7 w - - 2 25,a2a3,-406,-427,21
6k1/pp3pbp/6p1/4p3/2P5/P1P2P2/1P2RPKP/1r6 w - - 1 26,b2b4,-394,-428,34
1R3b2/p5kp/1p4p1/4ppK1/1PP5/2r2P2/5P1P/8 w - - 2 33,h2h4,-434,-10000,9566
rnbqkbnr/ppp1pppp/8/3p4/8/5N2/PPPPPPPP/RNBQKB1R w KQkq - 0 2,d2d4,19,26,7
N1b2bnr/pp1k1ppp/2n1p3/2pp4/2qP4/5N2/P1PBPPPP/RQ2KB1R w KQ - 4 10,e2e3,706,685,-21
N1b2bnr/pp1k1ppp/2n1p3/2pp4/3P4/1q2PN2/P1PB1PPP/R3KB1R w KQ - 0 12,a2b3,545,548,3
2r5/Rp3ppp/3kpn2/3p4/8/1P2P3/2PB1PPP/4K2R w K - 0 21,c2c3,575,526,-49
8/Rpr2ppp/3kp3/2np4/8/1PP1P3/3BKPPP/R7 w - - 5 24,b3b4,595,591,-4
1R6/1pr1k1p1/4pp1p/3p4/1P6/2P1P3/3BKPPP/8 w - - 5 34,f2f4,498,478,-20
1R6/1pr2kp1/4pp1p/3p4/1P3P2/2P1P3/3BK1PP/8 w - - 1 35,g2g4,489,497,8
1R6/1pr3p1/4ppkp/3p4/1P3PP1/2P1P3/3BK2P/8 w - - 1 36,h2h4,504,459,-45
1R6/1pr3p1/4pk2/3p1p2/1P3P1P/2P1P1K1/3B4/8 w - - 2 40,h4h5,492,470,-22
6k1/2R3p1/4p3/3p1p1P/1P3P1K/2P1P3/8/4r3 w - - 14 56,c3c4,174,2,-172
6k1/6p1/4p3/5p1P/1PR2P1K/4r3/8/8 w - - 0 58,b4b5,0,0,0
8/2R3p1/4pk2/1P3p1P/5r2/7K/8/8 w - - 2 64,b5b6,-124,-110,-14
8/2R3p1/1P2pk2/5p1P/1r6/7K/8/8 w - - 1 65,b6b7,-100,-119,19
rnbqkbnr/pppppppp/8/8/8/8/PPPPPPPP/RNBQKBNR w KQkq - 0 1,d2d4,35,28,-7
rnbqkbnr/ppp1pppp/8/3p4/3P4/8/PPP1PPPP/RNBQKBNR w KQkq - 0 2,c2c4,25,23,-2
rnbqkb1r/ppp1pppp/5n2/8/2pP4/2N5/PP2PPPP/R1BQKBNR w KQkq - 2 4,e2e4,18,-18,-36
rnbqk2r/1pp1bppp/p3pn2/8/2BPP3/2N1B3/PP3PPP/R2QK1NR w KQkq - 0 7,f2f3,108,22,-86
r1bq1rk1/2p2pp1/p1n1pn1p/1p6/1b1PP3/2N1BP2/PP2BNPP/R2Q1RK1 w - - 4 12,a2a3,117,69,-48
r1bq1rk1/2p2pp1/p1n1pn1p/1p6/3PP3/P1b1BP2/1P2BNPP/R2Q1RK1 w - - 0 13,b2c3,151,143,-8
r2qr1k1/2pb1pp1/p1n2n1p/1p2p3/3PP3/P1P1BP2/2Q1BNPP/3R1RK1 w - - 0 16,d4d5,224,86,-138
r2qr1k1/2pbnpp1/p4n1p/1p1Pp3/4P3/P1P1BP2/2Q1BNPP/3R1RK1 w - - 1 17,c3c4,200,210,10
3qr1k1/3bnpp1/1Q3n1p/p2pp3/2B1P3/P3BP2/5NPP/1R4K1 w - - 0 23,e4d5,-22,-19,-3
rnbqkbnr/pppppppp/8/8/8/8/PPPPPPPP/RNBQKBNR w KQkq - 0 1,d2d4,35,25,-10
rnbqkbnr/pp1ppppp/2p5/8/3P4/8/PPP1PPPP/RNBQKBNR w KQkq - 0 2,c2c4,29,30,1
rnbqk1nr/1p1pp3/p1p2pp1/7p/2PP4/2N2N2/PP2PPPP/R2QKB1R w KQkq - 0 8,e2e3,247,212,-35
rn1q1knr/3b4/ppppppp1/7p/2PP4/2NBPN2/PPQ2PPP/2KR3R w - - 4 13,e3e4,306,199,-107
rn1q1k1r/3bn3/ppppppp1/7p/2PPP3/2NB1N2/PPQ2PPP/2KR3R w - - 1 14,e4e5,327,342,15
rn1q1k1r/3bn3/pp1pppp1/2p1P2p/2PP4/2NB1N2/PPQ2PPP/2KR3R w - - 0 15,e5f6,446,402,-44
rn1q1knr/3b4/pp1ppPp1/2p4p/2PP4/2NB1N2/PPQ2PPP/2KR3R w - - 1 16,f6f7,503,465,-38
rn1q1k1r/3bnP2/pp1pp1p1/2p4p/2PP4/2NB1N2/PPQ2PPP/2KR3R w - - 1 17,d4d5,469,354,-115
rnbqkbnr/pppppppp/8/8/8/8/PPPPPPPP/RNBQKBNR w KQkq - 0 1,e2e4,37,33,-4
rnbqkbnr/pp2pppp/2p5/3p4/4P3/5N2/PPPP1PPP/RNBQKB1R w KQkq - 0 3,e4d5,31,16,-15
rnbqkbnr/pp2pppp/8/3p4/8/5N2/PPPP1PPP/RNBQKB1R w KQkq - 0 4,d2d4,20,19,-1
rn1qkb1r/pp2pppp/5n2/3p4/3P2b1/3B1N2/PPP2PPP/RNBQK2R w KQkq - 3 6,h2h3,1,21,20
rn1qkb1r/pp2pppp/5n2/3p3b/3P4/3B1N1P/PPP2PP1/RNBQK2R w KQkq - 1 7,c2c3,22,28,6
rnbqkbnr/pppppppp/8/8/8/8/PPPPPPPP/RNBQKBNR w KQkq - 0 1,d2d4,35,22,-13
rnbqkbnr/ppp1pppp/8/3p4/3P4/8/PPP1PPPP/RNBQKBNR w KQkq - 0 2,c2c4,24,25,1
rn1qkbnr/pp2pppp/2p5/3p1b2/2PP4/2N5/PP2PPPP/R1BQKBNR w KQkq - 2 4,a2a3,131,0,-131
rn1qkbnr/1p2pppp/p1p5/3p1b2/2PP4/P1N5/1P2PPPP/R1BQKBNR w KQkq - 0 5,e2e3,132,2,-130
rn1qkbnr/4pppp/ppp5/3p1b2/2PP4/P1N1P3/1P3PPP/R1BQKBNR w KQkq - 0 6,c4d5,129,81,-48
rn1qkbnr/5ppp/p3p3/1p1p1b2/3P4/PQN1P3/1P3PPP/R1B1KBNR w KQkq - 0 9,h2h3,-33,-45,12
2r5/3q1kpp/4pp2/2Rp1n2/1Q1P4/P3P2P/1P3PP1/6K1 w - - 3 25,a3a4,-143,-136,-7
2r5/3q1kpp/3npp2/2Rp4/PQ1P4/4P2P/1P3PP1/6K1 w - - 1 26,a4a5,-83,-155,72
2r5/3q1k1p/3npp2/P1Rp2p1/1Q1P4/4P2P/1P3PP1/6K1 w - - 0 27,a5a6,0,0,0
8/1q3k1p/P3pp2/3p2p1/2nP4/4P2P/1P3PP1/6K1 w - - 0 30,a6b7,620,623,3
rnbqkbnr/pppppppp/8/8/8/8/PPPPPPPP/RNBQKBNR w KQkq - 0 1,e2e4,34,36,2
r1bqkbnr/ppp1pp2/2p4p/6p1/4P3/8/PPPP1PPP/RNBQKB1R w KQkq - 0 5,c2c3,45,23,-22
r2qkb1r/ppp1pp2/2p2n1p/6p1/4P1b1/2P5/PP1PQPPP/RNB1KB1R w KQkq - 3 7,f2f3,109,106,-3
r1bqkb1r/ppp1pp2/2p2n1p/6p1/4P3/2P2P2/PP1PQ1PP/RNB1KB1R w KQkq - 1 8,h2h3,118,-7,-125
r1bqk2r/ppp1ppb1/2p2n1p/6p1/4P3/2P2P1P/PP1PQ1P1/RNB1KB1R w KQkq - 1 9,d2d4,37,-81,-118
r1b1q1k1/p1p2pb1/1pp1rn1p/6p1/3BP3/N1PQ1P1P/PP4P1/2KR1B1R w - - 0 16,c3c4,103,-86,-189
4r1k1/pbp1qpb1/1p5p/1np3p1/2P5/3B1P1P/PPQB2P1/2KR4 w - - 0 26,c4b5,-203,-201,-2
rnbqkbnr/pppppppp/8/8/8/8/PPPPPPPP/RNBQKBNR w KQkq - 0 1,e2e4,36,35,-1
rnbqkb1r/ppp1pppp/5n2/3p4/4P3/2N5/PPPP1PPP/R1BQKBNR w KQkq - 0 3,e4e5,34,32,-2
rnbqkb1r/ppp1pppp/8/4P3/4p3/8/PPPP1PPP/R1BQKBNR w KQkq - 0 5,d2d3,44,6,-38
r3kb1r/pppnpppp/8/8/8/8/PPP2PPP/R1B1K1NR w KQkq - 0 11,b2b3,-178,-211,33
2kr3r/pppn2pp/5p2/4p3/1b6/1P3N2/PBP2PPP/R4RK1 w - - 2 15,a2a3,-243,-233,-10
2kr3r/pppn2pp/5p2/b3p3/8/PP3N2/1BP2PPP/R4RK1 w - - 1 16,b3b4,-233,-228,-5
2kr3r/pppn2pp/1b3p2/4p3/1P6/P4N2/1BP2PPP/R4RK1 w - - 1 17,c2c4,-214,-219,5
2kr3r/1ppn2pp/1b3p2/p3p3/1PP5/P4N2/1B3PPP/R4RK1 w - - 0 18,c4c5,-147,-170,23
2kr3r/bppn2pp/5p2/p1P1p3/1P6/P4N2/1B3PPP/R4RK1 w - - 1 19,b4a5,-171,-382,211
2k5/bpp3Bp/5p2/P3p3/5r2/P7/5PPP/5RK1 w - - 1 29,g2g3,-173,-171,-2
8/bppk2Bp/5p2/P3pr2/8/P5P1/5PKP/5R2 w - - 3 31,f2f4,-31,-194,163
8/1ppk2Bp/5p2/P3pr2/3b1P2/P5P1/6KP/5R2 w - - 1 32,g3g4,-35,-260,225
8/1ppk2Bp/5p2/P3b3/5pP1/P4K2/7P/8 w - - 2 35,g4g5,-305,-317,12
4k3/1pp4p/5b2/P5P1/5p2/P4K2/7P/8 w - - 0 37,g5f6,-78,-81,3
8/1pp4p/5k2/P7/5K2/P7/7P/8 w - - 0 39,a3a4,-241,-477,236
8/1p5p/8/P1k5/P1p5/2K5/7P/8 w - - 2 46,h2h4,-524,-672,148
8/1p6/8/P1k4p/P1p4P/2K5/8/8 w - - 0 47,a5a6,-713,-723,10
8/8/p7/2k4p/P1p4P/2K5/8/8 w - - 0 48,a4a5,-731,-741,10
rnbqkbnr/pppppppp/8/8/8/8/PPPPPPPP/RNBQKBNR w KQkq - 0 1,e2e4,33,23,-10
rnbqkbnr/pp3ppp/4p3/2pp4/2B1P3/5N2/PPPP1PPP/RNBQK2R w KQkq - 0 4,e4d5,1,4,3
r1bqkbnr/pp3ppp/2n5/2pp4/8/1B3N2/PPPP1PPP/RNBQK2R w KQkq - 2 6,c2c3,11,-29,-40
r1bqkb1r/pp3ppp/2n2n2/2pp4/8/1BP2N2/PP1P1PPP/RNBQK2R w KQkq - 1 7,d2d4,9,9,0
r1bq1rk1/pp2bppp/2n2n2/3p4/3p1B2/1BP2N2/PP3PPP/RN1Q1RK1 w - - 0 10,c3d4,-16,-34,18
r2q1rk1/pp2bppp/2n2n2/3p4/3P1Bb1/1B3N2/PP3PPP/RN1Q1RK1 w - - 1 11,h2h3,-24,-85,61
r2q1rk1/pp2bppp/8/3p3b/4N3/1B3n1P/PP3PPB/R2Q1RK1 w - - 0 17,g2f3,-25,-26,1
3r1rk1/pp2bppp/8/7b/4p3/1B3P1P/PP3P1B/R4RK1 w - - 0 19,f3e4,-14,-24,10
3r1rk1/pR3ppp/8/3B4/3bP3/5b1P/P4P1B/4R1K1 w - - 3 24,a2a4,48,54,6
3r1rk1/pR3pp1/7p/3B3b/P3P3/2R4P/5P1B/6K1 w - - 0 27,a4a5,560,539,-21
5rk1/5pp1/2R4p/P2B3b/4P3/4R2P/1r3PKB/8 w - - 5 33,a5a6,612,583,-29
1r3rk1/5pp1/P1R4p/3B3b/4P3/4R2P/5PKB/8 w - - 1 34,a6a7,751,620,-131
5B2/6R1/5k2/7p/4P3/4R2P/5PK1/8 w - - 1 42,e4e5,979,1077,98
5B2/8/6R1/3kP2p/8/4R2P/5PK1/8 w - - 3 44,e5e6,10000,10000,0
5B2/8/4P1R1/7p/3k4/4R2P/5PK1/8 w - - 1 45,e6e7,10000,10000,0
5B2/4P3/6R1/7p/2k5/4R2P/5PK1/8 w - - 1 46,e7e8q,10000,10000,0
rnbqkbnr/pppppppp/8/8/8/8/PPPPPPPP/RNBQKBNR w KQkq - 0 1,e2e4,27,27,0
rnbqkbnr/pppp1ppp/8/4p3/4P3/8/PPPP1PPP/RNBQKBNR w KQkq - 0 2,f2f4,33,-35,-68
rnbqk1nr/pppp1ppp/8/2b5/4Pp2/5N2/PPPP2PP/RNBQKB1R w KQkq - 2 4,d2d4,121,104,-17
r4r2/ppp2pk1/5R1p/8/3n4/8/PPPN2PP/5R1K w - - 3 23,c2c3,8,11,3
3r1r2/ppp2pk1/5R1p/2n5/8/2P5/PP4PP/5R1K w - - 0 26,b2b4,-466,-500,34
3r1r2/ppp2pk1/5R1p/8/1P6/2Pn4/P5PP/5R1K w - - 1 27,a2a3,-490,-522,32
rnbqkbnr/pppppppp/8/8/8/8/PPPPPPPP/RNBQKBNR w KQkq - 0 1,e2e4,36,34,-2
rnbqkbnr/pppp2pp/5p2/4p3/4P3/5N2/PPPP1PPP/RNBQKB1R w KQkq - 0 3,d2d4,172,147,-25
r1bqkbnr/pp4pp/2np1p2/2p5/4P3/2N2N2/PPP2PPP/R1BQKB1R w KQkq - 2 7,a2a3,209,164,-45
r3kbnr/pp1q2pp/2np1p2/2pN4/4P1b1/P4N2/1PP2PPP/R1BQKB1R w KQkq - 3 9,h2h3,184,160,-24
r3kbnr/pp1q2pp/2np1p2/2pN3b/4P3/P4N1P/1PP2PP1/R1BQKB1R w KQkq - 1 10,g2g4,156,46,-110
rnbqkbnr/pppp1ppp/4p3/8/8/5N2/PPPPPPPP/RNBQKB1R w KQkq - 0 2,d2d4,22,22,0
rnbqkbnr/ppp2ppp/4p3/3p4/3P4/5N2/PPP1PPPP/RNBQKB1R w KQkq - 0 3,g2g3,21,8,-13
rnbqk2r/ppp2ppp/3bpn2/3p4/3P4/5NP1/PPP1PPBP/RNBQK2R w KQkq - 3 5,c2c4,41,37,-4
r1b2rk1/p4ppp/n1Nqpn2/1p6/3P4/5NP1/PPQ1PPBP/R4RK1 w - - 1 13,a2a3,329,252,-77
1n1r2k1/p1R3pp/4p3/1p2Np2/3P4/P5P1/1P2PP1P/5RK1 w - - 2 22,e2e3,806,813,7
rnbqkbnr/pppppppp/8/8/8/8/PPPPPPPP/RNBQKBNR w KQkq - 0 1,e2e4,31,29,-2
rnbqkb1r/1ppp1ppp/p4n2/4p3/4P3/2N2N2/PPPP1PPP/R1BQKB1R w KQkq - 0 4,d2d4,112,51,-61
rnbqk2r/1ppp1ppp/p4n2/4p3/1b1PP3/2N2N2/PPP2PPP/R1BQKB1R w KQkq - 1 5,d4e5,61,75,14
rnbqk2r/1ppp1ppp/p4n2/4P3/4P3/2b2N2/PPP2PPP/R1BQKB1R w KQkq - 0 6,b2c3,203,189,-14
rnb1kr2/1ppp2pp/p7/4N1q1/2Q5/8/P1P2PPP/2KRR3 w q - 3 15,f2f4,396,332,-64
r1b5/1pp4p/p5k1/4Rnp1/3p4/8/P1P3PP/2K2R2 w - - 0 25,g2g4,-97,-247,150
rnbqkbnr/pppppppp/8/8/8/8/PPPPPPPP/RNBQKBNR w KQkq - 0 1,d2d4,31,26,-5
rnbqkbnr/ppp1pppp/8/3p4/3P4/8/PPP1PPPP/RNBQKBNR w KQkq - 0 2,c2c4,31,29,-2
rnbqkb1r/ppp2ppp/4pn2/3p4/2PP4/5N2/PP2PPPP/RNBQKB1R w KQkq - 2 4,e2e3,24,8,-16
rnbqkb1r/pp3ppp/4pn2/3p4/2Pp4/3BPN2/PP3PPP/RNBQK2R w KQkq - 0 6,e3d4,13,4,-9
r2qk2r/1b2bppp/p1n1pn2/1p6/3P1B2/2NB1N2/PP3PPP/R2Q1RK1 w kq - 6 12,a2a3,-19,-39,20
r2q1rk1/1b2bppp/p1n1pn2/1p6/3P1B2/P1NB1N2/1P3PPP/R2Q1RK1 w - - 1 13,b2b4,-34,-43,9
r2r2k1/5ppp/p3pq2/1pR5/1PnP4/P4N2/5PPP/3QR1K1 w - - 4 22,a3a4,-2,-74,72
r5k1/5p2/4p2p/p2q2p1/QP1P4/5N2/5PPP/R5K1 w - - 0 29,b4a5,477,458,-19
2r3k1/5p2/4p2p/P2q2p1/Q2P4/5N2/5PPP/R5K1 w - - 1 30,a5a6,563,570,7
4Q3/2r2pk1/P3p2p/3qN1p1/3P4/8/5PPP/R5K1 w - - 5 33,a6a7,793,775,-18
4Q3/P1r2pk1/4p2p/4N1p1/3q4/8/5PPP/R5K1 w - - 0 34,a7a8q,1099,1157,58
rnbqkbnr/pppppppp/8/8/8/8/PPPPPPPP/RNBQKBNR w KQkq - 0 1,e2e4,29,28,-1
rnbqkbnr/pppp1ppp/4p3/8/4P3/8/PPPP1PPP/RNBQKBNR w KQkq - 0 2,d2d4,34,27,-7
r1bqkb1r/pp3ppp/4pn2/2p1n3/3Pp3/2N1B3/PPPQ1PPP/R3KB1R w KQkq - 0 8,d4e5,35,35,0
2k2r2/pp3ppp/2b1p1n1/2N5/8/8/PPP2PPP/3K1B1R w - - 0 17,f2f3,-21,-24,3
2kr4/p4ppp/1pb1p3/8/8/1N1n1P2/PPP3PP/2K4R w - - 0 21,c2d3,-271,-259,-12
8/p4ppp/1pk1p3/8/2K5/5P2/PP4PP/8 w - - 3 27,b2b4,-274,-312,38
8/5ppp/ppk1p3/8/1PK5/5P2/P5PP/8 w - - 0 28,a2a4,-309,-325,16
8/5ppp/1pk1p3/p7/PPK5/5P2/6PP/8 w - - 0 29,b4b5,-292,-298,6
8/5p1p/1p1k2p1/pP2p3/P3K3/5P2/6PP/8 w - - 0 32,g2g4,-291,-319,28
8/5p2/1p1k2p1/pP2p2p/P3K1P1/5P2/7P/8 w - - 0 33,h2h3,-277,-317,40
8/5p2/1p1k2p1/pP2p3/P3K1p1/5P1P/8/8 w - - 0 34,h3g4,-462,-462,0
8/5p2/1p4p1/pPk1p3/P3K1P1/5P2/8/8 w - - 1 35,f3f4,-21,-493,472
8/8/1p6/1k3K2/6P1/8/p7/8 w - - 0 42,g4g5,-691,-718,27
rnbqkbnr/pppppppp/8/8/8/8/PPPPPPPP/RNBQKBNR w KQkq - 0 1,e2e4,26,28,2
rnbqkbnr/pppp1p1p/4p1p1/8/2B1P3/8/PPPP1PPP/RNBQK1NR w KQkq - 0 3,d2d3,45,-21,-66
rnbq1rk1/ppppn1bp/4p1p1/8/2B1p3/2NP1N2/PPPB1PPP/R2Q1RK1 w - - 0 8,d3e4,64,61,-3
rnbq2k1/pp1pn1bp/2p1p1p1/8/2B1P3/2N2Q2/PPPB1PPP/R4RK1 w - - 0 10,e4e5,384,207,-177
rn1q2k1/1b1pn1bp/p1p1p1p1/1p2P3/8/1BN2Q2/PPPB1PPP/R3R1K1 w - - 2 13,h2h3,406,251,-155
rn1q2k1/1b1pn1bp/2p1p1p1/pp2P3/8/1BN2Q1P/PPPB1PP1/R3R1K1 w - - 0 14,a2a4,368,346,-22
r5k1/1bqpn1bp/2p1p1p1/p3P3/Bn3B2/2N4P/1PP1QPP1/R3R1K1 w - - 5 18,b2b3,329,207,-122
r5k1/2qp2bp/b1p1p1p1/p3Pn2/Bn6/1PN4P/2P2PP1/R2QR1K1 w - - 2 22,f2f3,-431,-562,131
r5k1/2qp3p/b1p1p1p1/p3bn2/Bn6/1PN2P1P/2P3P1/R2QR1K1 w - - 0 23,g2g4,-559,-989,430
r5k1/2qp3p/b1p1p1p1/p4n2/Bn4P1/1Pb2P1P/2P5/R2QR1K1 w - - 0 24,g4f5,-718,-759,41
rnbqkbnr/pppppppp/8/8/8/8/PPPPPPPP/RNBQKBNR w KQkq - 0 1,d2d4,26,21,-5
rnbqkbnr/ppp1pppp/8/3p4/3P4/8/PPP1PPPP/RNBQKBNR w KQkq - 0 2,c2c4,23,28,5
rnbqk1nr/ppp2ppp/4p3/3p4/2PP4/2b2N2/PP2PPPP/R1BQKB1R w KQkq - 0 5,b2c3,80,81,1
rnb1k2r/pp2n1pp/2p1pp2/q2p4/2PP3B/2P2N2/P1Q1PPPP/R3KB1R w KQkq - 4 9,e2e3,114,121,7
r1b1k2r/pp1n2pp/2p1pp2/q2p4/2PP4/2PBPNn1/P1Q2PPP/R3K2R w KQkq - 0 12,h2g3,120,140,20
r1b1k2r/pp4pp/1np1pp2/q2p4/2PP4/2PBPNP1/P1Q2PP1/R3K2R w KQkq - 1 13,c4c5,111,126,15
r1b2rk1/pp4pp/2p1pp2/q1P5/2pP4/2P1PNP1/P1Q2PP1/R4RK1 w - - 2 16,e3e4,175,58,-117
r1b2rk1/pp4pp/2p2p2/q1P1p3/2pPP3/2P2NP1/P1Q2PP1/R4RK1 w - - 0 17,d4d5,59,-145,-204
r1b2rk1/pp4pp/5p2/q1Ppp3/2p1P3/2P2NP1/P1Q2PP1/R4RK1 w - - 0 18,e4d5,-131,-141,10
3Q4/Rb2r1k1/5pp1/1p2q1p1/2p5/2P1p1P1/P4PP1/6K1 w - - 0 37,f2e3,-673,-647,-26
8/1r2q1k1/6p1/1p3pp1/2p5/2P2QP1/P5PK/8 w - - 0 42,g3g4,-677,-738,61
8/4r3/5kp1/1p2qpp1/2p3P1/2P2Q2/P4KP1/8 w - - 5 45,g4f5,-859,-10000,9141
8/8/6p1/1p3kp1/2p5/2P2K2/P3r1P1/8 w - - 0 49,g2g3,-546,-805,259
rnbqkbnr/pppppppp/8/8/8/8/PPPPPPPP/RNBQKBNR w KQkq - 0 1,d2d4,25,21,-4
rnbqkb1r/1pp1pppp/p4n2/3p4/3P1B2/2N5/PPP1PPPP/R2QKBNR w KQkq - 2 4,e2e3,-13,-18,5
rn2k2r/1p4p1/p3pp1p/8/1b1P4/4PN2/PPP2PPP/R4RK1 w - - 0 16,c2c3,-272,-283,11
rn2k2r/1p4p1/p2bpp1p/8/3P4/2P1PN2/PP3PPP/R4RK1 w - - 1 17,b2b4,-279,-274,-5
r3k2r/1p1n2p1/p2bpp1p/8/1P1P4/2P1PN2/P4PPP/R4RK1 w - - 1 18,a2a4,-217,-321,104
r6r/1p1n1kp1/p2bpp1p/8/PP1P4/2P1PN2/5PPP/R4RK1 w - - 1 19,b4b5,-288,-381,93
r6r/1p1n1kp1/3bpp1p/1p6/P2P4/2P1PN2/5PPP/R4RK1 w - - 0 20,a4b5,-329,-337,8
r7/3n1kp1/1p1bpp1p/1P6/3P4/2P1PN2/5PPP/5RK1 w - - 0 22,h2h3,-354,-358,4
r7/3n1kp1/1p1b1p1p/1P2p3/3P4/2P1PN1P/5PP1/5RK1 w - - 0 23,d4e5,-306,-347,41
8/3R2p1/1p3pkp/rP2b3/8/2P1P2P/5PP1/6K1 w - - 4 27,c3c4,-379,-10000,9621
rnbqkbnr/pppppppp/8/8/8/8/PPPPPPPP/RNBQKBNR w KQkq - 0 1,e2e4,25,29,4
rnbqkb1r/pppppppp/5n2/8/4P3/8/PPPP1PPP/RNBQKBNR w KQkq - 1 2,d2d3,68,-13,-81
rnbqkb1r/ppp1pppp/5n2/3p4/4P3/3P4/PPP2PPP/RNBQKBNR w KQkq - 0 3,e4e5,41,41,0
rnbqkb1r/pppnpppp/8/3pP3/8/3P4/PPP2PPP/RNBQKBNR w KQkq - 1 4,d3d4,41,46,5
r1bqkb1r/2pn1ppp/p1p1p3/3pP3/3P4/5N2/PPP2PPP/RNBQK2R w KQkq - 0 8,c2c3,-27,-35,8
r1bqkb1r/2pn2pp/p3pp2/3pP1B1/2pP4/2P2N2/PP3PPP/RN1Q1RK1 w kq - 0 11,e5f6,110,110,0
r1b2k2/2p3pp/p3p3/3pb3/2pP3q/2P5/PP1N2PP/R2Q3K w - - 0 19,d4e5,15,-124,-139
r4k2/2pb2pp/p3p3/3pP3/2p2q2/2P5/PP1N2PP/R3Q2K w - - 3 21,g2g3,-142,-208,66
rnbqkbnr/pppppppp/8/8/8/8/PPPPPPPP/RNBQKBNR w KQkq - 0 1,e2e4,23,27,4
r1bqkbnr/pppp1ppp/2n5/4p3/2B1P3/8/PPPP1PPP/RNBQK1NR w KQkq - 2 3,d2d3,20,15,-5
r1bqk1nr/ppp2ppp/2np4/2b1p3/2B1P3/3P1N2/PPP2PPP/RNBQK2R w KQkq - 0 5,h2h3,9,-1,-10
r2qk2r/ppp2ppp/2np1n2/2b1p1N1/2b1P3/3P3P/PPP2PP1/RNBQ1RK1 w kq - 0 8,d3c4,-221,-228,7
r2q1rk1/1p3ppp/1p1p1n2/2p1p1N1/2PnP3/4B2P/PPP2PP1/R2Q1RK1 w - - 0 13,c2c3,54,35,-19
r2q1rk1/1p3ppp/1pnp1n2/2p1p1N1/2P1P3/2P1B2P/PP3PP1/R2Q1RK1 w - - 1 14,b2b4,48,-189,-237
r2q1rk1/1p1n1ppp/1pnp4/2p1p1N1/1PP1P3/2P1B2P/P4PP1/R2Q1RK1 w - - 1 15,b4c5,26,-51,-77
r2q1rk1/3n1ppp/1pnp4/2p1p1N1/2P1P3/2P1B2P/P4PP1/1R1Q1RK1 w - - 0 17,a2a4,13,-47,-60
r4rk1/3n1pp1/1pnp2qp/2p1p3/P1P1P3/2P1BN1P/5PP1/1R1QR1K1 w - - 4 20,g2g4,1,-48,-49
r4rk1/3n2p1/1pnp2qp/2p1pp2/P1P1P1P1/2P1BN1P/5P2/1R1QR1K1 w - - 0 21,e4f5,288,281,-7
5rk1/6p1/1pnp1nq1/2p1p3/P1P3P1/2P1R1QP/5P2/1R4K1 w - - 6 27,h3h4,-194,-699,505
rnbqkbnr/pppppppp/8/8/8/8/PPPPPPPP/RNBQKBNR w KQkq - 0 1,e2e4,28,29,1
rnbqkbnr/pp1ppppp/8/2p5/4P3/8/PPPP1PPP/RNBQKBNR w KQkq - 0 2,d2d4,30,8,-22
rnbqkbnr/pp1p1ppp/4p3/2p5/3PP3/8/PPP2PPP/RNBQKBNR w KQkq - 0 3,d4d5,63,69,6
rnbqkbnr/pp1p1ppp/8/2pp4/4P3/8/PPP2PPP/RNBQKBNR w KQkq - 0 4,e4d5,88,95,7
rnbqkbnr/pp3ppp/3p4/2pP4/8/8/PPP2PPP/RNBQKBNR w KQkq - 0 5,c2c4,99,82,-17
r2qr1k1/pp1n1ppp/3p1b2/2pP4/2P3b1/2N2N2/PP2BPPP/R2Q1RK1 w - - 4 12,h2h3,-103,-146,43
r2qr1k1/pp1n1ppp/3p1b2/2pP3b/2P5/2N2N1P/PP2BPP1/R2Q1RK1 w - - 1 13,a2a3,-76,-168,92
r2qr1k1/pp1n1pp1/3p1b1p/2pP1b2/2P5/P1N2N1P/1P3PP1/R2Q1RK1 w - - 0 16,g2g4,-619,-642,23
r2qr1k1/pp3pp1/3p2bp/2pPb3/2P3P1/P1N4P/1P1Q1P2/R4RK1 w - - 0 19,f2f4,-529,-529,0
r3r1k1/pp3pp1/3p2bp/2pP4/2Pb1PPq/P1N4P/1P1Q4/R4R1K w - - 3 21,f4f5,-571,-604,33
rnbqkbnr/pppppppp/8/8/8/8/PPPPPPPP/RNBQKBNR w KQkq - 0 1,e2e4,25,27,2
rnbqkbnr/pppp1ppp/8/4p3/4P3/8/PPPP1PPP/RNBQKBNR w KQkq - 0 2,f2f4,29,-21,-50
rnbqkb1r/pppp1ppp/5n2/8/4Pp2/5N2/PPPP2PP/RNBQKB1R w KQkq - 0 4,d2d4,-35,-84,49
rnbqk2r/ppppb1pp/8/5p2/3PnB2/3Q1N2/PPP3PP/RN2KB1R w KQkq - 0 7,c2c3,-71,-189,118
6k1/p1p4p/1p6/2qp1Bp1/3b4/2P5/PP2Q1PP/1K6 w - - 0 30,c3d4,512,519,7
rnbqkbnr/pppppppp/8/8/8/8/PPPPPPPP/RNBQKBNR w KQkq - 0 1,e2e4,26,25,-1
rnbqkbnr/pp2pppp/3p4/2p5/4P3/2N5/PPPP1PPP/R1BQKBNR w KQkq - 0 3,d2d3,25,-6,-31
r1bqk2r/1p1nbppp/p2ppn2/2p5/4P3/2NPBN2/PPP1BPPP/R2Q1RK1 w kq - 2 8,b2b3,13,-49,-62
r1bqk2r/1p1nbppp/p2pp3/2p5/4P1n1/1PNPBN2/P1P1BPPP/R2Q1RK1 w kq - 1 9,a2a4,-29,-41,12
r1bqk2r/1p1nbppp/p2pp3/2p5/P3P3/1PNPnN2/2P1BPPP/R2Q1RK1 w kq - 0 10,f2e3,-45,-41,-4
r1bqk2r/1p1n1ppp/p2ppb2/2p5/P3P3/1PNPPN2/2P1B1PP/R2Q1RK1 w kq - 1 11,e4e5,-20,-231,211
r1bqk2r/1p1n1ppp/p3pb2/2p1p3/P7/1PNPPN2/2P1B1PP/R2Q1RK1 w kq - 0 12,d3d4,-65,-203,138
r1bqk2r/1p1n1ppp/p3pb2/4p3/P2p4/1PN1PN2/2P1B1PP/R2Q1RK1 w kq - 0 13,e3d4,-175,-170,-5
r1bqk2r/1p3ppp/p3pb2/2n5/P2N4/1PN5/2P1B1PP/R2Q1RK1 w kq - 1 15,a4a5,-328,-668,340
r1bq1rk1/1p3ppp/p3p3/P1n5/3b4/1PN5/2P1B1PP/R2Q1R1K w - - 2 17,h2h3,-447,-785,338
3r2k1/1p2qppp/p1b1p3/P1N5/8/QP5P/2P1B1P1/7K w - - 0 24,b3b4,-615,-774,159
rnbqkbnr/pppppppp/8/8/8/8/PPPPPPPP/RNBQKBNR w KQkq - 0 1,d2d4,26,19,-7
rnbqkbnr/ppp1pppp/8/3p4/3P4/8/PPP1PPPP/RNBQKBNR w KQkq - 0 2,c2c4,25,24,-1
rnbqk1nr/ppp2ppp/4p3/3p4/2PP4/2b2N2/PP2PPPP/R1BQKB1R w KQkq - 0 5,b2c3,83,82,-1
rnb1k1nr/p4ppp/1p2p3/q1pp4/2PP4/2P2N2/P1QBPPPP/R3KB1R w KQkq - 0 8,e2e3,235,128,-107
rn2k1nr/pq1b1ppp/1p2p3/2pp4/2PP4/2P1PN2/P1QBBPPP/R4RK1 w kq - 5 11,c4d5,280,276,-4
rn2k2r/pq1bnppp/1p2p3/2pP4/3P4/2P1PN2/P1QBBPPP/R4RK1 w kq - 1 12,d5e6,371,387,16
rn2k2r/pq2nppp/1p2b3/2p5/3P4/2P1PN2/P1QBBPPP/R4RK1 w kq - 0 13,c3c4,376,360,-16
rn2k2r/pq2nppp/1p6/8/2Pp4/3QPN2/P2B1PPP/R4RK1 w kq - 0 16,e3d4,337,323,-14
rn3rk1/pq2nppp/1p6/8/2PP4/3Q1N2/P2B1PPP/R4RK1 w - - 1 17,d4d5,349,243,-106
rnbqkbnr/pppppppp/8/8/8/8/PPPPPPPP/RNBQKBNR w KQkq - 0 1,e2e4,25,23,-2
rnbqkbnr/pppp1ppp/8/4p3/4P3/8/PPPP1PPP/RNBQKBNR w KQkq - 0 2,f2f3,27,-88,-115
r1b1k1nr/pppp1ppp/2n5/2b1p3/2B1P2q/5P1N/PPPP2PP/RNBQK2R w KQkq - 5 5,g2g3,-456,-478,22
r1b1k2r/pppp1ppp/2n2n2/4p3/2B1P3/5PPq/PPPPQ2P/RNB1K1b1 w Qkq - 0 8,d2d3,-792,-881,89
r1b1k2r/pppp1pp1/2n2n2/4p2p/2B1P3/3P1P2/PPP2K2/RN6 w kq - 0 13,b2b3,-880,-901,21
rnbqkbnr/pppppppp/8/8/8/8/PPPPPPPP/RNBQKBNR w KQkq - 0 1,d2d4,29,20,-9
rnbqkbnr/pp2pppp/8/2pp4/3P4/5N2/PPP1PPPP/RNBQKB1R w KQkq - 0 3,c2c3,21,7,-14
rnbqkb1r/pp3ppp/4pn2/2pp4/3P1B2/2P2N2/PP2PPPP/RN1QKB1R w KQkq - 0 5,h2h3,8,-5,-13
r1bqk2r/pp3ppp/2nbpn2/2ppN3/3P1B2/2P4P/PP2PPP1/RN1QKB1R w KQkq - 3 7,e2e3,-37,-39,2
r1b1k2r/ppq2ppp/3bpn2/2ppn3/3P1B2/2P1P2P/PP1N1PP1/R2QKB1R w KQkq - 0 9,d4e5,-148,-162,14
r3k2r/ppq2ppp/4bn2/2pp4/4p3/2P1P2P/PP1NBPP1/R2Q1RK1 w kq - 2 15,f2f3,-110,-194,84
2kr3r/ppq2ppp/4bn2/2pp4/4p3/2P1PP1P/PP1NB1P1/R2Q1RK1 w - - 1 16,f3e4,-190,-173,-17
rnbqkbnr/pppppppp/8/8/8/8/PPPPPPPP/RNBQKBNR w KQkq - 0 1,e2e4,32,29,-3
rnbqkbnr/ppp1pppp/8/3p4/4P3/8/PPPP1PPP/RNBQKBNR w KQkq - 0 2,f2f3,64,-71,-135
rnbqkbnr/ppp1pppp/8/8/4p3/5P2/PPPP2PP/RNBQKBNR w KQkq - 0 3,f3e4,-34,-31,-3
rnbqkb1r/ppp1pppp/5n2/8/4P3/8/PPPP2PP/RNBQKBNR w KQkq - 1 4,d2d3,12,-93,-105
rnbqkb1r/pp2pppp/2p2n2/8/4P3/3P4/PPP3PP/RNBQKBNR w KQkq - 0 5,h2h3,0,-11,-11
rnbqkb1r/pp3ppp/2p1pn2/8/4P3/3P3P/PPP3P1/RNBQKBNR w KQkq - 0 6,c2c4,-15,-106,91
r1bqkb1r/pp1n1ppp/2p1pn2/8/2P1P3/3P3P/PP4P1/RNBQKBNR w KQkq - 1 7,a2a3,-56,-128,72
r1bqk2r/pp1nbppp/2p1pn2/8/2P1P3/P2P3P/1P4P1/RNBQKBNR w KQkq - 1 8,b2b4,-76,-213,137
r1bqk2r/pp2bppp/1np1pn2/8/1PP1P3/P2P3P/6P1/RNBQKBNR w KQkq - 1 9,c4c5,-37,-124,87
r1bqk2r/p2nbppp/2p1pn2/2p5/1P2P3/P2P3P/3N2P1/RNBQKB1R w KQkq - 0 12,b4c5,-236,-396,160
r1bqk2r/p2n1ppp/2p1pn2/2b5/4P3/P2P3P/3N2P1/RNBQKB1R w KQkq - 0 13,g2g3,-281,-417,136
r1bqk2r/p4ppp/1np1pn2/2b5/4P3/P2P2PP/3N4/RNBQKB1R w KQkq - 1 14,h3h4,-227,-401,174
rnbqkbnr/pppppppp/8/8/8/8/PPPPPPPP/RNBQKBNR w KQkq - 0 1,e2e4,29,30,1
r2qkb1r/pbp2ppp/4pn2/2p5/2B1p3/2N5/PPPP1PPP/R1BQR1K1 w kq - 2 9,d2d4,26,-290,-316
r2qkb1r/pbp2ppp/4pn2/2p5/2B5/2Np4/PPP2PPP/R1BQR1K1 w kq - 0 10,c2d3,24,-44,-68
r2q1rk1/pbp1bppp/4pn2/2p5/2B5/2NPB3/PP3PPP/R2QR1K1 w - - 3 12,d3d4,-63,-109,46
2r2rk1/pbq1bppp/4pn2/2p5/2B5/2N1B3/PPQ2PPP/R3R1K1 w - - 4 16,g2g3,-137,-564,427
rnbqkbnr/pppppppp/8/8/8/8/PPPPPPPP/RNBQKBNR w KQkq - 0 1,e2e4,25,29,4
rnbqkbnr/pppppppp/8/8/8/8/PPPPPPPP/RNBQKBNR w KQkq - 0 1,e2e4,28,28,0
rnbqkbnr/pppp1ppp/4p3/8/4P3/8/PPPP1PPP/RNBQKBNR w KQkq - 0 2,e4e5,29,-27,-56
rnbqkbnr/ppp2ppp/3pp3/4P3/8/8/PPPP1PPP/RNBQKBNR w KQkq - 0 3,e5d6,-17,-26,9
rnb1kbnr/ppp2ppp/3qp3/8/8/8/PPPP1PPP/RNBQKBNR w KQkq - 0 4,d2d4,6,-2,-8
r1b2rk1/pp3p2/3qp1p1/6Q1/3p4/3n4/PPP2PPP/RN3RK1 w - - 0 17,c2d3,10,-10,-20
r1b2r2/pp3pk1/5Np1/4p1Q1/3p4/3P4/Pq3PPP/R4RK1 w - - 2 21,h2h4,475,176,-299
r1b2r2/p4pk1/1p3Np1/4p1Q1/3p3P/3P4/Pq3PP1/R4RK1 w - - 0 22,h4h5,499,381,-118
r1b4r/p4pk1/1p3Np1/4p1QP/3p4/3P4/Pq3PP1/R4RK1 w - - 1 23,h5g6,521,446,-75
rnbqkbnr/pppppppp/8/8/8/8/PPPPPPPP/RNBQKBNR w KQkq - 0 1,e2e4,29,27,-2
r1bqkbnr/1p1ppppp/p1n5/2p5/2B1P3/5N2/PPPP1PPP/RNBQK2R w KQkq - 0 4,c2c3,31,24,-7
r1bqkbnr/1p1p1ppp/p1n1p3/2p5/2B1P3/2P2N2/PP1P1PPP/RNBQK2R w KQkq - 0 5,b2b4,19,-86,-105
r1bqk1nr/3pbppp/p1n1p3/1p6/1Pp1P3/2P2N2/P1BP1PPP/RNBQK2R w KQkq - 2 8,d2d3,59,-2,-61
r1bqk1nr/4bppp/p1n1p3/1p1p4/1P2P3/2PB1N2/P4PPP/RNBQK2R w KQkq - 0 10,e4e5,63,51,-12
2k1b1rr/7N/4q1n1/1p1p4/1p6/2PB4/P4PPP/RN3RK1 w - - 0 21,a2a4,-599,-795,196
2k1b1r1/7r/4q1n1/1p1p4/Pp6/2PB4/5PPP/RN3RK1 w - - 0 22,a4a5,-597,-1130,533
2k1b2r/7r/4q1n1/Pp1p4/1p6/2PB4/5PPP/RN3RK1 w - - 1 23,h2h3,-574,-696,122
2k1b2r/8/4q1n1/Pp1p4/1p5r/2PB3P/5PP1/RN3RK1 w - - 1 24,a5a6,-641,-603,-38
2k4r/8/P1b1q1n1/1p1p4/1p5r/2PB3P/5PP1/RN3RK1 w - - 1 25,a6a7,-614,-600,-14
7r/P1k5/2b1q1n1/1p1p4/1p5r/2PB3P/5PP1/RN3RK1 w - - 1 26,c3b4,-602,-633,31
7r/P7/1k2q1n1/1r6/3p4/7P/5PP1/R1R3K1 w - - 0 31,a7a8q,-535,-555,20
rnbqkbnr/pppppppp/8/8/8/8/PPPPPPPP/RNBQKBNR w KQkq - 0 1,e2e4,26,28,2
rnbqkbnr/pp1ppppp/8/2p5/4P3/8/PPPP1PPP/RNBQKBNR w KQkq - 0 2,c2c3,29,19,-10
rnbqkbnr/pp2pppp/3p4/2p5/4P3/2P5/PP1P1PPP/RNBQKBNR w KQkq - 0 3,d2d4,66,58,-8
rnbqkbnr/pp2pppp/3p4/8/3pP3/2P5/PP3PPP/RNBQKBNR w KQkq - 0 4,c3d4,82,84,2
rnbqk2r/1p2bppp/p2ppn2/6B1/3PP3/2N2N2/PP3PPP/R2QKB1R w KQkq - 2 8,e4e5,59,-10,-69
1qb2rk1/3nbppp/p3pn2/1p4B1/3P4/2N5/PP2BPPP/R2Q1RK1 w - - 0 15,f2f4,252,119,-133
2b2rk1/3n1pp1/pbq1p2p/1p1n4/3P1P1B/2NQ1B2/PP4PP/4RR1K w - - 10 21,f4f5,408,402,-6
2b2rk1/2qn1pp1/pb2p2p/1p1n1P2/3P3B/2NQ1B2/PP4PP/4RR1K w - - 1 22,f5e6,539,530,-9
2b2rk1/2qn1pp1/pb2P2p/1p6/3P3B/2nQ1B2/PP4PP/4RR1K w - - 0 23,e6d7,567,568,1
5rk1/5pp1/p1Q4p/1p6/3b1B1q/8/PP4PP/4RR1K w - - 2 29,g2g3,636,490,-146
rnbqkbnr/pppppppp/8/8/8/8/PPPPPPPP/RNBQKBNR w KQkq - 0 1,d2d4,24,20,-4
rn1qkb1r/ppp1pppp/5n2/3p1b2/3P4/5N2/PPPNPPPP/R1BQKB1R w KQkq - 4 4,b2b3,6,-33,-39
r2qkb1r/pppn1ppp/4pnb1/3pN3/3P4/1P6/PBPNPPPP/R2QKB1R w KQkq - 4 7,c2c4,27,-56,-83
r2qkb1r/pppn1ppp/4pnb1/4N3/2pP4/1P6/PB1NPPPP/R2QKB1R w KQkq - 0 8,b3c4,-52,-131,79
r2qkb1r/p1pn1ppp/1p2pnb1/4N3/2PP4/8/PB1NPPPP/R2QKB1R w KQkq - 0 9,e2e4,249,-240,-489
r2qk2r/p1pn1pp1/1p1bpnp1/8/2PPP3/8/PB1N1PPP/R2QKB1R w KQkq - 0 11,e4e5,399,391,-8
rnbqkbnr/pppppppp/8/8/8/8/PPPPPPPP/RNBQKBNR w KQkq - 0 1,d2d4,27,22,-5
rnbqkbnr/pp2pppp/2p5/3p4/3P4/8/PPPNPPPP/R1BQKBNR w KQkq - 0 3,c2c4,22,8,-14
rnbqkb1r/pp2pppp/2p2n2/3p4/2PP4/8/PP1NPPPP/R1BQKBNR w KQkq - 1 4,b2b3,13,-41,-54
rn1qkb1r/pp3pp1/2p1pn1p/3p1b2/2PP4/1P3N2/PB1NPPPP/R2QKB1R w KQkq - 0 7,e2e3,-28,-31,3
rn1qk2r/pp3pp1/2p1pn1p/3p1b2/1bPP4/1P2PN2/PB1N1PPP/R2QKB1R w KQkq - 1 8,a2a3,-17,-12,-5
rn1qk2r/pp3pp1/2p1pn1p/b2p1b2/2PP4/PP2PN2/1B1N1PPP/R2QKB1R w KQkq - 1 9,b3b4,-1,-1,0
rn1q1rk1/ppb2pp1/2p1pn1p/3pNb2/1PPP4/P3P3/1B1N1PPP/R2QKB1R w KQ - 3 11,c4c5,15,-41,-56
rnbqkbnr/pppp1ppp/4p3/8/8/5N2/PPPPPPPP/RNBQKB1R w KQkq - 0 2,d2d4,19,21,2
r1bqk1nr/pppp1ppp/2n1p3/8/3P4/5N2/PPPQPPPP/RN2KB1R w KQkq - 1 5,e2e4,87,85,-2
r1b1k1nr/ppppnppp/4p3/8/1q1PP3/2N2N2/PPPQ1PPP/1R2KB1R w Kkq - 5 8,a2a3,206,193,-13
r1b1k1nr/ppppnppp/3qp3/8/3PP3/P1N2N2/1PPQ1PPP/1R2KB1R w Kkq - 1 9,e4e5,232,211,-21
1rb2rk1/3p1ppp/p3p3/2Q1P3/3P1nn1/P2B1N2/1PP2PPP/1R3RK1 w - - 2 21,h2h3,555,565,10
1rb2rk1/3p1ppp/p3p3/2Q1P3/3P2n1/P2B1N1n/1PP2PP1/1R3RK1 w - - 0 22,g2h3,768,755,-13
rnbqkbnr/pppppppp/8/8/8/8/PPPPPPPP/RNBQKBNR w KQkq - 0 1,e2e4,29,27,-2
r1bqkbnr/pp1ppppp/2n5/2p5/4P3/5Q2/PPPP1PPP/RNB1KBNR w KQkq - 2 3,c2c3,-63,-61,-2
r1bqkbnr/pp1p1ppp/2n5/2p1p3/4P3/2P2Q2/PP1P1PPP/RNB1KBNR w KQkq - 0 4,d2d3,-15,-70,55
r1bqkbnr/pp3ppp/2np4/2p1p3/4P3/2PP1Q2/PP3PPP/RNB1KBNR w KQkq - 0 5,h2h3,-66,-80,14
r2qkb1r/p3nppp/1pn1b3/2ppp3/4P3/2PPBQ1P/PP1NBPP1/R3K1NR w KQkq - 0 9,e4d5,-127,-137,10
2kr1b1r/p5pp/1pn2p2/2pqp3/8/2PPQN1P/PP3PP1/R3K1NR w KQ - 2 16,c3c4,-55,-317,262
2k2b1r/p5pp/1pn2p2/2p1p3/2P5/3r1N1P/PP3PP1/R3K1NR w KQ - 0 18,b2b3,-337,-414,77
2k1r3/p5pp/1p1b1p2/2p5/2Pp4/1P5P/P2r1PP1/R1N2RK1 w - - 4 23,a2a4,-333,-340,7
rnbqkbnr/pppppppp/8/8/8/8/PPPPPPPP/RNBQKBNR w KQkq - 0 1,e2e4,30,26,-4
rnbqk1nr/pppp1p1p/4p1pb/8/2B1P3/5N2/PPPP1PPP/RNBQK2R w KQkq - 0 4,d2d4,146,108,-38
rnbqk2r/pppp1p1p/4pnp1/8/2BPP3/5N2/PPP2PPP/RNQ1K2R w KQkq - 1 6,e4e5,207,174,-33
rnb2rk1/ppppq2p/6pQ/3pPpN1/3P4/8/PPP2PPP/RN3RK1 w - - 2 11,h2h4,165,160,-5
r1b2rk1/ppppq2p/2n3pQ/3pPpN1/3P3P/8/PPP2PP1/RN3RK1 w - - 1 12,c2c3,347,90,-257
r1b2rk1/ppp1q2p/2np2pQ/3pPpN1/3P3P/2P5/PP3PP1/RN3RK1 w - - 0 13,h4h5,166,86,-80
r1b2rk1/ppp1q2p/2n3pQ/3pppNP/3P4/2P5/PP3PP1/RN3RK1 w - - 0 14,h5g6,95,86,-9
r1b2r2/ppp3k1/2n5/3pppN1/3P4/2P5/PP3PP1/RN3RK1 w - - 0 17,d4e5,8,-13,-21
r7/ppp4N/4b1k1/3p1p2/8/2P4R/Pn3PP1/RN4K1 w - - 4 24,f2f4,397,473,76
8/ppp5/4b1k1/3p1pN1/5P2/2P4r/Pn4P1/RN4K1 w - - 0 26,g2h3,499,485,-14
6b1/ppp5/6k1/3p1pN1/5P2/2P4P/Pn6/RN4K1 w - - 1 27,h3h4,489,448,-41
6b1/ppp5/8/3pRp2/3n2kP/2P5/P2N4/6K1 w - - 0 33,c3d4,561,580,19
6b1/2R5/8/pp1p1p2/3P3k/8/P2N4/6K1 w - - 0 36,a2a3,602,538,-64
3R4/8/8/8/p2P1k2/P4p2/3NbK2/8 w - - 3 45,d4d5,655,562,-93
3R4/8/8/1b1P4/p4k2/P4p2/3N1K2/8 w - - 1 46,d5d6,588,591,3
3R4/N7/3P4/8/p7/Pk6/5K2/8 w - - 3 51,d6d7,991,10000,9009
7R/N2P4/8/8/p7/8/1k3K2/8 w - - 2 53,d7d8q,10000,10000,0
rnbqkbnr/pppppppp/8/8/8/8/PPPPPPPP/RNBQKBNR w KQkq - 0 1,c2c4,21,1,-20
r1bqkbnr/pppp1ppp/2n5/4p3/2P5/2N5/PP1PPPPP/R1BQKBNR w KQkq - 2 3,d2d3,21,-1,-22
r1bqk1nr/pppp1ppp/2n5/2b1p3/2P5/2NP4/PP2PPPP/R1BQKBNR w KQkq - 1 4,g2g3,28,22,-6
r1bqk2r/pppp1ppp/2n2n2/2b1p3/2P5/2NP2P1/PP2PP1P/R1BQKBNR w KQkq - 1 5,e2e3,28,-71,-99
r2qk2r/pppn1ppp/2np4/2b1p3/2P3b1/2NPP1P1/PP2NPBP/R1BQK2R w KQkq - 4 8,a2a3,95,98,3
r2qk2r/1ppn1ppp/p1np4/2bNp3/2P3b1/P2PP1P1/1P2NPBP/R1BQ1RK1 w kq - 4 11,b2b4,150,146,-4
1r1qk2r/b1p2ppp/p2p4/4p3/1PP3n1/P1NPP1P1/1B3PBP/R2R2K1 w k - 3 18,h2h3,-441,-429,-12
1r3r1k/b1p3pp/p2p3q/4p3/1PP1Bp2/P2PP1PP/1B3P1K/R4R2 w - - 2 28,e3f4,-520,-531,11
1r5k/b5pp/p1pp3q/8/1PP1Br2/P2P2PP/5P1K/R4R2 w - - 0 31,g3f4,-594,-602,8
5r1k/b5pp/p1pp4/8/1PP1Bq2/P2P3P/5PK1/R4R2 w - - 2 33,f2f3,-650,-714,64
5r1k/b5pp/p1p5/3p4/1PP1Bq2/P2P1P1P/6K1/R4R2 w - - 0 34,c4d5,-699,-726,27
rnbqkbnr/pppppppp/8/8/8/8/PPPPPPPP/RNBQKBNR w KQkq - 0 1,d2d4,31,24,-7
rnbqkb1r/pppppppp/5n2/8/3P4/8/PPP1PPPP/RNBQKBNR w KQkq - 1 2,c2c4,22,23,1
rnbqk2r/ppppppbp/5np1/8/2PP4/2N5/PP2PPPP/R1BQKBNR w KQkq - 2 4,h2h3,59,1,-58
rnbqk2r/ppp1ppbp/5np1/3p4/2PP4/2N4P/PP2PPP1/R1BQKBNR w KQkq - 0 5,e2e3,-4,-8,4
rnbqk2r/pp2ppbp/5np1/2pp4/2PP4/2N1P2P/PP3PP1/R1BQKBNR w KQkq - 0 6,c4d5,18,-21,-39
rnbqk2r/pp2ppbp/6p1/2p5/3P4/1Qn1P2P/PP3PP1/R1B1KBNR w KQkq - 0 8,b2c3,-34,-43,9
rnbqk2r/pp2ppbp/6p1/8/3p4/1QP1P2P/P4PP1/R1B1KBNR w KQkq - 0 9,c3d4,-25,-33,8
rnbqkbnr/pppppppp/8/8/8/8/PPPPPPPP/RNBQKBNR w KQkq - 0 1,e2e4,27,24,-3
rnbqkbnr/pp1ppppp/8/2p5/4P3/8/PPPP1PPP/RNBQKBNR w KQkq - 0 2,d2d4,27,9,-18
rnbqkbnr/pp1p1ppp/4p3/8/3pP3/5N2/PPP2PPP/RNBQKB1R w KQkq - 0 4,c2c3,35,-20,-55
r1bqkbnr/pp1p1ppp/2n1p3/8/3pP3/2P2N2/PP3PPP/RNBQKB1R w KQkq - 1 5,c3d4,28,41,13
r1bqkbnr/pp3ppp/2n1p3/3p4/3PP3/5N2/PP3PPP/RNBQKB1R w KQkq - 0 6,e4d5,56,26,-30
r2q1rk1/p3bpp1/1p3n2/3p2N1/3Q1Bb1/2N5/PP3PPP/R3R1K1 w - - 0 15,f2f3,117,-465,-582
2r1r1k1/p4pp1/1p3n2/6N1/2qpb3/5PBQ/PP4PP/R5K1 w - - 0 24,f3e4,-480,-510,30
2r2k2/p4p2/1p5p/8/2qp2Q1/6B1/PP4PP/6K1 w - - 2 31,h2h4,-298,-358,60
rnbqkbnr/pppppppp/8/8/8/8/PPPPPPPP/RNBQKBNR w KQkq - 0 1,e2e4,29,25,-4
rnbqk1nr/ppp1bppp/3p4/4p3/2B1P3/5N2/PPPP1PPP/RNBQK2R w KQkq - 2 4,d2d3,24,19,-5
rnbqk2r/ppp1bppp/3p1n2/4p3/2B1P3/3P1N2/PPP2PPP/RNBQK2R w KQkq - 1 5,h2h3,18,21,3
r1bqk2r/pppnbppp/3p1n2/4p3/2B1P3/3P1N1P/PPP2PP1/RNBQK2R w KQkq - 1 6,c2c3,42,17,-25
r1bqk2r/pp1nbppp/2pp1n2/4p3/2B1P3/2PP1N1P/PP3PP1/RNBQK2R w KQkq - 0 7,a2a3,28,-9,-37
r1b5/ppqnbkp1/2p2n1p/3pp3/4P3/P1PP3P/1P3PP1/RNBQ1RK1 w - - 0 13,e4d5,-244,-258,14
r1b5/ppqnbkp1/5n1p/3pp3/8/P1PP3P/1P3PP1/RNBQ1RK1 w - - 0 14,f2f4,-264,-280,16
r1b5/ppqnbkp1/5n1p/3p4/4pP2/P1PP3P/1P4P1/RNBQ1RK1 w - - 0 15,d3e4,-296,-289,-7
r1b5/ppq2kp1/5n1p/8/3bpP2/P1Pn3P/1P4P1/R1BQ1R1K w - - 0 20,c3d4,-426,-438,12
r7/pp3kp1/3qbn1p/8/3PpP2/P2nB2P/1P4P1/R2Q1R1K w - - 3 22,f4f5,-417,-400,-17
2r5/pp3kp1/3q1n1p/5P2/2bPp3/P2nB2P/1PQ3P1/R4R1K w - - 3 24,b2b3,-55,-68,13
2r5/pp3kp1/3q3p/5P2/1nbP4/PP1np2P/2Q3P1/R4R1K w - - 0 27,a3b4,-425,-438,13
2r5/pp3kp1/7p/3n1P2/2bP4/1P4qP/4p1P1/R1Q1R2K w - - 2 31,b3c4,-259,-276,17
rnbqkbnr/pppppppp/8/8/8/8/PPPPPPPP/RNBQKBNR w KQkq - 0 1,e2e4,24,33,9
rnbqkbnr/pppp1ppp/4p3/8/4P3/8/PPPP1PPP/RNBQKBNR w KQkq - 0 2,d2d4,33,28,-5
r1bq1rk1/pppn1ppp/3bp3/8/3PB3/5N2/PPP2PPP/R1BQ1RK1 w - - 5 9,c2c4,79,78,-1
r1b2rk1/ppp2pp1/3bpq1p/8/2PPB3/5N2/PP3PPP/R2Q1RK1 w - - 0 12,c4c5,132,134,2
rnbqkbnr/pppppppp/8/8/8/8/PPPPPPPP/RNBQKBNR w KQkq - 0 1,d2d4,23,23,0
r1bqkbnr/pp1p1ppp/2n1p3/8/3N4/8/PPPNPPPP/R1BQKB1R w KQkq - 1 5,e2e3,7,-8,-15
r1bqkbnr/pp3ppp/2n5/3ppN2/8/4P3/PPPN1PPP/R1BQKB1R w KQkq - 0 7,b2b3,-118,-579,461
2rqk2r/pp2bppp/2n2nb1/1B1p4/3Np3/1P2P3/PBP2PPP/R2Q1RK1 w k - 8 13,f2f4,-479,-520,41
2rq1rk1/pp2bppp/2n2nb1/1B1p4/3NpP2/1P2P3/PBP3PP/R2Q1RK1 w - - 1 14,f4f5,-434,-568,134
2rq1rk1/pp3ppp/5n2/1Bbp1P1b/3Bp3/1P2P3/P1P3PP/R3QRK1 w - - 1 17,c2c3,-561,-596,35
2rq1rk1/pp3ppp/5n2/1B1p1P1b/3bp3/1PP1P3/P5PP/R3QRK1 w - - 0 18,c3d4,-586,-543,-43
2r2rk1/1p3ppp/p4n2/q2p1P2/3Pp3/1P2P3/P3Q1PP/R4RK1 w - - 1 21,a2a4,-488,-531,43
6k1/1p3ppp/p7/3p1n2/P2Pp3/1P6/5KPP/8 w - - 0 35,g2g4,-674,-724,50
rnbqkbnr/pppppppp/8/8/8/8/PPPPPPPP/RNBQKBNR w KQkq - 0 1,e2e4,21,23,2
r1bqkb1r/pppp1ppp/2n2n2/4p3/2B1P3/5N2/PPPP1PPP/RNBQK2R w KQkq - 4 4,d2d4,17,-9,-26
r2qk2r/5pbp/2p1b1p1/pp1p4/3n2Q1/3B4/PPPN1PPP/R1B1R1K1 w kq - 4 16,c2c3,-142,-158,16
rnbqkbnr/pppppppp/8/8/8/8/PPPPPPPP/RNBQKBNR w KQkq - 0 1,e2e4,22,26,4
r1bqkb1r/p1p2ppp/2pp1n2/4p3/4P3/2N2N2/PPPP1PPP/R1BQK2R w KQkq - 0 6,d2d4,22,21,-1
rnbqkbnr/pppppppp/8/8/8/8/PPPPPPPP/RNBQKBNR w KQkq - 0 1,d2d3,28,-9,-37
rnbqkbnr/pppp1ppp/8/4p3/8/3P4/PPP1PPPP/RNBQKBNR w KQkq - 0 2,d3d4,-5,-73,68
r1bqr1k1/pppp1ppp/2n2n2/2b3B1/8/2N2N2/PPP1PPPP/R2QKB1R w KQ - 9 8,e2e3,-52,-60,8
r2qr1k1/1pp2pp1/p1n2n1p/2bp4/6b1/2N1PNB1/PPP1BPPP/R2Q1RK1 w - - 0 14,h2h3,-34,-34,0
r2qr1k1/1pp2pp1/p1n2n1p/2bp3b/8/2N1PNBP/PPP1BPP1/R2Q1RK1 w - - 1 15,a2a3,-39,-42,3
r2qr1k1/2p2pp1/p1n2n1p/1pbp3b/8/P1N1PNBP/1PP1BPP1/R2Q1RK1 w - - 0 16,b2b4,-27,-42,15
r2qr1k1/2p2pp1/pbn2nbp/1p6/1P1p4/P1N1PNBP/2PQBPP1/R4RK1 w - - 0 19,e3d4,-38,-37,-1
6k1/5pp1/p6p/1p6/1Pp5/3bB2P/r3rPPK/6R1 w - - 2 35,g2g3,-729,-959,230
6k1/5pp1/p6p/1p6/1P6/2pbB1PP/r3rP1K/6R1 w - - 0 36,h3h4,-895,-1017,122
6k1/5pp1/p6p/1p6/1r5P/3bB1PK/2p1rP2/2R5 w - - 0 39,g3g4,-869,-897,28
6k1/5pp1/7p/pp6/1r4PP/3bB2K/2p1rP2/2R5 w - - 0 40,h4h5,-875,-916,41
rnbqkbnr/pppppppp/8/8/8/8/PPPPPPPP/RNBQKBNR w KQkq - 0 1,e2e4,24,28,4
rnbqkbnr/p2ppppp/1p6/2p5/4P3/5N2/PPPP1PPP/RNBQKB1R w KQkq - 0 3,d2d4,83,73,-10
r2qk1nr/pb2ppbp/1pp3p1/8/2B1P3/2N5/PPP2PPP/R1BQ1RK1 w kq - 0 9,f2f4,181,-8,-189
r2qk1nr/pb2ppbp/1p4p1/2p5/2B1PP2/2N5/PPP3PP/R1BQ1RK1 w kq - 0 10,f4f5,186,-60,-246
r2q1rk1/pb2ppbp/1p3np1/2p2P2/2B1P3/2N1B3/PPP3PP/R2Q1RK1 w - - 3 12,f5g6,57,58,1
r4rk1/pb1Rpp2/1p4p1/2p5/2B1P3/2b1B3/PPP3PP/6K1 w - - 0 16,b2c3,-205,-267,62
2r3k1/R4p2/6p1/1B6/2p5/4K3/Pr4PP/8 w - - 4 26,a2a4,-428,-555,127
rnbqkbnr/pppppppp/8/8/8/8/PPPPPPPP/RNBQKBNR w KQkq - 0 1,e2e4,31,27,-4
r1bqk1nr/pppp1ppp/2n5/2b1p3/2B1P3/5N2/PPPP1PPP/RNBQK2R w KQkq - 4 4,d2d4,15,-5,-20
r2qk1nr/ppp2ppp/2n5/2p5/2BpP1b1/5N2/PPP2PPP/R1BQK2R w KQkq - 0 8,h2h3,-78,-70,-8
r2qk2r/ppp2ppp/2n2n2/2p4b/2BpPB2/5N1P/PPP2PP1/R2QK2R w KQkq - 3 10,e4e5,-107,-163,56
r2qk2r/pppn1ppp/2n5/2p1P2b/2Bp1B2/5N1P/PPP2PP1/R2QK2R w KQkq - 1 11,c2c3,-101,-235,134
r4rk1/ppp1qppp/8/2p1N2b/2Bp4/1QP4P/PP3PP1/R3K2R w KQ - 1 15,f2f4,316,-479,-795
r4r1k/1pp3pp/p4p2/2p4b/2Bp1P2/1QP1qN1P/PP4P1/R4R1K w - - 0 19,f4f5,367,339,-28
3r1r1k/1pp3pp/p3Bp2/2p2P1b/8/1QP1qN1P/PP1p2P1/3R1R1K w - - 2 22,c3c4,262,197,-65
rnbqkbnr/pppppppp/8/8/8/8/PPPPPPPP/RNBQKBNR w KQkq - 0 1,e2e4,25,29,4
rn1qkbnr/pp1bpppp/3p4/1Bp4Q/4P3/8/PPPP1PPP/RNB1K1NR w KQkq - 2 4,c2c4,-31,-63,32
rn1qkbnr/1p1bpppp/p2p4/1Bp4Q/2P1P3/8/PP1P1PPP/RNB1K1NR w KQkq - 0 5,a2a4,-37,-518,481
rn1qkbnr/1p2pppp/p2p4/1bp4Q/P1P1P3/8/1P1P1PPP/RNB1K1NR w KQkq - 0 6,a4b5,-1,11,12
r2qkbnr/1p1npppp/p2p4/1Pp4Q/2P1P3/8/1P1P1PPP/RNB1K1NR w KQkq - 1 7,d2d3,11,-147,-158
r2qkbnr/1p1npppp/3p4/1pp4Q/2P1P3/3P4/1P3PPP/RNB1K1NR w KQkq - 0 8,c4b5,-150,-635,485
4k1nr/1p1nppbp/3p2p1/qPp5/4P3/2NP4/1P1KQPPP/r1BR4 w k - 2 14,g2g3,-768,-842,74
4k1nr/1p1npp1p/3p2p1/qPp5/4P3/2bP2P1/1P1KQP1P/r1BR4 w k - 0 15,b2c3,-843,-836,-7
4k1nr/1p2pp1p/3p2p1/1qp1n3/4P3/2PP2P1/5P1P/2BRK3 w k - 2 19,d3d4,-855,-10000,9145
4k1nr/1p2pp1p/3p2p1/1q2n3/3pP3/2P3P1/5P1P/2BRK3 w k - 0 20,c3d4,-960,-10000,9040
rnbqkbnr/pppppppp/8/8/8/8/PPPPPPPP/RNBQKBNR w KQkq - 0 1,e2e4,25,20,-5
rnbqkbnr/pp1ppppp/8/2p5/4P3/8/PPPP1PPP/RNBQKBNR w KQkq - 0 2,d2d4,33,7,-26
rnbqkbnr/pp1p1ppp/4p3/2p5/3PP3/8/PPP2PPP/RNBQKBNR w KQkq - 0 3,c2c3,68,29,-39
rnbqkbnr/pp1p1ppp/4p3/8/3pP3/2P5/PP3PPP/RNBQKBNR w KQkq - 0 4,c3d4,49,38,-11
r1bqkbnr/pp4pp/2n1pp2/3p4/3PP3/2N2N2/PP3PPP/R1BQKB1R w KQkq - 0 7,e4d5,88,73,-15
r1bqk2r/pp2n1pp/2n2p2/3p4/1b1P4/2NB1N2/PP3PPP/R1BQ1RK1 w kq - 4 10,a2a3,47,46,-1
4rrk1/1p4p1/p2q4/3p1p2/3Q4/P7/1P3PPP/RBB2RK1 w - - 1 20,b2b4,766,656,-110
rnbqkbnr/pppppppp/8/8/8/8/PPPPPPPP/RNBQKBNR w KQkq - 0 1,d2d4,20,18,-2
rnbqkb1r/pppppppp/5n2/8/3P4/8/PPP1PPPP/RNBQKBNR w KQkq - 1 2,c2c4,18,20,2
rnbqk2r/pp3ppp/3bpn2/3p4/2P5/2N2N2/PP2PPPP/R1BQKB1R w KQkq - 2 7,c4d5,38,27,-11
r1bq1rk1/pp1n1pp1/3bpn1p/3P4/7B/2N2N2/PP2PPPP/R2QKB1R w KQ - 2 10,e2e3,273,35,-238
r1b2rk1/pp1n1pp1/3b3p/q7/7B/2n1PN2/PPQ2PPP/R3KB1R w KQ - 0 14,b2c3,-6,-6,0
2r2rk1/1p3pp1/1n5p/p7/7B/1B1bP3/P2N1PPP/4R1K1 w - - 0 26,h2h3,-407,-492,85
rnbqkbnr/pppp1ppp/8/4p3/8/2N5/PPPPPPPP/R1BQKBNR w KQkq - 0 2,e2e4,20,17,-3
r2qk2r/ppp3pp/2npp3/2bnp3/2B1P3/8/PPPP1PPP/R1BQ1RK1 w kq - 0 9,e4d5,96,82,-14
r3k2r/ppp3pp/2np1q2/2bBp3/8/8/PPPP1PPP/R1BQ1RK1 w kq - 1 11,d2d3,128,115,-13
r3k2r/ppp3pp/3p1q2/2bBp3/3n4/3P4/PPP2PPP/R1BQ1RK1 w kq - 1 12,c2c3,243,268,25
r3k2r/pp4pp/2pp1q2/2bBp3/3n4/2PP4/PP3PPP/R1BQ1RK1 w kq - 0 13,c3d4,426,402,-24
rnbqkbnr/pppppppp/8/8/8/8/PPPPPPPP/RNBQKBNR w KQkq - 0 1,d2d4,24,21,-3
rnbqkb1r/ppppp1pp/5n2/5p2/3P4/8/PPPNPPPP/R1BQKBNR w KQkq - 2 3,b2b3,25,22,-3
rnbq1rk1/ppppb1pp/4pn2/5p2/3P4/1P3N2/PBPNPPPP/R2QKB1R w KQ - 4 6,e2e3,15,23,8
rnbq1rk1/pppp2pp/4pn2/5p2/1b1P4/1P2PN2/PBPN1PPP/R2QKB1R w KQ - 1 7,c2c3,53,41,-12
r1bq1rk1/ppp1b1pp/4p3/3pNp2/3Pn3/1PP1P3/PB2BPPP/R2QK2R w KQ - 1 12,f2f3,47,44,-3
r1b2rk1/1pp1q1pp/4pb2/p2pNpn1/3P4/1PPBPP2/PB1Q2PP/2KR3R w - - 0 16,h2h4,51,22,-29
r1b2rk1/1pp1qnpp/4pb2/p2pNp2/3P3P/1PPBPP2/PB1Q2P1/2KR3R w - - 1 17,f3f4,17,-66,-83
r1b2rk1/1pp1qnpp/4pb2/3pNp2/p2P1P1P/1PPBP3/PB1Q2P1/2KR3R w - - 0 18,b3b4,-63,-140,77
r4rk1/1ppbq1pp/3npb2/3pNp2/1P1P1P1P/p1PBP3/P3Q1P1/B1KR3R w - - 4 21,g2g4,-95,-108,13
r4rk1/1ppbq1pp/4pb2/3pNp2/1P1PnPPP/p1PBP3/P3Q3/B1KR3R w - - 1 22,g4g5,-83,-282,199
r4rk1/1ppq2pp/4pb2/3p1pP1/1P1P1P1P/p1PBPQ2/P7/B1KR3n w - - 0 25,g5f6,105,69,-36
r5k1/1pp3pp/4p1r1/3p1p2/1P1P1P1q/p1PBP3/P7/B1KQ1R2 w - - 0 29,c3c4,-204,-163,-41
3r3k/1pp3p1/4B1r1/5p1p/1P1P1P2/4Q3/P7/B1K2R2 w - - 1 35,d4d5,896,926,30
rnbqkbnr/pppppppp/8/8/8/8/PPPPPPPP/RNBQKBNR w KQkq - 0 1,e2e4,24,23,-1
rnbqkbnr/pp1ppppp/8/2p5/4P3/8/PPPP1PPP/RNBQKBNR w KQkq - 0 2,d2d4,38,17,-21
rnbqkbnr/pp3ppp/4p3/2pp4/3PP3/5N2/PPP2PPP/RNBQKB1R w KQkq - 0 4,e4d5,116,94,-22
1rbq1rk1/p4ppp/2B2b2/2pp4/3P4/8/PPP2PPP/RN1Q1RK1 w - - 0 12,c2c3,-175,-234,59
1r1q1rk1/p4ppp/5b2/3p1b2/B1pP4/2P5/PP3PPP/RN1Q1RK1 w - - 2 14,b2b3,-10,-27,17
4r1k1/p4ppp/3q1b2/3p3b/3P4/1BP2N2/PQ3PPP/R5K1 w - - 0 23,a2a4,75,-165,-240
4r1k1/p4ppp/8/3pb2b/P2P1q2/1BP5/1Q3PPP/R5K1 w - - 0 25,d4e5,-3,17,20
4r1k1/p4ppp/8/3pq2b/P7/1BP5/1Q3PPP/R5K1 w - - 0 26,a4a5,43,-10000,-10043
4r1k1/p4ppp/8/P2p2qb/8/1BP5/1Q3PPP/R5K1 w - - 1 27,a5a6,7,-188,-195
4r1k1/p4ppp/P7/3p2q1/8/1BP2b2/1Q3PPP/R5K1 w - - 1 28,g2g3,-210,-185,-25
rnbqkbnr/pppppppp/8/8/8/8/PPPPPPPP/RNBQKBNR w KQkq - 0 1,e2e4,29,24,-5
rnbqkbnr/pp1p1ppp/4p3/2p5/4P3/5N2/PPPP1PPP/RNBQKB1R w KQkq - 0 3,c2c3,38,31,-7
rnbqkb1r/pp1p1ppp/4pn2/2p5/4P3/2P2N2/PP1P1PPP/RNBQKB1R w KQkq - 1 4,d2d4,24,-95,-119
rnbqkb1r/pp3ppp/4pn2/2pp4/3PP3/2P2N2/PP3PPP/RNBQKB1R w KQkq - 0 5,e4e5,71,75,4
r1b1kb1r/pp1n1ppp/1qn1p3/3pP3/3p4/2PB1N2/PP1N1PPP/R1BQ1RK1 w kq - 0 9,c3d4,36,48,12
rnbqkbnr/pppppppp/8/8/8/8/PPPPPPPP/RNBQKBNR w KQkq - 0 1,e2e4,27,25,-2
rnbqkbnr/ppp1pppp/8/3p4/4P3/8/PPPP1PPP/RNBQKBNR w KQkq - 0 2,d2d3,65,-10,-75
rnbqkbnr/ppp1pppp/8/8/4p3/3P4/PPP2PPP/RNBQKBNR w KQkq - 0 3,d3d4,-7,-146,139
rn1qkbnr/ppp2ppp/4p3/5b2/3Pp3/2N5/PPP2PPP/R1BQKBNR w KQkq - 0 5,f2f3,-136,-174,38
rn2kbnr/1pp2ppp/p3p3/4N3/3P3q/2N5/PPP1Q1PP/R1B1K2R w KQkq - 1 10,g2g3,-171,-137,-34
5rk1/1ppr1pp1/p2bp2p/8/3NQ3/6P1/PPP4P/3R1RK1 w - - 1 21,h2h4,721,617,-104
5rk1/1ppr1pp1/p2bp2p/8/4Q2P/8/PPP1N3/3R1RK1 w - - 2 23,h4h5,678,627,-51
rnbqkbnr/pppppppp/8/8/8/8/PPPPPPPP/RNBQKBNR w KQkq - 0 1,e2e4,25,21,-4
rnbqkbnr/pp1p1ppp/4p3/2p5/4P3/5N2/PPPP1PPP/RNBQKB1R w KQkq - 0 3,c2c3,38,26,-12
rnbqkbnr/pp3ppp/4p3/2pp4/4P3/2P2N2/PP1P1PPP/RNBQKB1R w KQkq - 0 4,e4d5,27,23,-4
rnbqkbnr/pp3ppp/8/2pp4/8/2P2N2/PP1P1PPP/RNBQKB1R w KQkq - 0 5,d2d4,25,13,-12
r2qr1k1/3b1p2/p1n2bpp/1ppp4/3P4/2PQ1N2/PPBN1PPP/R3R1K1 w - - 0 16,d4c5,-34,-279,245
2r3k1/5pb1/p2qb2p/1pP5/8/2P2N2/PPB2PPP/4R1K1 w - - 0 25,c5d6,352,349,-3
2r3k1/3b4/p2P3p/1p2bp2/3N4/2P5/PPB2PPP/3R2K1 w - - 2 28,f2f4,505,449,-56
6k1/3b4/p1r4p/1p3p2/5b2/2P2N2/PPB2KPP/3R4 w - - 0 31,g2g3,594,209,-385
rnbqkbnr/pppppppp/8/8/8/8/PPPPPPPP/RNBQKBNR w KQkq - 0 1,e2e4,28,24,-4
rn1qkbnr/pbpp1ppp/1p2p3/8/4P3/2N2N2/PPPP1PPP/R1BQKB1R w KQkq - 0 4,d2d4,59,58,-1
rn1qk1nr/pbpp1ppp/1p2p3/8/1b1PP3/2N2N2/PPP2PPP/R1BQKB1R w KQkq - 1 5,a2a3,64,-106,-170
rn1qk1nr/pbpp1ppp/1p2p3/8/3PP3/P1b2N2/1PP2PPP/R1BQKB1R w KQkq - 0 6,b2c3,-110,-115,5
r2q1rk1/pbpn1ppp/1p1ppn2/6B1/2BP4/P1P2N2/2P2PPP/R2QR1K1 w - - 6 12,h2h4,-131,-224,93
r2q1rk1/pbp2pp1/1p1ppn1p/3n4/3P3P/P2QBN2/B1P2PP1/R3R1K1 w - - 4 17,c2c4,-280,-328,48
r2q1rk1/pbp2pp1/1p1ppn1p/8/2PP3P/P2QnN2/B4PP1/R3R1K1 w - - 0 18,f2e3,-302,-445,143
r2qr1k1/pbp2pp1/1p1pp2p/7n/2PP3P/P2QP3/B2N2P1/R3R1K1 w - - 3 20,e3e4,-398,-435,37
r3r1k1/pbp2pp1/1p1pp2p/7n/2PPP2q/P2Q4/B2N2P1/R3R1K1 w - - 0 21,d4d5,-422,-429,7
r3r1k1/pbp2pp1/1p1p3p/3p3n/2P1P2q/P2Q4/B2N2P1/R3R1K1 w - - 0 22,c4d5,-444,-405,-39
r3r1k1/pb3pp1/1ppp1q1p/3P4/4P3/P3QN2/B4KP1/R3R3 w - - 2 28,d5c6,225,95,-130
rnbqkbnr/pppppppp/8/8/8/8/PPPPPPPP/RNBQKBNR w KQkq - 0 1,d2d4,24,22,-2
rnbqkbnr/pp1ppppp/8/2p5/3P4/8/PPP1PPPP/RNBQKBNR w KQkq - 0 2,c2c4,67,-19,-86
r1bqkbnr/pp1p1ppp/2n5/4p3/2Pp4/3Q1N2/PP2PPPP/RNB1KB1R w KQkq - 0 5,e2e3,-192,-207,15
rnbqkbnr/pppppppp/8/8/8/8/PPPPPPPP/RNBQKBNR w KQkq - 0 1,d2d4,24,24,0
rnbqkbnr/pp2pppp/8/2pp4/3P4/2N5/PPP1PPPP/R1BQKBNR w KQkq - 0 3,d4c5,8,-6,-14
rnb1k2r/pp3ppp/4pq2/2bp4/8/2N2N2/PPP1PPPP/R2QKB1R w KQkq - 0 7,e2e4,-61,-48,-13
r3k2r/p4ppp/b1p1pq2/3p4/1b2P3/2N2N2/PPP2PPP/R2Q1RK1 w kq - 2 11,e4e5,-60,-104,44
r3k2r/p4ppp/b1p1p3/q2pP3/1b6/2N2N2/PPP2PPP/R2QR1K1 w kq - 3 13,a2a3,-76,-55,-21
r3k2r/p4ppp/b1p1p3/q2pP3/8/P1b2N2/1PP2PPP/R2QR1K1 w kq - 0 14,b2c3,-52,-67,15
r3k2r/pb3ppp/1q2p3/1N1p4/8/P7/2P2PPP/R2Q2K1 w kq - 2 21,a3a4,-513,-564,51
5rk1/qb3ppp/p3p3/3p4/P1r2N2/8/2P2PPP/1R1Q2K1 w - - 8 26,g2g3,-447,-544,97
2r3k1/qb3ppp/p3p3/3p3Q/P4r2/6P1/2P2P1P/1R4K1 w - - 0 28,g3f4,-447,-499,52
1r4k1/qb2Qppp/p3p3/3p4/P4P2/8/5P1P/1R4K1 w - - 4 31,a4a5,-388,-451,63
q5k1/5ppp/p1bQp3/P2p4/5P2/1r4K1/5P1P/8 w - - 4 35,f2f3,-828,-840,12
q5k1/5ppp/p1bQp3/P7/3p1P1K/5r2/7P/8 w - - 0 37,h2h3,-925,-947,22
4q1k1/5ppp/p1b5/P3p3/3Q1P1K/5r1P/8/8 w - - 0 39,f4e5,-905,-10000,9095
rnbqkbnr/pppppppp/8/8/8/8/PPPPPPPP/RNBQKBNR w KQkq - 0 1,e2e4,21,28,7
rnbqkbnr/pp1p1ppp/4p3/2p5/4P3/5N2/PPPP1PPP/RNBQKB1R w KQkq - 0 3,c2c3,31,21,-10
rnbqkbnr/pp3ppp/4p3/2pp4/4P3/2P2N2/PP1P1PPP/RNBQKB1R w KQkq - 0 4,e4e5,30,27,-3
rnbqkbnr/pp4pp/4pp2/2ppP3/8/2P2N2/PP1P1PPP/RNBQKB1R w KQkq - 0 5,d2d4,51,42,-9
r1bq1rk1/pp4pp/2nbpn2/3pN3/3p4/2P2N2/PPB2PPP/R1BQ1RK1 w - - 0 12,c3d4,73,81,8
r1b2rk1/pp4pp/4p3/3pn3/3P4/8/PPB2qPP/R2QR2K w - - 0 18,d4e5,-175,-201,26
r4rk1/pp1b3p/4p1p1/3pP3/8/3Q4/PPB2qPP/R3R2K w - - 0 20,h2h4,-179,-446,267
rnbqkbnr/pppppppp/8/8/8/8/PPPPPPPP/RNBQKBNR w KQkq - 0 1,e2e4,28,29,1
rnbqkbnr/p2ppppp/1p6/2p5/4P3/5N2/PPPP1PPP/RNBQKB1R w KQkq - 0 3,d2d4,65,74,9
r2q1rk1/1b1pppbp/p1n2np1/1p4N1/4P3/1BN5/PPP2PPP/R1BQ1RK1 w - - 6 12,h2h4,-77,-163,86
r2q1rk1/1b1pppbp/p5p1/1p1N2N1/2n1P2P/8/PPP2PP1/R1BQ1RK1 w - - 1 15,b2b3,-232,-279,47
r2q1rk1/1b1ppp1p/p5p1/1p1N2N1/2n1P2P/1P6/P1P2PP1/b1BQ1RK1 w - - 0 16,b3c4,-290,-271,-19
r2q1rk1/1b1ppp1p/p5p1/3N2N1/2p1P2P/8/P1P2PP1/b1BQ1RK1 w - - 0 17,c2c3,-208,-346,138
r2q2k1/1b1p1p1p/p5p1/6b1/2Q1p2P/B7/P4PP1/5RK1 w - - 0 23,h4g5,-263,-280,17
r5k1/2Qp1p1p/p1b3p1/6q1/8/4p3/PB3PP1/5RK1 w - - 0 26,f2e3,-438,-10000,9562
rnbqkbnr/pppppppp/8/8/8/8/PPPPPPPP/RNBQKBNR w KQkq - 0 1,d2d4,29,23,-6
rnbqkbnr/pp1ppppp/2p5/8/3P4/8/PPP1PPPP/RNBQKBNR w KQkq - 0 2,c2c4,33,30,-3
rn1qkb1r/pp2pppp/2p2n2/6B1/2pP2b1/2N2N2/PP2PPPP/R2QKB1R w KQkq - 4 6,e2e4,46,10,-36
rn1qkb1r/pp3ppp/2p1pn2/6B1/2pPP1b1/2N2N2/PP3PPP/R2QKB1R w KQkq - 0 7,e4e5,52,-7,-59
rn1qkb1r/pp3ppp/2p1pn2/4P1B1/2pP4/2N2b2/PP3PPP/R2QKB1R w KQkq - 0 8,g2f3,122,5,-117
N6r/pp1k1p2/4p2p/2b1P1p1/2pn4/5PB1/PP3P1P/R2R2K1 w - - 3 20,f3f4,312,-25,-337
r7/pp1k1p2/4p2p/2b1P1p1/2pn1P2/6B1/PP3P1P/R2R2K1 w - - 0 21,f4g5,409,149,-260
r7/pp1k1p2/4p3/2b1P1p1/2pn4/6B1/PP3P1P/R2R2K1 w - - 0 22,b2b3,401,46,-355
r7/pp3p2/2k1p3/2b1P1p1/2pn4/1P4B1/P4P1P/R2R2K1 w - - 1 23,b3c4,166,164,-2
6r1/pp3p2/2k1p3/2b1P1p1/2Pn4/6B1/P4P1P/R2R2K1 w - - 1 24,f2f3,213,-154,-367
rnbqkbnr/pppppppp/8/8/8/8/PPPPPPPP/RNBQKBNR w KQkq - 0 1,e2e4,27,25,-2
rnbqkbnr/pp1p1ppp/4p3/2p5/4P3/5N2/PPPP1PPP/RNBQKB1R w KQkq - 0 3,c2c3,35,22,-13
rnbqkbnr/pp3ppp/4p3/2pp4/4P3/2P2N2/PP1P1PPP/RNBQKB1R w KQkq - 0 4,e4e5,30,26,-4
rnbqkbnr/pp4pp/4pp2/2ppP3/8/2P2N2/PP1P1PPP/RNBQKB1R w KQkq - 0 5,d2d4,46,50,4
r1bq1rk1/pp1nb1pp/2n1p3/3pN3/2pP4/2P2N2/PPBQ1PPP/R4RK1 w - - 2 14,h2h3,-397,-521,124
r1bq1rk1/1p4pp/p2bp3/3pn3/2pP4/2P4P/PP1Q1PP1/1B2RRK1 w - - 0 18,d4e5,-528,-487,-41
r1bq1rk1/1p5p/p3p1p1/2bpP3/2p5/2P4P/PPQ2PP1/1B2RRK1 w - - 0 20,h3h4,-519,-579,60
r1b2rk1/1p5p/p3p1p1/2bpP3/2p4q/2P5/PPQ2PP1/1B2RRK1 w - - 0 21,g2g3,-610,-833,223
r4rk1/1p5p/p1b1p1p1/2b1P3/2pp4/2P3Pq/PP2QP2/3BRRK1 w - - 0 25,f2f3,-920,-1230,310
rnbqkbnr/pppppppp/8/8/8/8/PPPPPPPP/RNBQKBNR w KQkq - 0 1,d2d4,25,23,-2
rnbqkb1r/pppppppp/5n2/8/3P4/8/PPP1PPPP/RNBQKBNR w KQkq - 1 2,c2c4,24,21,-3
rnbq1rk1/ppp2ppp/3ppn2/8/1bPP4/2N2N2/PPQ1PPPP/R1B1KB1R w KQ - 2 6,a2a3,36,5,-31
r1bq1rk1/pp1n1ppp/3ppn2/2p3B1/2PP4/P1Q2N2/1P2PPPP/2KR1B1R w - - 0 10,e2e3,-10,-39,29
r1bq1rk1/pp1n1ppp/3ppn2/6B1/2Pp4/P1Q1PN2/1P3PPP/2KR1B1R w - - 0 11,e3d4,18,-65,-83
2rr2k1/pb1n1ppn/1p2p3/3p4/2PP4/P4N2/1PQ2PPP/1K1R3R w - - 0 17,h2h4,321,291,-30
rnbqkbnr/pppppppp/8/8/8/8/PPPPPPPP/RNBQKBNR w KQkq - 0 1,d2d4,29,22,-7
rnbqkbnr/ppp1pppp/8/3p4/3P4/8/PPP1PPPP/RNBQKBNR w KQkq - 0 2,c2c4,22,20,-2
rnbqkbnr/pp3ppp/2p1p3/3p4/2PP4/2N5/PP2PPPP/R1BQKBNR w KQkq - 0 4,a2a3,41,-44,-85
rnbqkbnr/pp3pp1/2p1p2p/3p4/2PP4/P1N5/1P2PPPP/R1BQKBNR w KQkq - 0 5,c4c5,50,-4,-54
r1bqk1nr/pp1nbpp1/2p1p2p/2Pp4/3P1B2/P1N5/1P2PPPP/R2QKBNR w KQkq - 3 7,e2e3,36,-8,-44
r1bqk1nr/1p1nbpp1/p1p1p2p/2Pp4/3P1B2/P1N1P3/1P3PPP/R2QKBNR w KQkq - 0 8,b2b4,119,121,2
r1bqk2r/1p1nbpp1/p1p1pn1p/2Pp4/1P1P1B2/P1N1P3/5PPP/R2QKBNR w KQkq - 1 9,h2h3,117,142,25
r2q1rk1/1b1nbpp1/p1p1pn1p/2pp4/1P1P4/P1NBPNBP/5PP1/R2QK2R w KQ - 0 13,b4c5,136,134,-2
r3rk2/1b5B/2p2b1p/p1Pp4/3p4/P3P2P/5PP1/R4RK1 w - - 0 26,e3d4,-395,-463,68
r3r3/1b1k3B/2p4p/p1Pp4/3b4/P6P/5PPK/2R2R2 w - - 4 29,f2f4,-465,-478,13
r3r3/1bk4B/2p4p/p1Pp4/3b1P2/P6P/6PK/2R2R2 w - - 1 30,f4f5,-465,-523,58
r4r2/1bk4B/2p4p/p1Pp1P2/3b4/P6P/6PK/2R2R2 w - - 1 31,g2g4,-446,-481,35
3r1r2/2k4B/2p2b1p/1bPp1P2/p5P1/P4RKP/8/1R6 w - - 0 37,h3h4,-507,-514,7
5r2/2k4B/2p4p/1bPr1P2/p5PP/P1b2K2/3p4/1R1R4 w - - 6 44,g4g5,-630,-626,-4
5r2/2k4B/2p4p/1bP1rPP1/p6P/P1b2K2/3p4/1R1R4 w - - 1 45,f5f6,-592,-596,4
rnbqkbnr/pppppppp/8/8/8/8/PPPPPPPP/RNBQKBNR w KQkq - 0 1,e2e4,29,28,-1
rnbqkbnr/pp1ppppp/8/2p5/4P3/8/PPPP1PPP/RNBQKBNR w KQkq - 0 2,d2d4,31,10,-21
rnbqkb1r/pp1ppppp/5n2/8/3pP3/5N2/PPP2PPP/RNBQKB1R w KQkq - 2 4,e4e5,49,50,1
rnbqkb1r/pp2pppp/8/3pP3/3Q2n1/5N2/PPP2PPP/RNB1KB1R w KQkq d6 0 6,e5d6,159,53,-106
r1bqkb1r/pp3ppp/2np4/1B6/3Q2n1/5N2/PPP2PPP/RNB1K2R w KQkq - 2 8,h2h3,97,20,-77
4R3/r2r1p1p/p4Q2/6pk/4R3/7P/PPP2PP1/6K1 w - - 2 30,g2g4,10000,10000,0
rnbqkbnr/pppppppp/8/8/8/8/PPPPPPPP/RNBQKBNR w KQkq - 0 1,e2e4,28,32,4
rnbqkbnr/p1pppppp/1p6/8/4P3/8/PPPP1PPP/RNBQKBNR w KQkq - 0 2,d2d4,88,86,-2
rn1qkb1r/pbpp1ppp/1p2pn2/8/3PP3/3B4/PPP1QPPP/RNB1K1NR w KQkq - 0 5,c2c4,103,9,-94
rn1q1rk1/pbppbppp/1p2pn2/8/2PPP3/2NB4/PP2QPPP/R1B1K1NR w KQ - 3 7,h2h4,119,123,4
r2q3r/pbpn1pk1/1p1p2p1/4p3/2PPPb1N/2NB3Q/PP2KPP1/7R w - - 4 19,g2g3,-518,-549,31
r2q3r/pbpn1pk1/1p1p2p1/4p1b1/2PPP2N/2NB2PQ/PP2KP2/7R w - - 1 20,d4e5,-557,-622,65
r2q3r/pbp2pk1/1p1p2p1/4n1b1/2P1P2N/2NB2PQ/PP2KP2/7R w - - 0 21,f2f4,-598,-579,-19
r2q3r/pbp2pk1/1p1p2p1/8/2P1PP1b/2NK2PQ/PP6/7R w - - 0 23,g3h4,-472,-534,62
r6r/pbp2pk1/1p1p2p1/8/2P1PP1P/3K3Q/Pq2N3/7R w - - 0 25,f4f5,-589,-848,259
r7/pbp2pk1/1p1p2pr/5P2/2P1P2P/3K3Q/Pq2N3/7R w - - 1 26,f5g6,-496,-770,274
r7/pbp3k1/1p1p2pr/8/2P1P2P/3K3Q/Pq2N3/7R w - - 0 27,h4h5,-499,-795,296
rnbqkbnr/pppppppp/8/8/8/8/PPPPPPPP/RNBQKBNR w KQkq - 0 1,d2d4,28,19,-9
r1b1kbnr/ppp3pp/2n2p2/3qp3/3P4/4B3/PPP1PPPP/R2QKBNR w KQkq - 0 6,d4e5,-468,-492,24
r1b1kbnr/ppp3pp/5p2/4q3/3n4/8/PPP1PPPP/R2QKBNR w KQkq - 0 8,c2c3,-584,-591,7
r1b1kbnr/ppp3pp/2n2p2/1q6/8/2P2N2/PP2PPPP/R2QKB1R w KQkq - 3 10,a2a4,-547,-669,122
r1b1kbnr/ppp3pp/2n2p2/8/P7/2P2N2/1q2PPPP/R2QKB1R w KQkq - 0 11,g2g4,-745,-866,121
8/k1p5/1pQb1p2/p5r1/P5B1/8/5P2/2R3K1 w - - 4 35,f2f3,464,470,6
rnbqkbnr/pppppppp/8/8/8/8/PPPPPPPP/RNBQKBNR w KQkq - 0 1,e2e4,32,29,-3
rnbqkbnr/pp1p1ppp/4p3/2p5/4P3/2N5/PPPP1PPP/R1BQKBNR w KQkq - 0 3,f2f4,36,-9,-45
r1bqkbnr/pp3ppp/2n1p3/2p5/3pPP2/5N2/PPPPN1PP/R1BQKB1R w KQkq - 2 6,c2c3,-3,-152,149
r1bqkbnr/pp4pp/2n1pp2/2p5/3pPP2/2P2N2/PP1PN1PP/R1BQKB1R w KQkq - 0 7,c3d4,-14,7,21
r1bqkbnr/pp4pp/2n1pp2/8/3pPP2/5N2/PP1PN1PP/R1BQKB1R w KQkq - 0 8,d2d3,34,-17,-51
r3kbnr/ppqb2pp/2n2p2/4p3/3pPP2/1Q1P1N2/PP1BN1PP/R3KB1R w KQkq - 4 11,f4e5,41,39,-2
r3kb1r/pp2n1pp/1qb1Qp2/8/3NP3/3P1n2/PP1B2PP/2R1KB1R w Kkq - 0 16,g2f3,93,-347,-440
r4b1r/p2Qnkpp/2p2p2/4q3/4P3/3P1P1B/PP1B3P/4K2R w K - 2 20,d3d4,692,652,-40
rnbqkbnr/pppppppp/8/8/8/8/PPPPPPPP/RNBQKBNR w KQkq - 0 1,e2e4,31,29,-2
rnbqkbnr/pppp1ppp/4p3/8/4P3/8/PPPP1PPP/RNBQKBNR w KQkq - 0 2,e4e5,36,-17,-53
rnbqkbnr/pp1p1ppp/4p3/2p1P3/8/8/PPPP1PPP/RNBQKBNR w KQkq - 0 3,f2f4,-18,-43,25
rnbqkbnr/pp3ppp/4p3/2ppP3/5P2/8/PPPP2PP/RNBQKBNR w KQkq d6 0 4,d2d4,-29,-34,5
r1bqk1nr/pp3ppp/2n1p3/2bpP3/5P2/3Q4/PPP3PP/RNB1KBNR w KQkq - 3 7,c2c4,-54,-232,178
r1b1k2r/pp3ppp/1qn1p2n/2b1P3/2Pp1P2/3Q4/PP1BN1PP/RN2KB1R w KQkq - 4 10,b2b3,-142,-215,73
r1b1k2r/pp3ppp/1qn1p3/2b1Pn2/2Pp1P2/1P1Q4/P2BN1PP/RN2KB1R w KQkq - 1 11,g2g4,-124,-211,87
r3k2r/pp1b1ppp/8/3pPK2/1QP2PP1/1P2p3/P2q2BP/R6R w kq - 2 24,e5e6,-918,-961,43
rnbqkbnr/pppppppp/8/8/8/8/PPPPPPPP/RNBQKBNR w KQkq - 0 1,d2d4,30,23,-7
rnbqkbnr/ppp1pppp/8/3p4/3P4/8/PPP1PPPP/RNBQKBNR w KQkq - 0 2,f2f4,25,-38,-63
rnbqkbnr/ppp2ppp/4p3/3p4/3P1P2/8/PPP1P1PP/RNBQKBNR w KQkq - 0 3,e2e3,-23,-24,1
rnbqkb1r/pp3ppp/4pn2/2pp4/3P1P2/4PN2/PPP3PP/RNBQKB1R w KQkq - 0 5,c2c3,-29,-32,3
r2q1rk1/1b2bppp/p1n1pn2/3pN3/1ppP1P2/2P1PN2/PP2B1PP/R1BQ1RK1 w - - 0 13,h2h3,-57,-156,99
r2q1rk1/1b2bppp/p1n1pn2/3pN3/2pP1P2/2p1PN1P/PP2B1P1/R1BQ1RK1 w - - 0 14,b2c3,-132,-126,-6
r2q1rk1/1b2bppp/p1n1p3/3pN3/2pPnP2/2P1PN1P/P3B1P1/R1BQ1RK1 w - - 1 15,a2a3,-140,-305,165
rnbqkbnr/pppppppp/8/8/8/8/PPPPPPPP/RNBQKBNR w KQkq - 0 1,d2d4,31,25,-6
rnbqkb1r/pppppppp/5n2/8/3P4/8/PPP1PPPP/RNBQKBNR w KQkq - 1 2,c2c4,28,31,3
rnbq1rk1/pp3ppp/3ppn2/2b3B1/2P5/2N2N2/PP2PPPP/R2QKB1R w KQ - 0 8,e2e3,29,11,-18
r1b1nrk1/ppqn1pp1/3pp2p/2b5/2P4B/2NBPN2/PPQ2PPP/2KR3R w - - 4 13,h2h3,208,126,-82
r1b1nrk1/1pqn1pp1/p2pp2p/2b5/2P4B/2NBPN1P/PPQ2PP1/2KR3R w - - 0 14,g2g4,174,-2,-176
1rb1nrk1/1pqn1pp1/p2pp2p/2b5/2P3PB/2NBPN1P/PPQ2P2/2KR3R w - - 1 15,g4g5,111,108,-3
1rb1nrk1/2qn1pp1/p2pp3/1pb3N1/2P4B/2NBP2P/PPQ2P2/2KR3R w - - 0 17,c4b5,94,56,-38
rnbqkbnr/pppppppp/8/8/8/8/PPPPPPPP/RNBQKBNR w KQkq - 0 1,e2e4,29,34,5
rnbqkbnr/pp1ppppp/8/2p5/4P3/8/PPPP1PPP/RNBQKBNR w KQkq - 0 2,d2d4,33,12,-21
rnbqkbnr/pp1p1ppp/4p3/8/3pP3/5N2/PPP2PPP/RNBQKB1R w KQkq - 0 4,c2c3,32,-22,-54
r1bqkbnr/pp1p1ppp/2n1p3/8/3pP3/2P2N2/PP3PPP/RNBQKB1R w KQkq - 1 5,c3d4,36,35,-1
r1bqkbnr/pp3ppp/2n1p3/3p4/3PP3/5N2/PP3PPP/RNBQKB1R w KQkq - 0 6,e4d5,50,23,-27
r1bq1rk1/pp2bppp/2n2n2/3p4/3P4/2NB1N2/PP3PPP/R1BQ1RK1 w - - 6 10,a2a3,22,-4,-26
r2qr1k1/pp2bppp/2n2n2/3p2B1/3P2b1/P1NB1N2/1P3PPP/R2Q1RK1 w - - 3 12,h2h3,-34,-69,35
3q1bk1/1p3p2/4rn1p/1B1p1Np1/8/P5BP/1P3PP1/R2R2K1 w - - 1 24,b2b4,-137,-251,114
rnbqkbnr/pppppppp/8/8/8/8/PPPPPPPP/RNBQKBNR w KQkq - 0 1,e2e4,28,25,-3
rnbqkbnr/ppp1pppp/8/3p4/4P3/8/PPPP1PPP/RNBQKBNR w KQkq - 0 2,e4e5,70,-12,-82
rn1qkbnr/ppp1pppp/8/3pPb2/8/8/PPPP1PPP/RNBQKBNR w KQkq - 1 3,d2d4,-2,-4,2
rn1qk2r/1p2npp1/p3p2p/3pP3/8/2NQb3/PPP1NPPP/R4RK1 w kq - 0 13,f2e3,-88,-220,132
r2qk2r/1p2npp1/p1n1p2p/3pP3/8/2NQP3/PPP1N1PP/R4RK1 w kq - 1 14,e3e4,-234,-229,-5
rnbqkbnr/pppppppp/8/8/8/8/PPPPPPPP/RNBQKBNR w KQkq - 0 1,e2e4,28,31,3
rnbqkbnr/ppp1pppp/8/3p4/4P3/8/PPPP1PPP/RNBQKBNR w KQkq - 0 2,e4d5,73,68,-5
rnb1kbnr/ppp1pppp/8/q7/8/2N5/PPPP1PPP/R1BQKBNR w KQkq - 2 4,d2d4,88,89,1
rnb1kbnr/pp3ppp/2p1p3/q7/3P1B2/2N5/PPP2PPP/R2QKBNR w KQkq - 0 6,a2a3,112,91,-21
r1bqk2r/pp1nbppp/2p1pn2/8/3P1B2/P1N2N2/1PP1BPPP/R2Q1RK1 w kq - 7 10,h2h3,113,65,-48
r1bq1rk1/pp1nbppp/4p3/3p4/3P1B2/P4N1P/1PP1BPP1/R2QR1K1 w - - 0 13,c2c3,134,119,-15
rnbqkbnr/pppppppp/8/8/8/8/PPPPPPPP/RNBQKBNR w KQkq - 0 1,e2e4,28,24,-4
r1bqkbnr/pp1ppppp/2n5/2p5/4P3/5N2/PPPP1PPP/RNBQKB1R w KQkq - 2 3,c2c3,29,11,-18
r1bqkbnr/pp1p1ppp/2n1p3/2p5/4P3/2P2N2/PP1P1PPP/RNBQKB1R w KQkq - 0 4,d2d4,29,24,-5
r1bqkbnr/pp1p1ppp/2n1p3/8/3pP3/2P2N2/PP3PPP/RNBQKB1R w KQkq - 0 5,c3d4,49,37,-12
r1bqkb1r/pp3ppp/2n1pn2/3p4/3PP3/2N2N2/PP3PPP/R1BQKB1R w KQkq - 0 7,e4e5,66,74,8
r4rk1/1b2q1p1/p3pn1Q/1p1pn3/3P4/2N3R1/PP3PPP/1B3RK1 w - - 0 22,d4e5,313,335,22
r4rk1/1b2q1p1/p3p2Q/1p2P3/4p3/6R1/PP3PPP/1B3RK1 w - - 0 24,f2f4,206,141,-65
r5k1/1b2q1p1/p3p2Q/1p2Pr2/4pP2/7R/PP4PP/1B3RK1 w - - 3 26,a2a3,301,-538,-839
r5k1/8/p3p2R/1pqbPr2/4pP2/P7/1P4PP/1B3R1K w - - 3 29,g2g3,-520,-10000,9480
rnbqkbnr/pppppppp/8/8/8/8/PPPPPPPP/RNBQKBNR w KQkq - 0 1,e2e4,29,26,-3
rnbqkb1r/pppppppp/5n2/8/4P3/8/PPPP1PPP/RNBQKBNR w KQkq - 1 2,e4e5,73,70,-3
rnbqkb1r/pppppppp/8/3nP3/8/8/PPPP1PPP/RNBQKBNR w KQkq - 1 3,c2c4,61,68,7
rnbqkb1r/pppppppp/1n6/4P3/2P5/8/PP1P1PPP/RNBQKBNR w KQkq - 1 4,c4c5,64,46,-18
rnbqkb1r/pppppppp/8/2P1P3/8/2n5/PP1P1PPP/R1BQKBNR w KQkq - 0 6,d2c3,49,54,5
rnbqkb1r/p1pp1ppp/1p2p3/2P1P3/8/2P1B3/PP3PPP/R2QKBNR w KQkq - 0 8,c5b6,58,18,-40
1rb2rk1/2qp1p1p/2n1p1p1/p1p1P3/8/2PB1N2/PP1Q1PPP/3RR1K1 w - - 2 17,b2b3,387,218,-169
rnbqkbnr/pppppppp/8/8/8/8/PPPPPPPP/RNBQKBNR w KQkq - 0 1,e2e4,27,22,-5
rnbqkbnr/pp3ppp/2pp4/4p3/2B1P3/5N2/PPPP1PPP/RNBQK2R w KQkq - 0 4,d2d4,76,61,-15
rn1qkbnr/p5pp/2pp1p2/1p2p3/3PP1b1/1B3N2/PPP2PPP/RNBQ1RK1 w kq - 2 7,d4e5,285,235,-50
rnbqkbnr/pppppppp/8/8/8/8/PPPPPPPP/RNBQKBNR w KQkq - 0 1,d2d4,23,19,-4
rnbqkb1r/pppppppp/5n2/8/3P4/8/PPP1PPPP/RNBQKBNR w KQkq - 1 2,c2c4,18,18,0
r1bq1rk1/pp1n1pp1/3ppn1p/2b5/2P5/2N2NB1/PP2PPPP/R2QKB1R w KQ - 2 10,e2e3,11,-15,-26
r1b2rk1/pp1n1pp1/1q2pn1p/2bp4/2P5/2N1PNB1/PPQ2PPP/R3KB1R w KQ - 0 12,c4d5,27,-9,-36
B1b3k1/4qpp1/p6p/1p6/8/4P2n/PPQ2PPP/2R2RK1 w - - 1 27,g2h3,767,815,48
rnbqkbnr/pppppppp/8/8/8/8/PPPPPPPP/RNBQKBNR w KQkq - 0 1,e2e4,20,23,3
rnbqkbnr/p2ppppp/1p6/2p5/4P3/5N2/PPPP1PPP/RNBQKB1R w KQkq - 0 3,d2d4,60,68,8
r1nqk2r/pb1p1pbp/1pnBp1p1/8/2B1P3/2N2N2/PPP2PPP/R2Q1RK1 w kq - 4 11,e4e5,264,-157,-421
r3k2r/3pqpbp/p2np1p1/1p2P3/1Q6/5N2/PPP2PPP/R4RK1 w kq - 0 19,e5d6,-51,-41,-10
r3k2r/3p1pbp/p2Ppqp1/1p6/1Q6/5N2/PPP2PPP/R4RK1 w kq - 1 20,c2c3,-33,-64,31
rnbqkbnr/pppppppp/8/8/8/8/PPPPPPPP/RNBQKBNR w KQkq - 0 1,e2e4,28,29,1
rnbqkbnr/pp1ppppp/8/2p5/4P3/8/PPPP1PPP/RNBQKBNR w KQkq - 0 2,d2d4,31,12,-19
rnbqkbnr/pp3ppp/4p3/2pp4/3PP3/5N2/PPP2PPP/RNBQKB1R w KQkq - 0 4,e4d5,103,76,-27
rnbqkbnr/pp3ppp/8/2pp4/3P4/5N2/PPP2PPP/RNBQKB1R w KQkq - 0 5,d4c5,96,-5,-101
r1bq1rk1/pp3ppp/2n2b2/3N4/8/5N2/P1P1BPPP/1R1Q1RK1 w - - 2 13,c2c4,29,40,11
r2q1rk1/pp3ppp/2n2b2/3N4/2P3b1/5N2/P3BPPP/1R1Q1RK1 w - - 1 14,h2h3,129,41,-88
1r1qr1k1/pp3ppp/5b2/3N4/2P1B3/Q6P/P3nPP1/1R3R1K w - - 5 20,f2f3,140,-283,-423
1r2r1k1/Qp3ppp/3q4/3N4/2P1B2b/5P1P/P5PK/5R2 w - - 1 24,f3f4,-263,-474,211
1r4k1/Qp3ppp/3q4/3N4/2P1rP1b/7P/P5PK/5R2 w - - 0 25,c4c5,-489,-485,-4
1r1q2k1/Qp3ppp/8/2PN4/4rP1b/7P/P5PK/5R2 w - - 1 26,f4f5,-429,-577,148
1r1q2k1/Qp3pp1/7p/2PN1P2/4r2b/7P/P5PK/5R2 w - - 0 27,f5f6,-517,-521,4
2rq4/5pk1/5p1p/2P2Q2/8/7P/P5PK/5R2 w - - 5 33,a2a4,239,173,-66
2r4k/5Q2/7p/2q5/P7/7P/6P1/5R1K w - - 5 39,a4a5,512,398,-114
rnbqkbnr/pppppppp/8/8/8/8/PPPPPPPP/RNBQKBNR w KQkq - 0 1,d2d4,31,15,-16
rnbqkbnr/ppp1pppp/8/3p4/3P4/8/PPP1PPPP/RNBQKBNR w KQkq - 0 2,c2c4,20,23,3
rnbqkbnr/pp3ppp/2p1p3/3p4/2PP4/2N5/PP2PPPP/R1BQKBNR w KQkq - 0 4,a2a3,35,-28,-63
rnbqkbnr/1p3ppp/p1p1p3/3p4/2PP4/P1N5/1P2PPPP/R1BQKBNR w KQkq - 0 5,c4c5,99,7,-92
rnbqkb1r/1p3pp1/p1p1pn1p/2Pp4/3P1B2/P1N5/1P2PPPP/R2QKBNR w KQkq - 2 7,e2e3,113,113,0
rnbqk2r/1p2bpp1/p1p1pn1p/2Pp4/3P1B2/P1N1P3/1P3PPP/R2QKBNR w KQkq - 1 8,h2h3,97,79,-18
r1bqk2r/3nbpp1/ppp1pn1p/2Pp4/3P1B2/P1N1PN1P/1P3PP1/R2QKB1R w KQkq - 0 10,b2b4,130,126,-4
rnbqkbnr/pppppppp/8/8/8/8/PPPPPPPP/RNBQKBNR w KQkq - 0 1,d2d4,30,17,-13
rnbqkb1r/pppppppp/5n2/8/3P4/8/PPP1PPPP/RNBQKBNR w KQkq - 1 2,c2c4,14,17,3
r1bq1rk1/pp1n1pp1/3ppn1p/2b5/2P5/2N2NB1/PP2PPPP/R2QKB1R w KQ - 2 10,e2e3,14,-13,-27
r1b2rk1/pp1n1pp1/1q2pn1p/2bp4/2P5/2N1PNB1/PPQ2PPP/R3KB1R w KQ - 0 12,c4d5,30,-18,-48
r1b2rk1/pp3pp1/1q3n1p/3pN3/1b6/2N1P1n1/PPQ1BPPP/1R3RK1 w - - 0 17,h2g3,-20,-22,2
r1b2rk1/pp3pp1/3q1n1p/3pN3/1b6/2N1P1P1/PPQ1BPP1/1R3RK1 w - - 1 18,f2f4,11,-78,-89
r1bq1rk1/pp4p1/7p/3nNp2/3b1P2/4PQP1/PP2B1P1/1R3RK1 w - - 0 24,e3d4,171,177,6
r1b2q2/1p4pk/p6p/5p2/1nBP1P2/5QP1/PP4P1/1R2R1K1 w - - 0 29,a2a3,491,499,8
r1b5/1p4pk/p6p/2q1np1Q/5P2/P2B2P1/1P4P1/1R3K2 w - - 0 34,f4e5,-46,-52,6
r7/1p4pk/p6p/8/8/P5P1/1PbK2P1/8 w - - 2 39,g3g4,-748,-869,121
r7/1p4pk/p6p/8/6P1/Pb6/1P1K2P1/8 w - - 1 40,g4g5,-831,-873,42
r7/6pk/p6p/1p4P1/8/Pb6/1P1K2P1/8 w - - 0 41,g5g6,-771,-851,80
2r5/6p1/5k1p/1p6/pK6/P7/1P4P1/8 w - - 4 47,g2g3,-709,-723,14
8/6p1/5k2/7p/8/PK6/1P6/8 w - - 0 52,a3a4,-453,-583,130
8/6p1/5k2/8/P6p/1K6/1P6/8 w - - 0 53,a4a5,-590,-647,57
8/6p1/5k2/P7/8/1K5p/1P6/8 w - - 0 54,a5a6,-681,-683,2
8/6p1/P4k2/8/8/1K6/1P5p/8 w - - 0 55,a6a7,-723,-741,18
8/P5p1/5k2/8/8/1K6/1P6/7q w - - 0 56,a7a8q,-758,-773,15
rnbqkbnr/pppppppp/8/8/8/8/PPPPPPPP/RNBQKBNR w KQkq - 0 1,e2e4,29,28,-1
rn1q1bnr/ppp2kpp/3p4/4p3/4P1b1/5N2/PPPP1PPP/RNBQK2R w KQ - 0 5,d2d4,-322,-364,42
rnbqkbnr/pppppppp/8/8/8/8/PPPPPPPP/RNBQKBNR w KQkq - 0 1,d2d4,29,18,-11
r2qk2r/ppp1pp1p/2n5/3B4/3b4/2N5/PPP1PP1P/R2QK2R w KQkq - 0 9,e2e3,43,-16,-59
r6r/pppk1p1p/4p3/8/3b4/2N1P3/PPP2P1P/R2QK2R w KQ - 0 12,e3d4,1055,879,-176
rnbqkbnr/pppppppp/8/8/8/8/PPPPPPPP/RNBQKBNR w KQkq - 0 1,e2e4,22,27,5
rnbqkbnr/pp1ppppp/8/2p5/4P3/8/PPPP1PPP/RNBQKBNR w KQkq - 0 2,d2d4,31,10,-21
rnbqkbnr/pp3ppp/4p3/2pp4/3PP3/5N2/PPP2PPP/RNBQKB1R w KQkq - 0 4,e4d5,91,91,0
r2q1rk1/1p2bppp/p1n2n2/3p4/2pP1Bb1/2N2N2/PPP1BPPP/R2QR1K1 w - - 2 12,h2h3,-6,-2,-4
r2q1rk1/1p2bppp/p1n2n2/3p3b/2pP1B2/2N2N1P/PPP1BPP1/R2QR1K1 w - - 1 13,g2g4,12,-5,-17
r2q1rk1/1p2bppp/p4nb1/3pn3/2pP1BP1/2N4P/PPP1BP2/R2QR1K1 w - - 0 15,d4e5,44,54,10
r2q1rk1/3n1pp1/p5b1/1pbNP2p/5BP1/1B5P/PPP2P2/R2QR1K1 w - - 0 19,e5e6,374,217,-157
rnbqkbnr/pppppppp/8/8/8/8/PPPPPPPP/RNBQKBNR w KQkq - 0 1,e2e4,32,31,-1
rnbqkbnr/pppp1ppp/4p3/8/4P3/8/PPPP1PPP/RNBQKBNR w KQkq - 0 2,f2f4,46,-16,-62
rn1qkb1r/pbpp1ppp/1p2p1n1/8/4PP2/2N2N2/PPPPB1PP/R1BQK2R w KQkq - 6 6,d2d3,115,34,-81
rn2kb1r/pbpp1ppp/1p2p3/8/4PP1q/2NP4/PPP1B1PP/R1BQK2R w KQkq - 0 8,g2g3,18,21,3
r2qk2r/pbpp1ppp/np2p3/8/4PP2/2BP2P1/PPP1Q1BP/2KR3R w kq - 1 15,a2a3,324,191,-133
r2qk3/pbpp3p/1p2ppr1/2n3B1/4PP2/P2P2P1/1PP1Q1BP/2KR3R w q - 0 19,f4f5,443,47,-396
r2qk3/pbpp3p/1p2pp2/2n2Pr1/4P3/P2P2P1/1PP1Q1BP/2KR3R w q - 0 20,f5e6,42,-215,-257
r2qk3/pbpp3p/1p2np2/6r1/4P3/P2P2P1/1PP1Q1BP/2KR3R w q - 0 21,h2h4,-243,-312,69
8/3p3p/2b5/5q1k/4P2P/P2P4/1PP5/2K5 w - - 0 34,e4f5,39,39,0
8/3p3p/2b5/5Pk1/8/P2P4/1PPK4/8 w - - 2 36,f5f6,-322,-375,53
8/3p3p/2b2k2/8/8/P2P4/1PPK4/8 w - - 0 37,b2b4,-391,-407,16
8/3p4/2b5/8/1P4k1/P2P3p/2P4K/8 w - - 0 42,c2c4,-325,-392,67
8/8/2b5/3p4/1PP3k1/P2P3p/7K/8 w - - 0 43,b4b5,102,38,-64
8/1b6/8/1P1p4/2P3k1/P2P3p/7K/8 w - - 1 44,c4c5,478,428,-50
8/1b6/8/1PP5/3p2k1/P2P3p/7K/8 w - - 0 45,c5c6,557,567,10
2b5/8/2P5/1P6/3p2k1/P2P3p/7K/8 w - - 1 46,b5b6,576,633,57
2b5/8/1PP5/8/3p4/P2P1k1p/7K/8 w - - 1 47,b6b7,647,669,22
8/1b6/2P5/8/3p4/P2P1k1p/7K/8 w - - 0 48,c6b7,659,660,1
8/1P6/8/8/3p4/P2Pk2p/7K/8 w - - 1 49,b7b8q,678,702,24
8/8/8/8/3k4/P2p4/7K/4Q3 w - - 4 54,a3a4,764,858,94
8/8/8/8/P1k5/3p4/7K/4Q3 w - - 1 55,a4a5,1190,1151,-39
8/8/8/P7/8/1k1p4/7K/4Q3 w - - 1 56,a5a6,1413,1594,181
8/8/P7/8/8/3p4/2k4K/4Q3 w - - 1 57,a6a7,10000,10000,0
8/P7/8/8/2Q5/8/3p3K/3k4 w - - 4 60,a7a8q,10000,10000,0
rnbqkbnr/pppppppp/8/8/8/8/PPPPPPPP/RNBQKBNR w KQkq - 0 1,d2d4,23,16,-7
rnbqkb1r/pppppppp/5n2/8/3P4/8/PPP1PPPP/RNBQKBNR w KQkq - 1 2,c2c4,15,13,-2
rnb2rk1/pp3pp1/4pq1p/8/2P5/8/PPQ1PPPP/R3KB1R w KQ - 0 14,e2e3,-520,-522,2
r1b2rk1/1p3pp1/5q1p/p3p3/1nP5/1Q2P3/PP2BPPP/R4RK1 w - - 0 18,a2a3,-438,-444,6
r4rk1/1p3pp1/2n4p/p3p1q1/2P5/PQ2P2b/1PB2PPP/R4RK1 w - - 5 21,g2g3,-399,-544,145
r4r1k/1p4p1/2n4p/3Qppq1/p1P5/P3P1P1/1PB2P1P/5RK1 w - - 2 25,c4c5,-520,-567,47
3r3k/1p4p1/2n2r1p/2P1p1q1/p1Q2p2/P3P1P1/1PB2P1P/5RK1 w - - 0 28,e3f4,-449,-569,120
3r3k/1p6/2n2rpp/2P5/p6q/P4pP1/1PB2P1P/4R1K1 w - - 0 32,g3h4,-599,-594,-5
3r3k/1p6/6pp/2P2n2/p6P/P4p2/1P3P1P/4R1K1 w - - 0 35,h2h3,-478,-502,24
3r3k/1p6/6pp/2P5/p4n2/P4p1P/1P3P1K/2R5 w - - 4 38,c5c6,-413,-413,0
rnbqkbnr/pppppppp/8/8/8/8/PPPPPPPP/RNBQKBNR w KQkq - 0 1,e2e4,23,23,0
rnbqkbnr/ppp1pppp/8/3p4/4P3/8/PPPP1PPP/RNBQKBNR w KQkq - 0 2,e4d5,65,73,8
rnb1kbnr/ppp1pppp/8/q7/8/2N5/PPPP1PPP/R1BQKBNR w KQkq - 2 4,d2d4,89,74,-15
rn2k1nr/pp2bppp/2p1p3/q7/3P2b1/2N2N2/PPP1BPPP/R1BQ1RK1 w kq - 2 8,h2h3,62,43,-19
r1r3k1/3nbppp/p3p3/1p1p4/3P4/6RP/PPPBBPP1/5RK1 w - - 4 21,c2c3,-28,-36,8
r1r3k1/4bp1p/p3pnpB/1p1p4/3P4/2P3RP/PP2BPP1/5RK1 w - - 0 23,h3h4,-23,-66,43
r1r2bk1/5p2/p3p1p1/1p1p2np/3P1R1P/2P5/PP2BPP1/5RK1 w - - 0 27,h4g5,-242,-257,15
r1r3k1/4bp2/p3p1p1/1p1p2Pp/3P1R2/2P5/PP2BPP1/5RK1 w - - 1 28,g2g4,-245,-326,81
rnbqkbnr/pppppppp/8/8/8/8/PPPPPPPP/RNBQKBNR w KQkq - 0 1,e2e4,28,22,-6
rnbqkbnr/ppp1pppp/3p4/8/4P3/8/PPPP1PPP/RNBQKBNR w KQkq - 0 2,d2d4,38,37,-1
r2qkb1r/pbpnpppp/1p1p1n2/8/3PP3/3B1N2/PPP2PPP/RNBQ1RK1 w kq - 4 6,e4e5,95,81,-14
r2qkb1r/pbpnpppp/1p3n2/4p3/3P4/3B1N2/PPP2PPP/RNBQ1RK1 w kq - 0 7,d4e5,125,102,-23
rnbqkbnr/pppppppp/8/8/8/8/PPPPPPPP/RNBQKBNR w KQkq - 0 1,e2e4,30,27,-3
rnbqkbnr/pp3ppp/4p3/2pp4/4P3/2N2N2/PPPP1PPP/R1BQKB1R w KQkq - 0 4,e4d5,87,78,-9
rnbqkbnr/pp3ppp/8/2pp4/8/2N2N2/PPPP1PPP/R1BQKB1R w KQkq - 0 5,d2d4,87,15,-72
r1bq1rk1/4bppp/p1p2n2/2pp4/3P1B2/2N2N2/PPP2PPP/R2QR1K1 w - - 0 11,d4c5,37,4,-33
r1bq1rk1/b4ppp/p1p2n2/3p4/N4B2/5N2/PPP2PPP/R2QR1K1 w - - 2 13,c2c4,-6,-29,23
r1bq1rk1/b4ppp/p1p5/3p4/N1P5/4nN2/PP3PPP/R2QR1K1 w - - 0 15,f2e3,-176,-184,8
r2q1rk1/b4ppp/p1p5/3p4/N1P3b1/4PN2/PP4PP/R2QR1K1 w - - 1 16,c4d5,-118,-140,22
r2q1rk1/b4ppp/p7/8/3p2b1/2N1PN2/PP4PP/R2QR1K1 w - - 0 18,e3d4,-103,-81,-22
4N1k1/4qp1p/p1Q3p1/8/8/8/Pb4PP/3R3K w - - 0 29,h2h3,570,483,-87
8/7R/p5p1/6k1/3b2N1/7P/P5P1/7K w - - 1 39,g2g3,652,617,-35
rnbqkbnr/pppppppp/8/8/8/8/PPPPPPPP/RNBQKBNR w KQkq - 0 1,e2e4,27,25,-2
rnb1kbnr/ppp1qppp/3p4/4p2Q/2B1P3/8/PPPP1PPP/RNB1K1NR w KQkq - 2 4,d2d3,-3,-1,-2
r3kb1r/ppp1qppp/2np1n2/4p3/2B1P1b1/3P2Q1/PPP2PPP/RNB1K1NR w KQkq - 5 7,h2h3,-24,-46,22
r3kb1r/pppbqppp/2np1n2/4p3/2B1P3/3P2QP/PPP2PP1/RNB1K1NR w KQkq - 1 8,d3d4,14,-375,-389
rnbqkbnr/pppppppp/8/8/8/8/PPPPPPPP/RNBQKBNR w KQkq - 0 1,c2c4,25,-8,-33
rnbqkbnr/ppp2ppp/3p4/4p3/2P5/2N5/PP1PPPPP/R1BQKBNR w KQkq - 0 3,d2d4,28,11,-17
r2qkb1r/ppp2ppp/2np1n2/5b2/2P5/2N5/PP2PPPP/R1BQKBNR w KQkq - 5 7,a2a3,-18,-65,47
r2qk2r/ppp1bppp/2np1n2/5b2/2P5/P1N5/1P2PPPP/R1BQKBNR w KQkq - 1 8,g2g3,-11,-39,28
3q1rk1/p1p1bppp/1r3n2/1B1pnb2/2P5/P1N3P1/1P2PP1P/R1BQK1NR w KQ - 0 13,f2f4,-94,-242,148
3q1rk1/p1p2ppp/1r3n2/1Bbp1b2/2n2P2/P1N2NP1/1P2P2P/R1BQK2R w KQ - 2 15,b2b4,-210,-264,54
3r2k1/2p2ppp/1r3n2/p4b2/1Pp2P2/P1N2NP1/4P2P/2R2RK1 w - - 0 20,b4a5,107,87,-20
3r2k1/2N2ppp/5n2/8/2R2PbN/6P1/r3P2P/5RK1 w - - 3 25,e2e4,-80,-428,348
rnbqkbnr/pppppppp/8/8/8/8/PPPPPPPP/RNBQKBNR w KQkq - 0 1,e2e4,28,27,-1
rnbqkbnr/pp1p1ppp/4p3/2p5/2B1P3/8/PPPP1PPP/RNBQK1NR w KQkq - 0 3,e4e5,-3,-81,78
r2qkb1r/pp1n1ppp/4p2n/2ppP3/8/5N2/PPPP1PPP/RNBQK2R w KQkq - 2 7,d2d4,-32,-47,15
2rqkb1r/pp1n2pp/4pp2/2ppPnB1/3P4/5N2/PPP2PPP/RN1Q1RK1 w k - 0 10,e5f6,-10,-6,-4
2r1kb1r/pp4pp/4pq2/2pp1n2/3P4/5N2/PPP2PPP/RN1Q1RK1 w k - 0 12,c2c3,59,8,-51
2r2r2/Qp3kpp/4pq2/2ppbn2/3P4/2P5/PP3PPP/RN2R1K1 w - - 0 17,d4e5,-168,-139,-29
rnbqkbnr/pppppppp/8/8/8/8/PPPPPPPP/RNBQKBNR w KQkq - 0 1,d2d4,31,21,-10
rnbqkb1r/pppppppp/5n2/8/3P4/8/PPP1PPPP/RNBQKBNR w KQkq - 1 2,c2c4,18,19,1
rnbq1rk1/ppp1ppbp/5np1/3p2B1/2PP4/2N2N2/PP2PPPP/R2QKB1R w KQ - 0 6,e2e3,68,43,-25
r1b1qrk1/2pnppbp/p4np1/1p4B1/3P4/2NBPN2/PPQ2PPP/2KR3R w - - 4 11,h2h4,4,-22,-26
r1b1qrk1/3nppbp/p4np1/1pp3B1/3P3P/2NBPN2/PPQ2PP1/2KR3R w - - 0 12,d4c5,16,-170,-186
2r1qrk1/4ppbp/p3n1p1/3n2B1/1p2N2P/3BP3/PP1Q1PP1/1K1R3R w - - 4 18,h4h5,-88,-343,255
2r1qrk1/4p1bp/p5p1/3n1pnP/1p6/3BP1N1/PP1Q1PP1/1K1R3R w - - 0 20,h5g6,-349,-343,-6
2r1qrk1/4p1bp/p5P1/3n1pn1/8/1p1BP1N1/PP1Q1PP1/1K1R3R w - - 0 21,g6h7,-143,-236,93
rnbqkbnr/pppppppp/8/8/8/8/PPPPPPPP/RNBQKBNR w KQkq - 0 1,e2e3,29,11,-18
rnbqkbnr/pppp1ppp/8/4p3/8/4P3/PPPP1PPP/RNBQKBNR w KQkq - 0 2,g2g3,13,-59,-72
r1bqkbnr/pppp1ppp/2n5/4p3/8/4P1P1/PPPP1P1P/RNBQKBNR w KQkq - 1 3,b2b3,-52,-100,48
r1bqk1nr/ppp2ppp/2n5/2bpp3/8/1P2P1P1/PBPP1P1P/RN1QKBNR w KQkq - 0 5,a2a3,-35,-66,31
r2qk1nr/ppp2ppp/2n1b3/2bpp3/8/PP2P1P1/1BPP1P1P/RN1QKBNR w KQkq - 1 6,f2f4,-18,-116,98
r2qk1nr/ppp2ppp/2n1b3/2bp4/5p2/PP2P1P1/1BPP3P/RN1QKBNR w KQkq - 0 7,g3f4,118,-656,-774
r2qk2r/ppp2ppp/2n1b3/2bp2n1/5P2/PP2P3/1BPP3P/RN1QKB1R w KQkq - 0 10,f4g5,-352,-320,-32
r3k2r/ppp2ppp/2n1b3/2b5/3p4/PP2P3/1BPP1K1P/RN3B1R w kq - 0 14,e3d4,-285,-315,30
rnbqkbnr/pppppppp/8/8/8/8/PPPPPPPP/RNBQKBNR w KQkq - 0 1,d2d4,31,17,-14
rnbqkbnr/pp2p2p/2pp1p2/6p1/3P4/6B1/PPP1PPPP/RN1QKBNR w KQkq - 0 5,e2e3,126,118,-8
rnb1kbnr/pp2p2p/1qpp1p2/6p1/3P4/4P1B1/PPP2PPP/RN1QKBNR w KQkq - 1 6,b2b3,154,83,-71
r1b1kbnr/pp2p2p/nqpp1p2/6p1/3P4/1P2P1B1/P1P2PPP/RN1QKBNR w KQkq - 1 7,h2h4,116,98,-18
2kr1bnr/pp2p2p/1qpp1pb1/6p1/1n1P3P/NP2P1B1/P1P1QPP1/R3KBNR w KQ - 7 11,h4h5,29,19,-10
3r1bnr/ppk1p2p/1qpp1p2/6pP/3P2Q1/NP1nP1B1/P1P2PP1/R3K1NR w KQ - 0 14,c2d3,59,138,79
3r1b1r/ppk1p2p/2ppQ2n/6pP/3P1p2/1P1PP1B1/q2NKPP1/1RR5 w - - 0 21,e3f4,264,259,-5
3r3r/ppk1p1bp/2ppQ2n/7P/3P1B2/1P1P4/q2NKPP1/1RR5 w - - 1 23,d4d5,430,304,-126
4Q3/2kr4/1p1p4/p1pP3P/3q4/1P1P4/2RN1PP1/3K4 w - - 0 35,f2f3,482,412,-70
8/8/1p6/1kp4P/p7/3R1P2/4K1P1/8 w - - 0 51,h5h6,689,775,86
8/8/1p5P/2p5/pk6/3R1P2/4K1P1/8 w - - 1 52,h6h7,798,849,51
8/7P/1p6/2p5/1k6/p2R1P2/4K1P1/8 w - - 0 53,h7h8q,907,1056,149
8/8/1p6/2k5/8/3Q1P2/4K1P1/8 w - - 1 57,f3f4,824,922,98
8/8/8/1pk5/5P2/3Q4/4K1P1/8 w - - 0 58,f4f5,1192,10000,8808
8/8/8/2k2P2/1p6/3Q4/4K1P1/8 w - - 0 59,f5f6,10000,10000,0
8/8/3k1P2/8/8/1Q6/4K1P1/8 w - - 1 61,f6f7,10000,960,-9040
5k2/5P2/8/8/8/5Q2/4K1P1/8 w - - 3 63,g2g4,10000,10000,0
8/5Pk1/8/8/6P1/5Q2/4K3/8 w - - 1 64,f7f8q,10000,10000,0
rnbqkbnr/pppppppp/8/8/8/8/PPPPPPPP/RNBQKBNR w KQkq - 0 1,e2e4,25,24,-1
rnbqkbnr/pppp1ppp/8/4p3/4P3/8/PPPP1PPP/RNBQKBNR w KQkq - 0 2,f2f4,23,-74,-97
rnbqkbnr/ppp2ppp/8/3p4/4Pp2/5N2/PPPP2PP/RNBQKB1R w KQkq - 0 4,e4e5,-23,-221,198
r1bqkbnr/ppp2ppp/2n5/3pP3/5p2/5N2/PPPP2PP/RNBQKB1R w KQkq - 1 5,d2d4,-137,-153,16
r3kbnr/pppq1ppp/2n5/3pP3/3P1Bb1/5N2/PPP3PP/RN1QKB1R w KQkq - 1 7,c2c3,59,30,-29
1k1r1bnr/pppq2pp/2n2p2/3pP3/3P1Bb1/2P2N2/PP1NB1PP/R2QK2R w KQ - 0 10,h2h3,82,49,-33
1k1r1bnr/pppq4/2n1bp2/3pP1pp/3P4/2P2NBP/PP1NB1P1/R2Q1RK1 w - - 0 13,b2b4,152,-107,-259
1k1r1bnr/pppq4/2n1bp2/3pP2p/1P1P4/2P3Bp/P2NB1PN/R2Q1RK1 w - - 0 15,b4b5,-238,-327,89
1k1r2nr/pppqn3/4b2b/1P1pPp1p/3P3B/2PB1R2/P2N2pN/R2Q2K1 w - - 2 19,c3c4,-133,-376,243
1k1r3r/ppp1q3/4b2n/1P1pPp1p/2PP4/3B1R2/P2Q2pN/R5K1 w - - 0 22,c4c5,-312,-329,17
1k3r1r/ppp1q3/4b2n/1PPpPp1p/3P4/3B1R2/P2Q2pN/R5K1 w - - 1 23,b5b6,-242,-231,-11
rnbqkbnr/pppppppp/8/8/8/8/PPPPPPPP/RNBQKBNR w KQkq - 0 1,g2g3,24,8,-16
rnbqkbnr/ppp1pppp/8/3p4/8/6P1/PPPPPP1P/RNBQKBNR w KQkq - 0 2,f2f4,11,-74,-85
rnbqkbnr/pppppppp/8/8/8/8/PPPPPPPP/RNBQKBNR w KQkq - 0 1,e2e3,25,14,-11
rnbqkbnr/pppp1ppp/8/4p3/8/4P3/PPPP1PPP/RNBQKBNR w KQkq - 0 2,d2d4,16,17,1
r1bqkbnr/pppp1ppp/2n5/4p3/3P4/4P3/PPP2PPP/RNBQKBNR w KQkq - 1 3,d4d5,42,38,-4
rnbqkbnr/pppppppp/8/8/8/8/PPPPPPPP/RNBQKBNR w KQkq - 0 1,d2d4,21,22,1
rnbqkb1r/pp1p1ppp/4pn2/2p5/3P4/5N2/PPPNPPPP/R1BQKB1R w KQkq - 0 4,b2b3,14,-51,-65
r1bqkb1r/pp3ppp/4pn2/3p4/3B4/1P6/P1PNPPPP/R2QKB1R w KQkq - 0 8,e2e3,4,-4,-8
r1b1k2r/pp3ppp/3bpn2/q2p4/3B4/1P2PN2/P1P2PPP/R2QKB1R w KQkq - 3 10,c2c3,-28,-61,33
r1b2rk1/pp1n1ppp/3bp3/q2p4/3B4/1PPBPN2/P4PPP/R2QK2R w KQ - 3 12,e3e4,-128,-285,157
r1b2rk1/pp1n1ppp/3b4/q2pp3/3BP3/1PPB1N2/P4PPP/R2QK2R w KQ - 0 13,b3b4,-297,-332,35
r1b2rk1/ppqn1ppp/8/2bpp3/1P2P3/2PB1N2/P4PPP/R2QK2R w KQ - 0 15,e4d5,-430,-561,131
rnbqkbnr/pppppppp/8/8/8/8/PPPPPPPP/RNBQKBNR w KQkq - 0 1,e2e4,22,22,0
rn1qkbnr/p2p1ppp/b1p5/1p2p3/4P3/1BN5/PPPP1PPP/R1BQK1NR w KQkq - 2 5,d2d3,178,116,-62
rn1qkbnr/p2p1ppp/b7/1pp1p3/4P3/1BNP4/PPP2PPP/R1BQK1NR w KQkq - 0 6,a2a3,242,109,-133
rn1qkbnr/p2p1ppp/b7/2p1p3/1p2P3/PBNP4/1PP2PPP/R1BQK1NR w KQkq - 0 7,a3b4,335,393,58
r3k2r/p2p1pbp/5p2/q1nBp3/4P3/1p1PBQ2/1PP2PPP/4K1NR w Kkq - 0 15,c2c3,-236,-268,32
3B4/3p3p/3k1p2/p2Bp1b1/N3P3/8/K5PP/8 w - - 9 38,g2g3,654,625,-29
5BB1/8/3p4/pkb1p3/4P3/6P1/KN5P/8 w - - 2 45,h2h4,693,715,22
5BB1/8/3p4/p1b1p3/1k2P2P/6P1/KN6/8 w - - 1 46,h4h5,757,790,33
5BB1/8/3p4/p1b1p2P/4P3/2k3P1/KN6/8 w - - 1 47,h5h6,830,821,-9
5BB1/8/3p3P/p1b1p3/3kP3/6P1/KN6/8 w - - 1 48,h6h7,869,861,-8
5BB1/7P/3p4/p1b1p3/4k3/6P1/KN6/8 w - - 0 49,h7h8q,897,959,62
rnbqkbnr/pppppppp/8/8/8/8/PPPPPPPP/RNBQKBNR w KQkq - 0 1,e2e4,26,26,0
r1bqk1nr/pppp1ppp/2n5/2b1p3/2B1P3/5N2/PPPP1PPP/RNBQK2R w KQkq - 4 4,c2c3,15,11,-4
r1bqk2r/pppp1ppp/2n2n2/2b1p3/2B1P3/2P2N2/PP1P1PPP/RNBQK2R w KQkq - 1 5,d2d3,5,6,1
r1bqk2r/ppp2pp1/2np1n1p/2b1p3/2B1P3/2PP1N2/PP3PPP/RNBQ1RK1 w kq - 0 7,h2h3,15,-1,-16
r2q1r1k/ppp3p1/2npQn1p/2b1p3/4P3/2PP1N1P/PP3PP1/RNB2RK1 w - - 1 11,b2b4,135,134,-1
r2q3k/ppp3p1/2np3p/4p3/1PN1P3/1QP2r1P/P5P1/R1Bn2K1 w - - 0 18,g2f3,-240,-270,30
rnbqkbnr/pppppppp/8/8/8/8/PPPPPPPP/RNBQKBNR w KQkq - 0 1,e2e3,31,9,-22
r1bqkbnr/pppppppp/2n5/8/8/4P3/PPPP1PPP/RNBQKBNR w KQkq - 1 2,g2g3,39,-49,-88
r1bqkb1r/ppp1pppp/2n2n2/3p4/8/4P1P1/PPPP1PBP/RNBQK1NR w KQkq - 0 4,b2b3,-56,-78,22
r3k2r/ppp1qp1p/2nb1p2/3pp3/8/1P2P1PN/PBPP1P1P/RN2K2R w KQkq - 1 10,f2f4,-708,-724,16
r3k2r/ppp1qp1p/2n2p2/3p4/5b2/1P2P1P1/PBPP3P/RN2K2R w KQkq - 0 12,g3f4,-734,-708,-26
rnbqkbnr/pppppppp/8/8/8/8/PPPPPPPP/RNBQKBNR w KQkq - 0 1,e2e4,28,24,-4
rnbqkbnr/ppp1pp1p/3p2p1/8/4P3/5N2/PPPP1PPP/RNBQKB1R w KQkq - 0 3,d2d4,52,54,2
r1bq1rk1/pp1nppbp/2pp1np1/8/2BPP3/4BN2/PPPN1PPP/R2Q1RK1 w - - 0 8,c2c3,40,21,-19
r1b2rk1/p1qn1pbp/2pp1np1/1p6/3pP3/2PBBN2/PPQN1PPP/2R2RK1 w - - 0 12,c3d4,207,205,-2
r1b1r1k1/p1qn1pbp/2pp1np1/1p6/3PP3/3BBN2/PPQN1PPP/2R2RK1 w - - 1 13,e4e5,303,28,-275
r1b1r1k1/p1qn1pbp/2p2np1/1p2p3/3P4/3BBN2/PPQN1PPP/2R2RK1 w - - 0 14,d4e5,20,-64,-84
r3r1k1/p4pbp/6p1/1pBn4/6b1/3B1N2/P1R2PPP/4R1K1 w - - 6 23,h2h3,-50,-192,142
r3r1k1/p4pbp/6p1/1pBn4/8/3B1b1P/P1R2PP1/4R1K1 w - - 0 24,g2f3,-180,-750,570
4r1k1/p4pbp/4n1p1/1p6/1B2B3/5PKP/P1R2P2/r7 w - - 8 29,a2a3,-650,-726,76
rnbqkbnr/pppppppp/8/8/8/8/PPPPPPPP/RNBQKBNR w KQkq - 0 1,e2e4,27,26,-1
rnbqkbnr/pp2pppp/3p4/2p5/4P3/5N2/PPPP1PPP/RNBQKB1R w KQkq - 0 3,d2d4,18,46,28
r2q1rk1/p2bbppp/2pp1n2/4p3/4P3/2NB4/PPPB1PPP/R2Q1RK1 w - - 4 11,a2a3,16,-17,-33
r2q1rk1/p3bppp/2ppbn2/4p3/4P3/P1NB4/1PPB1PPP/R2Q1RK1 w - - 1 12,b2b4,-10,-12,2
r2q1rk1/p4pp1/2p1bb1p/4p3/1P1pP3/P2B4/2P1NPPP/R2Q1RK1 w - - 0 16,f2f4,-37,-80,43
r4rk1/p4pp1/2p4p/8/1P2PQ2/q2B4/2P1K1PP/8 w - - 0 24,e4e5,-623,-673,50
r4rk1/p4p2/2p3pp/4P3/1P2Q3/2qB4/2P1K1PP/8 w - - 0 26,h2h4,-723,-796,73
r4rk1/p4p2/2p3p1/4P2p/1P2Q2P/2qB4/2P1K1P1/8 w - - 0 27,g2g4,-639,-771,132
r4rk1/p4p2/2p3p1/4P3/1P2Q1pP/2qB4/2P1K3/8 w - - 0 28,h4h5,-682,-758,76
rnbqkbnr/pppppppp/8/8/8/8/PPPPPPPP/RNBQKBNR w KQkq - 0 1,d2d4,32,21,-11
rnbqkb1r/ppp1pppp/5n2/3p4/3P4/2N5/PPP1PPPP/R1BQKBNR w KQkq - 2 3,f2f3,-1,-52,51
rnbqkb1r/ppp2ppp/4pn2/3p4/3P4/2N2P2/PPP1P1PP/R1BQKBNR w KQkq - 0 4,e2e4,-53,-56,3
rnbqk2r/ppp2ppp/4pn2/3p4/1b1PP3/2N2P2/PPP3PP/R1BQKBNR w KQkq - 1 5,e4e5,42,42,0
rnbqk2r/ppp2ppp/4pn2/3pP3/3P4/2b2P2/PPP3PP/R1BQKBNR w KQkq - 0 6,b2c3,91,94,3
rnbqk2r/p2n1ppp/1p2p3/2ppP3/3P4/B1P2P2/P1P1N1PP/R2QKB1R w KQkq - 0 9,f3f4,43,-15,-58
r1b5/p1kn3Q/1pn3p1/3pP3/2pP1P2/8/2q1NKPP/7R w - - 2 26,e5e6,-544,-679,135
rnbqkbnr/pppppppp/8/8/8/8/PPPPPPPP/RNBQKBNR w KQkq - 0 1,d2d4,26,23,-3
rnbqkbnr/ppp2pp1/4p2p/3p4/3P1B2/5N2/PPP1PPPP/RN1QKB1R w KQkq - 0 4,e2e3,47,37,-10
rnbqkb1r/1p3pp1/p3pn1p/2pp4/3P1B2/2NBPN2/PPP2PPP/R2QK2R w KQkq - 0 7,d4c5,0,0,0
r1bqk2r/1p3pp1/p1n1pn1p/2bp4/5B2/2NBPN2/PPP2PPP/R2Q1RK1 w kq - 2 9,a2a3,1,-29,-30
r1bq1rk1/1p3pp1/p1n1pn1p/2bp4/5B2/P1NBPN2/1PP2PPP/R2Q1RK1 w - - 1 10,b2b4,0,-24,-24
r1bq1rk1/1p2bpp1/p1n1pn1p/3p4/1P3B2/P1NBPN2/2P2PPP/R2Q1RK1 w - - 1 11,h2h3,-19,-17,-2
r1bq1rk1/1p2bpp1/p1n1p2p/3p2n1/1P3B2/P2BPN1P/2P1NPP1/R2Q1RK1 w - - 3 13,c2c4,-12,-126,114
r1bq1rk1/1p2bpp1/p1n1p2p/3p4/1PP2B2/P2BPn1P/4NPP1/R2Q1RK1 w - - 0 14,g2f3,-131,-137,6
r1bq1rk1/1p2bpp1/p1n1p2p/8/1PPp1B2/P2BPP1P/4NP2/R2Q1RK1 w - - 0 15,e3d4,31,31,0
r1br2k1/1p4p1/p2Bpp1p/8/1PP5/PN1B1P1q/5P2/Q4RK1 w - - 2 22,c4c5,145,128,-17
rnbqkbnr/pppppppp/8/8/8/8/PPPPPPPP/RNBQKBNR w KQkq - 0 1,e2e4,29,29,0
rnbqkbnr/pp2pppp/3p4/2p5/4P3/5N2/PPPP1PPP/RNBQKB1R w KQkq - 0 3,d2d4,47,34,-13
rn1qkb1r/1p1b1ppp/p2ppn2/8/3NP3/2N1B3/PPP1BPPP/R2QK2R w KQkq - 2 8,f2f3,66,60,-6
r4rk1/1pqbbppp/p2ppn2/8/3BP3/2N2P2/PPPQB1PP/1K1R3R w - - 5 13,g2g4,69,74,5
r4rk1/1pqbbpp1/p2ppn1p/8/3BP1P1/2N2P2/PPPQB2P/1K1R3R w - - 0 14,h2h4,228,214,-14
r4rk1/1pqbbppn/p2p3p/4p3/4P1PP/2N1BP2/PPPQB3/1K1R3R w - - 2 16,g4g5,421,322,-99
r4rk1/1pqbbppn/p2p4/4p1p1/4P2P/2N1BP2/PPPQB3/1K1R3R w - - 0 17,h4g5,554,570,16
rnbqkbnr/pppppppp/8/8/8/8/PPPPPPPP/RNBQKBNR w KQkq - 0 1,e2e4,29,25,-4
rnbqkbnr/pp1p1ppp/4p3/2p5/4P3/5N2/PPPP1PPP/RNBQKB1R w KQkq - 0 3,d2d4,39,42,3
rnbqkbnr/pp3ppp/4p3/2pp4/3PP3/5N2/PPP2PPP/RNBQKB1R w KQkq - 0 4,d4c5,101,1,-100
rnbqk1nr/pp3ppp/4p3/2bp4/4P3/5N2/PPP2PPP/RNBQKB1R w KQkq - 0 5,e4d5,6,-13,-19
r3r1k1/pp3ppp/2n2q2/5b2/8/2b2N2/PPP1BPPP/R1Q2RK1 w - - 0 16,b2c3,-515,-520,5
rnbqkbnr/pppppppp/8/8/8/8/PPPPPPPP/RNBQKBNR w KQkq - 0 1,c2c3,23,-6,-29
rnbqkbnr/ppp1pppp/8/3p4/8/2P5/PP1PPPPP/RNBQKBNR w KQkq - 0 2,e2e3,-5,-36,31
rnbqkbnr/ppp2ppp/8/3pp3/8/2P1P3/PP1P1PPP/RNBQKBNR w KQkq - 0 3,d2d4,-30,-31,1
rnbqkbnr/ppp2ppp/8/3p4/3p4/2P1P3/PP3PPP/RNBQKBNR w KQkq - 0 4,c3d4,-6,-13,7
r1b2rk1/pp1nqppp/2pb1n2/3p4/3P4/2NBP3/PPQBNPPP/R3K2R w KQ - 2 10,a2a3,35,-5,-40
r1b1r1k1/pp1nqppp/2pb1n2/3p4/3P4/P1NBP3/1PQBNPPP/R3K2R w KQ - 1 11,b2b4,-6,-104,98
r1b1r1k1/p2nqppp/1ppb1n2/3p4/1P1P4/P1NBP3/2QBNPPP/R3K2R w KQ - 0 12,a3a4,-11,-158,147
r1b1r1k1/p2nqppp/1p1b1n2/2pp4/PP1P4/2NBP3/2QBNPPP/R3K2R w KQ - 0 13,b4c5,-37,-33,-4
r1b1r1k1/p2nqppp/3b1n2/2pp4/P2P4/2NBP3/2QBNPPP/R3K2R w KQ - 0 14,d4c5,-32,-80,48
r1b1r1k1/p2nqppp/5n2/2bp4/P7/2NBP3/2QBNPPP/R3K2R w KQ - 0 15,a4a5,-17,-47,30
r3r1k1/pb1nqppp/5n2/P1b5/3p4/2NBP3/2QBNPPP/R4RK1 w - - 0 17,e3d4,189,180,-9
r5k1/pb1n1ppp/8/P7/3P4/8/4rPPP/R4RK1 w - - 0 23,a5a6,-624,-623,-1
r5k1/p4ppp/P7/2n5/2bP4/8/4rPPP/5RK1 w - - 0 26,d4c5,-778,-787,9
4r1k1/p4ppp/b7/2P5/8/8/4rPPP/2R3K1 w - - 2 28,c5c6,-819,-10000,9181
rnbqkbnr/pppppppp/8/8/8/8/PPPPPPPP/RNBQKBNR w KQkq - 0 1,e2e4,24,33,9
r1bqkbnr/pp1ppppp/2n5/2p5/4P3/5N2/PPPP1PPP/RNBQKB1R w KQkq - 2 3,d2d4,42,44,2
r1bqk1nr/pp1p1pbp/2n1p1p1/8/3NP3/2N1B3/PPP2PPP/R2QKB1R w KQkq - 0 7,f2f3,239,80,-159
r1bqk2r/pp2npbp/2n1p1p1/3p4/3NP3/2N1BP2/PPP1B1PP/R2QK2R w KQkq - 0 9,e4d5,6,-14,-20
rnbqkbnr/pppppppp/8/8/8/8/PPPPPPPP/RNBQKBNR w KQkq - 0 1,e2e4,30,27,-3
rnbqkbnr/pppp2pp/8/4pp2/4P3/5N2/PPPP1PPP/RNBQKB1R w KQkq - 0 3,e4f5,119,131,12
rnbqkb1r/pp4pp/5n2/2pp1P2/4p3/1NN5/PPPP1PPP/R1BQKB1R w KQkq - 0 7,d2d4,32,-92,-124
r2qk2r/pp5p/3b2p1/3p1b2/2p1p3/1nN5/PPP2PPP/R1BQ1RK1 w kq - 0 15,a2b3,27,29,2
r3k2r/ppq4p/6p1/3Qbb2/2p1p3/1PN5/1PP2PPP/R1B2RK1 w kq - 1 17,b3c4,186,94,-92
rnbqkbnr/pppppppp/8/8/8/8/PPPPPPPP/RNBQKBNR w KQkq - 0 1,e2e4,28,34,6
r1bq1rk1/pppp1ppp/2n2n2/2b1p1N1/2B1P3/2N5/PPPP1PPP/R1BQK2R w KQ - 8 6,a2a3,-41,-75,34
r1bq1rk1/ppp2pp1/2np1n1p/2b1p3/2B1P3/P1N2N2/1PPP1PPP/R1BQK2R w KQ - 0 8,h2h3,-35,-37,2
r1bq1rk1/ppp1npp1/3p1n1p/2b1p3/2B1P3/P1N2N1P/1PPP1PP1/R1BQK2R w KQ - 1 9,d2d4,-43,-43,0
r2q1rk1/pppb1pp1/3p2np/3n4/2BQP3/P6P/1PP2PP1/R1B2RK1 w - - 0 14,e4d5,43,19,-24
rnbqkbnr/pppppppp/8/8/8/8/PPPPPPPP/RNBQKBNR w KQkq - 0 1,e2e4,30,27,-3
rnbqkbnr/ppp1pppp/8/3p4/4P3/8/PPPP1PPP/RNBQKBNR w KQkq - 0 2,e4d5,62,68,6
r1bqk2r/pppn1ppp/4pn2/3P4/1bB5/2N2Q2/PPPP1PPP/R1B1K1NR w KQkq - 4 6,b2b3,218,-62,-280
r1bq1rk1/ppp2ppp/4pn2/2nP4/2B5/1PB2Q2/P1PP1PPP/R3K1NR w KQ - 1 9,d5e6,178,200,22
rnbqkbnr/pp1ppppp/8/2p5/8/5N2/PPPPPPPP/RNBQKB1R w KQkq - 0 2,c2c4,35,18,-17
rnbqkbnr/pp3ppp/4p3/2pp4/2P5/2N2N2/PP1PPPPP/R1BQKB1R w KQkq - 0 4,c4d5,25,28,3
rnbqkbnr/pp3ppp/8/2pp4/8/2N2N2/PP1PPPPP/R1BQKB1R w KQkq - 0 5,d2d4,29,29,0
rnbqk2r/pp2bppp/5n2/2pp2B1/3P4/2N2N2/PP2PPPP/R2QKB1R w KQkq - 3 7,e2e3,48,25,-23
rn1q1rk1/pp2bppp/5n2/1B1p2B1/3N2b1/2N1P3/PP3PPP/R2QK2R w KQ - 3 10,f2f3,46,1,-45
r2q1rk1/1p2bpp1/p4np1/3p2B1/1n1N4/2N1PP2/PP1Q2PP/2R2RK1 w - - 0 16,a2a3,42,-4,-46
r4rk1/1p3pp1/p4qp1/4n1n1/3N1N2/P3PP2/1P1Q2PP/2RR2K1 w - - 7 23,h2h4,202,121,-81
r4rk1/1p1n1ppn/p5p1/3Nq3/3N3P/P3PP2/1P3QP1/2RR2K1 w - - 5 26,e3e4,142,134,-8
rnbqkbnr/pppppppp/8/8/8/8/PPPPPPPP/RNBQKBNR w KQkq - 0 1,e2e4,29,28,-1
rnbqkbnr/pp2pppp/3p4/2p5/4P3/5N2/PPPP1PPP/RNBQKB1R w KQkq - 0 3,d2d4,45,41,-4
rnbqk2r/1p2bppp/p2ppn2/8/3NP3/2N1B3/PPP1BPPP/R2QK2R w KQkq - 2 8,f2f3,45,33,-12
r1b2rk1/1pqnbpp1/p2ppn1p/8/3NP3/2N1BP2/PPPQB1PP/1K1R3R w - - 0 12,g2g4,181,185,4
r1bq1rk1/1p1nbpp1/p2ppn1p/8/3NP1P1/2N1BP2/PPPQB2P/1K1R3R w - - 1 13,h2h4,377,367,-10
r1bq1rk1/1p1nb1pn/p2p1p1p/4p3/4P1PP/1NN2P2/PPPQBB2/1K1R3R w - - 0 16,f3f4,438,291,-147
r2qr2k/6pn/p2p3p/1p2p1b1/4P1P1/1b1BNQ2/PPP5/1K4RR w - - 0 26,c2b3,-152,-163,11
1r2r3/6kn/p2p2pR/1p2p3/4P1P1/1P1B1R2/PP6/1K6 w - - 1 32,g4g5,-122,-515,393
1r2r3/6k1/3p4/1p2p1p1/4P3/1p6/PP2B3/1K1R4 w - - 0 38,a2b3,-394,-378,-16
rnbqkbnr/pppppppp/8/8/8/8/PPPPPPPP/RNBQKBNR w KQkq - 0 1,d2d4,27,21,-6
rnbqkb1r/pppppppp/5n2/8/3P4/8/PPP1PPPP/RNBQKBNR w KQkq - 1 2,c2c4,22,17,-5
r1bq1rk1/pp1p1ppp/2n1pn2/8/1bP5/2N2N2/PPQ1PPPP/R1B1KB1R w KQ - 3 8,a2a3,-25,-38,13
r2q1rk1/pp1b1p2/2n1p2p/6pn/2Pp4/P2Q1NB1/1P2PPPP/R3KB1R w KQ - 2 15,e2e3,32,-87,-119
r2q1rk1/pp1b1p2/2n1p2p/6pn/2P5/P2QpNB1/1P3PPP/R3KB1R w KQ - 0 16,f2e3,28,-50,-78
r4rk1/pp1b1p2/2n1p2p/q5pn/2P5/P2QPNB1/1P4PP/R3KB1R w KQ - 1 17,b2b4,-27,-259,232
3rr1k1/pp3p2/2bBp2p/n3N1pn/2P5/P3P3/6PP/2KR1B1R w - - 6 23,c4c5,44,-189,-233
3rr1k1/pp3p2/2bBpn1p/n1P1N1p1/8/P2BP3/1K4PP/3R3R w - - 5 26,h2h4,215,111,-104
3rr1k1/pp3p2/2bBp2p/n1P1N1p1/4n2P/P2BP3/1K4P1/3R3R w - - 1 27,h4g5,347,76,-271
3rr1k1/p4p2/1pbBp2R/n1P1N1p1/8/P2RP3/1K4P1/8 w - - 0 31,e3e4,10,-124,-134
rnbqkbnr/pppppppp/8/8/8/8/PPPPPPPP/RNBQKBNR w KQkq - 0 1,e2e4,31,32,1
r1bqk2r/ppp2pbp/2np2pn/4p3/2B1P3/2N2N2/PPPP1PPP/R1BQK2R w KQkq - 0 7,d2d3,18,-4,-22
r1b2r1k/pp1qNpbp/2pp2p1/4p1B1/2B1P1n1/3P1N2/PPPQ1PPP/2KR3R w - - 5 13,d3d4,538,388,-150
rnbqkbnr/pppppppp/8/8/8/8/PPPPPPPP/RNBQKBNR w KQkq - 0 1,e2e4,32,33,1
rnbqkbnr/ppp2ppp/4p3/3p4/4P3/5N2/PPPP1PPP/RNBQKB1R w KQkq - 0 3,e4d5,21,27,6
rnbqk2r/ppp2ppp/3b1n2/3p4/8/5N2/PPPPBPPP/RNBQ1RK1 w kq - 4 6,d2d3,4,-33,-37
rn1q1rk1/ppp2pp1/3b1n1p/3p4/6b1/2NP1N2/PPP1BPPP/R1BQR1K1 w - - 2 9,a2a3,-12,-34,22
rn1q1rk1/pp3pp1/2pb1n1p/3p4/6b1/P1NP1N2/1PP1BPPP/R1BQR1K1 w - - 0 10,b2b4,-23,-53,30
r4rk1/ppqn1pp1/2pb1n1p/3p4/NP4b1/P2P1N2/2P1BPPP/1RBQR1K1 w - - 5 13,c2c4,-53,-166,113
r4rk1/ppqn1pp1/2pb1n1p/8/NPp3b1/P2P1N2/4BPPP/1RBQR1K1 w - - 0 14,d3c4,-144,-126,-18
r4rk1/ppqn1pp1/2p2n1p/8/NPP2b2/P4B2/5PP1/1RBQR2K w - - 2 17,g2g3,-134,-152,18
r4rk1/ppqn1pp1/2p2n1p/4b3/NPP5/P4BP1/5P2/1RBQR2K w - - 1 18,c4c5,-24,-134,110
3r1rk1/p1qn1pp1/1pp2n1p/2P1b3/NP6/PQ3BP1/5P2/1RB1R2K w - - 0 20,c5b6,-37,-62,25
1q1r1rk1/5pp1/1p1b1n1p/8/1p6/PQ2B1P1/5PB1/2R1R2K w - - 4 27,a3b4,-21,-24,3
1q1rr1k1/5pp1/1p1b1n1p/8/1P6/1Q2B1P1/5PB1/2R1R2K w - - 1 28,f2f3,-23,-469,446
rnbqkbnr/pppppppp/8/8/8/8/PPPPPPPP/RNBQKBNR w KQkq - 0 1,d2d4,31,18,-13
rnbqkb1r/ppp1pppp/5n2/3p4/3P4/2N5/PPP1PPPP/R1BQKBNR w KQkq - 2 3,h2h3,-12,-49,37
rnbqk2r/ppp2ppp/4p3/3p4/1b1Pn3/2N2N1P/PPPBPPP1/R2QKB1R w KQkq - 4 6,a2a3,180,-28,-208
r1bq1rk1/ppp2ppp/2n1p3/3pN3/3Pn3/P1B4P/1PP1PPP1/R2QKB1R w KQ - 3 9,f2f3,-57,-10000,9943
r1bq1rk1/ppp2ppp/2n1p3/3pN3/3P4/P1n2P1P/1PP1P1P1/R2QKB1R w KQ - 0 10,b2c3,-250,-258,8
r1bq1rk1/ppp2ppp/4p3/3pn3/3P4/P1P2P1P/2P1P1P1/R2QKB1R w KQ - 0 11,d4e5,-235,-251,16
r1bq1rk1/pp3ppp/4p3/2ppP3/8/P1P2P1P/2P1P1P1/R2QKB1R w KQ - 0 12,f3f4,-120,-412,292
r1b2rk1/pp3ppp/4p3/2ppP3/5q2/P1P4P/2PKP1P1/R2Q1B1R w - - 0 14,e2e3,-417,-408,-9
r1b2rk1/p4ppp/4p3/1p1p4/2p5/P1P1PBqP/2PK2P1/R2Q3R w - - 0 18,h3h4,-397,-393,-4
r1b2rk1/5ppp/3qp3/pp1p4/2p4P/P1P1PB1R/2PK2P1/R4Q2 w - - 2 21,h4h5,-413,-437,24
r1b2rk1/5ppp/3q4/pp1pp2P/2p5/P1P1PB1R/2PK2P1/R4Q2 w - - 0 22,h5h6,-431,-511,80
r4rk1/5ppp/3q3P/pp1pp3/2p5/P1P1PB1b/2PK2P1/R4Q2 w - - 0 23,g2h3,-506,-589,83
rnbqkbnr/pppppppp/8/8/8/8/PPPPPPPP/RNBQKBNR w KQkq - 0 1,d2d4,34,21,-13
rnbqkb1r/pp1ppppp/2p2n2/8/3P4/5N2/PPP1PPPP/RNBQKB1R w KQkq - 2 3,c2c4,28,34,6
rnbqkb1r/pp2pppp/2p2n2/3p4/2PP4/5N2/PP2PPPP/RNBQKB1R w KQkq - 0 4,e2e3,33,33,0
rn1qk2r/p4ppp/1ppbp1b1/8/2BP4/1Q2P3/PP1N1PPP/R1B1R1K1 w kq - 2 12,e3e4,49,51,2
r2qk2r/p2n1ppp/1ppbp1b1/8/2BPP3/1Q6/PP1N1PPP/R1B1R1K1 w kq - 1 13,e4e5,69,43,-26
r2q1rk1/p2nbpp1/1p2p1p1/2p1P3/3P4/1Q3N2/PP3PPP/R1B1R1K1 w - - 2 17,d4d5,76,76,0
r1q2rk1/p2nbpp1/1p4p1/2pQP3/5B2/5N2/PP3PPP/R3R1K1 w - - 3 20,e5e6,380,291,-89
r1q2rk1/p3bpp1/1p2Pnp1/2pQ4/5B2/5N2/PP3PPP/R3R1K1 w - - 1 21,e6f7,301,301,0
5b2/p5p1/1p3k2/2p2p2/8/8/PP3PPP/4R1K1 w - - 0 29,h2h3,405,354,-51
4R3/p5p1/1p3k2/2p1bp2/8/7P/PP3PP1/6K1 w - - 3 31,b2b3,425,438,13
2R5/6p1/5k2/4b3/1p3p2/1Pp4P/P4PP1/6K1 w - - 0 36,g2g3,361,255,-106
2R5/6p1/5k2/4b3/1p6/1Pp3pP/P4P2/6K1 w - - 0 37,f2g3,301,291,-10
8/6p1/8/8/1pRb4/1Ppk2PP/P5K1/8 w - - 7 41,h3h4,-381,-465,84
8/6p1/8/8/1p1b3P/1P4P1/P1k3K1/8 w - - 0 43,g3g4,-510,-526,16
8/6p1/8/8/1p1b2PP/1P5K/k7/8 w - - 0 45,h4h5,-689,-714,25
8/6p1/8/7P/1pkb2PK/8/8/8 w - - 2 47,g4g5,-714,-758,44
8/6p1/8/6PP/2kb3K/1p6/8/8 w - - 0 48,h5h6,-773,-802,29
8/8/7p/6PK/2kb4/8/1p6/8 w - - 0 50,g5h6,-814,-819,5
8/8/7P/7K/2kb4/8/8/1q6 w - - 0 51,h6h7,-819,-10000,9181
rnbqkbnr/pppppppp/8/8/8/8/PPPPPPPP/RNBQKBNR w KQkq - 0 1,e2e4,32,37,5
rnbqkb1r/ppp1pppp/5n2/3p4/4P3/2N5/PPPP1PPP/R1BQKBNR w KQkq - 0 3,e4e5,55,30,-25
r1bqkb1r/ppp1pppp/8/1N2n3/2Bp4/8/PPPP1PPP/R1BQK2R w KQkq - 0 8,d2d3,-182,-244,62
r1bqkb1r/ppp1pppp/8/1N6/2np4/3P4/PPP2PPP/R1BQK2R w KQkq - 0 9,d3c4,-170,-172,2
r1b1k2r/1pp1qppp/p2b4/4p2Q/2Pp4/N7/PPP2PPP/R1B1R1K1 w kq - 6 14,c4c5,228,202,-26
r4rk1/1pp2ppp/p2qb3/4R2Q/3p3B/b7/PPP2PPP/4R1K1 w - - 0 19,b2a3,-116,-142,26
r4rk1/1pp2ppp/p3b3/4R2Q/3p3B/q7/P1P2PPP/4R1K1 w - - 0 20,h2h3,0,-131,-131
rnbqkbnr/pppppppp/8/8/8/8/PPPPPPPP/RNBQKBNR w KQkq - 0 1,e2e4,34,42,8
rnbqkbnr/ppp1pppp/8/3p4/4P3/8/PPPP1PPP/RNBQKBNR w KQkq - 0 2,e4d5,67,65,-2
r3kbnr/pppnpppp/2q1b3/8/4N3/5N2/PPPPBPPP/R1BQ1RK1 w kq - 10 8,d2d3,177,151,-26
2kr1bnr/pppnp1pp/q3p3/8/4N3/3P4/PPP1BPPP/R1BQ1RK1 w - - 0 11,d3d4,404,400,-4
5r2/1ppk3p/3bp1p1/4p3/6n1/2N5/PPPB1PPP/3R2K1 w - - 5 25,f2f3,123,158,35
5r2/1ppk3p/3bpnp1/4p3/8/2N2P2/PPPB2PP/3R2K1 w - - 1 26,a2a4,126,84,-42
5r2/1ppk3p/3b2p1/3pp3/P7/5P2/1PPB2PP/3R2K1 w - - 0 28,b2b4,-33,-63,30
5r2/1ppk3p/3b2p1/3p4/PP2p3/5P2/2PB2PP/3R2K1 w - - 0 29,f3e4,18,14,-4
5r2/1ppk3p/3b2p1/8/PP2p3/8/2PB2PP/3R2K1 w - - 0 30,b4b5,15,-82,-97
5r2/1ppk4/3b2p1/1P5p/P3p3/8/2PB2PP/3R2K1 w - - 0 31,a4a5,17,7,-10
5r2/1ppk4/3b2p1/PP6/4p2p/8/2PB2PP/3R2K1 w - - 0 32,a5a6,79,5,-74
5r2/2pk4/p2b2p1/1P6/4p2p/8/2PB2PP/3R2K1 w - - 0 33,b5a6,10,9,-1
rnbqkbnr/pppppppp/8/8/8/8/PPPPPPPP/RNBQKBNR w KQkq - 0 1,e2e4,35,40,5
rnbqkbnr/ppp1pppp/8/3p4/4P3/8/PPPP1PPP/RNBQKBNR w KQkq - 0 2,e4e5,63,-19,-82
rnbqkbnr/ppp1pppp/8/4P3/3p4/8/PPPP1PPP/RNBQKBNR w KQkq - 0 3,d2d3,12,-2,-14
rnbqkbnr/pp2pppp/8/2p1P3/3p4/3P4/PPP2PPP/RNBQKBNR w KQkq - 0 4,g2g3,39,17,-22
r1bqkbnr/pp2ppp1/2n4p/2p1P3/3p4/3P2P1/PPP2PBP/RNBQK1NR w KQkq - 2 6,f2f4,79,56,-23
r2qkbnr/pb3pp1/2p1p2p/2p1P3/3p1P2/3P1QP1/PPP4P/RNB1K1NR w KQkq - 2 9,c2c3,104,-126,-230
r2qkbnr/pb3pp1/2p1p2p/4P3/2pp1P2/2PP1QP1/PP5P/RNB1K1NR w KQkq - 0 10,d3c4,-136,-136,0
r3kbnr/pb2qpp1/2p1p2p/4P3/2Pp1P2/2P2QP1/PP5P/RNB1K1NR w KQkq - 1 11,c3d4,-23,-61,38
r3kbnr/pb2qpp1/4p2p/2p1P3/2PP1P2/5QP1/PP5P/RNB1K1NR w KQkq - 0 12,d4d5,-65,-54,-11
r3kbnr/pb2qpp1/7p/2ppP3/2P2P2/5QP1/PP5P/RNB1K1NR w KQkq - 0 13,c4d5,-55,-78,23
2kr1bnr/pb2q1p1/5p1p/2pPP3/5P2/2N2QP1/PP5P/R1B1K1NR w KQ - 0 15,e5e6,190,-134,-324
2kr2nr/pb4p1/3bPp1p/q1pP4/5P2/2N1BQP1/PP5P/2KR2NR w - - 5 18,f4f5,329,323,-6
1b5r/pk6/3rPp1p/3N1Pp1/2p5/4BQP1/PP5P/1K5R w - - 1 27,e6e7,909,923,14
rnbqkbnr/pppppppp/8/8/8/8/PPPPPPPP/RNBQKBNR w KQkq - 0 1,d2d4,39,19,-20
rnbqkbnr/pp1ppppp/8/2p5/3P4/8/PPP1PPPP/RNBQKBNR w KQkq - 0 2,d4d5,65,83,18
rnbqkbnr/pp1p1ppp/4p3/2pP4/8/8/PPP1PPPP/RNBQKBNR w KQkq - 0 3,c2c4,84,90,6
rnbqkbnr/pp1p1ppp/8/2pp4/2P5/8/PP2PPPP/RNBQKBNR w KQkq - 0 4,c4d5,94,77,-17
rnbqk2r/pp2bppp/3p1n2/2pP4/8/2N2N2/PP2PPPP/R1BQKB1R w KQkq - 4 7,e2e4,101,113,12
rn1q1rk1/pp2bppp/3p1n2/2pP4/4P1b1/2N5/PP1N1PPP/R1BQKB1R w KQ - 3 9,f2f3,138,127,-11
rn1q1rk1/pp2bppp/3p1n2/2pP3b/4P3/2N2P2/PP1N2PP/R1BQKB1R w KQ - 1 10,a2a4,171,152,-19
r4qk1/1p3ppn/p4nbp/2pP4/P3P3/2N2P2/1P2B1PP/R2Q1RK1 w - - 0 18,e4e5,529,544,15
r4qk1/1p3ppn/p5bp/2pPP2n/P7/2N2P2/1P2B1PP/R2Q1RK1 w - - 1 19,d5d6,560,556,-4
3r1qk1/1p3ppn/p2P2bp/2p1P2n/P7/2N2P2/1P2B1PP/R2Q1RK1 w - - 1 20,f3f4,586,551,-35
rnbqkbnr/pppppppp/8/8/8/8/PPPPPPPP/RNBQKBNR w KQkq - 0 1,d2d4,37,20,-17
rnbqkbnr/ppp1pppp/8/3p4/3P4/8/PPP1PPPP/RNBQKBNR w KQkq - 0 2,c2c4,23,23,0
rnbqkbnr/ppp1pppp/8/8/2pP4/8/PP2PPPP/RNBQKBNR w KQkq - 0 3,e2e4,25,37,12
r1bqk2r/pp1n1p2/2p1p2p/6p1/1b1PP3/2NB1Nn1/PP2QPPP/R3K2R w KQkq - 0 12,h2g3,67,45,-22
r1bqk2r/pp1n1p2/2p1p2p/6p1/3PP3/2bB1NP1/PP2QPP1/R3K2R w KQkq - 0 13,b2c3,159,169,10
r1bqk2r/pp3p2/1np1p2p/6p1/3PP3/2PB1NP1/P3QPP1/R3K2R w KQkq - 1 14,a2a4,288,280,-8
r1b1k2r/1p1nqp2/2p1p2p/p5p1/P1NPP3/2PB2P1/4QPP1/R3K2R w KQkq - 4 17,f2f4,328,257,-71
r1b1k2r/1p1nqp2/2p1p2p/p7/P1NPPp2/2PB2P1/4Q1P1/R3K2R w KQkq - 0 18,g3f4,251,230,-21
r1b1k2r/1p1nqp2/4p2p/p1p5/P1NPPP2/2PB4/4Q1P1/R3K2R w KQkq - 0 19,f4f5,340,282,-58
r1b1k2r/1p1nqp2/4p2p/p4P2/P1NpP3/2PB4/4Q1P1/R3K2R w KQkq - 0 20,f5e6,250,250,0
rnbqkbnr/pppppppp/8/8/8/8/PPPPPPPP/RNBQKBNR w KQkq - 0 1,e2e4,34,36,2
rnbqkbnr/ppp3pp/5p2/4p3/3pP3/5N2/PPPPNPPP/R1BQKB1R w KQkq - 0 5,c2c3,-61,-173,112
r1bqkbnr/ppp3pp/2n2p2/4p3/3pP3/2P2N2/PP1PNPPP/R1BQKB1R w KQkq - 1 6,c3d4,46,46,0
2kr1b1r/pppbq1pp/2n5/3Q1p2/2B1P3/5N2/PP1P1PPP/R1B1R1K1 w - - 0 14,e4f5,212,155,-57
2kr3r/ppp3pp/2nbR3/8/8/5N2/PP1P1PPP/R1B3K1 w - - 1 19,d2d4,91,103,12
2k1r3/ppp3pp/3b4/5n2/3P4/3RBN2/PP3PPP/6K1 w - - 8 25,g2g4,138,124,-14
2k1r3/ppp3pp/3b3n/8/3P2P1/3RBN2/PP3P1P/6K1 w - - 1 26,h2h3,186,144,-42
2k5/1pp4p/p4r1p/4b3/3P2P1/4R2P/PP3PK1/8 w - - 0 31,d4e5,410,415,5
2k5/1pp4p/p3r2p/4P3/6P1/4R2P/PP3PK1/8 w - - 1 32,f2f4,439,447,8
8/1ppk3p/p3r2p/4P3/5PP1/4R2P/PP4K1/8 w - - 1 33,f4f5,439,446,7
8/1ppkr2p/p6p/4PP2/6P1/4R2P/PP4K1/8 w - - 1 34,e5e6,512,517,5
rnbqkbnr/pppppppp/8/8/8/8/PPPPPPPP/RNBQKBNR w KQkq - 0 1,d2d4,34,19,-15
rnbqkbnr/ppp2ppp/4p3/3p4/3P1B2/8/PPP1PPPP/RN1QKBNR w KQkq - 0 3,e2e3,21,13,-8
rnbqkb1r/1pp2pp1/p3pn1p/3p4/3P1B2/3BPN2/PPP2PPP/RN1QK2R w KQkq - 2 6,h2h3,55,28,-27
rnbq1rk1/1pp1bpp1/p3pn1p/3p4/3P1B2/3BPN1P/PPPN1PP1/R2QK2R w KQ - 3 8,g2g4,109,139,30
rnbq1rk1/1pp1bppn/p3p2p/3p4/3P1BP1/3BPN1P/PPPN1P2/R2QK2R w KQ - 1 9,h3h4,222,213,-9
rnbq1rk1/1pp1b1pn/p3p2p/3p1p2/3P1BPP/3BPN2/PPPN1P2/R2QK2R w KQ - 0 10,g4f5,345,221,-124
rnb1qrk1/1pp1b1pn/p6p/3pNp2/3P1B1P/3BP3/PPPN1P2/R2QK2R w KQ - 2 12,h4h5,347,187,-160
rnbqkbnr/pppppppp/8/8/8/8/PPPPPPPP/RNBQKBNR w KQkq - 0 1,d2d4,36,24,-12
rnbqkb1r/pppppppp/5n2/8/3P4/8/PPP1PPPP/RNBQKBNR w KQkq - 1 2,c2c4,24,27,3
r1bqk2r/pp2ppbp/2np1np1/6B1/2P5/2N2N2/PP2PPPP/R2QKB1R w KQkq - 2 8,e2e3,-36,-50,14
r1bq1rk1/pp2ppbp/2np1np1/6B1/2P5/2N1PN2/PP3PPP/R2QKB1R w KQ - 1 9,a2a3,-26,-62,36
2rq1rk1/pp2ppbp/3pbnp1/n5B1/2P5/P1NBPN2/1PQ2PPP/R3K2R w KQ - 5 12,b2b3,-173,-263,90
2rq1rk1/4ppbp/p2pbnp1/np4B1/2P5/PPNBPN2/2Q2PPP/R4RK1 w - - 0 14,c4b5,-231,-367,136
2r2rk1/4ppb1/3pb2p/qp4p1/6n1/P1NBPNB1/5PPP/Q1R3K1 w - - 2 21,h2h3,-423,-548,125
2r2rk1/4pp2/3pbn1p/qp4p1/8/P1bBPNBP/Q4PP1/2R3K1 w - - 2 23,e3e4,-587,-886,299
rnbqkbnr/pp1ppppp/8/2p5/8/5N2/PPPPPPPP/RNBQKB1R w KQkq - 0 2,d2d4,27,-10,-37
rnbqkbnr/pp1p1ppp/4p3/2p5/3P4/5N2/PPP1PPPP/RNBQKB1R w KQkq - 0 3,d4c5,35,-4,-39
rnbqk2r/pp1pbppp/4pn2/8/5B2/2N2N2/PPP1PPPP/R2QKB1R w KQkq - 4 6,g2g3,52,-18,-70
r1b2rk1/pp3ppp/2nqpn2/3p4/8/2N2NP1/PPP1PPBP/R2QR1K1 w - - 0 11,e2e4,30,30,0
r1b2rk1/pp3ppp/2nqpn2/8/3pP3/2N2NP1/PPP2PBP/R2QR1K1 w - - 0 12,e4e5,221,228,7
rnbqkbnr/pppppppp/8/8/8/8/PPPPPPPP/RNBQKBNR w KQkq - 0 1,d2d4,35,27,-8
rnbqkb1r/pppppppp/5n2/8/3P4/8/PPP1PPPP/RNBQKBNR w KQkq - 1 2,c2c4,27,21,-6
r1bqkb1r/pp2pp1p/2np1np1/8/2P5/2N2N2/PP2PPPP/R1BQKB1R w KQkq - 0 7,a2a3,-1,-29,28
r1bq1rk1/pp2ppbp/2np1np1/8/2P5/P1N2N2/1PQ1PPPP/R1B1KB1R w KQ - 3 9,e2e3,-83,-130,47
5bk1/1N3p1p/pn4p1/4p3/4p3/P3P3/1Pr2PPP/4R1K1 w - - 0 27,b2b4,-481,-517,36
8/3r2kp/p5p1/5p2/1b2p3/n3P3/5PPP/2R3K1 w - - 0 36,h2h3,-732,-737,5
rnbqkbnr/pppppppp/8/8/8/8/PPPPPPPP/RNBQKBNR w KQkq - 0 1,e2e4,31,29,-2
rnbqkb1r/pppppppp/5n2/8/4P3/8/PPPP1PPP/RNBQKBNR w KQkq - 1 2,e4e5,108,86,-22
rnbqkb1r/pppp1ppp/8/3pP3/8/8/PPPP1PPP/RNBQK1NR w KQkq - 0 5,d2d4,-29,-33,4
r1b2rk1/pp1p1ppp/8/2q5/3p1N2/5n2/PPPQ1PPP/R4RK1 w - - 0 14,g2f3,-154,-151,-3
4r2k/R3Np1p/4b1p1/1p6/8/8/1P3PKP/8 w - - 0 29,b2b4,-207,-212,5
rnbqkbnr/pppppppp/8/8/8/8/PPPPPPPP/RNBQKBNR w KQkq - 0 1,e2e4,32,27,-5
rnbqkbnr/ppp1pppp/8/3p4/4P3/8/PPPP1PPP/RNBQKBNR w KQkq - 0 2,e4d5,54,52,-2
rnbqkbnr/pp2pppp/8/3p4/8/2N5/PPPP1PPP/R1BQKBNR w KQkq - 0 4,d2d4,-1,-2,1
rnbqkbnr/pppppppp/8/8/8/8/PPPPPPPP/RNBQKBNR w KQkq - 0 1,d2d4,32,21,-11
rnbqkbnr/pp1ppppp/8/2p5/3P4/8/PPP1PPPP/RNBQKBNR w KQkq - 0 2,d4d5,78,77,-1
rnbqkbnr/pp1p1ppp/4p3/2pP4/8/8/PPP1PPPP/RNBQKBNR w KQkq - 0 3,c2c4,80,92,12
rnbqkbnr/pp1p1ppp/8/2pp4/2P5/8/PP2PPPP/RNBQKBNR w KQkq - 0 4,c4d5,87,80,-7
rnbqkb1r/pp3ppp/3p1n2/2pP4/8/2N5/PP2PPPP/R1BQKBNR w KQkq - 2 6,e2e4,83,86,3
r2qr1k1/pp1n1ppn/3B3p/2pP4/4P3/2N5/PP2QPPP/R4RK1 w - - 1 16,f2f4,315,320,5
r2qr1k1/pp3ppn/3B1n1p/2pP4/4PP2/2N5/PP2Q1PP/R4RK1 w - - 1 17,e4e5,314,266,-48
r3q1k1/pp1n2pn/3B3p/2pPp3/5P2/8/PP2Q1PP/R4RK1 w - - 0 21,f4e5,519,516,-3
r3q1k1/pp1n2p1/3B3p/2pPP1n1/8/8/PP2Q1PP/R4RK1 w - - 1 22,e5e6,549,516,-33
5rk1/pp4p1/4Pn1p/3P4/q7/3Q4/PP4PP/2R2RK1 w - - 4 28,e6e7,689,712,23
4r1k1/pp2P1p1/5n1p/3P4/q7/3Q4/PP4PP/2R2RK1 w - - 1 29,d5d6,713,675,-38
4r1k1/1pRnP1p1/p2P3p/8/8/1q6/PP4PP/5RK1 w - - 0 32,a2b3,717,794,77
4r1k1/1R2P3/p1nP3p/6p1/8/1P6/1P4PP/4R1K1 w - - 2 35,d6d7,970,1134,164
4R3/1R1P4/p2k3p/6p1/8/1P6/1P4PP/6K1 w - - 3 40,d7d8q,10000,10000,0
rnbqkbnr/pppppppp/8/8/8/8/PPPPPPPP/RNBQKBNR w KQkq - 0 1,e2e4,33,31,-2
r1bqkbnr/p1p2ppp/2pp4/4p3/4P3/5N2/PPPP1PPP/RNBQK2R w KQkq - 0 5,d2d4,24,20,-4
r3kb1r/p1pq1ppp/b2p1n2/8/3NP3/8/PPP2PPP/RNBQK2R w KQkq - 3 9,b2b3,34,-168,-202
r3k2r/p2qbppp/b2p1n2/2p5/4P3/1P3N2/P1P2PPP/RNBQK2R w KQkq - 2 11,c2c4,-44,-46,2
r4rk1/pb1qbppp/3p4/2pn4/2P5/1P3N2/P4PPP/R1BQR1K1 w - - 0 16,c4d5,-67,-110,43
4r1k1/pb1q1pp1/3p3p/2pP4/8/1P3N2/P2Q1PPP/3R2K1 w - - 0 26,h2h3,-36,-47,11
rnbqkbnr/pppppppp/8/8/8/8/PPPPPPPP/RNBQKBNR w KQkq - 0 1,d2d4,33,23,-10
rnbqkb1r/pppppppp/5n2/8/3P4/8/PPP1PPPP/RNBQKBNR w KQkq - 1 2,c2c4,22,19,-3
r1bqk2r/pp1pppbp/2n2np1/6B1/2P5/2N5/PP2PPPP/R2QKBNR w KQkq - 2 7,e2e3,40,-72,-112
2r2rk1/pp2ppbp/2npb1p1/q7/2P1N3/4PN2/PP2BPPP/2RQ1RK1 w - - 8 14,b2b3,-54,-158,104
2B5/pp2pkbp/2n3p1/4q3/8/1P2P3/P4PPP/3RR1K1 w - - 3 23,f2f4,-245,-388,143
8/pB2pkbp/6p1/2q5/1n3P2/1P2P3/P5PP/3RR1K1 w - - 1 25,a2a3,-326,-456,130
rnbqkbnr/pppppppp/8/8/8/8/PPPPPPPP/RNBQKBNR w KQkq - 0 1,f2f4,36,-29,-65
rnbqkbnr/ppp1pppp/8/3p4/5P2/8/PPPPP1PP/RNBQKBNR w KQkq - 0 2,e2e3,-34,-37,3
rnbqkbnr/pp2pppp/2p5/3p4/5P2/4P3/PPPP2PP/RNBQKBNR w KQkq - 0 3,d2d4,-4,-9,5
r1bqkb1r/1p1n1pp1/p1p1pn1p/3p4/3P1P2/3BPN2/PPPN2PP/R1BQ1RK1 w kq - 4 8,c2c3,83,66,-17
r1bqkb1r/5pp1/p1p1pn1p/1p1pn3/3P1P2/2PBP3/PP1N2PP/R1BQ1RK1 w kq - 0 10,f4e5,287,294,7
r1bqkb1r/3n1pp1/p1p1p2p/1p1pP3/3P4/2PBP3/PP1N2PP/R1BQ1RK1 w kq - 1 11,e3e4,398,253,-145
r1b1kb1r/4qpp1/pnp1p2p/1p1pP3/3PP3/2PB1Q2/PP1N2PP/R1B2RK1 w kq - 3 13,b2b3,270,263,-7
2k1b2r/r2nq1b1/p1p1pp1p/1p1pP1p1/3PP1Q1/1PPBB3/P4RPP/R5NK w - - 0 23,e5f6,226,-73,-299
2k1br2/r3q1b1/p1p1pn1p/1p1p4/3PPQp1/1PPBB3/P4RPP/R5NK w - - 2 26,e4e5,36,-332,-368
2k4q/5Q2/p1p1p2p/1p1pb3/3P3B/1PP4N/P5PP/7K w - - 0 37,d4e5,810,820,10
2k5/5Q2/p1p1p2p/1p1p4/8/1PP3qN/P5PP/7K w - - 0 39,h2g3,882,871,-11
rnbqkbnr/pppppppp/8/8/8/8/PPPPPPPP/RNBQKBNR w KQkq - 0 1,e2e4,36,30,-6
rnbqkbnr/pppp1ppp/4p3/8/4P3/8/PPPP1PPP/RNBQKBNR w KQkq - 0 2,f2f4,53,-11,-64
rnbqkbnr/ppp2ppp/4p3/3p4/4PP2/8/PPPP2PP/RNBQKBNR w KQkq - 0 3,e4e5,-4,-32,28
rnbqkb1r/pp2nppp/4p3/2ppP3/5P2/5N2/PPPP2PP/RNBQKB1R w KQkq - 2 5,d2d4,7,9,2
r2qkb1r/pp1b1ppp/2n1p3/1BppPn2/3P1P2/5N2/PPP3PP/RNBQ1RK1 w kq - 5 8,c2c3,-82,-147,65
r2qkb1r/pp3ppp/2b1p3/3pPn2/3p1P2/2P2N2/PP4PP/RNBQ1RK1 w kq - 0 10,c3d4,-54,-72,18
2rq1rk1/pp2bpp1/2b1p2p/3pPn2/3P1P2/5N2/PP2N1PP/R1BQ1R1K w - - 2 14,a2a4,24,-25,-49
2rq1rk1/1p2bpp1/2b1p2p/p2pPn2/P2P1P2/5N2/1P2N1PP/R1BQ1R1K w - - 0 15,b2b3,47,-20,-67
2rq1rk1/5pp1/2b1p2p/1p1pP3/Pp1P1P2/1P1Q1N2/4N1PP/R4n1K w - - 0 20,a4b5,-214,-306,92
2rq1rk1/5pp1/2b1p2p/1P1pP3/1p1P1P2/1P1Q1N2/4N1Pn/R6K w - - 0 21,b5c6,-246,-390,144
1r4k1/5pp1/4p3/3pP2p/1p1q1Pn1/1P1N4/4Q1P1/2N4K w - - 0 30,f4f5,-567,-624,57
2r3k1/5pp1/4p3/3pPP1p/1p1q2n1/1P1N4/4Q1P1/2N4K w - - 1 31,f5e6,-619,-622,3
2r3k1/5pp1/4P3/3pP2p/1p3qn1/1P1N4/4Q1P1/2N4K w - - 1 32,e6f7,-508,-512,4
2r5/5kp1/8/3pP2p/1p4n1/1P1N1q2/6P1/2N4K w - - 0 34,g2f3,-482,-510,28
2r5/5kp1/8/3pPn1p/1p6/1P1N1P2/6K1/2N5 w - - 3 36,f3f4,-415,-507,92
8/5kp1/8/2NpP2p/1p3P2/4K3/8/1r6 w - - 4 42,f4f5,-573,-597,24
8/5kp1/8/2NpPP2/8/7K/1p6/1r6 w - - 0 46,e5e6,-635,-673,38
rnbqkbnr/pppppppp/8/8/8/8/PPPPPPPP/RNBQKBNR w KQkq - 0 1,e2e4,33,32,-1
r1bqkb1r/pppppppp/2n2n2/8/4P3/2N5/PPPP1PPP/R1BQKBNR w KQkq - 3 3,d2d3,86,-32,-118
r1bqk2r/pppp1ppp/2n5/4p3/1b2P1n1/2NPB3/PPPQ1PPP/R3KBNR w KQkq - 4 6,a2a3,-7,-22,15
r1bqk2r/pppp1ppp/2n5/b3p3/4P1n1/P1NPB3/1PPQ1PPP/R3KBNR w KQkq - 1 7,b2b4,-4,1,5
r1bqk2r/pp1p1ppp/1pn5/4p3/1P2P1n1/P1NP4/2PQ1PPP/R3KBNR w KQkq - 0 9,b4b5,75,64,-11
r1bqk2r/pp3ppp/1p6/1P1pp3/3nP1n1/P1NP4/2PQ1PPP/2KR1BNR w kq - 0 11,f2f3,-94,-68,-26
r3kr2/pp3p1p/1p2b3/1P1pQ3/3nP3/2qP1P2/2PR2PP/3K1BNR w q - 2 18,e4d5,-278,-10000,9722
2kr1r2/pp3p1p/1p2b3/1P1PQ3/3n4/2qP1P2/2PR2PP/3K1BNR w - - 1 19,d5e6,-469,-10000,9531
2k5/1p5p/1p2R3/1P3r2/pr6/2NP1P2/2P3PP/3K1B1R w - - 0 25,g2g4,822,732,-90
2k5/1p5p/1p2R3/1Pr5/6P1/p1NP1P1B/1rPK3P/7R w - - 2 28,g4g5,848,807,-41
rnbqkbnr/pppppppp/8/8/8/8/PPPPPPPP/RNBQKBNR w KQkq - 0 1,d2d4,36,18,-18
rnbqkb1r/pppppppp/5n2/8/3P4/8/PPP1PPPP/RNBQKBNR w KQkq - 1 2,c2c4,20,20,0
1nbqk2r/1p1p1ppp/r3pn2/p1b3B1/2P5/2N2N2/PP2PPPP/R2QKB1R w KQk - 2 8,e2e3,94,95,1
2b1k2r/1p1pb1pp/4p3/p4p2/1nr2B2/3nPN2/PP2KPPP/R2Q3R w k - 0 18,a2a3,63,39,-24
2b1k2r/1p1pb1pp/4p3/Q4p2/5B2/P2nPN2/1nr3PP/R5KR w k - 1 23,h2h3,28,-15,-43
rnbqkb1r/pppp1ppp/5n2/4N3/8/8/PPPPPPPP/RNBQKB1R w KQkq - 1 3,e2e4,166,48,-118
rnbqkb1r/ppp2ppp/8/3pN3/4n3/8/PPPPQPPP/RNB1KB1R w KQkq - 0 5,d2d3,136,148,12
r3k2N/pppqbppp/3nb3/3p1n2/5B2/3P4/PPP1NPPP/R2QKB1R w KQq - 9 12,g2g4,222,0,-222
2kr3N/pppqbppp/3nb3/3p4/5BPn/3P2N1/PPP2P1P/R2QKB1R w KQ - 3 14,b2b4,-33,-374,341
2k4r/pppq1p1p/8/3p2p1/1b4b1/3P2N1/P1PK1PBP/4R2R w - - 0 21,c2c3,-694,-700,6
2kr4/p1p2p1p/4b3/4K1p1/4N3/3P4/Pq3P1P/4R2R w - - 5 32,d3d4,-10000,-10000,0
rnbqkbnr/pppppppp/8/8/8/8/PPPPPPPP/RNBQKBNR w KQkq - 0 1,e2e4,28,37,9
rn1qkbnr/pbpp1ppp/1p2p3/8/4P3/2N2N2/PPPP1PPP/R1BQKB1R w KQkq - 0 4,d2d3,63,19,-44
rn1qk2r/pbppn1pp/1p2pp2/8/4P3/2BP1N2/PPP1BPPP/R2QK2R w KQkq - 0 8,e4e5,44,11,-33
rn1qk2r/pbpp2pp/1p2ppn1/4P3/8/2BP1N2/PPP1BPPP/R2QK2R w KQkq - 1 9,e5f6,32,13,-19
r3k1r1/p3q2p/1pp2pnQ/2p1p3/8/2BP4/PPP2PPP/2KRR3 w q - 2 18,g2g3,151,140,-11
r5r1/p3k1qp/1pp2pn1/2p1p3/8/2BP2PQ/PPP2P1P/2KRR3 w - - 3 20,d3d4,255,248,-7
3r2r1/p3k1qp/1pp2pn1/2p1p3/3P4/2B3PQ/PPP2P1P/2KRR3 w - - 1 21,d4e5,387,374,-13
rnbqkbnr/pppppppp/8/8/8/8/PPPPPPPP/RNBQKBNR w KQkq - 0 1,e2e4,37,34,-3
rnbqkb1r/ppp2ppp/3p1n2/4p3/4P3/2N2N2/PPPP1PPP/R1BQKB1R w KQkq - 2 4,d2d4,55,57,2
rnbqkb1r/ppp2ppp/5n2/3p4/3NP3/2N5/PPP2PPP/R1BQKB1R w KQkq - 0 6,e4e5,94,121,27
rnbqk2r/ppp2ppp/8/2b1P3/2BNp3/8/PPP2PPP/R1BQK2R w KQkq - 2 9,c2c3,97,57,-40
r1bqk2r/ppp2pp1/2n5/2b1P2p/2BNp3/2P1B3/PP3PPP/R2QK2R w KQkq - 0 11,a2a3,532,-106,-638
r1b2rk1/ppp1qpp1/2n5/2b1P2p/2BNp3/P1P1B3/1P3PPP/R2Q1RK1 w - - 3 13,b2b4,214,-17,-231
r1b2rk1/ppp1qpp1/2n5/4P2p/1PBbp3/P1P1B3/5PPP/R2Q1RK1 w - - 0 14,c3d4,201,195,-6
3r1r2/ppp1qpk1/2n3p1/4P3/1PRPp3/P3B3/4QPPP/5RK1 w - - 2 19,b4b5,387,357,-30
3r3r/p1p1qpk1/1p4p1/nP2P3/1R1Pp3/P3B3/3Q1PPP/5RK1 w - - 2 22,d4d5,464,310,-154
8/pnp2pk1/1p1q2p1/1P6/4R3/P3Q3/5PPP/3rR1K1 w - - 1 28,h2h3,463,401,-62
8/pnp2pk1/1p1q2p1/rP4Q1/4R3/7P/5PP1/4R1K1 w - - 4 32,g2g3,641,275,-366
8/2Q1Rpk1/1p3qp1/p7/8/6PP/1r3PK1/8 w - - 2 39,h3h4,-496,-10000,9504
8/2R2pk1/1K4p1/8/p6P/4r1P1/8/8 w - - 0 52,g3g4,-353,-422,69
8/5p2/5kp1/8/6PP/3K4/p5r1/R7 w - - 10 59,g4g5,-405,-442,37
rnbqkbnr/pppppppp/8/8/8/8/PPPPPPPP/RNBQKBNR w KQkq - 0 1,e2e4,33,38,5
rnbqkbnr/ppp1pppp/8/3p4/4P3/8/PPPP1PPP/RNBQKBNR w KQkq - 0 2,e4d5,56,61,5
rnbqkb1r/pp3pp1/2p1pn1p/8/2B5/2N2N2/PPPP1PPP/R1BQ1RK1 w kq - 2 8,d2d3,73,23,-50
r1bq1rk1/pp1n2pn/2p1p2p/5p2/8/1B1PBNb1/PPPQ1PPP/R3R1K1 w - - 0 15,f2g3,423,218,-205
r1b4k/pp1q2pn/2p2r1p/5p2/8/3PBNP1/PPPQ2PP/R3R1K1 w - - 0 18,c2c3,381,297,-84
rnbqkbnr/pppppppp/8/8/8/8/PPPPPPPP/RNBQKBNR w KQkq - 0 1,d2d4,36,20,-16
r2qkbnr/ppp1pppp/2n5/3p4/3P1Bb1/5N2/PPP1PPPP/RN1QKB1R w KQkq - 4 4,e2e3,22,37,15
r2qkbnr/ppp3pp/2n2p2/3pp3/3P1B2/4PB2/PPP2PPP/RN1QK2R w KQkq - 0 7,d4e5,64,60,-4
r4rk1/pp2q2p/2pb1np1/3pn3/4p3/2N1P1B1/PPP1BPPP/R2Q1RK1 w - - 6 16,a2a3,-136,-162,26
3r1rk1/pp5p/2pq2p1/3p4/4p1n1/P1N1P3/1PP2PPP/R1Q2RK1 w - - 0 20,g2g3,-321,-340,19
3r1rk1/pp5p/2pq4/3p2p1/4p3/P3PnP1/1PP1NPKP/R1Q2R2 w - - 0 23,h2h3,-173,-221,48
5rk1/pp6/2p2q2/3p2p1/4p2p/P3PrPP/1PPR1PK1/R3Q3 w - - 0 29,g3g4,-286,-381,95
5rk1/pp6/2p5/3pq1p1/4p1Pp/P3Pr1P/1PPR1PK1/R3Q3 w - - 1 30,c2c3,-109,-60,-49
5rk1/pp6/2p5/3pq1p1/4p1Pp/P1P1P1rP/1P1R1PK1/3Q1R2 w - - 9 35,f2g3,131,140,9
rnbqkbnr/ppp1pppp/8/3p4/8/5N2/PPPPPPPP/RNBQKB1R w KQkq - 0 2,d2d4,20,25,5
rnbqkbnr/p1p1pppp/1p6/3p4/3P4/5N2/PPP1PPPP/RNBQKB1R w KQkq - 0 3,e2e3,56,15,-41
rnbqkbnr/5pp1/ppp1p2p/3p4/3P4/3BPN2/PPP2PPP/RNBQ1RK1 w kq - 0 7,c2c4,78,71,-7
rnbqkb1r/5pp1/ppp1pn1p/3p4/2PP4/3BPN2/PP3PPP/RNBQ1RK1 w kq - 1 8,c4d5,79,45,-34
r1b1kb1r/2q2pp1/pp2pn1p/3pn3/3P4/3BP3/PP3PPP/RNBQ1RK1 w kq - 0 12,d4e5,-124,-100,-24
r3k2r/1bq1bpp1/pp2p2p/4P3/4p3/4P3/PP2BPPP/R1BQ1RK1 w kq - 2 16,b2b3,-15,-115,100
r4rk1/1bq1bpp1/pp2p2p/4P3/4p3/1P2P3/P3BPPP/R1BQ1RK1 w - - 1 17,f2f3,-12,-326,314
rnbqkbnr/pppppppp/8/8/8/8/PPPPPPPP/RNBQKBNR w KQkq - 0 1,e2e4,35,35,0
rnbqkbnr/pp1ppppp/8/2p5/4P3/8/PPPP1PPP/RNBQKBNR w KQkq - 0 2,b2b4,37,-38,-75
rnbqkbnr/pp2pppp/8/2pp4/1P2P3/8/P1PP1PPP/RNBQKBNR w KQkq - 0 3,e4d5,-12,-15,3
rnbqkb1r/pp2pppp/5n2/2pP4/1P6/8/P1PP1PPP/RNBQKBNR w KQkq - 1 4,c2c4,31,-12,-43
r1bqkb1r/pp1n1ppp/5n2/2pPp3/1PP5/8/PB1P1PPP/RN1QKBNR w KQkq - 2 6,d2d3,73,-6,-79
r1bqk2r/pp1n1ppp/3b1n2/3Pp3/1pP5/3P1N2/PB3PPP/RN1QKB1R w KQkq - 0 8,g2g3,2,-15,-17
r1bq1rk1/pp1n1ppp/3b1n2/3P4/1pP1p3/3P1NP1/PB3PBP/RN1QK2R w KQ - 0 10,d3e4,70,48,-22
r1b2rk1/pp2bppp/7q/2nPN3/1pPQ4/6P1/PB3PBP/R4RK1 w - - 6 17,d5d6,86,12,-74
rnbqkbnr/pppppppp/8/8/8/8/PPPPPPPP/RNBQKBNR w KQkq - 0 1,d2d4,38,20,-18
rnbqkbnr/ppp1pppp/8/3p4/3P4/8/PPP1PPPP/RNBQKBNR w KQkq - 0 2,e2e3,29,11,-18
rnbqkb1r/ppp1pppp/5n2/3p4/3P4/4P3/PPP2PPP/RNBQKBNR w KQkq - 1 3,a2a3,9,-8,-17
rnbqkb1r/ppp1pp1p/5np1/3p4/3P4/P3P3/1PP2PPP/RNBQKBNR w KQkq - 0 4,b2b3,12,-20,-32
r2q1rk1/ppp1pp1p/2n2npb/3p4/3P2b1/PP2PN2/1BPN1PPP/R2QKB1R w KQ - 7 8,g2g3,72,35,-37
r4rk1/ppp1p2p/2nq2pb/3p1p2/3Pn1b1/PP2PNP1/1BPN1PBP/R2Q1RK1 w - - 2 11,c2c4,77,94,17
r4rk1/ppp1p2p/2nq2pb/5p2/2pP2b1/PP2PNP1/1B1Q1PBP/R4RK1 w - - 0 13,b3c4,218,176,-42
r4rk1/ppp1p2p/2nq3b/5pp1/2PP2b1/P3PNP1/1B1Q1PBP/R4RK1 w - - 0 14,d4d5,251,216,-35
r4rk1/ppp1p2p/7b/3P1pp1/2Pq4/P3PBP1/5P1P/R4RK1 w - - 0 18,e3d4,26,25,-1
r4rk1/ppp1p2p/7b/3P2p1/2PP4/P4Bp1/5P1P/3R1RK1 w - - 0 20,f2g3,60,51,-9
r4rk1/ppp1p1bp/8/3P2p1/2PP4/P4BP1/7P/3R1RK1 w - - 1 21,c4c5,45,25,-20
6k1/p1p4p/1p6/2bR2p1/8/P5P1/6KP/8 w - - 0 29,a3a4,283,209,-74
8/p1p5/1p2k2p/2b2R2/P7/6P1/6KP/8 w - - 2 32,g3g4,256,262,6
8/2p5/pp2k2p/2b2R2/P5P1/8/6KP/8 w - - 0 33,h2h3,279,195,-84
8/8/p1p1k2p/1pb2R2/P5P1/5K1P/8/8 w - - 0 35,a4b5,597,551,-46
8/8/2p4p/1p1k4/6P1/5K1P/2R5/8 w - - 3 38,h3h4,570,557,-13
8/8/7p/1p1k4/2p3PP/4K3/2R5/8 w - - 0 40,g4g5,592,560,-32
8/8/8/1p1k2p1/2p4P/4K3/2R5/8 w - - 0 41,h4g5,594,675,81
8/8/8/3k2P1/1pp5/4K3/2R5/8 w - - 0 42,g5g6,738,822,84
8/8/6P1/3k4/8/2p1K3/1p6/1R6 w - - 0 45,g6g7,887,989,102
8/6P1/8/3k4/8/4K3/1pp5/1R6 w - - 0 46,g7g8q,1159,10000,8841
rnbqkbnr/pppppppp/8/8/8/8/PPPPPPPP/RNBQKBNR w KQkq - 0 1,d2d4,40,23,-17
rnbqkbnr/pp1ppppp/8/2p5/3P4/8/PPP1PPPP/RNBQKBNR w KQkq - 0 2,c2c4,79,-9,-88
r1bqkb1r/pp1p1ppp/2n2n2/4p3/2P5/2N5/PP2PPPP/R1BQKBNR w KQkq - 0 6,a2a3,32,34,2
r1bqk2r/pp1p1ppp/2n2n2/2b1p3/2P5/P1N5/1P2PPPP/R1BQKBNR w KQkq - 1 7,e2e4,40,-46,-86
r1bqk2r/pp3ppp/2np4/4p3/2P1P1n1/P1N1bN2/1P3PPP/R2QKB1R w KQkq - 0 10,f2e3,-119,-138,19
r1bq1rk1/pp3ppp/2np4/4p3/2P1P1n1/P1N2N2/1P2Q1PP/2KR1B1R w - - 4 13,h2h3,-48,-33,-15
r1bq1rk1/pp3ppp/2np1n2/4p3/2P1P3/P1N2N1P/1P2Q1P1/2KR1B1R w - - 1 14,g2g4,-30,-70,40
r2q1rk1/pp3ppp/2npbn2/4p3/2P1P1P1/P1N2N1P/1P2Q3/2KR1B1R w - - 1 15,g4g5,-74,-138,64
2rqnrk1/1p3ppp/p2pb3/n2Np1P1/2P1P3/P4N1P/1P2Q3/1KR2B1R w - - 0 19,h3h4,-82,-134,52
2rqnrk1/5ppp/p2pb3/np1Np1P1/2P1P2P/P4N2/1P2Q3/1KR2B1R w - - 0 20,c4b5,-138,-196,58
2q1nrk1/5ppp/3pb3/np1Np1P1/4P2P/P4N2/1P2Q3/1K3B1R w - - 0 22,h4h5,538,-62,-600
2q1nrk1/5ppp/3pb3/1p1Np1PP/2n1P3/P4N2/1P2Q3/1K3B1R w - - 1 23,g5g6,572,-171,-743
2q1nrk1/6pp/3pbpP1/1p1Np2P/2n1P3/P4N2/1P2Q3/1K3B1R w - - 0 24,g6h7,596,93,-503
2q1nr1k/6pP/3pbp2/1p1Np2P/2n1P3/P4N2/1P2Q3/1K3B1R w - - 1 25,h5h6,364,143,-221
5r1k/3q4/3pbnQP/1p2p3/2n1P3/P4N2/1P6/1K3BR1 w - - 0 30,h6h7,293,-306,-599
rnbqkbnr/pppppppp/8/8/8/8/PPPPPPPP/RNBQKBNR w KQkq - 0 1,e2e4,35,30,-5
r1bqk1nr/pppp1ppp/2n5/2b1p3/2B1P3/5N2/PPPP1PPP/RNBQK2R w KQkq - 4 4,c2c3,17,14,-3
r1bqk2r/pppp1ppp/2n2n2/2b1p3/2B1P3/2P2N2/PP1P1PPP/RNBQK2R w KQkq - 1 5,d2d3,15,23,8
r1bqk2r/ppp2ppp/2np1n2/2b1p3/2B1P3/2PP1N2/PP3PPP/RNBQK2R w KQkq - 0 6,h2h3,24,20,-4
r1q3k1/ppp3pp/2n1pr2/2bpp3/4P3/2PP1N1P/PPQ2PP1/RN2K2R w KQ - 0 12,e4d5,-9,-110,101
r1q3k1/ppp3pp/2n2r2/2bpp3/8/2PP1N1P/PPQ2PP1/RN2K2R w KQ - 0 13,b2b4,-97,-254,157
5rk1/pp4pp/2pr2n1/3ppq2/1P6/1QPP1N1P/P4PP1/3RR1K1 w - - 2 21,c3c4,-157,-242,85
5r1k/pp4pp/2p3n1/2Q1R3/1P3q2/5N1P/P4PPK/3r4 w - - 2 26,g2g3,-10000,-10000,0
5r1k/pp4pp/2p3n1/2Q1R3/1P6/5qPP/P4P1K/3r4 w - - 0 27,g3g4,-10000,-10000,0
rnbqkbnr/pppppppp/8/8/8/8/PPPPPPPP/RNBQKBNR w KQkq - 0 1,f2f4,33,-31,-64
rnbqkb1r/ppp1pppp/5n2/3p4/5P2/5N2/PPPPP1PP/RNBQKB1R w KQkq - 2 3,d2d4,-34,-53,19
r1bqkb1r/ppp2ppp/4p3/4N3/3npP2/8/PPPBP1PP/R2QKB1R w KQkq - 0 8,e2e3,25,2,-23
r1b1kb1Q/ppp5/4ppp1/8/4pq2/8/PP2B1PP/n5KR w q - 0 16,g2g3,-624,-716,92
rnbqkbnr/pppppppp/8/8/8/8/PPPPPPPP/RNBQKBNR w KQkq - 0 1,d2d4,32,23,-9
rnbqkbnr/pppp1ppp/4p3/8/3P4/8/PPP1PPPP/RNBQKBNR w KQkq - 0 2,e2e4,41,33,-8
r2qk1nr/pppb2bp/2npppp1/1B6/3PPB2/2N2N2/PPP2PPP/R2QK2R w KQkq - 4 8,d4d5,117,97,-20
r3k1nr/pppq2bp/5pp1/3pp3/4P3/2N5/PPPN1PPP/R2QK2R w KQkq - 0 12,e4d5,-2,-37,35
3k4/ppp3bp/6p1/4p3/5pN1/8/PPP2PPP/6K1 w - - 0 22,b2b4,-199,-514,315
8/pppk2bp/6p1/4p3/1P3pN1/8/P1P2PPP/6K1 w - - 1 23,c2c4,-330,-533,203
8/pp4bp/3k2p1/2p1p3/1PP2pN1/8/P4PPP/5K2 w - - 0 25,b4b5,-393,-463,70
8/1p4bp/p2k2p1/1Pp1p3/2P2pN1/8/P4PPP/5K2 w - - 0 26,a2a4,-213,-467,254
8/1p4bp/3k2p1/1pp1p3/P1P2pN1/8/5PPP/5K2 w - - 0 27,a4b5,-396,-508,112
8/1p6/3k2p1/1Pp4p/2Pb1p2/8/4KPPP/8 w - - 2 30,f2f3,-464,-591,127
8/1p6/6p1/1Pp1k2p/2Pb1p2/5P2/4K1PP/8 w - - 1 31,g2g4,-596,-650,54
8/1p6/6p1/1Pp1k3/2Pb1pp1/5P2/4K2P/8 w - - 0 32,f3g4,-641,-615,-26
8/1p6/6p1/1Pp5/2PbkpP1/8/4K2P/8 w - - 1 33,h2h4,-696,-738,42
8/1p6/6p1/1Pp5/2Pb1kPP/5p2/8/5K2 w - - 2 35,h4h5,-1002,-799,-203
8/1p6/8/1Pp4p/2Pb1kP1/5p2/8/5K2 w - - 0 36,g4h5,-824,-878,54
8/1p6/8/1Pp4P/2Pb2k1/5p2/8/5K2 w - - 1 37,h5h6,-767,-970,203
8/1p6/7P/1Pp3k1/2Pb4/5p2/8/5K2 w - - 1 38,h6h7,-817,-975,158
8/1p5P/6k1/1Pp5/2Pb4/5p2/8/5K2 w - - 1 39,h7h8q,-633,-655,22
8/1p6/8/1Pp5/2Pb4/1K1k4/8/8 w - - 9 46,b5b6,-672,-677,5
rnbqkbnr/pppppppp/8/8/8/8/PPPPPPPP/RNBQKBNR w KQkq - 0 1,d2d4,29,19,-10
rnbqkbnr/pp1ppppp/8/2p5/3P4/8/PPP1PPPP/RNBQKBNR w KQkq - 0 2,c2c3,77,12,-65
rnbqkbnr/pp1ppppp/8/8/3p4/2P5/PP2PPPP/RNBQKBNR w KQkq - 0 3,c3c4,25,-152,-177
r1bqkb1r/pp1p1p2/2n2n1p/4p1p1/2Pp4/5NB1/PP2PPPP/RN1QKB1R w KQkq - 2 8,e2e3,-217,-218,1
r1bqkb1r/pp1p1p2/2n2n1p/4p1p1/2P5/4pNB1/PP3PPP/RN1QKB1R w KQkq - 0 9,f2e3,-206,-235,29
r1b2r2/pp3pk1/5n1p/q2p2p1/1nP1p3/2N1P1B1/PP2B1PP/R2Q1RK1 w - - 0 16,c4d5,575,242,-333
rnbqkbnr/pppppppp/8/8/8/8/PPPPPPPP/RNBQKBNR w KQkq - 0 1,d2d4,28,22,-6
rnbqkbnr/ppp1pppp/8/3p4/3P4/8/PPP1PPPP/RNBQKBNR w KQkq - 0 2,e2e4,23,-59,-82
rnbqkbnr/ppp2ppp/8/3pp3/3PP3/8/PPP2PPP/RNBQKBNR w KQkq - 0 3,d4e5,165,152,-13
Nnb4r/pp4pp/5n2/4kp2/4p3/8/PPP2PPP/R3KBNR w KQ - 1 11,f2f3,450,329,-121
Nnb4r/p5pp/1p6/3nk3/5p2/3BpP2/PPP1N1PP/R4RK1 w - - 0 15,c2c4,445,444,-1
bn5r/p5pp/1p6/3nk3/2P1Bp2/4pP2/PP2N1PP/R4RK1 w - - 0 17,c4d5,626,564,-62
bn6/p5pp/8/2pPk3/4Bp2/4pP2/PP2N1PP/5RK1 w - - 0 20,g2g3,626,600,-26
b7/p6p/n7/2pPk1p1/4Bp2/4pPP1/PP2N2P/4R1K1 w - - 2 22,g3f4,692,569,-123
b7/p6p/n7/2pPk3/4Bp2/4pP2/PP2N2P/4R1K1 w - - 0 23,d5d6,562,704,142
8/p6p/n2P4/2p1k3/4bp2/4pP2/PP2N2P/4R1K1 w - - 0 24,d6d7,703,700,-3
8/p2P3p/n7/2p1k3/5p2/4pb2/PP2N2P/4R1K1 w - - 0 25,d7d8q,696,716,20
rnbqkbnr/pp1ppppp/8/2p5/8/5N2/PPPPPPPP/RNBQKB1R w KQkq - 0 2,e2e3,41,19,-22
rnbqkb1r/pp3ppp/4pn2/2pp4/8/4PN2/PPPPBPPP/RNBQ1RK1 w kq - 2 5,c2c3,13,-11,-24
rnbqk2r/pp2bppp/4pn2/2pp4/8/2P1PN2/PP1PBPPP/RNBQ1RK1 w kq - 1 6,d2d4,-8,-5,-3
r1bq1rk1/pp2bppp/2n1pn2/2pp4/3P4/2P1PN2/PP1BBPPP/RN1Q1RK1 w - - 3 8,b2b3,-17,-49,32
r1bq1rk1/pp2bppp/2n1pn2/3p4/3p4/1PP1PN2/P2BBPPP/RN1Q1RK1 w - - 0 9,c3d4,-26,-30,4
r1bq1rk1/pp3ppp/2nb1n2/3pp3/3P4/1PN1PN2/P2BBPPP/R2Q1RK1 w - - 0 11,d4e5,30,29,-1
r2q1rk1/pp3ppp/3b1n2/3pn3/6b1/1PN1PN2/P2BBPPP/2RQ1RK1 w - - 2 13,h2h3,62,10,-52
r2q1rk1/pp3ppp/5n2/4b3/3p4/1PN1PQ1P/P2B1PP1/2RR2K1 w - - 0 17,e3d4,225,231,6
5rk1/R4ppp/5n2/8/3Q4/1P5P/P1r3PK/8 w - - 2 28,a2a4,409,368,-41
5rk1/R4ppp/8/7n/P2Q4/1P5P/2r3PK/8 w - - 1 29,a4a5,487,466,-21
2r2rk1/R4ppp/8/P6n/3Q4/1P5P/6PK/8 w - - 1 30,a5a6,467,490,23
rnbqkbnr/pppppppp/8/8/8/8/PPPPPPPP/RNBQKBNR w KQkq - 0 1,d2d4,29,25,-4
rnbqkbnr/pppp1ppp/4p3/8/3P4/8/PPP1PPPP/RNBQKBNR w KQkq - 0 2,a2a3,36,3,-33
rnbqkbnr/ppp2ppp/4p3/3p4/3P4/P7/1PP1PPPP/RNBQKBNR w KQkq - 0 3,c2c4,4,-10,-14
rnbqkb1r/pp3ppp/2p1pn2/3p4/2PP4/P1N5/1P2PPPP/R1BQKBNR w KQkq - 0 5,c4c5,3,-11,-14
rnbqkb1r/p4ppp/1pp1pn2/2Pp4/3P4/P1N5/1P2PPPP/R1BQKBNR w KQkq - 0 6,b2b4,-4,-14,10
rnbqkb1r/p4ppp/2p1pn2/2pp4/1P1P4/P1N5/4PPPP/R1BQKBNR w KQkq - 0 7,b4c5,-7,-12,5
rn1q1rk1/p3bppp/b1p1pn2/2Pp4/3P4/P1N5/3NPPPP/R1BQKB1R w KQ - 5 10,e2e3,-16,-18,2
rn3rk1/p1q1bppp/2p1pn2/2Pp4/3P4/P1N1P3/3B1PPP/R2QKN1R w KQ - 3 13,h2h3,19,-11,-30
6k1/p1qnbppp/2p5/2Ppp3/Nr1P2Q1/P3P2P/r4PP1/2RR2K1 w - - 0 22,a3b4,-154,-160,6
6k1/2qnbppp/2p5/p1Ppp3/rP1P2Q1/4P2P/5PP1/1R1R2K1 w - - 0 24,b4a5,-101,-252,151
6k1/2qnbppp/2p5/P1Pp4/r2p2Q1/4P2P/5PP1/1R1R2K1 w - - 0 25,e3d4,-256,-254,-2
6k1/2q1bppp/2p1n3/P2p4/r2P4/7P/4QPP1/1R1R2K1 w - - 2 27,a5a6,-36,-36,0
4q1k1/1R3ppp/P1pb4/3p3Q/r2n4/7P/5PP1/1R4K1 w - - 2 31,a6a7,23,15,-8
rnbqkbnr/pppppppp/8/8/8/8/PPPPPPPP/RNBQKBNR w KQkq - 0 1,e2e4,25,33,8
rn1qkbnr/pbpp1ppp/1p2p3/8/4P3/2N2N2/PPPP1PPP/R1BQKB1R w KQkq - 0 4,d2d4,71,67,-4
rn1qk1nr/pbpp1ppp/1p2p3/8/1b1PP3/2N2N2/PPP2PPP/R1BQKB1R w KQkq - 1 5,a2a3,69,-109,-178
rn1qk1nr/pbpp1ppp/1p2p3/8/3PP3/P1b2N2/1PP2PPP/R1BQKB1R w KQkq - 0 6,b2c3,-123,-117,-6
2r1k2r/p1p2p2/1pn1pqpn/3p3p/3P4/P1P2BBQ/2P2PPP/R4RK1 w k - 4 15,a3a4,168,-182,-350
2r1k2r/p1p1qp2/1pn1p1pn/3p3p/P2P4/2P2BBQ/2P2PPP/R4RK1 w k - 1 16,c3c4,106,-102,-208
2r1k2r/p1p1qp2/1p2p1pn/3p3p/P1Pn4/5BBQ/2P2PPP/R4RK1 w k - 0 17,c4d5,-95,-154,59
2r1k2r/p1p1qp2/1p2p1pn/3P3p/P7/5nBQ/2P2PPP/R4RK1 w k - 0 18,g2f3,-147,-138,-9
2r2rk1/p1p1qp2/1p4pn/3p3p/P7/5PBQ/2P2P1P/2R2RK1 w - - 0 20,c2c4,-348,-368,20
4rrk1/p1p1qp2/1p4pn/4B2p/P1R5/5PQ1/5P1P/5RK1 w - - 5 24,f3f4,-183,-336,153
4rrk1/p4p2/1p1n2p1/2p4p/P1R2P1q/2Q5/5P1P/4R1K1 w - - 0 28,f4f5,-784,-856,72
5rk1/p4p2/1p4p1/2p4p/P6n/8/5P1P/4Q1K1 w - - 0 31,f2f3,28,-950,-978
4r1k1/5p2/p5p1/1pp4p/P7/6K1/7P/8 w - - 0 36,a4b5,-930,-933,3
rnbqkbnr/ppp1pppp/3p4/8/8/5N2/PPPPPPPP/RNBQKB1R w KQkq - 0 2,c2c4,55,33,-22
rnbqkb1r/ppp2ppp/3p1n2/4p3/2P5/2N2N2/PP1PPPPP/R1BQKB1R w KQkq - 2 4,g2g3,57,44,-13
rn1q1rk1/ppp1bppp/3pbn2/4p3/2P5/2N2NP1/PP1PPPBP/R1BQ1RK1 w - - 5 7,d2d4,78,69,-9
r2q1rk1/ppp1bppp/2npbn2/4p3/2PP4/2N2NP1/PP2PPBP/R1BQ1RK1 w - - 1 8,d4d5,503,467,-36
r2q1rk1/ppp1bppp/2np1n2/3Pp3/2P3b1/2N2NP1/PP2PPBP/R1BQ1RK1 w - - 1 9,d5c6,486,473,-13
r2q1rk1/p1p1bppp/2p2n2/3pp1B1/2P3b1/2N2NP1/PP2PPBP/R2Q1RK1 w - - 0 11,h2h3,600,474,-126
3r1rk1/p1p2ppp/2Bb1q2/8/2Pp4/3N2PP/PP2PP2/R2Q1RK1 w - - 1 19,c4c5,584,462,-122
3r1rk1/p4ppp/2p2q2/2P1b3/3p4/3N2PP/PP2PPB1/R2Q1RK1 w - - 0 21,b2b4,633,605,-28
rnbqkbnr/pppppppp/8/8/8/8/PPPPPPPP/RNBQKBNR w KQkq - 0 1,e2e4,32,25,-7
rnbqkbnr/pppppppp/8/8/8/8/PPPPPPPP/RNBQKBNR w KQkq - 0 1,e2e4,36,38,2
rnbqkbnr/pppp1ppp/4p3/8/4P3/8/PPPP1PPP/RNBQKBNR w KQkq - 0 2,d2d4,36,36,0
rnbqk1nr/ppp2ppp/4p3/3p4/1b1PP3/2N5/PPP2PPP/R1BQKBNR w KQkq - 2 4,a2a3,67,16,-51
rnbqk1nr/ppp2ppp/4p3/3p4/3PP3/P1b5/1PP2PPP/R1BQKBNR w KQkq - 0 5,b2c3,14,5,-9
rnbqk1nr/ppp2ppp/4p3/8/3Pp3/P1P5/2P2PPP/R1BQKBNR w KQkq - 0 6,f2f3,2,-82,-84
2kr3r/pbpnqpp1/1p2pn1p/8/3P3B/P1PB1N2/2P3PP/R3QR1K w - - 4 14,a3a4,-20,-20,0
2kr3r/pbpnqp2/1p2pn2/6pp/P2P4/2PB1NB1/2P3PP/R3QR1K w - - 0 16,h2h4,-9,-120,111
2k2r1r/pbpn1p2/1p1qpn2/4N2p/P2P3B/2PB4/2P3P1/R3QR1K w - - 3 19,a4a5,203,-161,-364
2k2rr1/pbpn1p2/1p1qp3/P3n2p/3P1R1B/2PB4/2P3P1/R3Q2K w - - 0 22,d4e5,-439,-509,70
rnbqkbnr/pppppppp/8/8/8/8/PPPPPPPP/RNBQKBNR w KQkq - 0 1,d2d4,34,22,-12
rnbqkb1r/pppppppp/5n2/8/3P4/8/PPP1PPPP/RNBQKBNR w KQkq - 1 2,c2c4,21,22,1
rn1q1rk1/ppp1bppp/3pbn2/6B1/2P5/2N2N2/PP2PPPP/R2QKB1R w KQ - 2 8,e2e3,18,18,0
2r5/p2R2pk/4r2p/8/2P5/4P3/PP3PPP/1KR5 w - - 0 31,c4c5,618,567,-51
8/R5pk/2r4p/2r5/8/4P3/PP3PPP/1K1R4 w - - 0 34,a2a3,527,457,-70
8/R2R2pk/7p/2r5/8/P3P3/1P3PrP/1K6 w - - 0 36,f2f4,312,181,-131
rnbqkbnr/pppppppp/8/8/8/8/PPPPPPPP/RNBQKBNR w KQkq - 0 1,d2d4,28,23,-5
rnbqkbnr/ppp1pppp/8/3p4/3P4/8/PPP1PPPP/RNBQKBNR w KQkq - 0 2,e2e3,26,8,-18
rnbqkb1r/ppp1pppp/5n2/3p4/3P4/4P3/PPP2PPP/RNBQKBNR w KQkq - 1 3,c2c4,8,5,-3
rnbqk2r/ppp2ppp/4pn2/8/1bBP4/2N1P3/PP3PPP/R1BQK1NR w KQkq - 2 6,a2a3,53,55,2
rnbqk2r/ppp2ppp/4pn2/8/2BP4/P1b1P3/1P3PPP/R1BQK1NR w KQkq - 0 7,b2c3,48,42,-6
r1b2rk1/ppp2ppp/2n5/3pN1q1/3P4/P1P1P3/1B3PPP/R2QK2R w KQ - 0 12,h2h4,-65,-254,189
r1b2rk1/ppp2ppp/8/3pn3/3P3P/P1P1P3/1B3Pq1/R2QKR2 w Q - 0 14,d4e5,-381,-426,45
r4rk1/ppp2ppp/8/3pP3/6bP/P1P1P3/1B3Pq1/R2QKR2 w Q - 1 15,f2f3,-360,-497,137
r4rk1/pp3ppp/4b3/2ppq3/7P/P1P1PP2/1B6/R1KQ2R1 w - - 0 19,f3f4,-354,-575,221
rnbqkbnr/pp1ppppp/8/2p5/8/5N2/PPPPPPPP/RNBQKB1R w KQkq - 0 2,e2e3,36,13,-23
rnbqkbnr/pp1p1ppp/4p3/2p5/8/4PN2/PPPP1PPP/RNBQKB1R w KQkq - 0 3,d2d4,9,16,7
rnbqkbnr/pp3ppp/4p3/2pp4/3P4/4PN2/PPP2PPP/RNBQKB1R w KQkq - 0 4,d4c5,21,-2,-23
rnbqkb1r/pp3ppp/4pn2/2Pp4/8/4PN2/PPP2PPP/RNBQKB1R w KQkq - 1 5,b2b4,8,14,6
r1bqkb1r/pp3ppp/2n1pn2/2Pp4/1P6/4PN2/P1P2PPP/RNBQKB1R w KQkq - 1 6,a2a3,87,70,-17
r1bqkb1r/1p3ppp/2n1pn2/2Pp4/1p6/P3PN2/1BP2PPP/RN1QKB1R w KQkq - 0 8,a3b4,-35,-48,13
2bqkb1r/1p3ppp/4pn2/2Pp4/1n6/4PN2/2P2PPP/BN1QKB1R w Kk - 0 10,c2c3,-54,-66,12
2b1k2r/1pq2ppp/2n1pn2/1BbpN3/8/2P1P3/5PPP/BN1QK2R w Kk - 2 13,c3c4,-156,-187,31
2b2rk1/1pq2ppp/2n1pn2/1BbpN3/2P5/4P3/5PPP/BN1QK2R w K - 1 14,c4d5,-140,-497,357
3r2k1/2q2ppp/b1p1p3/8/8/4P3/2QN1PPP/4K2R w - - 3 22,f2f3,-392,-491,99
3r2k1/2q2pp1/2p1p2p/3b4/8/2Q1PP2/3N1KPP/2R5 w - - 12 30,g2g3,-16,-114,98
rnbqkbnr/pppppppp/8/8/8/8/PPPPPPPP/RNBQKBNR w KQkq - 0 1,g2g3,29,16,-13
rnbqkbnr/ppp1pp1p/3p2p1/8/8/6P1/PPPPPPBP/RNBQK1NR w KQkq - 0 3,c2c4,38,36,-2
rnbqk2r/ppp1ppbp/3p1np1/8/2P5/2N3P1/PP1PPPBP/R1BQK1NR w KQkq - 3 5,d2d4,46,38,-8
r1bq1rk1/pppnppb1/3p3p/6pn/2PP4/2N2NP1/PP1BPPBP/R2Q1RK1 w - - 2 10,e2e4,137,123,-14
r1bq1rk1/pppn1pb1/3p3p/4p1pn/2PPP3/2N2NP1/PP1B1PBP/R2Q1RK1 w - - 0 11,d4d5,138,141,3
r1bq1rk1/ppp2pb1/7p/3Pp1pQ/2P1P3/2Nn2P1/PP1B1PBP/R4RK1 w - - 1 14,b2b4,358,216,-142
3q1rk1/p1p3b1/7p/3PpbpQ/2P1N3/1r4P1/P4PBP/5RK1 w - - 0 24,a2b3,238,217,-21
5rk1/p1p3b1/1q2b2p/3Pp1pQ/2P5/1P4P1/5PBP/5RK1 w - - 0 27,d5e6,335,314,-21
rnbqkbnr/pppppppp/8/8/8/8/PPPPPPPP/RNBQKBNR w KQkq - 0 1,b2b3,32,-15,-47
rnbqkb1r/ppp1pppp/5n2/3p4/8/1P6/PBPPPPPP/RN1QKBNR w KQkq - 2 3,e2e3,3,-2,-5
r1bqkb1r/2p1pppp/p1p2n2/3p4/8/1P2P3/PBPP1PPP/RN1QK1NR w KQkq - 0 6,f2f3,11,-28,-39
r2qkb1r/2p2ppp/p4n2/2pp1p2/8/1P2PP2/PBPP2PP/RN1QK2R w KQkq - 0 10,a2a4,-8,-50,42
r4rk1/2p2p1p/p2b1p2/2pp4/P7/1P2pP2/2PP2PP/RN3RK1 w - - 0 16,d2e3,-27,-31,4
r4rk1/2p2p1p/p4p2/3pb3/P1p5/1P2PP2/R1P3PP/1N3RK1 w - - 0 18,b3c4,77,68,-9
r4rk1/2p2p1p/p4p2/4b3/P1p5/4PP2/R1P3PP/1N3RK1 w - - 0 19,c2c3,74,35,-39
6k1/2p2p1p/p4p2/4b3/P1p5/1rPrPP2/R3K1PP/1NR5 w - - 7 23,f3f4,68,-15,-83
6k1/2p2p1p/p4p2/8/P1p2P2/2r1P3/R3K1PP/8 w - - 0 26,h2h4,-15,-20,5
8/2p2p2/p4pk1/7p/P1R1KP1P/r3P3/6P1/8 w - - 1 31,f4f5,24,23,-1
5k2/2p2p2/p4p2/5P1p/P1RK3P/r3P3/6P1/8 w - - 3 33,e3e4,24,16,-8
8/8/p5K1/2p2P1p/k3P2P/8/6P1/8 w - - 0 43,f5f6,751,777,26
8/8/p4PK1/7p/k1p1P2P/8/6P1/8 w - - 0 44,f6f7,795,848,53
8/5P2/p5K1/7p/k3P2P/2p5/6P1/8 w - - 0 45,f7f8q,865,891,26
2Q5/8/p7/7K/4P2P/8/1kp3P1/8 w - - 1 48,e4e5,834,911,77
2Q5/8/8/p3P2K/7P/8/1kp3P1/8 w - - 0 49,e5e6,947,1013,66
2Q5/8/4P3/7K/p6P/8/1kp3P1/8 w - - 0 50,e6e7,1013,1013,0
2Q5/4P3/8/7K/7P/p7/1kp3P1/8 w - - 0 51,e7e8q,1013,1026,13
rnbqkbnr/pppppppp/8/8/8/8/PPPPPPPP/RNBQKBNR w KQkq - 0 1,e2e4,35,33,-2
rnbqkbnr/pppppppp/8/8/8/8/PPPPPPPP/RNBQKBNR w KQkq - 0 1,e2e4,32,32,0
r1bqkbnr/pppp1ppp/2n5/4p3/4P3/5N2/PPPP1PPP/RNBQKB1R w KQkq - 2 3,d2d4,31,14,-17
r1bqkbnr/pppp2pp/2n2p2/4p3/3PP3/5N2/PPP2PPP/RNBQKB1R w KQkq - 0 4,d4e5,171,151,-20
rnbqkbnr/pppppppp/8/8/8/8/PPPPPPPP/RNBQKBNR w KQkq - 0 1,d2d4,31,22,-9
rnbqkb1r/pppppppp/5n2/8/3P4/8/PPP1PPPP/RNBQKBNR w KQkq - 1 2,c2c4,24,28,4
rnbqk2r/ppppppbp/5np1/8/2PP4/5N2/PP2PPPP/RNBQKB1R w KQkq - 2 4,e2e3,25,24,-1
rnbq1rk1/ppppppbp/5np1/8/2PP4/4PN2/PP3PPP/RNBQKB1R w KQ - 1 5,b2b3,22,-29,-51
r2q1rk1/ppp1ppbp/2n2np1/5b2/2BP4/1PN1PN2/P4PPP/R1BQ1RK1 w - - 3 9,a2a3,66,13,-53
r2q1rk1/1pp1ppbp/p4np1/n4b2/2BP4/PPN1PN2/5PPP/R1BQR1K1 w - - 2 11,e3e4,29,41,12
r2q1rk1/1pp1ppbp/p4np1/n7/2BPP1b1/PPN2N2/5PPP/R1BQR1K1 w - - 1 12,e4e5,45,6,-39
r2q1rk1/1pp1ppbp/p5p1/4P2n/2nP2b1/PPN1BN2/5PPP/R2QR1K1 w - - 0 14,b3c4,44,69,25
r2q1rk1/1pp1p1bp/p4pp1/4P2n/2PP2b1/P1N1BN2/5PPP/R2QR1K1 w - - 0 15,h2h3,56,-74,-130
r6k/1pp2r1p/p4bp1/3n4/1BPp4/P6P/5PP1/3RR1K1 w - - 0 24,c4d5,-228,-224,-4
3r3k/1pp2r1p/p4bp1/3P4/1B1p4/P6P/5PP1/3RR1K1 w - - 1 25,g2g4,-162,-345,183
8/7p/6pk/pp6/2p3Pb/P4r1P/4RP2/4K3 w - - 2 39,g4g5,-649,-702,53
8/7p/8/pp3p2/2p4k/P6P/3b1PK1/8 w - - 6 45,f2f3,-865,-956,91
8/7p/8/pp6/5p1k/P1p2P1P/3b3K/8 w - - 0 47,a3a4,-1044,-1706,662
8/7p/5b2/p1q5/5p2/1K3PkP/8/8 w - - 11 62,h3h4,-10000,-10000,0
rnbqkbnr/pppppppp/8/8/8/8/PPPPPPPP/RNBQKBNR w KQkq - 0 1,e2e4,33,35,2
r1bqkbnr/1p1ppppp/p1n5/2p5/2B1P3/5N2/PPPP1PPP/RNBQK2R w KQkq - 0 4,a2a3,25,-18,-43
r2qkbnr/1b1ppppp/p1n5/1pp5/4P3/P4N2/BPPP1PPP/RNBQK2R w KQkq - 2 6,d2d3,11,18,7
r2qkbnr/1b1p1p1p/p1n1p1p1/1pp5/4P3/P2P1N2/BPP2PPP/RNBQ1RK1 w kq - 0 8,c2c3,29,28,-1
r3k1nr/1b1pqp1p/p1n1pbp1/2p5/1p2P3/P1PPB2N/BP3PPP/RN1Q1RK1 w kq - 0 12,a3b4,218,221,3
r3k1nr/1b1pqp1p/p1n1pbp1/8/1p2P3/2PPB2N/BP3PPP/RN1Q1RK1 w kq - 0 13,f2f4,210,118,-92
r3k1nr/1b1pqp1p/p1n1pbp1/8/4PP2/2pPB2N/BP4PP/RN1Q1RK1 w kq - 0 14,b2c3,139,152,13
r3k1nr/1b2qp1p/p1nppbp1/8/4PP2/2PPB2N/B5PP/RN1Q1RK1 w kq - 0 15,f4f5,177,190,13
r1bqkbnr/pppppppp/2n5/8/8/5N2/PPPPPPPP/RNBQKB1R w KQkq - 2 2,d2d3,46,-4,-50
r1bqkbnr/pppp1ppp/2n5/4p3/8/3P1N2/PPP1PPPP/RNBQKB1R w KQkq - 0 3,g2g3,0,-24,-24
r1bq1rk1/ppp2ppp/2nb1n2/3pp3/8/3P1NP1/PPPNPPBP/R1BQ1RK1 w - - 6 7,e2e4,-27,-34,7
r2q1rk1/ppp2ppp/2nb1n2/3pp3/4P1b1/3P1NP1/PPPN1PBP/R1BQ1RK1 w - - 1 8,h2h3,16,23,7
r2q1rk1/ppp2ppp/2nb1n2/3pp2b/4P3/3P1NPP/PPPN1PB1/R1BQ1RK1 w - - 1 9,g3g4,22,-6,-28
r2q1rk1/ppp2ppp/2nb4/3pp2b/4P1n1/3P1N1P/PPPN1PB1/R1BQ1RK1 w - - 0 10,h3g4,197,110,-87
r2q1rk1/ppp2ppp/2nb4/3pp3/4P1b1/3P1N2/PPPN1PB1/R1BQ1RK1 w - - 0 11,e4d5,87,56,-31
r2q1rk1/ppp2ppp/3b4/3Pp3/3n2b1/3P1N2/PPPN1PB1/R1BQ1RK1 w - - 1 12,c2c3,68,70,2
rnbqkbnr/pppppppp/8/8/8/8/PPPPPPPP/RNBQKBNR w KQkq - 0 1,e2e4,33,26,-7
rnbqkb1r/pppppppp/5n2/8/4P3/8/PPPP1PPP/RNBQKBNR w KQkq - 1 2,e4e5,79,69,-10
rnbqkb1r/pppppppp/8/3nP3/8/8/PPPP1PPP/RNBQKBNR w KQkq - 1 3,c2c4,78,71,-7
rnbqkb1r/pppppppp/1n6/4P3/2P5/8/PP1P1PPP/RNBQKBNR w KQkq - 1 4,d2d4,92,81,-11
rnbqkb1r/pp3ppp/1np1p3/3pP3/2PP4/2N2N2/PP3PPP/R1BQKB1R w KQkq d6 0 7,c4c5,375,112,-263
rnbqkb1r/p2n1ppp/1pp1p3/2PpP3/3P4/2NB1N2/PP3PPP/R1BQK2R w KQkq - 0 9,b2b4,85,66,-19
rnbqkb1r/3n1ppp/1pp1p3/p1PpP3/1P1P4/2NB1N2/P4PPP/R1BQK2R w KQkq - 0 10,b4a5,80,-230,-310
2r2rk1/5pbp/b3p1p1/3pN3/8/6Q1/P2N1PPP/4R1K1 w - - 4 23,h2h3,366,325,-41
8/1Q3pbk/3Np1p1/7p/5r2/3p3P/r4PP1/5RK1 w - - 0 35,g2g3,308,308,0
rnbqkbnr/pppppppp/8/8/8/8/PPPPPPPP/RNBQKBNR w KQkq - 0 1,d2d4,29,15,-14
rnbqkb1r/pppp1ppp/4pn2/8/3P4/5N2/PPP1PPPP/RNBQKB1R w KQkq - 0 3,c2c4,23,20,-3
rnbqkb1r/pp3ppp/2p1pn2/3p2B1/2PP4/5N2/PP2PPPP/RN1QKB1R w KQkq - 0 5,e2e3,46,47,1
r3k2r/ppnb1pp1/2p1pq1p/3p4/1bPP4/3BPN2/PP1NQPPP/R4RK1 w kq - 6 11,e3e4,149,90,-59
2kr3r/ppnb1pp1/2p1pq1p/3p4/1bPPP3/3B1N2/PP1NQPPP/R4RK1 w - - 1 12,a2a3,129,108,-21
rnbqkbnr/pppppppp/8/8/8/8/PPPPPPPP/RNBQKBNR w KQkq - 0 1,b2b3,30,-15,-45
rnbqkbnr/ppp1pppp/8/3p4/8/1P6/P1PPPPPP/RNBQKBNR w KQkq - 0 2,c2c3,4,-85,-89
r1bqkbnr/pp2pppp/2n5/2pp4/8/1PP5/PB1PPPPP/RN1QKBNR w KQkq - 2 4,f2f3,-43,-185,142
r1bqkbnr/pp3ppp/2n5/2ppp3/8/1PP2P2/PB1PP1PP/RN1QKBNR w KQkq - 0 5,g2g4,-191,-10000,9809
r1bqkbnr/pp4pp/2n5/2ppp3/6p1/1PP2P2/PB1PP1BP/RN1QK1NR w KQkq - 0 7,f3g4,-410,-396,-14
r2qkbnr/pp4pp/2n5/2ppp3/6b1/1PP5/PB1PP1BP/RN1QK1NR w KQkq - 0 8,h2h3,-395,-427,32
r2qkbnr/pp4pp/2n5/2ppp2b/8/1PP4P/PB1PP1B1/RN1QK1NR w KQkq - 1 9,d2d3,-447,-482,35
2kr3r/pp4pp/1qnb1n2/2ppp2b/8/1PPP3P/PBQNP1B1/2KR2NR w - - 7 13,d3d4,-259,-533,274
2kr3r/pp4pp/1qnb1nb1/2ppp3/3P4/1PP4P/PBQNP1B1/2KR2NR w - - 1 14,e2e4,-534,-519,-15
2kr3r/pp4pp/1qnb1nb1/4p3/3p4/1PP4P/PB1R2B1/Q1K3NR w - - 0 18,c3d4,-739,-782,43
rnbqkbnr/pppppppp/8/8/8/8/PPPPPPPP/RNBQKBNR w KQkq - 0 1,e2e4,33,29,-4
rnbqkbnr/pppppp1p/6p1/8/4P3/8/PPPP1PPP/RNBQKBNR w KQkq - 0 2,d2d4,63,72,9
rnbqkbnr/ppppp2p/5pp1/8/3PP3/8/PPP2PPP/RNBQKBNR w KQkq - 0 3,c2c4,174,121,-53
rnbqk1nr/ppppp1bp/5pp1/8/2PPP3/8/PP3PPP/RNBQKBNR w KQkq - 1 4,d4d5,132,91,-41
rnbqk1nr/ppp1p1b1/3p1p2/3P2pp/2P1P3/2N2N2/PP3PPP/R1BQKB1R w KQkq - 0 7,h2h3,229,233,4
rnbqk2r/ppp1p1b1/3p1p1n/3P2p1/2P1P2p/2NB1N1P/PP3PP1/R1BQK2R w KQkq - 2 9,a2a3,232,173,-59
rnbq1rk1/ppp1p1b1/3p1p1n/3P2p1/2P1P2p/P1NB1N1P/1P3PP1/R1BQK2R w KQ - 1 10,b2b4,269,170,-99
rnbq1rk1/1pp1p1b1/3p1p1n/p2P2p1/1PP1P2p/P1NB1N1P/5PP1/R1BQK2R w KQ - 0 11,c4c5,210,-21,-231
1nbq1rk1/4p1b1/1p3p1n/2pP2p1/1B2P2p/3B1N1P/4NPP1/3QK2R w K c6 0 17,d5c6,0,-5,-5
1nbr4/4p1bk/7n/1B3pp1/4P2p/2B2N1P/4NPP1/5RK1 w - - 0 23,e4f5,359,53,-306
3r4/1b2p3/2n4k/5n2/2B4p/2N2N1P/5PP1/5RK1 w - - 5 28,g2g4,169,5,-164
3r4/1b2p3/2n4k/5n2/2B5/2N2NpP/5P2/5RK1 w - - 0 29,f2g3,0,-45,-45
rnbqkbnr/pppppppp/8/8/8/8/PPPPPPPP/RNBQKBNR w KQkq - 0 1,e2e4,31,29,-2
rnbqkbnr/ppp1pppp/8/3p4/4P3/8/PPPP1PPP/RNBQKBNR w KQkq - 0 2,e4e5,62,-14,-76
r1bqkb1r/ppp1pppp/2n4n/4P3/2Bp4/8/PPPPQPPP/RNB1K1NR w KQkq - 4 5,e5e6,33,-144,-177
r4rk1/ppp1b1pp/2np3n/8/3p4/5N2/PPPP1PPP/RNB2RK1 w - - 4 11,d2d3,-21,-26,5
5rk1/ppp1R1pp/3n1r2/8/3p4/3P4/PPP2PPP/RN4K1 w - - 3 18,f2f3,202,51,-151
2r1r1k1/pppR2pp/8/8/3p2n1/3P1P2/PPPN1KPP/4R3 w - - 13 25,f3g4,555,553,-2
4r1k1/1R4p1/p6p/2N5/6P1/3P4/PPP1r1PP/5RK1 w - - 1 33,c2c3,646,598,-48
rnbqkbnr/ppp1pppp/8/3p4/8/5N2/PPPPPPPP/RNBQKB1R w KQkq - 0 2,c2c4,23,4,-19
rnbqkbnr/ppp1pppp/8/8/2p5/5N2/PP1PPPPP/RNBQKB1R w KQkq - 0 3,e2e3,28,29,1
r1b1kbnr/2pn1ppp/p4q2/1p6/2pN4/2N1P3/PP1P1PPP/R1BQKB1R w KQkq - 0 8,a2a4,80,88,8
r3kbnr/1b1n1ppp/p4q2/1pp5/P1p5/2N1PN2/1P1P1PPP/R1BQKB1R w KQkq - 2 10,a4b5,265,251,-14
1r3rk1/4nppp/5q2/RPp1b3/2B5/4P3/1P1P1PPP/2BQ1RK1 w - - 0 18,d2d4,503,373,-130
1r3rk1/4nppp/5q2/RP2b3/2Bp4/4P3/1P3PPP/2BQ1RK1 w - - 0 19,e3d4,357,319,-38
5rk1/4nppp/Rr3q2/1P6/2B5/4b3/1P3PPP/3Q1RK1 w - - 0 22,f2e3,459,469,10
5rk1/4nppp/r6q/1P6/2B5/4PQ2/1P4PP/5RK1 w - - 0 24,b5a6,468,498,30
5rk1/4nppp/P5q1/8/2B5/4PQ2/1P4PP/5RK1 w - - 1 25,a6a7,728,771,43
rnbqkbnr/pppppppp/8/8/8/8/PPPPPPPP/RNBQKBNR w KQkq - 0 1,e2e4,33,28,-5
r1bqk1nr/pppp1ppp/2n5/2b1p3/2B1P3/5N2/PPPP1PPP/RNBQK2R w KQkq - 4 4,d2d3,23,16,-7
r1bqk2r/ppp2ppp/2np1n2/2b1p1B1/2B1P3/3P1N2/PPP2PPP/RN1QK2R w KQkq - 0 6,h2h3,-8,-35,27
r3k2r/pppq1p2/2n1b2p/2p1p3/2B1Pp2/3P1N1P/PPP2PP1/R2QK2R w KQkq - 0 14,c2c3,-64,-73,9
r3k2r/pppq1p2/2n4p/2p1p3/2b1Pp2/2PP1N1P/PP3PP1/R2QK2R w KQkq - 0 15,d3c4,-26,-26,0
2kr3r/pppq4/2n4p/2p1pp2/2P1Pp2/2P2N1P/PP2KPP1/R2Q3R w - - 0 17,e4f5,55,-510,-565
2kr4/ppp5/2n4p/2p2q2/2P1p3/2P2p1P/PP2KPP1/RQ5R w - - 0 22,g2f3,-644,-10000,9356
rnbqkbnr/pppppppp/8/8/8/8/PPPPPPPP/RNBQKBNR w KQkq - 0 1,e2e4,33,31,-2
rnbqkbnr/pppppp1p/6p1/8/4P3/8/PPPP1PPP/RNBQKBNR w KQkq - 0 2,d2d4,65,66,1
rnbqkbnr/ppppp2p/5pp1/8/3PP3/8/PPP2PPP/RNBQKBNR w KQkq - 0 3,c2c4,179,121,-58
rn1q2nr/1bpppkb1/pp3pp1/7p/2PPPN2/2NB4/PP3PPP/R1BQ1RK1 w - - 2 9,e4e5,330,335,5
1n3kn1/r1pp2b1/pp2p2r/4Pp2/2PP3q/2NN1B2/PP3PPP/R2Q1RK1 w - - 2 19,h2h3,211,247,36
B4kn1/2pQ4/pp2p2r/5p2/2q5/2b4P/PPN2PP1/R5K1 w - - 0 26,b2c3,523,447,-76
rnbqkbnr/pppp1ppp/4p3/8/8/5N2/PPPPPPPP/RNBQKB1R w KQkq - 0 2,c2c4,19,22,3
rnbqkb1r/pp1p1ppp/4pn2/2p5/2P5/2N2N2/PP1PPPPP/R1BQKB1R w KQkq - 2 4,e2e4,22,18,-4
rnbqkb1r/pp3ppp/3ppn2/2p5/2P1P3/2N2N2/PP1P1PPP/R1BQKB1R w KQkq - 0 5,d2d4,54,58,4
r2q1rk1/pb2bppp/1pnppn2/8/2P1P3/2N1B3/PPN1BPPP/R2Q1RK1 w - - 2 11,f2f3,23,16,-7
2r2rk1/1bq1bppp/ppnppn2/8/2P1P3/2N1BP2/PPNQB1PP/R2R2K1 w - - 4 14,b2b3,46,34,-12
rnbqkbnr/pppppppp/8/8/8/8/PPPPPPPP/RNBQKBNR w KQkq - 0 1,e2e4,36,34,-2
rnbqkbnr/ppp1pppp/8/3p4/4P3/8/PPPP1PPP/RNBQKBNR w KQkq - 0 2,e4e5,64,-18,-82
rnbqkbnr/ppp2ppp/4p3/3pP3/8/8/PPPP1PPP/RNBQKBNR w KQkq - 0 3,d2d4,33,29,-4
r1bq1rk1/4n1pp/p3pp2/3pn3/2pP3N/8/PPPN1PPP/R2Q1RK1 w - - 0 14,d4e5,-355,-340,-15
rnbqkbnr/pppppppp/8/8/8/8/PPPPPPPP/RNBQKBNR w KQkq - 0 1,e2e4,30,27,-3
rn1qkb1r/ppp2ppp/3p1n2/4p3/2B1P1b1/2N2N2/PPPP1PPP/R1BQK2R w KQkq - 4 5,h2h3,47,44,-3
r2qkb1r/ppp2ppp/2np1n2/4p3/2B1P3/2N2Q1P/PPPP1PP1/R1B1K2R w KQkq - 1 7,a2a3,53,25,-28
r2qk2r/ppp1bppp/2np1n2/4p3/2B1P3/P1N2Q1P/1PPP1PP1/R1B1K2R w KQkq - 1 8,d2d3,104,18,-86
r2q1rk1/pp2bppp/3p1n2/n1p1p3/4P3/P1NPB2P/BPP2PP1/R2QK2R w KQ - 0 14,b2b4,205,54,-151
r2q1rk1/pp2bppp/3p1n2/n3p3/1p2P3/P1NPB2P/B1P2PP1/R2QK2R w KQ - 0 15,a3b4,61,58,-3
r2q1rk1/pp2bppp/2np1n2/4p3/1P2P3/2NPB2P/B1P2PP1/R2QK2R w KQ - 1 16,b4b5,70,67,-3
rn3rk1/pp2bppp/3p1n2/qP2p3/4P3/2NPB2P/B1P2PP1/1R1QK2R w K - 3 18,b5b6,173,-426,-599
rn3rk1/pp2bppp/1Pqp1n2/4p3/4P3/3PB2P/B1P2PP1/R2QK2R w K - 14 26,b6a7,-295,-279,-16
r4rk1/Pp1nbppp/2qp1n2/4p3/4P3/3PB2P/B1P2PP1/R2QK2R w K - 1 27,g2g4,-229,-259,30
r4rk1/P2nbppp/1pqp1n2/4p3/4P1P1/3PB2P/B1P2P2/R2QK2R w K - 0 28,g4g5,-28,-39,11
r3nrk1/P2nbppp/1pqp4/4p1P1/4P3/3PB2P/B1P2P2/R2QK2R w K - 1 29,h3h4,51,-262,-313
4n1k1/R2nbrpp/1pqp4/4p1P1/4P2P/3P4/2PB1P2/3QK2R w K - 7 35,h4h5,-8,-49,41
5k2/R2n2r1/1p1p1n2/4p2P/4P3/3P4/3K1P2/7R w - - 1 44,h5h6,8,1,-7
8/1R1nk1r1/1p1p3P/4p3/4P3/3P4/3K1n2/8 w - - 0 49,h6g7,532,410,-122
8/8/1R3n2/4p1k1/4P3/2KP4/8/8 w - - 3 56,d3d4,643,117,-526
8/4k3/8/3K4/4P3/8/8/8 w - - 2 63,e4e5,607,14,-593
8/5k2/8/4PK2/8/8/8/8 w - - 5 66,e5e6,10,0,-10
rnbqkbnr/pppppppp/8/8/8/8/PPPPPPPP/RNBQKBNR w KQkq - 0 1,e2e4,28,30,2
r1bqkbnr/pppp2pp/5p2/1B6/3pP3/8/PPPP1PPP/RNBQ1RK1 w kq - 0 6,d2d3,194,195,1
r2qkb1r/1pp1n1pp/p2p1p2/8/2BpP1b1/3P1N2/PPP2PPP/R1BQ1RK1 w kq - 2 10,h2h3,191,166,-25
r3kb1r/1ppqn1pp/p2p1p2/8/2BpP3/3P1Q1P/PPP2PP1/R1B2RK1 w kq - 1 12,e4e5,174,176,2
2kr1b1r/1ppqn1pp/p2p1p2/4P3/2Bp4/3P1Q1P/PPP2PP1/R1B2RK1 w - - 1 13,e5d6,215,74,-141
1k1r1b1r/1p4pp/p2p1p2/4n3/3Q4/3P3P/PPP2PP1/R1B1R1K1 w - - 1 19,f2f4,733,688,-45
1k1r1b1r/1p4pp/p4p2/3pn3/3Q1P2/3P3P/PPP3P1/R1B1R1K1 w - - 0 20,f4e5,704,776,72
1k3b1r/1p4pp/p4p2/3pP3/3Q4/3P3P/PPr3P1/R1B1R2K w - - 0 22,e5f6,871,745,-126
k6r/1p5p/p4p2/2bQ4/5B2/3P3P/PPr3P1/R3R2K w - - 1 25,a2a3,646,664,18
k3r3/1p5p/p4p2/3Q4/5B2/P2P3P/1Pr2bP1/R4R1K w - - 3 27,b2b4,684,679,-5
k7/1p5p/p4p2/3Q4/1P3B2/P2P3P/2r2bP1/R3rR1K w - - 1 28,a3a4,1221,708,-513
rnbqkbnr/pppppppp/8/8/8/8/PPPPPPPP/RNBQKBNR w KQkq - 0 1,d2d4,32,19,-13
rnbqkb1r/pppppppp/5n2/8/3P4/8/PPP1PPPP/RNBQKBNR w KQkq - 1 2,c2c4,23,23,0
rnbqkb1r/ppp1pppp/5n2/3p4/2PP4/8/PP2PPPP/RNBQKBNR w KQkq - 0 3,a2a3,36,-16,-52
rnbqk2r/ppp1ppbp/5np1/3p4/2PP4/P1N5/1P2PPPP/R1BQKBNR w KQkq - 2 5,c4c5,-33,-62,29
rnbqk2r/p1p1ppbp/1p3np1/2Pp4/3P4/P1N5/1P2PPPP/R1BQKBNR w KQkq - 0 6,b2b4,-43,-79,36
rnbqk2r/p1p1ppbp/5np1/2pp4/1P1P4/P1N5/4PPPP/R1BQKBNR w KQkq - 0 7,b4c5,-74,-85,11
r2q1rk1/p1p2pbp/b1n3p1/1NPpp3/3PnB2/PQ3N2/4PPPP/R3KB1R w KQ - 0 12,d4e5,-315,-300,-15
rnbqkbnr/pppppppp/8/8/8/8/PPPPPPPP/RNBQKBNR w KQkq - 0 1,e2e4,30,32,2
rnbqkbnr/pppp1ppp/4p3/8/4P3/8/PPPP1PPP/RNBQKBNR w KQkq - 0 2,d2d4,34,34,0
rnbqkbnr/ppp2ppp/4p3/3p4/3PP3/8/PPP2PPP/RNBQKBNR w KQkq - 0 3,e4e5,25,33,8
r3k1nr/p4ppp/4b3/1p2P3/8/8/PPP2KPP/R6R w kq - 1 16,b2b4,-684,-698,14
r3k2r/p4ppp/4b3/1p2P3/1n6/5K2/P1P3PP/R3R3 w kq - 0 19,c2c3,-773,-829,56
r6r/p3kppp/4b3/1p2P3/8/2P2K2/P5PP/R7 w - - 1 22,a2a4,-828,-820,-8
rnbqkbnr/pppppppp/8/8/8/8/PPPPPPPP/RNBQKBNR w KQkq - 0 1,e2e4,30,29,-1
r1bqk1nr/pppp1ppp/2n5/2b1p3/2B1P3/5N2/PPPP1PPP/RNBQK2R w KQkq - 4 4,c2c3,12,10,-2
r1bqk1nr/ppp2ppp/2np4/2b1p3/2B1P3/2P2N2/PP1P1PPP/RNBQK2R w KQkq - 0 5,d2d4,61,58,-3
r1bqk1nr/ppp2ppp/2np4/2b5/2BpP3/2P2N2/PP3PPP/RNBQK2R w KQkq - 0 6,c3d4,62,55,-7
r1bqk1nr/ppp2ppp/1bnp4/8/2BPP3/5N2/PP3PPP/RNBQK2R w KQkq - 1 7,d4d5,53,37,-16
r1bqk2r/ppp2p2/1b1p1nnp/3P2p1/2B1P3/2N2NB1/PP3PPP/R2QK2R w KQkq - 4 12,e4e5,56,15,-41
r1bq1rk1/pppn4/5p1p/3P2p1/2BQ4/2N5/PP3PPP/R4RK1 w - - 0 18,f2f4,300,311,11
r1bq1r2/pppn2k1/5p1p/3P2p1/2BQ1P2/2N5/PP4PP/R4RK1 w - - 1 19,f4g5,323,273,-50
rnbqkbnr/pppppppp/8/8/8/8/PPPPPPPP/RNBQKBNR w KQkq - 0 1,d2d4,31,22,-9
rnbqkb1r/pppppppp/5n2/8/3P4/8/PPP1PPPP/RNBQKBNR w KQkq - 1 2,c2c4,19,21,2
rnbqk2r/pppp1ppp/4pn2/8/1bPP4/2N5/PP2PPPP/R1BQKBNR w KQkq - 2 4,e2e3,19,8,-11
rnbq1rk1/pp1p1ppp/4pn2/2p5/1bPP4/1QN1P3/PP3PPP/R1B1KBNR w KQ - 0 6,a2a3,-7,-16,9
rnbq1rk1/pp1p1ppp/4pn2/8/1bPp4/PQN1P3/1P3PPP/R1B1KBNR w KQ - 0 7,e3d4,20,-21,-41
r4rk1/pb1p1ppp/1pn1pnq1/8/2PP4/PQN1BN2/1P2BPPP/R3K2R w KQ - 4 13,d4d5,595,585,-10
r4rk1/p2p1ppp/1pb3q1/n3Q3/2P5/P3BN2/1P2BPPP/R3K2R w KQ - 2 18,b2b4,504,462,-42
4R3/p4pkp/1ppr1p2/8/1PP5/P4B2/5PPP/6K1 w - - 2 32,h2h3,534,503,-31
8/2R2pkp/1p3p2/2p5/1Pr5/P4B1P/5PP1/6K1 w - - 0 36,b4c5,529,520,-9
5k2/5p1p/5p2/8/2B5/P6P/5PPK/8 w - - 1 41,a3a4,689,692,3
8/5p2/4kp2/1B5p/P4K2/7P/5PP1/8 w - - 2 45,g2g4,763,697,-66
8/4kp2/5p2/1B3K1p/P5P1/7P/5P2/8 w - - 3 47,f2f4,849,791,-58
8/4kp2/5p2/1B3K2/P4Pp1/7P/8/8 w - - 0 48,h3g4,792,783,-9
8/5K2/1k6/1B6/P4PP1/8/8/8 w - - 1 51,g4g5,947,1016,69
8/5K2/8/kB4P1/P4P2/8/8/8 w - - 1 52,g5g6,1010,1019,9
8/5K2/1k4P1/1B6/P4P2/8/8/8 w - - 1 53,g6g7,1083,1548,465
8/5KP1/8/kB6/P4P2/8/8/8 w - - 1 54,g7g8q,10000,10000,0
6Q1/8/6K1/1Bk5/P4P2/8/8/8 w - - 3 56,f4f5,1561,1429,-132
6Q1/8/1k4K1/1B3P2/P7/8/8/8 w - - 1 57,f5f6,10000,1173,-8827
6Q1/1k6/5PK1/1B6/P7/8/8/8 w - - 1 58,f6f7,10000,10000,0
6Q1/2k2P2/6K1/1B6/P7/8/8/8 w - - 1 59,f7f8q,10000,10000,0
rnbqkbnr/pppppppp/8/8/8/8/PPPPPPPP/RNBQKBNR w KQkq - 0 1,e2e4,34,33,-1
rnbqkbnr/ppp2ppp/4p3/3p4/4P3/5N2/PPPP1PPP/RNBQKB1R w KQkq - 0 3,e4d5,21,19,-2
rnbq1rk1/ppp1bppp/8/3nQ3/8/5N2/PPPP1PPP/R1B1KB1R w KQ - 0 8,c2c4,-584,-695,111
rnbq1rk1/ppp2ppp/1n3b2/8/2P5/5N2/PP1PQPPP/R1B1KB1R w KQ - 3 10,b2b3,-526,-852,326
rn2q1k1/ppp2ppp/1n3b2/8/2P5/1P3b2/P2PBPPP/1RB1K2R w K - 0 14,g2f3,-879,-894,15
r5k1/ppp2ppp/1n3n2/4q3/2P5/1P3P2/P1RPBP1P/4K2R w K - 3 18,c4c5,-837,-1021,184
5k2/pp3ppp/2p5/2Pn4/8/1P3q2/P2P1P1P/4R1K1 w - - 0 26,b3b4,-677,-704,27
5k2/pp3ppp/2p5/2P5/1n6/5q2/P2P1P1P/4R1K1 w - - 0 27,d2d4,-767,-843,76
5k2/p4ppp/1pp5/2Pn4/3P4/5q2/P4P1P/1R4K1 w - - 0 29,a2a4,-720,-778,58
5k2/p4ppp/1pp5/2Pn4/P2P4/3q4/5P1P/1R4K1 w - - 1 30,a4a5,-756,-998,242
5k2/p4ppp/2p5/p1Pn4/3P4/8/5PKP/1q6 w - - 0 32,f2f3,-1017,-1051,34
5k2/p4ppp/2p5/p1P5/3P1n2/5P2/7q/4K3 w - - 2 35,d4d5,-10000,-10000,0
rnbqkbnr/ppp1pppp/8/3p4/8/5N2/PPPPPPPP/RNBQKB1R w KQkq - 0 2,c2c4,21,-9,-30
rnbqkbnr/ppp1pppp/8/8/2p5/5N2/PP1PPPPP/RNBQKB1R w KQkq - 0 3,e2e4,37,22,-15
r2qkb1r/pppbpppp/2n2n2/8/2Q1P3/2N2N2/PP1P1PPP/R1B1KB1R w KQkq - 1 7,e4e5,135,121,-14
2rqkb1r/2pnpppp/2Q5/1N6/8/8/PP1P1PPP/R1B1K2R w KQk - 3 17,d2d4,286,282,-4
4k2r/3n1ppp/3Bp3/8/3P4/8/PPr2PPP/R4RK1 w k - 1 23,b2b3,487,300,-187
4k2r/3n1ppp/3Bp3/8/3P4/1P6/P2r1PPP/R4RK1 w k - 1 24,a2a4,412,350,-62
4k2r/5ppp/4p3/3rn3/P7/1P6/1B3PPP/R4RK1 w k - 4 27,a4a5,310,291,-19
5rk1/5ppp/4p3/P2rn3/8/1P6/1B3PPP/R4RK1 w - - 1 28,a5a6,272,266,-6
r4k2/5ppp/P3p3/3r4/1R6/1P6/1B3PPP/R5K1 w - - 1 32,a6a7,663,684,21
rnbqkbnr/pppppppp/8/8/8/8/PPPPPPPP/RNBQKBNR w KQkq - 0 1,e2e4,34,35,1
r1bqk1nr/pppp1ppp/2n5/2b1p3/2B1P3/5N2/PPPP1PPP/RNBQK2R w KQkq - 4 4,d2d3,15,7,-8
r1bqk2r/ppp2ppp/2np1n2/2b1p3/2B1P3/3P1N2/PPP2PPP/RNBQ1RK1 w kq - 0 6,c2c3,9,6,-3
r2qk2r/ppp2ppp/2np1n2/2b1p3/2B1P1b1/2PP1N2/PP3PPP/RNBQ1RK1 w kq - 1 7,a2a4,42,43,1
r2qk2r/1pp2ppp/p1np1n2/2b1p3/P1B1P1b1/2PP1N2/1P3PPP/RNBQ1RK1 w kq - 0 8,b2b4,56,31,-25
r2qk2r/bpp2ppp/p1np1n2/4p3/PPB1P1b1/2PP1N2/5PPP/RNBQ1RK1 w kq - 1 9,h2h3,45,42,-3
r2qk2r/bpp2ppp/p1np1n2/4p2b/PPB1P3/2PP1N1P/5PP1/RNBQ1RK1 w kq - 1 10,g2g4,44,0,-44
r2qk2r/bpp2ppp/p1np4/4p2b/PPB1P1n1/2PP1N1P/5P2/RNBQ1RK1 w kq - 0 11,h3g4,99,90,-9
rnbqkbnr/pppppppp/8/8/8/8/PPPPPPPP/RNBQKBNR w KQkq - 0 1,e2e4,30,32,2
rnbqkbnr/ppp2ppp/4p3/8/4N3/8/PPPP1PPP/R1BQKBNR w KQkq - 0 4,d2d4,52,54,2
rnbqk2r/ppp2pp1/4pn1p/2b5/3P4/5N2/PPP2PPP/R1BQKB1R w KQkq - 0 7,d4c5,-37,-47,10
r1b2rk1/pp1n1pp1/2p1pn1p/2P5/2B2B2/5N2/PPP2PPP/R2K3R w - - 2 11,b2b4,27,-77,-104
r4rk1/pb4p1/2p1p2p/1pP2p2/1P4n1/3B2B1/P1P2PPP/R2K3R w - - 0 16,f2f3,90,111,21
r4rk1/pb4p1/2p1pn1p/1pP2p2/1P6/3B1PB1/P1P3PP/R2K3R w - - 1 17,c2c4,156,91,-65
r4rk1/1b4p1/p1p1pn1p/1pP2p2/1PP5/3B1PB1/P5PP/R2K3R w - - 0 18,c4b5,195,62,-133
r4rk1/1b4p1/p3pn1p/1pP2p2/1P6/3B1PB1/P5PP/R2K3R w - - 0 19,a2a4,58,0,-58
r4rk1/6p1/p3pn1p/1pPb1p2/PP6/3B1PB1/6PP/R2K3R w - - 1 20,a4b5,141,128,-13
3r2k1/5rp1/B2Bp2p/2Pb1pn1/1P6/R4P2/4K1PP/1R6 w - - 9 27,b4b5,454,392,-62
3r2k1/5rp1/B2B3p/1PPbppn1/8/R4P2/4K1PP/1R6 w - - 0 28,b5b6,446,473,27
3r2k1/5rp1/BP1B3p/2Pb1pn1/4p3/R4P2/4K1PP/1R6 w - - 0 29,b6b7,494,463,-31
3r2k1/1P3rp1/B2B3p/2Pb1pn1/8/R4p2/4K1PP/1R6 w - - 0 30,g2f3,490,514,24
rnbqkbnr/pppppppp/8/8/8/8/PPPPPPPP/RNBQKBNR w KQkq - 0 1,e2e4,32,30,-2
r1bqk1nr/pppp1ppp/2n5/2b1p3/2B1P3/5N2/PPPP1PPP/RNBQK2R w KQkq - 4 4,c2c3,14,8,-6
r1bqk1nr/ppp2ppp/2np4/2b1p3/2B1P3/2P2N2/PP1P1PPP/RNBQK2R w KQkq - 0 5,d2d4,53,52,-1
r1bqk1nr/ppp2ppp/2np4/2b5/2BpP3/2P2N2/PP3PPP/RNBQK2R w KQkq - 0 6,c3d4,47,59,12
r1bqk1nr/1pp2ppp/pbnp4/8/2BPP3/2N2N2/PP3PPP/R1BQK2R w KQkq - 0 8,d4d5,142,42,-100
r1bqk2r/1pp1np2/pb1p1n1p/3P2p1/2B1P3/2N2NB1/PP3PPP/R2QK2R w KQkq - 2 12,e4e5,114,70,-44
r2q1rk1/1pp2p2/pb5p/3P1bp1/2B3n1/2N2N2/PP2RPPP/R2Q2K1 w - - 3 18,h2h3,39,38,-1
r2q1rk1/1p3p2/p1p4p/3P1bp1/2B5/2N2N1P/PP3KP1/R2Q4 w - - 0 21,d5c6,281,133,-148
rnbqkbnr/ppp2ppp/4p3/3p4/8/2N2N2/PPPPPPPP/R1BQKB1R w KQkq - 0 3,d2d4,-13,-22,9
rnbqkb1r/ppp2ppp/4pn2/3p4/3P4/2N2N2/PPP1PPPP/R1BQKB1R w KQkq - 1 4,e2e3,-21,-15,-6
rnbqkb1r/pp3ppp/4pn2/2pp4/3P4/2N1PN2/PPP2PPP/R1BQKB1R w KQkq - 0 5,d4c5,-11,-11,0
rn1q1rk1/pp1b1ppp/4pn2/2bp4/8/2NBPN2/PPP2PPP/R1BQ1RK1 w - - 4 8,e3e4,-1,15,16
r2q1rk1/pp1b1ppp/2n1pn2/2b5/3pP3/3B1N2/PPP1NPPP/R1BQ1RK1 w - - 2 10,e4e5,98,104,6
r2q1rk1/pp1b1ppp/2n1p3/2b1P3/3p2n1/3B1N2/PPP1NPPP/R1BQ1RK1 w - - 1 11,h2h3,107,-182,-289
r2q1rk1/pp1b1ppp/4p3/2b1n3/3p4/3B3P/PPP1NPP1/R1BQ1RK1 w - - 0 13,c2c3,-186,-243,57
r2q1rk1/pp1b1ppp/4p3/2b1n3/8/2pB3P/PP2NPP1/R1BQ1RK1 w - - 0 14,b2c3,-226,-284,58
r2q1rk1/pp3pp1/2b1p2p/4n3/8/2P1b2P/P1B1NPP1/R2Q1RK1 w - - 0 17,f2e3,-365,-372,7
5r1k/p5p1/1p5p/5p2/8/5n1P/P5P1/3R3K w - - 0 30,g2f3,-320,-349,29
8/p4r1k/1p5p/5pp1/8/5PKP/P7/3R4 w - - 0 33,h3h4,-155,-296,141
8/p4r2/1p4kp/5pp1/7P/5PK1/P7/3R4 w - - 1 34,h4g5,-259,-286,27
8/p4r2/1p4k1/5pp1/8/5PK1/P7/3R4 w - - 0 35,f3f4,-295,-357,62
8/p7/1p2k3/5p2/5Pp1/6K1/P7/8 w - - 2 41,a2a3,-587,-659,72
8/p7/1p6/3k1p2/5Pp1/P5K1/8/8 w - - 1 42,a3a4,-688,-694,6
rnbqkbnr/pppppppp/8/8/8/8/PPPPPPPP/RNBQKBNR w KQkq - 0 1,e2e4,28,27,-1
r1bqk1nr/pppp1ppp/2n5/2b1p3/2B1P3/5N2/PPPP1PPP/RNBQK2R w KQkq - 4 4,d2d3,11,8,-3
r1bqk2r/ppp2ppp/2np1n2/2b1p3/2B1P3/2NP1N2/PPP2PPP/R1BQK2R w KQkq - 0 6,a2a3,8,-3,-11
r2qk2r/ppp2ppp/2np1n2/2b1p3/2B1P1b1/P1NP1N2/1PP2PPP/R1BQK2R w KQkq - 1 7,h2h3,4,4,0
r2qk2r/ppp2ppp/3p1n2/2b1p3/2BnP3/P1NPBb1P/1PP2PP1/R2Q1RK1 w kq - 0 10,g2f3,-165,-150,-15
2kr3r/pppq2pp/1b1p4/3Bp3/1Q2p3/P2P1P1P/1PP2P1K/R4R2 w - - 2 17,a3a4,-257,-384,127
2kr3r/pp1q2pp/1bp5/3pp3/PQ2B3/3P1P1P/1PP2P1K/R4R2 w - - 0 19,a4a5,-468,-456,-12
2kr3r/ppbq2pp/2p5/P2pp3/1Q2B3/3P1P1P/1PP2P1K/R4R2 w - - 1 20,a5a6,-472,-461,-11
2kr3r/p1bq2pp/Pp6/3pp3/1Q6/3P1P1P/1PP2P1K/R4R2 w - - 0 22,c2c4,-520,-668,148
rnbqkbnr/pppppppp/8/8/8/8/PPPPPPPP/RNBQKBNR w KQkq - 0 1,e2e4,34,36,2
rnbqkb1r/pppppppp/5n2/8/4P3/8/PPPP1PPP/RNBQKBNR w KQkq - 1 2,d2d3,107,-5,-112
r1bqkb1r/pppp1ppp/2n2n2/4p3/4P3/3P1N2/PPP2PPP/RNBQKB1R w KQkq - 2 4,d3d4,-11,-96,85
r1bqkb1r/pppp1ppp/2n5/8/3Nn3/8/PPP2PPP/RNBQKB1R w KQkq - 0 6,f2f3,-132,-335,203
r1b1kb1r/pppp1ppp/2n5/8/3Nn2q/5P2/PPP3PP/RNBQKB1R w KQkq - 1 7,g2g3,-289,-310,21
r1b1kb1r/pppp1ppp/2n5/5n2/3q4/3B1P2/PPPK3P/RN1Q4 w kq - 2 13,c2c3,-1011,-1178,167
r1b2rk1/2p1bp1p/p1np2p1/1p6/8/2PBKP2/PP5P/6R1 w - - 0 22,h2h4,-1072,-1082,10
r1b2rk1/2p2p1p/p1np2p1/1p4b1/8/2PBKP2/PP6/7R w - - 2 24,f3f4,-1014,-1043,29
r4rk1/1bp2p1p/p1np1bp1/1p6/4BP2/2P1K3/PP6/7R w - - 3 26,b2b3,-987,-1120,133
r3r1k1/1bp2p1p/p1np1bp1/1p6/4BP2/1PP1K3/P7/7R w - - 1 27,b3b4,-1138,-1170,32
3rr1k1/1bp2p1p/p1n3p1/8/1bp1pP2/4K3/P7/8 w - - 0 33,f4f5,-1282,-1344,62
3rr1k1/1bp2p1p/p1n5/5p2/1bp1p3/4K3/P7/8 w - - 0 34,a2a3,-1317,-1337,20
rnbqkbnr/pppppppp/8/8/8/8/PPPPPPPP/RNBQKBNR w KQkq - 0 1,e2e4,32,37,5
r1bqkbnr/ppp2ppp/2np4/1B2p3/4P3/5N2/PPPP1PPP/RNBQK2R w KQkq - 0 4,d2d4,45,43,-2
5rk1/2p2ppp/p2p2q1/1p1Q4/3NP3/1Bb4b/P1P2PPP/5RK1 w - - 8 18,g2g3,-398,-557,159
rnbqkbnr/pppppppp/8/8/8/8/PPPPPPPP/RNBQKBNR w KQkq - 0 1,e2e4,37,33,-4
r1bqk1nr/pppp1ppp/2n5/2b1p3/2B1P3/5N2/PPPP1PPP/RNBQK2R w KQkq - 4 4,d2d3,11,11,0
r1bqk2r/pppp1ppp/2n2n2/2b1p3/2B1P3/3P1N2/PPP2PPP/RNBQK2R w KQkq - 1 5,c2c3,10,2,-8
r1bqk2r/ppp2ppp/2np1n2/2b1p3/2B1P3/2PP1N2/PP3PPP/RNBQK2R w KQkq - 0 6,a2a4,9,14,5
r2qk2r/1pp2ppp/p1np1n2/2b1p3/P1B1P1b1/2PP1N2/1P3PPP/RNBQ1RK1 w kq - 2 8,h2h3,34,32,-2
r2qk2r/1pp2ppp/p1np1n2/4p2b/P1B1P3/2PPbN1P/1P3PP1/RN1Q1RK1 w kq - 0 10,f2e3,45,42,-3
2kr3r/1ppq1ppp/p1np1n2/4p2b/P1B1P3/2PPPN1P/1P4PK/RN1Q1R2 w - - 3 12,b2b4,-44,-72,28
2kr3r/1ppq1p1p/p1np1n2/4p1pb/PPB1P3/2PPPN1P/6PK/RN1Q1R2 w - - 0 13,b4b5,77,-43,-120
2kr3r/1ppq1p1p/2np1n2/1p2p1pb/P1B1P3/2PPPN1P/6PK/RN1Q1R2 w - - 0 14,a4b5,163,184,21
1nkr3r/1ppq1p1p/3p1n2/1P2p2b/2B1P1p1/1QPPPN1P/6PK/RN3R2 w - - 0 16,h3g4,75,-68,-143
rnbqkbnr/pppppppp/8/8/8/8/PPPPPPPP/RNBQKBNR w KQkq - 0 1,e2e4,32,34,2
r1bqkbnr/pp1n1ppp/2p1p3/8/B3N3/8/PPPP1PPP/R1BQK1NR w KQkq - 2 6,d2d4,27,-18,-45
r3kb1r/pb1n1pp1/4pq1p/1pp5/3P4/1B2BN2/PPP2PPP/R2Q1RK1 w kq - 0 12,d4c5,9,-35,-44
r3kb1r/pb3pp1/4pq1p/1pn5/8/1B2BN2/PPP2PPP/R2Q1RK1 w kq - 0 13,c2c4,24,-4,-28
r3kb1r/1b3pp1/p3pq1p/1p6/2P5/1Q2BN2/PP3PPP/R4RK1 w kq - 0 15,c4b5,83,83,0
rnbqkbnr/pppppppp/8/8/8/8/PPPPPPPP/RNBQKBNR w KQkq - 0 1,e2e4,33,33,0
r1bq1rk1/2ppbppp/p1n2n2/1p2p3/4P3/1B3N2/PPPP1PPP/RNBQR1K1 w - - 2 8,c2c3,33,18,-15
r1bq1rk1/2p1bppp/p1n2n2/1p1pp3/4P3/1BP2N2/PP1P1PPP/RNBQR1K1 w - - 0 9,e4d5,29,55,26
r2q1rk1/2p1bppp/p1n2n2/1p1P2N1/4p1b1/1BP5/PP1P1PPP/RNBQR1K1 w - - 2 11,f2f3,-36,-34,-2
r2q1rk1/2p1bppp/p7/np1n4/6b1/2P2N2/PPBP2PP/RNBQR1K1 w - - 0 14,d2d4,-36,-26,-10
r4rk1/2p2p1p/p2b2p1/np1nN3/3P3q/2P5/PPQ3PP/RNB1R1K1 w - - 1 19,g2g3,-30,-50,20
4rrk1/2p4p/p2b1pp1/np1nN3/3P4/2P2NPq/PPQ4P/R1B1R1K1 w - - 0 22,b2b4,-40,-399,359
4rrk1/2p4p/p2b2p1/np1np3/1P1P4/2P2NPq/P1Q4P/R1B1R1K1 w - - 0 23,b4a5,-398,-574,176
4r1k1/2p4p/p2b2p1/Pp1np3/3PQ3/2P3rq/P6P/R1B1R1K1 w - - 0 25,h2g3,-629,-685,56
rnbqkbnr/pppppppp/8/8/8/8/PPPPPPPP/RNBQKBNR w KQkq - 0 1,e2e4,33,35,2
rnbqkbnr/ppp2ppp/3p4/4p3/2B1P3/8/PPPP1PPP/RNBQK1NR w KQkq - 0 3,d2d4,26,21,-5
rnbqkbnr/pppppppp/8/8/8/8/PPPPPPPP/RNBQKBNR w KQkq - 0 1,e2e4,33,35,2
r1bqk1nr/pppp1ppp/2n5/2b1p3/2B1P3/5N2/PPPP1PPP/RNBQK2R w KQkq - 4 4,c2c3,13,12,-1
r1bqk1nr/ppp2ppp/2np4/2b1p3/2B1P3/2P2N2/PP1P1PPP/RNBQK2R w KQkq - 0 5,d2d4,50,48,-2
r1bqk1nr/ppp2ppp/2np4/2b5/2BpP3/2P2N2/PP3PPP/RNBQK2R w KQkq - 0 6,c3d4,48,53,5
r1bqk1nr/ppp2ppp/1bnp4/8/2BPP3/5N2/PP3PPP/RNBQK2R w KQkq - 1 7,d4d5,47,31,-16
r1bqk1nr/pp3ppp/1bpp4/nB1P4/4P3/5N2/PP3PPP/RNBQK2R w KQkq - 0 9,d5c6,181,45,-136
r3r1k1/3b1ppp/1ppp1q2/8/2B1P1n1/2N5/PP2QPPP/R4RK1 w - - 0 18,f2f3,2,-207,-209
r3r1k1/3b1ppp/1pp2q2/3pn3/4P3/1BN2P2/PP2Q1PP/R4RK1 w - - 0 20,e4d5,99,106,7
r3r1k1/3b1ppp/1pp5/3P4/3q4/1BN1nP2/PP3QPP/R3R1K1 w - - 5 23,d5c6,233,250,17
7k/5np1/1Q5p/8/8/5PN1/P5PP/4R1K1 w - - 1 35,a2a4,1000,965,-35
7k/6p1/1Q5p/4n3/P7/5PN1/6PP/4R1K1 w - - 1 36,a4a5,10000,1058,-8942
rnbqkbnr/pppppppp/8/8/8/8/PPPPPPPP/RNBQKBNR w KQkq - 0 1,f2f4,36,-30,-66
rnbqkbnr/ppp1pppp/8/3p4/5P2/8/PPPPP1PP/RNBQKBNR w KQkq - 0 2,e2e3,-26,-32,6
rnbqkbnr/ppp1pppp/8/8/3p1P2/4P3/PPPP2PP/RNBQKBNR w KQkq - 0 3,e3d4,41,19,-22
rnb1kbnr/ppp1pppp/8/8/3q1P2/8/PPPP2PP/RNBQKBNR w KQkq - 0 4,d2d3,34,24,-10
rnb1k2r/ppp2ppp/4pn2/1q6/N4P2/3P1N2/PPPQ2PP/R3KB1R w KQkq - 1 10,b2b3,52,41,-11
rnb2rk1/ppp2ppp/4pn2/1q6/N4P2/1P1P1N2/P1PQ2PP/R3KB1R w KQ - 1 11,c2c4,67,38,-29
rnb1qrk1/ppp2ppp/5n2/4p3/N1P2P2/1P1P1N2/P2QB1PP/R3K2R w KQ - 0 13,f4e5,230,214,-16
rnb1qrk1/ppp2ppp/8/4P3/N1P3n1/1P1P1N2/P2QB1PP/R3K2R w KQ - 1 14,d3d4,320,352,32
rn2qrk1/ppp3pp/5p2/4Pb2/N1PP2n1/1P3N2/P2QB1PP/R4RK1 w - - 0 16,e5f6,387,274,-113
4r1k1/ppp3pp/5n2/8/N1PP4/1P3R2/P1n3PP/5BK1 w - - 4 25,d4d5,60,59,-1
rnbqkbnr/pppppppp/8/8/8/8/PPPPPPPP/RNBQKBNR w KQkq - 0 1,e2e4,34,35,1
rnbqkbnr/pppp1ppp/8/4p3/4P3/8/PPPP1PPP/RNBQKBNR w KQkq - 0 2,f2f4,28,-42,-70
rnbqkbnr/pppp1ppp/8/8/4Pp2/8/PPPP2PP/RNBQKBNR w KQkq - 0 3,h2h4,-52,-150,98
rnbqkb1r/ppp2ppp/3p1n2/8/4Pp1P/5N2/PPPP2P1/RNBQKB1R w KQkq - 2 5,d2d3,-108,-171,63
rn1qk2r/ppp2ppp/3p4/8/4PBbb/2NP1N2/PPP3PR/R2Q1K2 w kq - 0 11,g2g3,46,-203,-249
r3k2r/pp3pp1/2pp2qp/4b3/4P1b1/2NPB1P1/PPPQ2K1/5R1R w kq - 4 20,d3d4,-229,-248,19
r3k2r/pp3pp1/2pp1bqp/8/3PP1b1/2N1B1P1/PPPQ2K1/5R1R w kq - 1 21,e4e5,-251,-370,119
r3k2r/pp3pp1/2p2bqp/4p3/3P2b1/2N1B1P1/PPPQ2K1/5R1R w kq - 0 22,d4e5,-350,-408,58
rnbqkbnr/pppppppp/8/8/8/8/PPPPPPPP/RNBQKBNR w KQkq - 0 1,d2d4,27,22,-5
rnbqkbnr/pp1ppppp/8/2p5/3P4/8/PPP1PPPP/RNBQKBNR w KQkq - 0 2,c2c3,59,8,-51
rnbqkbnr/pp2pppp/8/3p4/2pP1B2/2P5/PP2PPPP/RN1QKBNR w KQkq - 0 4,e2e3,87,45,-42
r1bqk2r/pp3p2/2nbpn2/3pN1pp/2pP4/2P1P1B1/PP1NBPPP/R2Q1RK1 w kq - 0 11,h2h3,164,141,-23
r1bqk2r/pp3p2/2n1pn2/3pb1p1/2pP3p/2P1P2P/PP1NBPPB/R2Q1RK1 w kq - 0 13,d4e5,185,172,-13
r1bqk2r/pp1n1p2/2n1p3/3pP1p1/2p4p/2P1P2P/PP1NBPPB/R2Q1RK1 w kq - 1 14,f2f4,171,161,-10
r1bq3r/pp1nk3/2n1pp2/3pP1pB/2p2P1p/2P1P2P/PP1N2PB/R2Q1RK1 w - - 2 16,f4g5,309,307,-2
r1b1B3/ppQ5/2n1p3/2kp2p1/2p4p/2P1P2P/PP1N2P1/R5K1 w - - 6 27,b2b4,1036,1024,-12
rnbqkbnr/pppppppp/8/8/8/8/PPPPPPPP/RNBQKBNR w KQkq - 0 1,e2e4,35,33,-2
rnbqkbnr/pppp1ppp/8/4p3/4P3/8/PPPP1PPP/RNBQKBNR w KQkq - 0 2,d2d4,31,-9,-40
rnbqkbnr/pppp1ppp/8/8/3pP3/8/PPP2PPP/RNBQKBNR w KQkq - 0 3,c2c3,-6,-75,69
rnbqkbnr/pppppppp/8/8/8/8/PPPPPPPP/RNBQKBNR w KQkq - 0 1,d2d3,28,-11,-39
rnbqkbnr/ppp1pppp/8/3p4/8/3P4/PPP1PPPP/RNBQKBNR w KQkq - 0 2,e2e4,-16,-11,-5
rnbqkb1r/ppp1pppp/5n2/3p4/4P3/3P4/PPP2PPP/RNBQKBNR w KQkq - 1 3,e4e5,46,48,2
rnbqkb1r/pppnpppp/8/3pP3/8/3P4/PPP2PPP/RNBQKBNR w KQkq - 1 4,f2f4,42,42,0
r1bqkb1r/pppnpppp/2n5/3pP3/5P2/3P4/PPP3PP/RNBQKBNR w KQkq - 1 5,d3d4,72,68,-4
r1bqkb1r/pppn1ppp/2n1p3/3pP3/3P1P2/8/PPP3PP/RNBQKBNR w KQkq - 0 6,c2c3,106,98,-8
rnbqkbnr/pppppppp/8/8/8/8/PPPPPPPP/RNBQKBNR w KQkq - 0 1,d2d4,35,19,-16
rnbqkbnr/ppp1pppp/8/3p4/3P4/8/PPP1PPPP/RNBQKBNR w KQkq - 0 2,c2c4,18,20,2
r2qkb1r/ppp1pppp/2n2n2/6B1/2pP2b1/2N2N2/PP2PPPP/R2QKB1R w KQkq - 6 6,e2e4,134,-103,-237
r2qkb1r/ppp2p2/2n1pn1p/6p1/2pPP1b1/2N2NB1/PP3PPP/R2QKB1R w KQkq - 0 9,d4d5,6,-32,-38
r2qkb1r/ppp2p2/2n4p/3n2p1/2p1P1b1/5NB1/PP3PPP/R2QKB1R w KQkq - 0 11,e4d5,-463,-670,207
r3kb1r/pp2qp2/2p4p/3P2p1/Qn6/5bB1/PP2BPPP/R3K2R w KQkq - 0 15,g2f3,-77,-80,3
r3k2r/pp2b3/2p4p/3n2p1/Q1B5/5Pp1/PP3P1P/2KR4 w kq - 0 20,h2g3,416,386,-30
rnbqkbnr/pppppppp/8/8/8/8/PPPPPPPP/RNBQKBNR w KQkq - 0 1,e2e4,36,30,-6
r1bqk1nr/pppp1ppp/2n5/2b1p3/2B1P3/5N2/PPPP1PPP/RNBQK2R w KQkq - 4 4,d2d3,23,15,-8
r1bqk2r/pppp1ppp/2n2n2/2b1p3/2B1P3/3P1N2/PPP2PPP/RNBQK2R w KQkq - 1 5,h2h3,13,12,-1
r2qk2r/ppp2ppp/2npbn2/2b1p3/2B1P3/3P1N1P/PPP2PP1/RNBQ1RK1 w kq - 2 7,c2c3,16,-124,-140
r2qk2r/ppp2ppp/2np1n2/2b1p3/2b1P3/2PP1N1P/PP3PP1/RNBQ1RK1 w kq - 0 8,d3c4,-119,-125,6
r3k2r/pppq1ppp/2np1n2/2b1p3/2P1P3/2P2N1P/PP3PP1/RNBQ1RK1 w kq - 1 9,a2a4,-23,-161,138
r3k2r/1ppq1ppp/p1np1n2/2b1p3/P1P1P3/2P2N1P/1P3PP1/RNBQ1RK1 w kq - 0 10,b2b4,-37,-25,-12
r4rk1/bppqnpp1/p2p1n1p/4p3/PPP1P3/2P1BN1P/5PP1/RN1Q1RK1 w - - 2 14,b4b5,-24,-261,237
r4rk1/bppq1pp1/p2p1nnp/1P2p3/P1P1P3/2P1BN1P/5PP1/RN1Q1RK1 w - - 1 15,b5a6,-139,-190,51
1r4k1/1rpq1pp1/p2p1n1p/4p3/P1P1Pn2/2P1QN1P/3N1PP1/R4RK1 w - - 6 20,g2g3,-149,-320,171
rnbqkbnr/pppppppp/8/8/8/8/PPPPPPPP/RNBQKBNR w KQkq - 0 1,e2e3,23,8,-15
rnbqkbnr/ppp1pppp/8/3p4/8/4P3/PPPP1PPP/RNBQKBNR w KQkq - 0 2,f2f4,7,-30,-37
r1bqkbnr/ppp1pppp/2n5/3p4/5P2/4P3/PPPP2PP/RNBQKBNR w KQkq - 1 3,g2g3,9,-107,-116
r2qkb1r/ppp1pppp/2n2n2/3p1b2/5P2/4P1P1/PPPP2BP/RNBQK1NR w KQkq - 3 5,d2d3,-21,-111,90
r2qkb1r/ppp2ppp/2n1pn2/3p1b2/5P2/3PP1P1/PPP3BP/RNBQK1NR w KQkq - 0 6,h2h3,-10,-42,32
r2qk2r/ppp2ppp/2nbpn2/3p1b2/5P2/3PP1PP/PPP3B1/RNBQK1NR w KQkq - 1 7,g3g4,-6,-10,4
r2qk2r/ppp2ppp/2nbpnb1/3p4/5PP1/3PP2P/PPP3B1/RNBQK1NR w KQkq - 1 8,h3h4,-18,-163,145
r2qk2r/ppp2pp1/2nbpnbp/3p4/5PPP/3PP3/PPP3B1/RNBQK1NR w KQkq - 0 9,g4g5,-42,-91,49
r2qk2r/pppn1pp1/2nbp1bp/3p2P1/5P1P/3PP3/PPP3B1/RNBQK1NR w KQkq - 1 10,h4h5,-71,-122,51
r2qk2r/pppn1pp1/2nbp2p/3p1bPP/5P2/3PP3/PPP3B1/RNBQK1NR w KQkq - 1 11,g5h6,-91,-123,32
r3k3/ppp1qpp1/2nbpn1r/3p3P/5P2/3PPN1R/PPP5/RNBQK3 w Qq - 3 15,e3e4,-245,-320,75
2kr4/ppp1qpp1/2nbpn1r/3p3P/4PP2/3P1N1R/PPP5/RNBQK3 w Q - 1 16,f4f5,-26,-509,483
2kr4/ppp1qp2/2n1pn1p/2bp1P1P/4P3/3P1N1R/PPP5/RN1QK3 w Q - 0 18,e4e5,-234,-252,18
2kr4/ppp1qp2/2n1p2p/2bpPP1P/6n1/3P1N1R/PPP5/RN1QK3 w Q - 1 19,f5f6,-224,-348,124
2kr1q2/ppp2p2/2n1pP1p/2bpP2P/6n1/3P1N1R/PPP5/RN1QK3 w Q - 1 20,d3d4,-119,-235,116
2kr1q2/ppp2p2/2n1pP1p/3pP2P/1b1P2n1/5N1R/PPP5/RN1QK3 w Q - 1 21,c2c3,319,278,-41
2kr1q2/ppp2p2/1b2pP1p/n2pP2P/3P2Q1/2P4R/PP1N4/RN2K3 w Q - 1 24,b2b3,524,336,-188
2kr1q2/ppp2p2/1bn1pP1p/3pP2P/3P2Q1/1PP4R/P2N4/RN2K3 w Q - 1 25,b3b4,479,477,-2
2k2q2/pppr1p2/1bn1pP1p/3pP2P/1P1P2Q1/2P4R/P2N4/RN2K3 w Q - 1 26,a2a4,534,516,-18
2kn1q2/pppr1p2/1b2pP1p/3pP2P/PP1P2Q1/2P4R/3N4/RN2K3 w Q - 1 27,a4a5,594,611,17
2kn1q2/pppr1p2/4pP1p/P2pP2P/1P1b2Q1/2P4R/3N4/RN2K3 w Q - 0 28,c3d4,617,609,-8
rnbqkbnr/pppppppp/8/8/8/8/PPPPPPPP/RNBQKBNR w KQkq - 0 1,e2e3,25,9,-16
rnbqkbnr/pppppppp/8/8/8/8/PPPPPPPP/RNBQKBNR w KQkq - 0 1,e2e4,23,26,3
r1bqkbnr/pppp1ppp/2n5/4p3/4P3/5N2/PPPP1PPP/RNBQKB1R w KQkq - 2 3,d2d4,32,17,-15
r2qkb1r/pppb1ppp/3p1n2/8/2BQP3/8/PPP2PPP/RNB1K2R w KQkq - 4 8,e4e5,44,-94,-138
2rr2k1/pp5p/8/5ppq/6n1/2N3B1/PPP1BPP1/R4RK1 w - - 0 22,f2f4,-347,-373,26
rnbqkbnr/pppppppp/8/8/8/8/PPPPPPPP/RNBQKBNR w KQkq - 0 1,e2e4,38,36,-2
rnbqkbnr/pppp1ppp/4p3/8/4P3/8/PPPP1PPP/RNBQKBNR w KQkq - 0 2,d2d4,31,22,-9
rnbqkbnr/ppp2ppp/4p3/3p4/3PP3/8/PPP2PPP/RNBQKBNR w KQkq - 0 3,e4d5,30,15,-15
rnb1kb1r/ppp2ppp/4pn2/q7/3P4/2N2N2/PPP2PPP/R1BQKB1R w KQkq - 4 6,a2a3,112,49,-63
rnb1kb1r/pp3ppp/2p1pn2/q7/3P4/P1N2N2/1PP2PPP/R1BQKB1R w KQkq - 0 7,g2g3,115,61,-54
2r2rk1/pq4pp/1p2pp2/2n5/5Q2/P1N3P1/1PP2P1P/R4RK1 w - - 0 20,b2b4,16,-45,-61
4rrk1/pq5p/1p2n1p1/1Q6/1P6/P1N3p1/2P2P1P/R4RK1 w - - 0 27,f2g3,93,101,8
rnbqkbnr/pppppppp/8/8/8/8/PPPPPPPP/RNBQKBNR w KQkq - 0 1,e2e4,30,31,1
r1bqk1nr/pppp1ppp/2n5/2b1p3/2B1P3/5N2/PPPP1PPP/RNBQK2R w KQkq - 4 4,c2c3,15,16,1
r1bqk1nr/ppp2ppp/2np4/2b1p3/2B1P3/2P2N2/PP1P1PPP/RNBQK2R w KQkq - 0 5,d2d4,63,54,-9
r1bqk1nr/ppp2ppp/2np4/2b5/2BpP3/2P2N2/PP3PPP/RNBQK2R w KQkq - 0 6,c3d4,48,51,3
r1bq1rk1/1pp2ppp/pbnp1n2/6B1/2BPP3/2N2N2/PP3PPP/R2Q1RK1 w - - 4 10,e4e5,166,35,-131
r1bq1rk1/1pp2ppp/pbn2n2/4p1B1/2BP4/2N2N2/PP3PPP/R2Q1RK1 w - - 0 11,d4e5,50,70,20
r1b2rk1/1ppn1ppp/pbn5/4P1B1/2B5/2N2N2/PP3PPP/3R1RK1 w - - 1 13,e5e6,237,254,17
1r5k/6pp/R7/8/8/2N5/PP3PPP/5K2 w - - 1 24,b2b3,692,676,-16
7k/6p1/R6p/8/5N2/1P6/P2r1PPP/5K2 w - - 4 27,a2a4,684,599,-85
7k/6p1/7p/1R6/P4N2/rP6/5PPP/5K2 w - - 5 30,a4a5,707,701,-6
6k1/6p1/7p/PR6/5N2/rP6/5PPP/5K2 w - - 1 31,b3b4,720,588,-132
8/1R6/5k1p/P1N5/1P6/r7/5PPP/5K2 w - - 5 37,a5a6,740,737,-3
8/1R6/P6p/2N1k3/1P6/r7/5PPP/5K2 w - - 1 38,a6a7,733,737,4
8/PR6/4N2p/8/1P6/r2k4/5PPP/5K2 w - - 3 40,g2g3,758,761,3
8/PR4N1/7p/3k4/1P6/r5P1/5PKP/8 w - - 5 43,b4b5,748,780,32
8/PR6/3kN2p/1P6/8/r5P1/5PKP/8 w - - 3 45,b5b6,790,721,-69
rnbqkbnr/pppppppp/8/8/8/8/PPPPPPPP/RNBQKBNR w KQkq - 0 1,e2e4,35,32,-3
rnbqkbnr/pp1ppppp/8/2p5/4P3/8/PPPP1PPP/RNBQKBNR w KQkq - 0 2,f2f4,29,-6,-35
r1bqkbnr/pp1p1ppp/2n1p3/2p5/4PP2/5N2/PPPP2PP/RNBQKB1R w KQkq - 2 4,c2c4,1,-20,-21
r1bqkbnr/pp3ppp/2n1p3/2pp4/2P1PP2/5N2/PP1P2PP/RNBQKB1R w KQkq - 0 5,e4d5,-20,-26,6
r1bqkbnr/pp3ppp/2n5/2pp4/2P2P2/5N2/PP1P2PP/RNBQKB1R w KQkq - 0 6,c4d5,-28,-38,10
r1bq1r2/pp2bkp1/5n1p/n1p5/5P2/2N2N2/PPBP2PP/R1BQ1RK1 w - - 6 15,d2d4,219,153,-66
r1bq1rk1/pp2b1p1/5n1p/n7/3N1P2/2N5/PPB3PP/R1BQ1RK1 w - - 1 17,f4f5,179,20,-159
r1bqnrk1/pp4p1/7p/n4P2/3B4/2N5/PPB3PP/R2Q1RK1 w - - 1 20,a2a3,532,290,-242
r3n1k1/pp1b1rp1/2n4p/2BN1P2/8/P7/1PB3PP/3R1RK1 w - - 3 24,f5f6,556,315,-241
rnbqkbnr/pppppppp/8/8/8/8/PPPPPPPP/RNBQKBNR w KQkq - 0 1,d2d4,28,17,-11
rnbqkbnr/ppp1pppp/8/3p4/3P4/8/PPP1PPPP/RNBQKBNR w KQkq - 0 2,c2c4,20,21,1
rnbqk1nr/pp2ppbp/2p3p1/6B1/2pP4/2N2N2/PP2PPPP/R2QKB1R w KQkq - 2 6,e2e4,19,32,13
rnbqk2r/pp2ppbp/2p2np1/6B1/2pPP3/2N2N2/PP3PPP/R2QKB1R w KQkq - 1 7,e4e5,121,66,-55
rnbqk2r/pp2ppbp/2p3p1/4P1B1/2BP4/2n2N2/PP3PPP/R2QK2R w KQkq - 0 9,b2c3,135,130,-5
rnb2rk1/pp1qppbp/2p3p1/4P1B1/2BP4/2P2N2/P4PPP/R2Q1RK1 w - - 3 11,h2h4,247,238,-9
rnb2rk1/pp1q1pbp/2p1p1p1/4P1B1/2BP3P/2P2N2/P4PP1/R2Q1RK1 w - - 0 12,h4h5,292,284,-8
rnb2rk1/pp1q1p2/2p1pbpp/4P2P/2BP4/2P2N2/P4PP1/R2Q1RK1 w - - 0 14,e5f6,316,305,-11
r1b1Q3/p3R3/1pp2pn1/6pk/3P4/2P5/P4PP1/R5K1 w - - 0 29,f2f3,10000,900,-9100
r1b5/p6R/1pp2p2/6k1/3P1np1/2P1QP2/P5P1/R5K1 w - - 4 32,g2g3,850,783,-67
r1b5/p7/1pp3k1/5p2/3P2pR/2P1QPPn/P5K1/R7 w - - 0 35,f3g4,10000,809,-9191
rnbqkbnr/pppppppp/8/8/8/8/PPPPPPPP/RNBQKBNR w KQkq - 0 1,e2e4,27,31,4
rnbqkbnr/pppp1ppp/8/4p3/4P3/8/PPPP1PPP/RNBQKBNR w KQkq - 0 2,d2d4,35,-8,-43
r2qkbnr/pppb1ppp/2np4/1B6/4P3/8/PPP2PPP/RNBQK1NR w KQkq - 2 6,e4e5,23,-228,-251
4r2k/pp1q1ppp/2pp1b2/8/8/2N3Q1/PPP2PPP/R5K1 w - - 0 17,a2a4,-305,-333,28
4r2k/pp1q1ppp/2p2b2/3p4/P7/2N3Q1/1PP2PPP/R5K1 w - - 0 18,h2h3,-326,-342,16
7k/pp3p1p/2p3p1/4b3/P2p4/6QP/1PPN1PPK/4r3 w - - 2 24,f2f4,511,522,11
rnbqkbnr/pppppppp/8/8/8/8/PPPPPPPP/RNBQKBNR w KQkq - 0 1,e2e4,29,29,0
rnbqkbnr/pp1ppppp/8/2p5/4P3/8/PPPP1PPP/RNBQKBNR w KQkq - 0 2,d2d4,29,8,-21
rnbqkbnr/pp1ppppp/8/8/3pP3/8/PPP2PPP/RNBQKBNR w KQkq - 0 3,c2c3,10,-29,-39
r1bqkb1r/pp1p1ppp/2n1pn2/8/2B1P3/2N2N2/PP3PPP/R1BQK2R w KQkq - 2 7,e4e5,36,6,-30
r1bqkb1r/pp1p1ppp/2n1p3/4P3/2B3n1/2N2N2/PP3PPP/R1BQK2R w KQkq - 1 8,h2h3,-4,-246,242
rnbqkbnr/pppppppp/8/8/8/8/PPPPPPPP/RNBQKBNR w KQkq - 0 1,g2g3,31,12,-19
q3kbnr/p1pppppp/1pn5/8/8/6P1/PPPPPP1P/RNBQK1NR w KQk - 0 5,f2f3,579,541,-38
q3kbnr/p1pppp1p/1pn3p1/8/8/5PP1/PPPPP2P/RNBQK1NR w KQk - 0 6,e2e4,597,564,-33
q3k1nr/p1ppppbp/1pn3p1/8/4P3/5PP1/PPPP3P/RNBQK1NR w KQk - 1 7,c2c3,562,561,-1
q3k2r/p1ppppbp/1pn2np1/8/4P3/2P2PP1/PP1P3P/RNBQK1NR w KQk - 1 8,d2d4,592,606,14
q4rk1/p1ppppbp/1pn2np1/8/3PP3/2P2PP1/PP5P/RNBQK1NR w KQ - 1 9,e4e5,599,514,-85
q3nrk1/p1ppppbp/1pn3p1/4P3/3P4/2P2PP1/PP5P/RNBQK1NR w KQ - 1 10,f3f4,557,311,-246
q2nnrk1/p4pbp/1p2p1p1/2ppP3/3P1P2/2P1BNP1/PP2Q2P/RN2K2R w KQ - 0 14,d4c5,646,645,-1
rnbqkbnr/pppppppp/8/8/8/8/PPPPPPPP/RNBQKBNR w KQkq - 0 1,e2e4,27,29,2
r1bqk1nr/pppp1ppp/2n5/2b1p3/2B1P3/5N2/PPPP1PPP/RNBQK2R w KQkq - 4 4,d2d3,18,13,-5
r1bqk2r/ppp2ppp/2np1n2/2b1p3/2B1P3/3P1N2/PPP2PPP/RNBQ1RK1 w kq - 0 6,h2h3,10,1,-9
r2qk2r/ppp3pp/2nppn2/2b1p3/4P3/3P1N1P/PPP2PP1/RNBQ1RK1 w kq - 0 8,c2c3,16,2,-14
r4rk1/p1p1q1pp/1pn1pn2/2bpp1N1/4P3/1QPP3P/PP1N1PP1/R1B2RK1 w - - 0 12,e4d5,-9,-19,10
r2n1rk1/p1p1q1pp/1p3n2/1Qbpp1N1/8/2PP3P/PP1N1PP1/R1B2RK1 w - - 2 14,d3d4,-87,-163,76
r2n1rk1/p1p1q1pp/1p3n2/1Qbp2N1/3p4/2P4P/PP1N1PP1/R1B2RK1 w - - 0 15,c3d4,-161,-166,5
rnbqkbnr/pppppppp/8/8/8/8/PPPPPPPP/RNBQKBNR w KQkq - 0 1,e2e4,29,28,-1
r1bqkb1r/pp1p1pp1/2n1pn1p/2p5/2B5/5N2/PPPP1PPP/RNBQR1K1 w kq - 2 8,d2d4,-195,-191,-4
rnbqkbnr/pppppppp/8/8/8/8/PPPPPPPP/RNBQKBNR w KQkq - 0 1,e2e4,33,29,-4
rnb2rk1/ppp2ppp/3p1n2/2b1p1N1/2B1P3/8/PPPP1PPP/RNB1K2R w KQ - 2 7,c2c3,-37,-208,171
rnb2rk1/ppp2pp1/1b1p3p/4p3/2B1n3/2P2N2/PP1P1PPP/RNB2RK1 w - - 2 10,d2d3,-206,-213,7
rnb2rk1/ppp2pp1/1b1p1n1p/4p3/2B5/2PP1N2/PP3PPP/RNB2RK1 w - - 1 11,a2a4,-215,-224,9
rnb2rk1/1pp2pp1/3p1n1p/p3p3/P1B5/2PPbN2/1P3PPP/RN3RK1 w - - 0 13,f2e3,-229,-231,2
r4rk1/1ppn1pp1/3p3p/p3p3/P5n1/2PPPN2/RP4PP/1N2R1K1 w - - 1 17,d3d4,-216,-229,13
r4rk1/1ppn1p2/3p2pp/p7/P2Pp1nN/2P1P3/RP4PP/1N2R1K1 w - - 0 19,h2h3,-212,-210,-2
r4rk1/1ppn1p2/3p1npp/p7/P2Pp2N/2P1P2P/RP4P1/1N2R1K1 w - - 1 20,g2g4,-200,-245,45
r4rk1/1p1n1p2/5n1p/p1pp2p1/P2Pp1P1/2P1P2P/RP1N2N1/4R1K1 w - - 0 23,b2b4,-157,-183,26
r4rk1/1p1n1p2/5n1p/2pp2p1/Pp1Pp1P1/2P1P2P/R2N2N1/4R1K1 w - - 0 24,c3b4,-184,-196,12
8/8/4k2p/2KN2p1/3Pp1p1/4P2P/3n4/8 w - - 0 48,h3g4,-10,-9,-1
4N3/8/6kp/6p1/3P4/3nPK2/8/8 w - - 3 65,d4d5,-2,-16,14
4N3/8/6k1/2nP3p/5Kp1/4P3/8/8 w - - 2 70,e3e4,-4,-30,26
4N3/8/8/3P2kp/4P1p1/3n2K1/8/8 w - - 3 72,d5d6,-29,-25,-4
8/8/3P1n2/8/8/6k1/7p/7K w - - 0 93,d6d7,-10000,-10000,0
rnbqkbnr/pppppppp/8/8/8/8/PPPPPPPP/RNBQKBNR w KQkq - 0 1,d2d4,25,14,-11
rnbqkbnr/pppp1ppp/8/4p3/3P4/8/PPP1PPPP/RNBQKBNR w KQkq - 0 2,d4e5,126,114,-12
rnbqkbnr/ppp3pp/5p2/3pP3/8/5N2/PPP1PPPP/RNBQKB1R w KQkq d6 0 4,e5f6,202,104,-98
r1bqkb1r/pppn2pp/5n2/3p2B1/8/5N2/PPP1PPPP/RN1QKB1R w KQkq - 2 6,e2e3,149,138,-11
r1b3qr/pppnk3/7p/2bp1Bp1/8/4PNn1/PPPN1PPP/R2QK2R w KQ - 0 13,h2g3,225,220,-5
2r5/ppp5/7R/1kbp1Np1/2n3p1/4P1P1/PPP1QPP1/2K5 w - - 3 23,b2b3,706,729,23
4r3/ppp5/7R/1kbp1Np1/2n3p1/1P2P1P1/P1P1QPP1/2K5 w - - 1 24,b3c4,806,814,8
4r3/ppp5/7R/1kb2Np1/2p3p1/4P1P1/P1P1QPP1/2K5 w - - 0 25,c2c3,836,772,-64
rnbqkbnr/pppppppp/8/8/8/8/PPPPPPPP/RNBQKBNR w KQkq - 0 1,d2d4,35,23,-12
rnbqkbnr/ppp1pppp/8/3p4/3P4/8/PPP1PPPP/RNBQKBNR w KQkq - 0 2,c2c4,22,24,2
r1bqk1nr/ppp1ppbp/2n3p1/6B1/2pP4/2N2N2/PP2PPPP/R2QKB1R w KQkq - 2 6,e2e4,58,-21,-79
r1bqk1nr/ppp1ppb1/2n3p1/6Bp/2pPP3/2N2N2/PP3PPP/R2QKB1R w KQkq - 0 7,e4e5,206,32,-174
r1bqk1nr/ppp1p1b1/2n2pp1/4P1Bp/2pP4/2N2N2/PP3PPP/R2QKB1R w KQkq - 0 8,e5f6,151,153,2
r1b1k2r/ppp1q1b1/2n2ppn/7p/2pP3B/5N2/PP2NPPP/R2QKB1R w KQkq - 4 11,g2g3,-279,-385,106
r4rk1/ppp1q1b1/7n/4n1pp/2pP2b1/6P1/PP2NPBP/R2Q1RK1 w - - 0 16,d4e5,-555,-553,-2
r4r1k/ppp3b1/7n/3Bq1pp/2p3b1/6P1/PP2NP1P/R2Q1RK1 w - - 2 18,f2f3,-643,-645,2
rnbqkbnr/ppp2ppp/4p3/3p4/8/2N2N2/PPPPPPPP/R1BQKB1R w KQkq - 0 3,e2e3,-13,-20,7
r2qkb1r/1ppn1ppp/p3pn2/3p4/8/2N1PN2/PPPP1PPP/R1BQ1RK1 w kq - 0 7,d2d3,-12,-1,-11
r2qk2r/1ppnbppp/p3pn2/3p4/8/2NPPN2/PPP2PPP/R1BQ1RK1 w kq - 1 8,a2a3,20,-10,-30
r2q1rk1/1ppnbppp/p3pn2/3p4/8/P1NPPN2/1PP2PPP/R1BQ1RK1 w - - 1 9,e3e4,-12,-11,-1
r2q1rk1/1p1nbppp/p1p1pn2/3p4/4P3/P1NP1N2/1PP2PPP/R1BQ1RK1 w - - 0 10,e4e5,32,38,6
r2q1rk1/1p1nbppp/p1p1p3/3pP3/6n1/P1NP1N2/1PP2PPP/R1BQ1RK1 w - - 1 11,h2h3,82,-222,-304
r2q1rk1/1p2bppp/p1p1p3/3pn3/8/P1NP3P/1PP2PP1/R1BQ1RK1 w - - 0 13,f2f4,-218,-213,-5
r2qr1k1/5ppp/p1p1pn2/1pbp4/5P2/P1NP3P/1PPBQ1P1/R4R1K w - - 0 18,b2b4,-159,-213,54
r2qr1k1/5ppp/2p1pn2/1p2Q3/1p1p1P2/P2P3P/1BP3P1/1R3R1K w - - 0 23,a3b4,-30,-30,0
3qr1k1/6pp/2p1pp2/1p1n3Q/1P1B1P2/3P3P/r1P3P1/1R3R1K w - - 2 26,c2c3,-1,-34,33
3qr1k1/6pp/2p2p2/1p1np2Q/1P1B1P2/2PP3P/r5P1/1R3R1K w - - 0 27,f4e5,135,141,6
3q2k1/7p/2p3pQ/1p6/1P6/2nP1R1P/r3r1P1/6RK w - - 0 32,h3h4,279,-455,-734
3q2k1/7p/2p3pQ/1p6/1P5P/3P2R1/r3nrP1/6RK w - - 3 34,h4h5,-606,-10000,9394
rnbqkbnr/pppppppp/8/8/8/8/PPPPPPPP/RNBQKBNR w KQkq - 0 1,e2e4,29,29,0
r1bqk1nr/pppp1ppp/2n5/2b1p3/2B1P3/5N2/PPPP1PPP/RNBQK2R w KQkq - 4 4,c2c3,17,13,-4
r1bqk1nr/ppp2ppp/2np4/2b1p3/2B1P3/2P2N2/PP1P1PPP/RNBQK2R w KQkq - 0 5,d2d4,74,47,-27
r1bqk1nr/ppp2ppp/2np4/2b5/2BpP3/2P2N2/PP3PPP/RNBQK2R w KQkq - 0 6,c3d4,58,60,2
r1b1k2r/1p1q1pp1/pQnp1n1p/8/2BPP3/5N2/PP3PPP/R1B2RK1 w kq - 1 13,e4e5,363,350,-13
r1b1k2r/1p1q1pp1/pQn2n1p/4p3/2BP4/5N2/PP3PPP/R1B2RK1 w kq - 0 14,d4e5,343,221,-122
r1b2rk1/1p1q1pp1/pQn4p/4P3/2B3n1/5N2/PP3PPP/R1B1R1K1 w - - 3 16,e5e6,423,307,-116
rnbqkbnr/pppppppp/8/8/8/8/PPPPPPPP/RNBQKBNR w KQkq - 0 1,e2e4,24,30,6
rnbqkbnr/pp1ppppp/8/2p5/4P3/8/PPPP1PPP/RNBQKBNR w KQkq - 0 2,f2f4,35,-14,-49
rnbqkbnr/pp3ppp/4p3/2pp4/4PP2/5N2/PPPP2PP/RNBQKB1R w KQkq - 0 4,e4d5,-15,-35,20
rnbqkbnr/pp3ppp/8/2pp4/5P2/5N2/PPPP2PP/RNBQKB1R w KQkq - 0 5,d2d4,-44,-58,14
rnbqkb1r/pp3ppp/5n2/2pp4/3P1P2/5N2/PPP3PP/RNBQKB1R w KQkq - 1 6,d4c5,-56,-159,103
r1bqkb1r/pp3ppp/2n2n2/2Pp4/5P2/5N2/PPP3PP/RNBQKB1R w KQkq - 1 7,c2c3,-28,-325,297
r2qr1k1/pp2bppp/2n2n2/3p4/5P2/2P1Nb2/PPQB2PP/R3KB1R w KQ - 0 13,g2f3,-527,-533,6
r2qr1k1/pp2bppp/2n2n2/8/3p1P2/2P1NP2/PPQB3P/R3KB1R w KQ - 0 14,c3d4,-366,-577,211
rnbqkbnr/pppppppp/8/8/8/8/PPPPPPPP/RNBQKBNR w KQkq - 0 1,f2f4,32,-17,-49
rnbqkbnr/ppp1pppp/8/3p4/5P2/8/PPPPP1PP/RNBQKBNR w KQkq - 0 2,e2e3,-26,-25,-1
rnbqkbnr/ppp2ppp/4p3/3p4/5P2/4P3/PPPP2PP/RNBQKBNR w KQkq - 0 3,d2d4,-12,-19,7
rnbqkbnr/pp3ppp/4p3/2pp4/3P1P2/4P3/PPP3PP/RNBQKBNR w KQkq - 0 4,c2c3,-18,-19,1
rnbqkbnr/p5p1/4pp2/1p1p3p/2pP1P2/2P1PN2/PP1NB1PP/R1BQK2R w KQkq - 0 8,b2b3,181,160,-21
rnbqkbnr/p5p1/4pp2/1p1p4/2pP1P1p/1PP1PN2/P2NB1PP/R1BQK2R w KQkq - 0 9,b3c4,165,105,-60
rnbqkbnr/p5p1/4pp2/3p4/2pP1P2/2P1PN1p/P2NB1PP/1RBQK2R w Kkq - 0 11,g2g3,87,91,4
7r/p4kp1/b1n2p2/3ppn2/2pP1P2/q1P1PNPp/P1QN1K1P/1R1B4 w - - 0 23,f4e5,459,263,-196
7r/p4kp1/b1n5/3ppn2/2pP4/q1P1PNPp/P1QN1K1P/1R1B4 w - - 0 24,d4e5,551,195,-356
7r/p5p1/b3k3/3pPn2/2pn4/q1P1P1Pp/P1QN1K1P/1R1B4 w - - 0 26,e3d4,271,298,27
8/p7/6pk/3QP3/2pP4/2q2NK1/7P/8 w - - 0 42,e5e6,589,562,-27
8/p7/4P1p1/6k1/2pP4/6K1/7P/8 w - - 0 45,e6e7,699,732,33
8/p3P3/5kp1/8/2pP4/6K1/7P/8 w - - 1 46,e7e8q,780,795,15
rnbqkbnr/pppppppp/8/8/8/8/PPPPPPPP/RNBQKBNR w KQkq - 0 1,e2e4,34,31,-3
r1bqkbnr/ppp2pp1/2np3p/4p3/2B1P3/5N2/PPPP1PPP/RNBQ1RK1 w kq - 0 5,c2c3,76,56,-20
r1b1kbnr/ppp1qpp1/2np3p/4p3/2B1P3/2P2N2/PP1P1PPP/RNBQ1RK1 w kq - 1 6,d2d4,99,120,21
r3kbnr/ppp1qpp1/2npb2p/4p3/2BPP3/2P2N2/PP3PPP/RNBQ1RK1 w kq - 1 7,d4d5,480,470,-10
r3kb1r/ppp1qpp1/2npbn1p/3Pp3/2B1P3/2P2N2/PP3PPP/RNBQ1RK1 w kq - 1 8,d5e6,500,484,-16
4r3/2pkq3/2ppn1p1/1p2b1p1/8/2P1R2Q/PP3PPP/4R1K1 w - - 6 21,g2g3,-206,-303,97
4r3/2pk4/2pp2p1/1pn1b1p1/6q1/2PRR1P1/PP3P1P/6K1 w - - 2 25,f2f3,-787,-864,77
4r3/2pk4/2pp2p1/1pn1b3/6p1/2P1RPPq/PP1R3P/6K1 w - - 0 27,f3g4,-767,-756,-11
4r3/2pk4/2pp2p1/1pn1b3/6q1/2P1R1P1/PP1R3P/6K1 w - - 0 28,b2b4,-765,-885,120
4r3/2pk4/n1pp2p1/1p2b3/1P4q1/2P1R1P1/P2R3P/6K1 w - - 1 29,a2a3,-814,-847,33
4k3/2p5/n1pp4/1p4p1/1P1q4/P1P1K1P1/7P/8 w - - 0 34,c3d4,-401,-437,36
4k3/2p5/n2p4/1pp3p1/1P1P4/P3K1P1/7P/8 w - - 0 35,d4c5,-383,-422,39
4k3/2p5/n7/1pp3p1/1P6/P3K1P1/7P/8 w - - 0 36,b4c5,-434,-438,4
8/1npk4/8/1p1K2p1/8/P5P1/7P/8 w - - 4 39,h2h3,-385,-424,39
8/1n6/3k4/1p4p1/2pK4/P5PP/8/8 w - - 2 42,h3h4,-401,-455,54
8/1n6/3k4/1p6/2pK3p/P5P1/8/8 w - - 0 43,g3h4,-412,-460,48
3n4/8/3k4/1p6/2pK3P/P7/8/8 w - - 1 44,h4h5,-468,-518,50
8/5n2/8/7P/1p6/1kp5/8/1K6 w - - 2 53,h5h6,-683,-1284,601
rnbqkbnr/pppppppp/8/8/8/8/PPPPPPPP/RNBQKBNR w KQkq - 0 1,e2e4,32,29,-3
rnbqkbnr/ppp1pppp/8/3p4/4P3/8/PPPP1PPP/RNBQKBNR w KQkq - 0 2,e4d5,82,75,-7
rn2kbnr/ppp1pppp/3q4/5b2/8/2N2N2/PPPP1PPP/R1BQKB1R w KQkq - 4 5,g2g3,101,42,-59
4kbnr/p1pbpppp/8/1r6/8/5QP1/PP1P1P1P/1RB2RK1 w k - 0 15,d2d4,10000,467,-9533
Q4b1r/p1pbkppp/5n2/4r3/3P4/6P1/PP3P1P/1RB3K1 w - - 0 19,d4e5,634,661,27
Q4b1r/p1pbk1pp/5p2/4P1Bn/8/6P1/PP3P1P/1R4K1 w - - 0 21,e5f6,698,672,-26
2r5/Q1p2k1p/4bp1b/7n/7B/6P1/PP3P1P/1R4K1 w - - 1 27,f2f4,595,496,-99
3r1k2/4b3/2Q2p2/8/5P2/6B1/PP5P/4R1K1 w - - 7 36,h2h4,832,731,-101
rnbqkbnr/pppppppp/8/8/8/8/PPPPPPPP/RNBQKBNR w KQkq - 0 1,e2e3,36,14,-22
rnbqkbnr/pppp1ppp/4p3/8/8/4P3/PPPP1PPP/RNBQKBNR w KQkq - 0 2,d2d4,8,9,1
rnbqkbnr/ppp2ppp/4p3/3p4/3P4/4P3/PPP2PPP/RNBQKBNR w KQkq - 0 3,b2b3,10,9,-1
rnbqkbnr/pp3ppp/2p1p3/3p4/3P4/1P2P3/P1P2PPP/RNBQKBNR w KQkq - 0 4,c2c4,30,27,-3
r1bqkbnr/pp1n1ppp/2p1p3/3p4/2PP4/1P2P3/P4PPP/RNBQKBNR w KQkq - 1 5,c4c5,27,-66,-93
r1bqk1nr/pp1nbppp/2p1p3/2Pp4/3P4/1P2P3/P4PPP/RNBQKBNR w KQkq - 1 6,b3b4,-31,-64,33
r1bq1rk1/pp1nbppp/2p1pn2/2Pp4/1P1P4/4P3/PB3PPP/RN1QKBNR w KQ - 3 8,a2a4,-11,-80,69
r2q1rk1/pb1nbppp/1pp1pn2/2Pp4/PP1P4/4P3/1B2BPPP/RN1QK1NR w KQ - 2 10,f2f3,32,-332,-364
2rq1rk1/pb1nbp2/1pp1p1p1/2Pp2np/PP1P4/3BPP1N/1BQ3PP/RN3RK1 w - - 4 15,f3f4,196,134,-62
2rq1rk1/pb1nbp2/1pp1p1p1/2Pp3p/PP1P1P2/3BP2n/1BQ3PP/RN3RK1 w - - 0 16,g2h3,135,146,11
2rq1rk1/pb1n1p2/1pp3p1/2Ppp2p/PP1P1P1b/3BPR1P/1BQ4P/RN4K1 w - - 0 18,f4e5,283,249,-34
2r2rk1/pb1n4/1pp3p1/2Ppp1qp/PP1P3b/3BPR1P/1BQN3P/R4K2 w - - 0 21,d4e5,-378,-390,12
rnbqkbnr/pppppppp/8/8/8/8/PPPPPPPP/RNBQKBNR w KQkq - 0 1,e2e4,30,33,3
rnbqkbnr/pppp1ppp/8/4p3/4P3/8/PPPP1PPP/RNBQKBNR w KQkq - 0 2,d2d4,28,1,-27
r1bqkbnr/pppp1ppp/2n5/4p3/3PP3/8/PPP2PPP/RNBQKBNR w KQkq - 1 3,d4d5,58,57,-1
r1bqkb1r/ppp1np1p/3p1np1/3Pp3/4P3/2NB1N2/PPP2PPP/R1BQK2R w KQkq - 0 7,h2h3,26,5,-21
r1bqk2r/pp2npbp/2pp1np1/3Pp3/4P3/2NB1N1P/PPP2PP1/R1BQ1RK1 w kq - 0 9,d5c6,9,20,11
1rbq1rk1/p3npbp/2pp1np1/4p1B1/4P3/2NB1N1P/PPP1QPP1/R4RK1 w - - 4 12,b2b3,20,-34,-54
1r1q1rk1/pb2npb1/2p3pp/3pp3/2B1Pn1B/1PN1QN1P/P1P2PP1/3R1RK1 w - - 0 17,e4d5,77,97,20
1r1q1rk1/pb3p2/6n1/3p2Q1/2B2n2/1PN4P/P1P2PP1/3R1RK1 w - - 1 22,h3h4,-125,-558,433
1r3rk1/pb3p2/6n1/3p2q1/2B2n1P/1PN5/P1P2PP1/3R1RK1 w - - 0 23,h4g5,-518,-533,15
1r3rk1/pb3p2/6n1/6P1/2p2n2/1PN5/P1P2PP1/3R1RK1 w - - 0 24,b3c4,-532,-532,0
1r3rk1/pb3p2/6n1/6P1/2P5/2N5/P1P2Pn1/3R1RK1 w - - 0 25,f2f3,-499,-618,119
rnbqkbnr/pppppppp/8/8/8/8/PPPPPPPP/RNBQKBNR w KQkq - 0 1,g2g3,28,11,-17
rnbqkb1r/ppp3pp/5n2/3p1p2/3Np3/6P1/PPPPPPBP/RNBQ1RK1 w kq - 2 6,e2e3,26,-83,-109
rnbqk2r/ppp1b1pp/5n2/3p1p2/3Np3/4P1P1/PPPP1PBP/RNBQ1RK1 w kq - 1 7,d2d3,-52,-47,-5
rnbq1rk1/ppp1b1pp/5n2/3p1p2/3Np3/3PP1P1/PPP2PBP/RNBQ1RK1 w - - 1 8,d3e4,-37,-49,12
rnbq1rk1/ppp1b1pp/5n2/5p2/3Np3/4P1P1/PPP2PBP/RNBQ1RK1 w - - 0 9,c2c3,-48,-90,42
r1bq1rk1/pppnb1pp/5n2/5p2/3Np3/2P1P1P1/PP3PBP/RNBQ1RK1 w - - 1 10,b2b4,250,-122,-372
r2q1rk1/pppbb1pp/8/4np2/1P1Np1n1/2P1P1P1/PB1N1PBP/R2Q1RK1 w - - 5 13,a2a4,-98,-110,12
r2q1rk1/pppbb1pp/5n2/8/PP1Np3/2P1P1P1/1Q3PBP/R4RK1 w - - 1 17,a4a5,-416,-439,23
r2q1rk1/pppb2pp/3b4/P2n4/1P1Np3/2P1P1P1/1Q3PBP/3R1RK1 w - - 3 19,c3c4,59,-340,-399
r2q1rk1/ppp3pp/3b1n2/Pb6/1PP1p3/4P1P1/1Q3PBP/3R1RK1 w - - 0 21,c4b5,-391,-396,5
r4rk1/ppp3pp/3b4/PP4q1/1P2B1n1/4P1P1/1Q3P1P/3R1RK1 w - - 1 23,h2h4,11,-229,-240
5r1k/p1p3pp/2Bb2rq/PP6/1P1R2nP/1Q2P1P1/5P2/5RK1 w - - 5 28,b5b6,-50,-107,57
5r1k/2p3pp/1pBb2rq/P7/1P1R2nP/1Q2P1P1/5P2/5RK1 w - - 0 29,a5b6,8,-282,-290
5r1k/6pp/1pBb2rq/8/1P1R2nP/1Q2P1P1/5P2/5RK1 w - - 0 30,b4b5,-127,-257,130
7k/6pp/1p1b1rr1/1P6/3RB1nq/1Q2P1P1/5P2/5RK1 w - - 0 32,g3h4,475,506,31
rnbqkbnr/pppppppp/8/8/8/8/PPPPPPPP/RNBQKBNR w KQkq - 0 1,d2d4,28,23,-5
rnbqkbnr/ppp1pppp/8/3p4/3P4/8/PPP1PPPP/RNBQKBNR w KQkq - 0 2,c2c4,26,29,3
r1bqk1nr/ppp1ppbp/2n3p1/6B1/2pP4/2N2N2/PP2PPPP/R2QKB1R w KQkq - 2 6,e2e4,72,-35,-107
r1bqk1nr/ppp1ppb1/2n3p1/6Bp/2pPP3/2N2N2/PP3PPP/R2QKB1R w KQkq - 0 7,a2a3,183,-59,-242
r1b1k1nr/ppq3b1/2n1pp2/6p1/2BPP2p/P1N2N2/1P3PPP/R2QK2R w KQkq - 0 12,d4d5,-136,-111,-25
r3k1nr/ppqb2b1/4pp2/3Pn1p1/4P2p/PBN2N2/1P3PPP/R2QK2R w KQkq - 3 14,d5e6,-151,-181,30
r3k1nr/ppq3b1/4Pp2/3bn1p1/4P2p/PB3N2/1P3PPP/R2QK2R w KQkq - 0 16,e4d5,-174,-237,63
1k1r1b1r/pp2n3/4P3/2QPp1p1/7p/PB6/1P3PPP/5RK1 w - - 0 22,d5d6,545,563,18
1k1r3r/1pbB4/p3P3/3Qp1p1/3n3p/P7/1P3PPP/5RK1 w - - 6 29,e6e7,438,445,7
1k5r/1pbQP3/p1n5/4p1p1/7p/P7/1P3PPP/5RK1 w - - 1 31,e7e8q,714,678,-36
rnbqkbnr/pppppppp/8/8/8/8/PPPPPPPP/RNBQKBNR w KQkq - 0 1,d2d3,31,-8,-39
rnbqkbnr/ppp1pppp/8/3p4/8/3P4/PPP1PPPP/RNBQKBNR w KQkq - 0 2,e2e4,-11,-10,-1
rnbqkbnr/ppp1pppp/8/8/4p3/3P4/PPP2PPP/RNBQKBNR w KQkq - 0 3,d3e4,-10,-4,-6
r1b1kbnr/ppp2ppp/2n5/4p3/4P3/5N2/PPP2PPP/RNBK1B1R w kq - 2 6,h2h3,-17,-20,3
r1b1kb1r/ppp3pp/2n2p2/1B2p3/8/2n1BN1P/PPP2PP1/R2K3R w kq - 0 10,b2c3,-248,-254,6
rnbqkbnr/pppppppp/8/8/8/8/PPPPPPPP/RNBQKBNR w KQkq - 0 1,d2d4,32,28,-4
rnbqkbnr/ppp1pppp/8/3p4/3P4/8/PPP1PPPP/RNBQKBNR w KQkq - 0 2,e2e3,28,12,-16
r2qk1nr/pppb2pp/8/3B1p2/3Pp3/4P3/PPPB1PPP/R2Q1RK1 w kq - 0 11,f2f3,298,239,-59
r2qk2r/pppb2pp/5n2/3B1p2/3Pp3/4PP2/PPPB2PP/R2Q1RK1 w kq - 1 12,f3e4,249,179,-70
rnbqkbnr/pppppppp/8/8/8/8/PPPPPPPP/RNBQKBNR w KQkq - 0 1,e2e4,31,35,4
rnbqkbnr/pp1ppppp/8/2p5/4P3/8/PPPP1PPP/RNBQKBNR w KQkq - 0 2,e4e5,39,-30,-69
rnbqkbnr/pp1p1ppp/4p3/2p1P3/8/8/PPPP1PPP/RNBQKBNR w KQkq - 0 3,f2f4,-12,-40,28
rnbqkbnr/pp3ppp/3pp3/2p1P3/5P2/8/PPPP2PP/RNBQKBNR w KQkq - 0 4,e5d6,-49,-103,54
rnbqk2r/pp3ppp/3bpn2/2p5/5P2/5N2/PPPP2PP/RNBQKB1R w KQkq - 2 6,d2d3,-99,-95,-4
r1bq1rk1/pp3ppp/2nb1n2/2p1p3/5P2/3P1N2/PPP1B1PP/RNBQ1RK1 w - - 0 9,f4e5,-93,-95,2
r1bq1rk1/pp3ppp/5n2/2p1b3/8/3P4/PPP1B1PP/RNBQ1RK1 w - - 0 11,c2c3,-138,-151,13
r1b2rk1/ppq2ppp/5n2/2p1b3/8/2PP4/PP2B1PP/RNBQ1RK1 w - - 1 12,g2g3,-156,-296,140
r4rk1/ppq2ppp/5n2/4b3/2p5/2PP2Pb/PP2BR1P/RNBQ2K1 w - - 0 14,d3d4,-292,-456,164
rnbqkbnr/pppppppp/8/8/8/8/PPPPPPPP/RNBQKBNR w KQkq - 0 1,d2d4,29,27,-2
rnbqkbnr/ppp1pppp/8/3p4/3P4/8/PPP1PPPP/RNBQKBNR w KQkq - 0 2,c2c4,29,32,3
rnbqk1nr/ppp1p1bp/5pp1/6B1/2pP4/2N2N2/PP2PPPP/R2QKB1R w KQkq - 0 6,e2e3,132,-208,-340
r7/pkp1pQb1/1pnq2pp/8/3P4/2n1P3/PP3PPP/2KR3R w - - 0 19,b2c3,-272,-438,166
r7/1kp1p1b1/1pn2qpp/p7/3P4/1QP1P3/P4PPP/2KR3R w - - 0 21,d4d5,-245,-378,133
r7/1kp1p1b1/1p3qpp/p2Pn3/8/1QP1P3/P4PPP/2KR3R w - - 1 22,f2f4,-365,-354,-11
rnbqkbnr/pppppppp/8/8/8/8/PPPPPPPP/RNBQKBNR w KQkq - 0 1,e2e4,29,37,8
rnbqkbnr/pppp1ppp/4p3/8/4P3/8/PPPP1PPP/RNBQKBNR w KQkq - 0 2,d2d4,23,25,2
rnbqkbnr/ppp2ppp/4p3/3p4/3PP3/8/PPP2PPP/RNBQKBNR w KQkq - 0 3,e4e5,31,27,-4
rnbqkbnr/pp3ppp/4p3/2ppP3/3P4/8/PPP2PPP/RNBQKBNR w KQkq - 0 4,c2c3,24,21,-3
r2qkbnr/pp1b1ppp/2n1p3/1BppP3/3P4/2P5/PP3PPP/RNBQK1NR w KQkq - 3 6,f2f4,-25,-196,171
r3kb1r/pp3ppp/1q2p2n/1bppP3/3P1P2/1QP2N2/PP4PP/RNB1K2R w KQkq - 2 10,a2a4,-65,-138,73
r3kb1r/1p3ppp/1p2p2n/2ppP3/P2P1P2/2Pb1N2/1P4PP/RNB1K2R w KQkq - 0 12,h2h3,-138,-162,24
r3kb1r/1p3ppp/4p2n/1p1pP3/P1pP1P2/2Pb1N1P/1P3KP1/RNB4R w kq - 0 14,a4a5,-103,-107,4
r3k2r/1p2bppp/4p2n/Pp1pP3/2pP1P2/2Pb1N1P/1P3KP1/RNB4R w kq - 1 15,b2b4,-90,-138,48
rnbqkbnr/pppppppp/8/8/8/8/PPPPPPPP/RNBQKBNR w KQkq - 0 1,e2e4,35,33,-2
rnbqkbnr/ppp1pppp/8/3p4/4P3/8/PPPP1PPP/RNBQKBNR w KQkq - 0 2,e4d5,67,65,-2
rnb1k1nr/ppp2ppp/4p3/5q2/1b2N3/5N2/PPPPBPPP/R1BQ1RK1 w kq - 6 8,d2d3,203,139,-64
rn2k2r/pppb1ppp/4pnq1/8/1b1N4/3P2N1/PPP1BPPP/R1BQ1RK1 w kq - 5 11,a2a3,245,169,-76
rn2k2r/pppb1ppp/4pq2/2bnN3/8/P2P2N1/1PP1BPPP/R1BQ1RK1 w kq - 5 14,d3d4,365,409,44
rn3k1r/pppb1pNp/3bp3/3nN3/3P3q/P7/1PP1BPPP/R1BQ1RK1 w - - 1 17,g2g3,529,500,-29
rnbqkbnr/pppppppp/8/8/8/8/PPPPPPPP/RNBQKBNR w KQkq - 0 1,e2e4,33,38,5
rnbqkbnr/pp1ppppp/8/2p5/4P3/8/PPPP1PPP/RNBQKBNR w KQkq - 0 2,f2f4,39,-14,-53
rnbqkbnr/pp1p1ppp/4p3/2p5/4PP2/8/PPPP2PP/RNBQKBNR w KQkq - 0 3,e4e5,-9,-48,39
r1bqkbnr/pp3ppp/2npp3/2p1P3/5P2/5N2/PPPP2PP/RNBQKB1R w KQkq - 0 5,e5d6,-54,-122,68
r1bqk1nr/pp3ppp/2nbp3/2p5/5P2/5N2/PPPP2PP/RNBQKB1R w KQkq - 0 6,c2c3,-121,-202,81
r1bqk2r/pp3ppp/2nbpn2/2p5/5P2/2P2N2/PP1P2PP/RNBQKB1R w KQkq - 1 7,d2d3,-136,-191,55
r1bqr1k1/pp3ppp/2nb1n2/2p1p3/5P2/2PP1N2/PP2B1PP/RNBQ1RK1 w - - 0 10,f4e5,-123,-117,-6
r1b1r1k1/ppq2pp1/3b3p/2p5/8/2PP1N2/PP2B1PP/R2Q1RK1 w - - 4 17,d3d4,-162,-161,-1
r1b1r1k1/ppq2pp1/3b3p/8/3p4/2P2N2/PP2B1PP/R2Q1RK1 w - - 0 18,c3d4,-141,-138,-3
rnbqkbnr/pppppppp/8/8/8/8/PPPPPPPP/RNBQKBNR w KQkq - 0 1,e2e4,33,34,1
rnbqkbnr/pppp1ppp/4p3/8/4P3/8/PPPP1PPP/RNBQKBNR w KQkq - 0 2,c2c3,33,18,-15
rnbqkbnr/ppp2ppp/4p3/3p4/4P3/2P5/PP1P1PPP/RNBQKBNR w KQkq - 0 3,e4e5,20,22,2
rnbqkbnr/pp3ppp/4p3/2ppP3/8/2P5/PP1P1PPP/RNBQKBNR w KQkq - 0 4,d2d4,23,22,-1
r2qkb1r/pp1nnppp/4p3/2pp4/3P4/2P2N2/PP1B1PPP/RN1QK2R w KQkq - 0 9,d4c5,-199,-176,-23
3q1rk1/Qp3ppp/2r1p3/2np4/8/2P5/PP3PPP/RN3RK1 w - - 2 17,b2b4,-111,-86,-25
3r2k1/5ppp/4p3/3p4/1P6/2r5/P4PPP/R4RK1 w - - 0 22,a2a4,168,118,-50
3r2k1/5ppp/4p3/8/PP1p4/2r5/5PPP/R4RK1 w - - 0 23,b4b5,196,175,-21
r5k1/5pp1/4p3/1P2r2p/P7/8/5PPP/R2R1K2 w - - 0 30,f2f4,410,282,-128
r5k1/5pp1/4p3/1P3r1p/P4P2/8/6PP/R2R1K2 w - - 1 31,g2g3,303,256,-47
r5k1/5pp1/8/1P3r1p/P4p2/6P1/6KP/R2R4 w - - 0 33,g3f4,269,253,-16
r5k1/5pp1/8/1P5p/P4r2/8/6KP/R2R4 w - - 0 34,b5b6,259,263,4
r5k1/5pp1/1P6/7p/r7/8/6KP/R2R4 w - - 0 35,b6b7,483,33,-450
rnbqkbnr/pppppppp/8/8/8/8/PPPPPPPP/RNBQKBNR w KQkq - 0 1,c2c3,34,-21,-55
rnbqkbnr/ppp1pppp/3p4/8/8/2P5/PP1PPPPP/RNBQKBNR w KQkq - 0 2,d2d4,24,36,12
r1bqkbnr/ppp1pppp/2np4/8/3P4/2P5/PP2PPPP/RNBQKBNR w KQkq - 1 3,e2e3,59,5,-54
r1bqkb1r/ppp1pppp/2np1n2/8/3P4/2P1P3/PP3PPP/RNBQKBNR w KQkq - 1 4,g2g3,31,-9,-40
r2qkb1r/pppb1ppp/2nppn2/8/3P4/2P1P1P1/PP3PBP/RNBQK1NR w KQkq - 2 6,f2f3,46,-8,-54
r2qk2r/pppbbppp/2nppn2/8/3P4/2P1PPP1/PP4BP/RNBQK1NR w KQkq - 1 7,g3g4,-15,-60,45
r2q1rk1/pppbbppp/2nppn2/8/3P2P1/2P1PP2/PP4BP/RNBQK1NR w KQ - 1 8,g4g5,-34,-57,23
r2qnrk1/pppbbppp/2npp3/6P1/3P4/2P1PP2/PP4BP/RNBQK1NR w KQ - 1 9,h2h4,-67,-65,-2
r2qnrk1/pppbbpp1/2npp2p/6P1/3P3P/2P1PP2/PP4B1/RNBQK1NR w KQ - 0 10,g5h6,58,-79,-137
r2qnrk1/pppb1p2/2npp2p/8/3P3b/2P1PP2/PP2K1B1/RNBQ2NR w - - 0 12,e3e4,23,-22,-45
r2q1rk1/pppb2n1/2npp2B/5p2/3PP2b/2P2P2/PP2K1B1/RN1Q2NR w - - 1 14,e4f5,-67,-290,223
rnbqkbnr/pppppppp/8/8/8/8/PPPPPPPP/RNBQKBNR w KQkq - 0 1,d2d4,35,28,-7
rnbqkbnr/ppppp1pp/8/5p2/3P4/8/PPP1PPPP/RNBQKBNR w KQkq - 0 2,c2c4,68,46,-22
rnbq1rk1/ppppb1pp/4pn2/5pB1/2PP4/2N2N2/PP2PPPP/R2QKB1R w KQ - 4 6,e2e3,41,37,-4
r1bq1rk1/1pp1b1pp/p1n1pn2/5pB1/3P4/2NBPN2/PP3PPP/R2QK2R w KQ - 0 10,a2a3,110,74,-36
r2q1rk1/1ppbb3/p1n1p2p/5pp1/3P4/P1NBPNn1/1PQ2PPP/2KR3R w - - 0 15,h2g3,195,189,-6
r2q1r2/1ppbb1k1/p1n1p2p/5pp1/3P4/P1NBPNP1/1PQ2PP1/2KR3R w - - 1 16,e3e4,234,11,-223
r2q3r/1ppbb1k1/p1n1p2p/5pp1/3PP3/P1NB1NP1/1PQ2PP1/2KR3R w - - 1 17,e4f5,356,200,-156
4r2r/1pp1b1k1/p2q3p/4n1p1/3PQ3/P1N3P1/1P3PP1/2KR3R w - - 0 24,d4e5,329,319,-10
4r2r/1pp1b1k1/p3q2p/4P1p1/4Q3/P1N3P1/1P3PP1/2KR3R w - - 1 25,f2f4,353,328,-25
4r2r/1pp1b1k1/p3q2p/4P3/4QPp1/P1N3P1/1P4P1/2KR3R w - - 0 26,f4f5,428,259,-169
4r2r/1pp1b1k1/p1q4p/4PP2/4Q1p1/P1N3P1/1P4P1/2KR3R w - - 1 27,f5f6,590,593,3
4r2r/1pp1bk2/p1q2P1p/4P3/4Q1p1/P1N3P1/1P4P1/2KR3R w - - 1 28,e5e6,610,507,-103
4r2r/1pp1b3/p3kP1p/8/6p1/P1N3P1/1P4P1/2KR3R w - - 0 30,f6e7,472,489,17
rnbqkbnr/pppppppp/8/8/8/8/PPPPPPPP/RNBQKBNR w KQkq - 0 1,d2d4,39,27,-12
rnbqkbnr/pppp1ppp/8/4p3/3P4/8/PPP1PPPP/RNBQKBNR w KQkq - 0 2,d4e5,143,128,-15
r1bqkbnr/pppp1ppp/2n5/4P3/8/8/PPP1PPPP/RNBQKBNR w KQkq - 1 3,f2f4,130,24,-106
r1b1kbnr/ppp1q1pp/2np1p2/3QP3/5P2/5N2/PPP1P1PP/RNB1KB1R w KQkq - 0 6,e5d6,132,135,3
r1b1k1nr/ppp3pp/2nb1p2/8/5P2/5N2/PPP1P1PP/RNB1KB1R w KQkq - 0 8,c2c3,150,56,-94
r1b1k2r/ppp1n1pp/2nb1p2/8/5P2/2P2N2/PP2P1PP/RNB1KB1R w KQkq - 1 9,e2e4,79,95,16
r1b1k2r/ppp1n1pp/3b1p2/n7/4PP2/2P2N2/PP4PP/RNB1KB1R w KQkq - 1 10,b2b4,345,220,-125
r1b1k2r/2p1n1pp/2nb1p2/pp6/1P2PP2/1BP2N2/P5PP/RNB2RK1 w kq - 0 14,b4a5,131,54,-77
1rb1k2r/2p1n1pp/3b4/np1B1p2/4PP2/2P2N2/P2N2PP/R1B2RK1 w k - 0 17,e4e5,88,-459,-547
1rb1k2r/2p3pp/3b4/np1nPp2/5P2/2P2N2/P2N2PP/R1B2RK1 w k - 0 18,e5d6,48,24,-24
rnbqkbnr/pppppppp/8/8/8/8/PPPPPPPP/RNBQKBNR w KQkq - 0 1,e2e4,32,29,-3
rnbqkbnr/pppp1ppp/4p3/8/4P3/8/PPPP1PPP/RNBQKBNR w KQkq - 0 2,d2d4,32,28,-4
rnbqkbnr/ppp2ppp/4p3/3p4/3PP3/8/PPP2PPP/RNBQKBNR w KQkq - 0 3,e4e5,33,23,-10
rnbqkbnr/pp3ppp/4p3/2ppP3/3P4/8/PPP2PPP/RNBQKBNR w KQkq - 0 4,c2c3,27,24,-3
r1b1kbnr/pp3ppp/1qn1p3/2ppP3/3P4/2P2N2/PP3PPP/RNBQKB1R w KQkq - 3 6,a2a3,40,37,-3
r1b1kb1r/pp2nppp/1qn1p3/2ppP3/3P4/P1P2N2/1P3PPP/RNBQKB1R w KQkq - 1 7,b2b4,40,15,-25
r1b1kb1r/pp2nppp/1qn1p3/3pP3/1P1p4/P1P2N2/5PPP/RNBQKB1R w KQkq - 0 8,c3d4,12,13,1
r3k2r/pp1bbppp/1qn1p3/3pP3/1P1P4/P1NBnN2/5PPP/R2QK2R w KQkq - 0 12,f2e3,54,61,7
r4rk1/pp1bb1pp/1qn1pp2/3pP3/1P1P4/P1NBPN2/6PP/R2Q1RK1 w - - 0 14,e5f6,99,99,0
5rk1/1p1bq1pp/p1n1p2r/2Rp4/1P1P4/P3PN2/2Q3PP/1B3RK1 w - - 5 21,e3e4,54,46,-8
rnbqkbnr/pppppppp/8/8/8/8/PPPPPPPP/RNBQKBNR w KQkq - 0 1,e2e4,38,36,-2
rnbqkbnr/pp3ppp/4p3/2pp4/2B1P3/5Q2/PPPP1PPP/RNB1K1NR w KQkq - 0 4,e4d5,28,19,-9
r1bqr1k1/p3bppp/2p2n2/2pp4/8/4Q1N1/PPPP1PPP/RNB2RK1 w - - 6 11,d2d3,-166,-157,-9
r1bqr1k1/p4ppp/2pb4/2p5/3p4/3P1Qn1/PPP2PPP/RNB2RK1 w - - 0 15,h2g3,-12,-39,27
r2qr1k1/p4ppp/2p5/2pb4/3p1bQ1/3P2P1/PPP2PP1/RN3RK1 w - - 0 18,g3f4,-39,-90,51
r2q2k1/p4pp1/2p3p1/2p5/3p1P2/3P1b2/PPP2PP1/R4RK1 w - - 0 22,g2f3,-506,-495,-11
8/p5p1/2p2kp1/2p2p2/3p4/3P1P2/PPP2PK1/2R5 w - - 1 35,f3f4,562,573,11
8/p7/2p2kp1/2p2p2/3p1K2/3P4/PPP2P2/6R1 w - - 0 40,f2f3,573,584,11
8/p7/2p1k1p1/2p2p2/3p1K2/3P1P2/PPP5/6R1 w - - 1 41,c2c3,798,614,-184
8/p7/2p2kp1/2p2p2/3p1K2/2PP1P2/PP6/6R1 w - - 1 42,c3d4,618,623,5
8/p7/2p2kp1/5p2/3p1K2/3P1P2/PP6/6R1 w - - 0 43,b2b3,621,595,-26
8/p7/5kp1/2p2p2/3p1K2/1P1P1P2/P7/6R1 w - - 0 44,a2a4,622,609,-13
8/8/p4kp1/2p2p2/P2p1K2/1P1P1P2/8/6R1 w - - 0 45,a4a5,679,731,52
rnbqkbnr/pppppppp/8/8/8/8/PPPPPPPP/RNBQKBNR w KQkq - 0 1,e2e4,35,40,5
rnbqkbnr/ppp2ppp/3p4/4p3/4P3/5N2/PPPP1PPP/RNBQKB1R w KQkq - 0 3,d2d4,40,38,-2
rnbqkbnr/pp3ppp/3p4/2p5/2BpP3/5N2/PPP2PPP/RNBQK2R w KQkq - 0 5,c2c3,82,75,-7
rnb1kbnr/1p3ppp/p2p1q2/2p5/2B1P3/1Qp2N2/PP3PPP/RNB2RK1 w kq - 0 8,a2a4,355,212,-143
Qnq1k2r/4bppp/p2p4/2pn4/P3P3/5N2/1P3PPP/R1B2RK1 w k - 0 14,e4d5,615,555,-60
rnbqkbnr/pp2pppp/2p5/3p4/8/2N2N2/PPPPPPPP/R1BQKB1R w KQkq - 0 3,e2e3,32,-14,-46
rn1qkbnr/pp3ppp/2p1p3/3p1b2/8/2N1PN2/PPPPBPPP/R1BQK2R w KQkq - 0 5,d2d3,-18,-25,7
r2qkbnr/pp1n1ppp/2p1p3/3p1b2/8/2NPPN2/PPP1BPPP/R1BQK2R w KQkq - 1 6,h2h3,-18,-48,30
r2qk1nr/pp1nbppp/2p1p3/3p1b2/8/2NPPN1P/PPP1BPP1/R1BQK2R w KQkq - 1 7,e3e4,-5,-14,9
r2qk1nr/pp1nbppp/2p1p3/5b2/4p3/2NP1N1P/PPP1BPP1/R1BQK2R w KQkq - 0 8,d3e4,-12,-8,-4
r2qk2r/pp1nbppp/2p1pnb1/8/4P3/2NB1N1P/PPP2PP1/R1BQK2R w KQkq - 3 10,e4e5,4,4,0
r2q1rk1/p2nbpp1/4p1p1/1p1pP3/8/4BN1P/PPP2PP1/R2Q1RK1 w - - 0 15,c2c3,0,11,11
2rq1rk1/5pp1/p3p1p1/1p1pn1N1/8/2P4P/PP1Q1PP1/R4RK1 w - - 0 19,f2f4,-113,-190,77
2r2rk1/5pp1/p3pqp1/1p1pn1N1/5P2/2P4P/PP1Q2P1/R4RK1 w - - 1 20,f4e5,336,352,16
5Q2/6pk/p5p1/8/7q/2p4P/PP4P1/5RK1 w - - 0 30,b2c3,568,586,18
8/8/6p1/R5pk/8/7P/P5PK/8 w - - 0 47,g2g3,772,713,-59
8/R7/6pk/8/6p1/6PP/P6K/8 w - - 0 49,h3g4,715,718,3
8/5R2/6p1/6k1/6P1/6PK/P7/8 w - - 5 52,a2a4,766,10000,9234
8/5R2/6pk/8/P5P1/6PK/8/8 w - - 1 53,a4a5,10000,10000,0
8/5R2/6p1/P5k1/6P1/6PK/8/8 w - - 1 54,a5a6,10000,10000,0
8/5R2/P5pk/8/6P1/6PK/8/8 w - - 1 55,a6a7,10000,10000,0
8/P4R2/6p1/6k1/6P1/6PK/8/8 w - - 1 56,a7a8q,10000,10000,0
rnbqkbnr/pppppppp/8/8/8/8/PPPPPPPP/RNBQKBNR w KQkq - 0 1,e2e4,40,34,-6
r1bqk1nr/ppp2ppp/2pb4/4p3/4P3/5N2/PPPP1PPP/RNBQK2R w KQkq - 0 5,h2h3,-2,-30,28
r1bqk2r/ppp2ppp/2pb1n2/4p3/4P3/5N1P/PPPP1PP1/RNBQK2R w KQkq - 1 6,d2d3,2,-2,-4
r1b2rk1/p1p1qpp1/1p1b1n1p/2p1p3/4P2N/3PB2P/PPPN1PP1/R2Q1RK1 w - - 2 13,f2f4,50,-119,-169
8/1r5k/R5pp/p1p1rp2/4P3/3P1R1P/PPP2KP1/8 w - - 2 36,b2b3,321,318,-3
8/1r5k/R5pp/p1p1r3/4p3/1P1P1R1P/P1P2KP1/8 w - - 0 37,d3e4,306,298,-8
8/8/2R3pk/7p/8/1P3RKP/P1Prr1P1/8 w - - 4 43,a2a4,221,207,-14
8/8/2R3pk/7p/P4K2/1P3R1P/2Prr3/8 w - - 2 45,a4a5,315,-10000,-10315
rnbqkbnr/pppppppp/8/8/8/8/PPPPPPPP/RNBQKBNR w KQkq - 0 1,e2e4,25,24,-1
rn1qkb1r/ppp3pp/3ppn2/4p3/4P3/2N2N2/PPPP1PPP/R1BQK2R w KQkq - 0 6,d2d3,48,-21,-69
rn1qk2r/ppp1b1pp/3ppn2/4p3/4P3/2NP1N2/PPP2PPP/R1BQK2R w KQkq - 1 7,h2h3,4,-16,-20
rn1q1rk1/ppp1b1pp/3ppn2/4p3/4P3/2NP1N1P/PPP2PP1/R1BQK2R w KQ - 1 8,g2g4,-16,-91,75
r2q1rk1/ppp1b1pp/2n1pn2/3pp3/4P1P1/2NPBN1P/PPP2P2/R2QK2R w KQ - 0 10,e4d5,-97,-111,14
r2q1rk1/ppp3pp/2n2b2/3p4/4p1P1/2NP1N1P/PPP2P2/R2QK2R w KQ - 0 13,d3e4,-319,-402,83
r2q1rk1/ppp3pp/2n5/3p4/4P1P1/2b2N1P/PPP2P2/R2QK2R w KQ - 0 14,b2c3,-429,-419,-10
rnbqkbnr/pppppppp/8/8/8/8/PPPPPPPP/RNBQKBNR w KQkq - 0 1,d2d4,27,26,-1
rnbqkbnr/pp1ppppp/2p5/8/3P4/8/PPP1PPPP/RNBQKBNR w KQkq - 0 2,c2c4,40,36,-4
rn1qkb1r/pp2pppp/2p2n2/6B1/2pP2b1/2N2N2/PP2PPPP/R2QKB1R w KQkq - 4 6,e2e4,48,6,-42
rn1qkb1r/pp2pp2/2p2n2/6pp/2pPP1b1/2N2NB1/PP3PPP/R2QKB1R w KQkq - 0 9,h2h3,114,74,-40
rn1qk2r/pp3p2/2pbpn2/6pb/2BPP2p/2N2N1P/PPQ2PPB/R3K2R w KQkq - 2 13,e4e5,376,386,10
rn1qk2r/pp3p2/2pbp3/3nP1pb/2BP3p/2N2N1P/PPQ2PPB/R3K2R w KQkq - 1 14,e5d6,527,520,-7
r2qk2r/pp1n1p2/2pPp3/3n2p1/2BP3p/2N2b1P/PPQ2PPB/2KR3R w kq - 0 16,g2f3,522,524,2
2r2r2/ppN5/1n1Ppp1k/3p1qp1/3P3p/3R3P/PPQ2P1B/1K3R2 w - - 8 26,f2f4,441,472,31
2r2r2/ppN5/4pp1k/3p4/3PnP1p/2R1B1pP/PPK5/5R2 w - - 2 32,f4f5,269,274,5
2r2r2/ppN3k1/4pp2/3p1P2/3Pn2p/2R1B1pP/PPK5/5R2 w - - 1 33,f5e6,308,-384,-692
rnbqkbnr/pppppppp/8/8/8/8/PPPPPPPP/RNBQKBNR w KQkq - 0 1,d2d4,27,23,-4
rnbqkbnr/ppp1pppp/8/3p4/3P4/8/PPP1PPPP/RNBQKBNR w KQkq - 0 2,c2c4,21,25,4
rnbqkbnr/ppp3pp/4p3/3p1p2/2PP4/2N5/PP2PPPP/R1BQKBNR w KQkq - 0 4,c4d5,100,65,-35
rnbqk2r/pp4pp/2pb1n2/3pNp2/3P4/2N5/PPQ1PPPP/R1B1KB1R w KQkq - 4 8,f2f4,33,-22,-55
rnbq1rk1/pp4pp/2pb1n2/3pNp2/3P1P2/2N5/PPQ1P1PP/R1B1KB1R w KQ - 1 9,e2e3,-22,-24,2
rnb2rk1/pp4pp/2pb4/3pNp2/3PnP1q/2NBP3/PPQ3PP/R1B1K2R w KQ - 3 11,g2g3,-28,-31,3
r1r3k1/pp1nq1pp/3bb3/2ppNp2/3PnP2/2NBP1P1/PPQB3P/1K4RR w - - 0 16,h2h3,-28,-170,142
r1r3k1/pp1nq1pp/3bb3/3pNp2/3pnP2/2NBP1PP/PPQB4/1K4RR w - - 0 17,e3d4,-152,-147,-5
1r4k1/Q5pp/4b3/4np2/1q1PpP2/2r3PP/PP4R1/1K5R w - - 0 25,d4e5,-488,-595,107
2r3k1/6pp/2r1b3/4Pp2/q3pP2/6PP/PP2Q1R1/1K5R w - - 5 28,g3g4,-635,-10000,9365
rnbqkbnr/pppppppp/8/8/8/8/PPPPPPPP/RNBQKBNR w KQkq - 0 1,e2e4,29,28,-1
r1bqkbnr/1pp2ppp/p1p5/4p3/4P3/5N2/PPPP1PPP/RNBQK2R w KQkq - 0 5,h2h3,16,-29,-45
r1bqk1nr/1pp2pp1/p1pb4/4p2p/4P3/5N1P/PPPP1PP1/RNBQ1RK1 w kq - 0 7,d2d4,88,80,-8
r2qk1nr/1pp2pp1/p1pb4/4p2p/3PP1b1/5N1P/PPP2PP1/RNBQ1RK1 w kq - 1 8,d4e5,226,153,-73
4k2r/1pp2pp1/p1p1b3/6Bp/4r3/5N1P/PPP2PP1/1R3RK1 w k - 0 16,b2b3,495,444,-51
2b4r/1pp2kp1/p1p2p2/7p/3Nr3/1P2B2P/P1P2PP1/1R3RK1 w - - 4 19,c2c4,405,378,-27
2b1r3/1pp5/p1p3k1/5ppp/2PBr3/1P5P/P1NR1PP1/5RK1 w - - 2 25,f2f3,387,377,-10
2b1r3/2p5/ppp1r1k1/5ppp/2PB4/1P3P1P/P1NR1RP1/6K1 w - - 0 27,c4c5,403,389,-14
2b1r3/2p5/2p1r1k1/ppP2ppp/3B4/1P3P1P/P1NR1RPK/8 w - - 0 29,g2g4,382,298,-84
2b1r3/2p5/2p1r1k1/ppP2pp1/3B2p1/1P3P1P/P1NR1R1K/8 w - - 0 30,h3g4,299,291,-8
2b1r3/2p5/2p1r1k1/ppP3p1/3B2p1/1P3P2/P1NR1R1K/8 w - - 0 31,f3g4,355,401,46
rnbqkbnr/pppppppp/8/8/8/8/PPPPPPPP/RNBQKBNR w KQkq - 0 1,e2e4,30,29,-1
rnb1k1nr/pppp1ppp/5q2/2b1p2Q/4P3/5N2/PPPP1PPP/RNB1KB1R w KQkq - 4 4,c2c3,169,3,-166
rnb1k1nr/ppp2ppp/3p1q2/2b1p2Q/4P3/2P2N2/PP1P1PPP/RNB1KB1R w KQkq - 0 5,d2d4,55,53,-2
rnb1k1nr/ppp2ppp/3p1q2/2b4Q/3pP3/2P2N2/PP3PPP/RNB1KB1R w KQkq - 0 6,c3d4,56,59,3
r1b1k1nr/ppp2p1p/2np1qp1/1Q6/1b1PP3/5N2/PP1N1PPP/R1B1KB1R w KQkq - 2 9,d4d5,363,329,-34
r3k1nr/pppb1p1p/2np1qp1/1Q1P4/1b2P3/5N2/PP1N1PPP/R1B1KB1R w KQkq - 1 10,d5c6,520,529,9
rnbqkbnr/pppppppp/8/8/8/8/PPPPPPPP/RNBQKBNR w KQkq - 0 1,d2d4,28,23,-5
r1bqkb1r/ppp2ppp/2n2n2/1N1pp3/3P1B2/8/PPP1PPPP/R2QKBNR w KQkq - 0 5,d4e5,51,54,3
r1bqkb1r/pppn1ppp/2n5/1N1pP3/5B2/8/PPP1PPPP/R2QKBNR w KQkq - 1 6,e5e6,182,247,65
r1bqk2r/pppn1ppp/2nbP3/1N1p4/5B2/8/PPP1PPPP/R2QKBNR w KQkq - 1 7,e6f7,550,308,-242
r1b2k1r/pp5p/1nnN1p2/8/8/8/PPP1PPPP/2KR1BNR w - - 0 14,c2c3,447,397,-50
r1b4r/pp4kp/1nnN1p2/8/8/2P5/PP2PPPP/2KR1BNR w - - 1 15,e2e3,442,398,-44
r1br4/pp4kp/1n1N1p2/4n3/8/2P1P3/PP2BPPP/2KR2NR w - - 3 17,f2f4,455,422,-33
r7/pp4kp/5p2/8/2b2P2/2P1P3/PP4PP/2KB2NR w - - 0 22,b2b3,652,659,7
8/1p4kp/p4p2/8/5P2/1PP1PN2/P5PP/3K4 w - - 0 28,g2g4,744,743,-1
8/6kp/pp3p2/8/5PP1/1PP1PN2/P6P/3K4 w - - 0 29,f4f5,768,751,-17
8/6k1/pp3p1p/5P2/6P1/1PP1PN2/P6P/3K4 w - - 0 30,a2a4,794,780,-14
8/6k1/1p3p1p/p4P2/P5P1/1PP1PN2/7P/3K4 w - - 0 31,h2h4,830,780,-50
8/3k4/1p3pNp/p2K1P2/P5PP/1PP1P3/8/8 w - - 17 40,e3e4,873,887,14
8/8/2k2KNp/pp3P2/P3P1PP/1PP5/8/8 w - - 0 43,a4b5,995,999,4
8/8/4K1Np/1k3P2/p3P1PP/1PP5/8/8 w - - 0 45,b3a4,1020,1066,46
8/8/4K1Np/5P2/k3P1PP/2P5/8/8 w - - 0 46,f5f6,1089,1123,34
8/8/4KPNp/8/4P1PP/1kP5/8/8 w - - 1 47,f6f7,1126,1156,30
8/5P2/4K1Np/8/4P1PP/2k5/8/8 w - - 0 48,f7f8q,1165,1179,14
rnbqkbnr/pppppppp/8/8/8/8/PPPPPPPP/RNBQKBNR w KQkq - 0 1,e2e4,30,31,1
rnbqkbnr/pp1p1ppp/4p3/2p5/2B1P3/8/PPPP1PPP/RNBQK1NR w KQkq - 0 3,e4e5,6,-74,-80
r1bqkbnr/pp3ppp/2npp3/2p1P3/2B5/5N2/PPPP1PPP/RNBQK2R w KQkq - 0 5,e5d6,-41,-50,9
r1bqk1nr/pp3ppp/2nbp3/2p5/2B5/5N2/PPPP1PPP/RNBQK2R w KQkq - 0 6,c2c3,-42,-46,4
r1bq1rk1/pp3ppp/2nbpn2/2p5/2B5/2P2N2/PP1P1PPP/RNBQ1RK1 w - - 3 8,d2d4,-44,-59,15
r1bqr1k1/pp3ppp/2nbpn2/2p5/2BP4/2P2N2/PP3PPP/RNBQ1RK1 w - - 1 9,d4c5,-20,-22,2
r2r2k1/1b2bpp1/p3pn1p/1p6/8/1nP1NNB1/PP3PPP/R4RK1 w - - 0 18,a2b3,-70,-75,5
r2r2k1/4bpp1/p3pn1p/1p6/8/1PP1NbB1/1P3PPP/R4RK1 w - - 0 21,g2f3,-70,-69,-1
r2r2k1/5pp1/p3pn1p/1p6/8/1PP1NPb1/1P3P1P/3R1RK1 w - - 0 23,f2g3,-2,-6,4
6k1/5pp1/p6p/1p6/8/1PP2PP1/1P1R1K1P/1r6 w - - 5 29,f3f4,259,216,-43
6k1/5p2/p5pp/1p6/5P2/1PP3P1/1P1R1K1P/1r6 w - - 0 30,h2h4,274,95,-179
8/5pk1/p5pp/1p6/5P1P/1PP3P1/1P1R1K2/1r6 w - - 1 31,g3g4,153,64,-89
8/5pk1/6pp/pp6/5PPP/1PP2K2/1P1R4/7r w - - 2 33,h4h5,117,26,-91
8/5pk1/7p/pp5p/5PP1/1PP2K2/1P1R4/7r w - - 0 34,g4h5,23,16,-7
8/5pk1/7p/pp5r/5P2/1PP2K2/1P1R4/8 w - - 0 35,c3c4,14,11,-3
8/5p2/3k3p/pp3K2/2P2P2/1P6/1P6/8 w - - 0 39,c4b5,-19,-16,-3
8/5K2/8/p7/5P2/1k6/1P6/8 w - - 0 45,f4f5,35,56,21
8/5K2/8/p4P2/8/8/1k6/8 w - - 0 46,f5f6,0,0,0
8/4K3/5P2/8/8/p7/1k6/8 w - - 0 48,f6f7,0,0,0
8/4KP2/8/8/8/8/pk6/8 w - - 0 49,f7f8q,0,0,0
rnbqkbnr/pppppppp/8/8/8/8/PPPPPPPP/RNBQKBNR w KQkq - 0 1,d2d4,31,22,-9
rnbqkbnr/pppp1ppp/4p3/8/3P4/8/PPP1PPPP/RNBQKBNR w KQkq - 0 2,e2e4,45,42,-3
rnbqkbnr/pp1p1ppp/4p3/2p5/3PP3/8/PPP2PPP/RNBQKBNR w KQkq - 0 3,d4d5,64,72,8
rnbqkbnr/p2p1ppp/1p2p3/2pP4/4P3/8/PPP2PPP/RNBQKBNR w KQkq - 0 4,d5e6,147,59,-88
r2q2r1/p2p1Qb1/1pn1p2p/1NpkNb2/4nB2/8/PPP2PPP/R3KB1R w KQ - 14 18,c2c4,10000,10000,0
rnbqkbnr/pppppppp/8/8/8/8/PPPPPPPP/RNBQKBNR w KQkq - 0 1,e2e4,33,37,4
rnbqkbnr/pppp1ppp/8/4p3/4P3/8/PPPP1PPP/RNBQKBNR w KQkq - 0 2,f2f4,36,-67,-103
rnb1kbnr/pppp1ppp/8/4p3/4PP1q/8/PPPP2PP/RNBQKBNR w KQkq - 1 3,g2g3,89,94,5
rnb1kbnr/ppppqppp/8/4p3/4PP2/6P1/PPPP3P/RNBQKBNR w KQkq - 1 4,f4f5,97,-37,-134
rnb1kbnr/ppp1qppp/8/3ppP2/4P3/6P1/PPPP3P/RNBQKBNR w KQkq - 0 5,e4d5,-44,-56,12
rn2kb1r/ppp1qppp/5n2/3b4/4p3/5NP1/PPPPB2P/RNBQR1K1 w kq - 0 10,d2d3,-142,-131,-11
r3kb1r/ppp1qppp/2n2n2/3b4/4p3/3P1NP1/PPP1B2P/RNBQR1K1 w kq - 1 11,d3e4,-130,-136,6
rnbqkbnr/pppppppp/8/8/8/8/PPPPPPPP/RNBQKBNR w KQkq - 0 1,e2e4,36,38,2
rnbqkbnr/ppp2ppp/4p3/3p4/4P3/2N5/PPPP1PPP/R1BQKBNR w KQkq - 0 3,e4d5,41,14,-27
r2qk2r/pQpn1ppp/4b3/2bp4/8/2N5/PPPP1PPP/R1B1K1NR w KQkq - 0 9,h2h3,-24,-203,179
r3r1k1/p1p2ppp/3b2n1/4q3/2Q5/2N4P/PPPP1PP1/R1B2RK1 w - - 11 18,g2g3,46,47,1
3rr1k1/p1p2ppp/3b2n1/4q3/2Q5/2N3PP/PPPP1P2/R1B2RK1 w - - 1 19,d2d3,158,171,13
4r1k1/p1p2ppp/8/8/3r4/2NP1qbP/PPP2P2/R4RK1 w - - 0 26,f2g3,-814,-10000,9186
rnbqkbnr/pppppppp/8/8/8/8/PPPPPPPP/RNBQKBNR w KQkq - 0 1,d2d4,36,26,-10
rnbqkbnr/ppppp1pp/8/5p2/3P4/8/PPP1PPPP/RNBQKBNR w KQkq - 0 2,c2c4,59,48,-11
rnbqkb1r/ppppp3/5n1p/5pp1/2PP4/2N2N2/PP2PPPP/R1BQKB1R w KQkq - 0 5,e2e3,172,100,-72
r3kb1r/pppbq3/2nppn1p/5pp1/2PP4/2NBPN2/PPQB1PPP/2KR3R w kq - 6 10,a2a3,69,43,-26
2kr1b1r/pppbq3/2nppn1p/5pp1/2PP4/P1NBPN2/1PQB1PPP/2KR3R w - - 1 11,h2h4,81,5,-76
2k4r/pppb1qb1/2nppn1p/5p2/2PP4/P1NBP3/1PQB1PP1/2KR3R w - - 0 15,d4d5,282,220,-62
2k4r/pppb1qb1/3ppn1p/3Pnp2/2P5/P1NBP3/1PQB1PP1/2KR3R w - - 1 16,d5e6,212,105,-107
7r/1p6/1kp4p/5p2/8/Pbb1P3/1P3PP1/2K4R w - - 0 31,b2c3,-467,-452,-15
8/1p1r4/7p/2k2p2/2p5/PbP1PK2/5PP1/1R6 w - - 6 36,g2g4,-359,-495,136
8/1p4r1/7p/2k5/2p3p1/PbP1P1K1/5P2/1R6 w - - 2 38,e3e4,-448,-525,77
8/1p4r1/8/2k4p/2p1P1p1/PbP3K1/5P2/1R6 w - - 0 39,e4e5,-485,-534,49
8/1p3r2/8/2k1P2p/2p3p1/PbP3K1/5P2/1R6 w - - 1 40,e5e6,-467,-478,11
8/1p6/4P3/2k3Kp/2p5/PbP3pr/5P2/1R6 w - - 0 43,e6e7,-425,-436,11
rnbqkbnr/pppppppp/8/8/8/8/PPPPPPPP/RNBQKBNR w KQkq - 0 1,e2e4,37,37,0
r1bqkbnr/ppp2ppp/2np4/1B2p3/4P3/5N2/PPPP1PPP/RNBQK2R w KQkq - 0 4,c2c3,49,45,-4
r2qkbnr/pppb1ppp/2np4/1B2p3/4P3/2P2N2/PP1P1PPP/RNBQK2R w KQkq - 1 5,d2d4,49,52,3
r2q1rk1/pppbbppp/2np1n2/1B2p3/3PP3/2P2N2/PP1N1PPP/R1BQ1RK1 w - - 5 8,h2h3,60,-118,-178
1r1q1rk1/2pbbppp/2np1n2/p7/1p1pP3/2P2NNP/PPB2PP1/R1BQR1K1 w - - 0 14,c3d4,257,246,-11
1r1qr1k1/2pbbppp/2np1n2/p7/1p1PP3/5NNP/PPB2PP1/R1BQR1K1 w - - 1 15,e4e5,316,293,-23
1r1qr1k1/2pbbppp/2n2n2/p3p3/1p1P4/5NNP/PPB2PP1/R1BQR1K1 w - - 0 16,d4e5,414,422,8
Q5R1/5p1p/6pk/p7/1p6/7P/PP3PP1/6K1 w - - 3 32,h3h4,1158,1003,-155
rnbqkbnr/pppppppp/8/8/8/8/PPPPPPPP/RNBQKBNR w KQkq - 0 1,e2e4,26,35,9
rnbqkbnr/pp1ppppp/8/2p5/4P3/8/PPPP1PPP/RNBQKBNR w KQkq - 0 2,c2c3,33,18,-15
rnbqkbnr/pp1p1ppp/4p3/2p5/4P3/2P5/PP1P1PPP/RNBQKBNR w KQkq - 0 3,d2d4,25,29,4
r1bqkbnr/pp1p1ppp/2n1p3/2p5/3PP3/2P5/PP3PPP/RNBQKBNR w KQkq - 1 4,d4d5,89,78,-11
r1bqkbnr/pp1p1ppp/2n5/2pp4/4P3/2P5/PP3PPP/RNBQKBNR w KQkq - 0 5,e4d5,72,73,1
rn1q1rk1/pp2bppp/3p1n2/2pP2B1/2B3b1/2P2N2/PP2QPPP/RN3RK1 w - - 8 11,h2h3,74,35,-39
rn1q1rk1/pp2bppp/3p1n2/2pP2Bb/2B5/2P2N1P/PP2QPP1/RN3RK1 w - - 1 12,g2g4,130,85,-45
r3q1k1/pp5p/5Q2/2pPpp2/2B5/2P4P/PP3P2/R4RK1 w - - 1 23,d5d6,10000,10000,0
rnbqkbnr/pppppppp/8/8/8/8/PPPPPPPP/RNBQKBNR w KQkq - 0 1,e2e4,34,30,-4
rnbqkb1r/ppp2ppp/4pn2/8/4N3/7N/PPPP1PPP/R1BQKB1R w KQkq - 1 5,d2d3,-12,-39,27
rnbqkb1r/ppp2ppp/4p3/8/4n3/3P3N/PPP2PPP/R1BQKB1R w KQkq - 0 6,d3e4,-10,0,10
2kr4/ppp5/4pN1p/1b2npp1/4P3/6K1/PPP2PPP/7R w - - 0 18,b2b3,-499,-635,136
2kr4/ppp5/2b1pN1p/4npp1/4P3/1P4K1/P1P2PPP/7R w - - 1 19,c2c4,-460,-694,234
2k5/ppp5/4p2p/4n1p1/2Prp3/1P4K1/P4PPP/4R3 w - - 2 22,f2f3,-560,-552,-8
2k5/ppp5/4p2p/6p1/2P1r3/1P1n1PK1/P5PP/8 w - - 0 24,f3e4,-539,-523,-16
8/ppp5/3k4/4pK2/2P1Pn2/1P6/P6P/8 w - - 3 30,c4c5,-150,-156,6
8/ppp5/8/5K2/3kP3/1P1n4/P6P/8 w - - 3 33,h2h4,0,0,0
8/ppp5/8/4nK2/3kP2P/1P6/P7/8 w - - 1 34,h4h5,0,0,0
8/ppp5/8/6KP/6n1/1P3k2/P7/8 w - - 2 39,a2a4,-256,-415,159
8/1pp5/8/p5KP/P5n1/1P3k2/8/8 w - - 0 40,h5h6,-382,-558,176
rnbqkbnr/pppppppp/8/8/8/8/PPPPPPPP/RNBQKBNR w KQkq - 0 1,e2e4,33,30,-3
r1bqkbnr/pppp1ppp/2n5/4p3/4P3/5N2/PPPP1PPP/RNBQKB1R w KQkq - 2 3,d2d4,32,17,-15
r1bqk1nr/pppp1ppp/2n5/8/1b1NP3/8/PPP2PPP/RNBQKB1R w KQkq - 1 5,c2c3,26,22,-4
r1b1k1nr/p1pp1ppp/1pn5/2b5/2B1P2q/1NP5/PP3PPP/RNBQK2R w KQkq - 2 8,g2g3,104,-170,-274
r1b1k1nr/p1ppnppp/1p6/2b5/8/1NPB2P1/PPK1QPqP/RNB5 w kq - 8 14,f2f4,-396,-726,330
B3k1nr/p1p1nppp/1p4q1/2bp4/5Pb1/1NP1B1P1/PP2Q2P/RN1K4 w k - 2 19,f4f5,-692,-815,123
3k2nr/p1p2ppp/1p6/2bn4/8/1KP3P1/PP1N1q1P/RN6 w - - 0 29,c3c4,-1020,-1040,20
3k2nr/p1p2ppp/1p6/2b5/2P5/6P1/PPnNK2P/RN4q1 w - - 7 33,b2b4,-1361,-10000,8639
3k2nr/p1p2ppp/1p6/2b5/1PP5/6P1/P2NK2P/nN4q1 w - - 0 34,b4c5,-1120,-1133,13
3k3r/p1p2ppp/1p2qn2/8/2P5/2N3P1/2K4P/8 w - - 5 43,h2h4,-997,-1046,49
rnbqkbnr/pppppppp/8/8/8/8/PPPPPPPP/RNBQKBNR w KQkq - 0 1,d2d4,31,21,-10
rnbqkb1r/pppppppp/5n2/8/3P4/8/PPP1PPPP/RNBQKBNR w KQkq - 1 2,c2c4,24,20,-4
rnbqkb1r/ppp1pp1p/5np1/3p4/2PP4/2N5/PP2PPPP/R1BQKBNR w KQkq - 0 4,c4d5,31,17,-14
rnbqkb1r/ppp1pp1p/6p1/3n4/3P4/2N5/PP2PPPP/R1BQKBNR w KQkq - 0 5,e2e4,21,32,11
rnbqkb1r/ppp1pp1p/6p1/8/3PP3/2n5/PP3PPP/R1BQKBNR w KQkq - 0 6,b2c3,18,21,3
r1bq1rk1/pp2ppbp/2n3p1/8/3pP3/2P1B3/P1B1NPPP/R2QK2R w KQ - 0 11,c3d4,-64,-30,-34
1rbr2k1/p3ppbp/2n3p1/8/1pKPP3/4B3/P1B1NPPP/1R5R w - - 2 17,d4d5,-245,-319,74
1r1r2k1/5pbp/6p1/p2Pp3/1pbNPBn1/8/PKB2PPP/1R1R4 w - e6 0 23,d5e6,-420,-505,85
1B4k1/5pbp/4P1p1/p7/1pb1P1n1/8/PKB2PPP/1R1r4 w - - 0 25,e4e5,-510,-528,18
1B4k1/6bp/4p1p1/p3P3/1pb3n1/8/P1B2PPP/1K6 w - - 0 27,f2f4,-491,-508,17
6k1/6bp/4p1p1/B2nP3/1pb1BP2/8/P5P1/1K6 w - - 3 31,g2g3,-517,-622,105
6k1/6b1/4p1p1/4P2p/2b1nP2/4B3/PK6/8 w - - 0 36,a2a4,-742,-749,7
6k1/6b1/4p1p1/4P3/P1b1nP1p/4B3/1K6/8 w - - 0 37,a4a5,-764,-797,33
6k1/8/4p1p1/P2bP3/1K2nb2/7p/8/6B1 w - - 2 41,a5a6,-742,-753,11
6k1/8/PK2p3/3bb3/4n1p1/7p/8/6B1 w - - 0 44,a6a7,-803,-800,-3
rnbqkbnr/pppppppp/8/8/8/8/PPPPPPPP/RNBQKBNR w KQkq - 0 1,e2e4,36,32,-4
rnbqkbnr/pp2pppp/3p4/2p5/4P3/5N2/PPPP1PPP/RNBQKB1R w KQkq - 0 3,d2d4,45,50,5
r2qkb1r/p2b1ppp/2pp1n2/4p3/4P3/2N5/PPP1BPPP/R1BQK2R w KQkq - 0 9,f2f4,43,4,-39
r2q1rk1/p2bbppp/2pp1n2/4p3/4PP2/2N5/PPP1B1PP/R1BQ1RK1 w - - 3 11,f4e5,44,18,-26
r2r2k1/p2bbppp/1qp2n2/4p1B1/4P3/2N5/PPP1B1PP/R2Q1R1K w - - 4 14,b2b3,30,25,-5
3r2k1/p1q2pp1/2p4p/4p3/Nb2P3/1P3Q2/P1P3PP/5R1K w - - 2 28,c2c3,-10,-29,19
3r1bk1/p1q2pp1/2p4p/4p3/N3P3/1PP2Q2/P5PP/5R1K w - - 1 29,c3c4,-9,-172,163
5bk1/p4pp1/2p4p/4p3/N1P1P3/1P3Q2/P2q2PP/7K w - - 0 32,h2h3,-249,-234,-15
rnbqkbnr/pppppppp/8/8/8/8/PPPPPPPP/RNBQKBNR w KQkq - 0 1,e2e4,26,35,9
rnbqkbnr/pppp1ppp/8/4p3/4P3/8/PPPP1PPP/RNBQKBNR w KQkq - 0 2,c2c4,32,-46,-78
rnbqkb1r/pppp1ppp/5n2/4p3/2P1P3/8/PP1P1PPP/RNBQKBNR w KQkq - 1 3,d2d3,-9,0,9
rnbqk2r/ppppbppp/5n2/4p3/2P1P3/3P4/PP3PPP/RNBQKBNR w KQkq - 1 4,f2f4,28,37,9
rnbqk2r/ppp1bppp/3p1n2/4p3/2P1PP2/3P4/PP4PP/RNBQKBNR w KQkq - 0 5,f4f5,35,-62,-97
rnbq1rk1/pp2bppp/3p1n2/2p1pP2/2P1P3/3PB3/PP4PP/RN1QKBNR w KQ - 0 7,h2h3,111,-4,-115
r1b2rk1/pp2qp1p/3p2p1/4pP2/2PpP3/3P1R1P/PP2Q1PK/RN6 w - - 1 17,f5f6,83,78,-5
rnbqkbnr/pppppppp/8/8/8/8/PPPPPPPP/RNBQKBNR w KQkq - 0 1,d2d4,31,22,-9
rnbqkbnr/ppp1pppp/8/3p4/3P4/8/PPP1PPPP/RNBQKBNR w KQkq - 0 2,c2c4,25,21,-4
rnbq1rk1/pp2bppp/2p1p3/3p4/2PPn3/2N2NB1/PP2PPPP/R2QKB1R w KQ - 8 8,e2e3,10,15,5
rnbq1rk1/pp2bppp/2p1p3/3p4/2PP4/2N1PNn1/PP3PPP/R2QKB1R w KQ - 0 9,h2g3,48,39,-9
r1bq1rk1/4b2p/1pp1p1p1/p2n1p2/3P4/1N1BPNP1/PPQ2PP1/2KR3R w - - 0 17,e3e4,45,-146,-191
rnbqkbnr/pppppppp/8/8/8/8/PPPPPPPP/RNBQKBNR w KQkq - 0 1,f2f3,32,-72,-104
rnbqkb1r/pppppppp/5n2/8/8/5P2/PPPPP1PP/RNBQKBNR w KQkq - 1 2,e2e4,-49,-54,5
rnbqkb1r/pppp1ppp/4pn2/8/4P3/5P2/PPPP2PP/RNBQKBNR w KQkq - 0 3,e4e5,19,-23,-42
rnbqkb1r/pppp1ppp/4p3/3nP3/8/5P2/PPPP2PP/RNBQKBNR w KQkq - 1 4,f3f4,-27,-93,66
rnbqkb1r/pppp1ppp/4p3/4P3/5n2/8/PPPP2PP/RNBQKBNR w KQkq - 0 5,g2g3,-101,-212,111
rnbqkb1r/pppp1ppp/4p1n1/4P3/8/6P1/PPPP3P/RNBQKBNR w KQkq - 1 6,d2d4,-205,-221,16
rnbq1rk1/ppppb1pp/4p1p1/4P3/3P4/6P1/PPP4P/RNBQK1NR w KQ - 0 9,c2c3,-282,-319,37
rnb2rk1/pppp2pp/4p1p1/4P1q1/3P4/2P3P1/PP5P/RN1QK1NR w KQ - 0 11,h2h4,-226,-523,297
r1b3k1/ppp3pp/2npp1p1/4Pq2/3P3P/2P3R1/PP1N4/R2KQ3 w - - 2 20,e5d6,-39,-119,80
r5k1/pp4p1/2npb1pp/7q/3pN2P/2P2R2/PPK2Q2/5R2 w - - 0 26,c3d4,-229,-414,185
rnbqkbnr/pppppppp/8/8/8/8/PPPPPPPP/RNBQKBNR w KQkq - 0 1,e2e4,33,28,-5
rnbqkbnr/pp1ppppp/8/2p5/4P3/8/PPPP1PPP/RNBQKBNR w KQkq - 0 2,e4e5,38,-31,-69
rnbqkbnr/pp1p1ppp/4p3/2p1P3/8/8/PPPP1PPP/RNBQKBNR w KQkq - 0 3,f2f4,-23,-52,29
rnbqkbnr/pp1p2pp/4p3/2p1p3/5P2/5N2/PPPP2PP/RNBQKB1R w KQkq - 0 5,f4e5,38,57,19
r1bqkbnr/pp4pp/2n1p3/1Bp1p3/8/5N2/PPPP2PP/RNBQ1RK1 w kq - 0 8,c2c3,123,79,-44
r2k1b1r/pp1q3p/2n1pp2/1Bp4Q/8/2P5/PP1P2PP/RNB3K1 w - - 2 13,d2d3,-160,-159,-1
r4b1r/pp1k3p/4pp2/2p1n2Q/8/2PP4/PP4PP/RNB3K1 w - - 0 15,d3d4,557,562,5
r4b1r/pp1k3p/4pp2/7Q/3p4/N1Pn4/PP4PP/R1B3K1 w - - 0 17,c3d4,714,591,-123
r4b1r/pp1k3p/5p2/4p2Q/3P4/N2n4/PP4PP/R1B3K1 w - - 0 18,d4e5,701,512,-189
rnbqkbnr/pppppppp/8/8/8/8/PPPPPPPP/RNBQKBNR w KQkq - 0 1,d2d4,32,22,-10
rnbqkbnr/ppp1pppp/3p4/8/3P4/8/PPP1PPPP/RNBQKBNR w KQkq - 0 2,c2c4,51,21,-30
r1bqkb1r/pppnpppp/3p1n2/8/2PP4/2N5/PP2PPPP/R1BQKBNR w KQkq - 3 4,e2e4,63,83,20
2rq1rk1/pbpnbppp/1p1ppn2/6B1/2PPP3/2NB1N2/PP3PPP/R1Q2RK1 w - - 6 10,a2a4,86,58,-28
2rq1rk1/1bpnbppp/1p1ppn2/p5B1/P1PPP3/2NB1N2/1P3PPP/R1Q2RK1 w - - 0 11,h2h4,50,-8,-58
rnbqkbnr/pppppppp/8/8/8/8/PPPPPPPP/RNBQKBNR w KQkq - 0 1,e2e4,29,30,1
rnbqkb1r/ppp1pppp/5n2/6N1/4p3/8/PPPP1PPP/RNBQKB1R w KQkq - 2 4,d2d3,-22,-151,129
rnb1kb1r/ppp1pppp/5n2/3q2N1/4p3/3P4/PPP2PPP/RNBQKB1R w KQkq - 1 5,d3e4,22,-171,-193
rn2kb1r/ppp1ppp1/5n1p/8/4P3/3B1b2/PPP2PPP/RNBK3R w kq - 0 9,g2f3,-4,-3,-1
rn2kb1r/ppp2pp1/5n1p/4p3/4P3/3B1P2/PPP2P1P/RNBK3R w kq - 0 10,f3f4,17,-36,-53
r3kb1r/ppp2pp1/2n2n1p/4p3/4PP2/3B4/PPP2P1P/RNBK3R w kq - 1 11,f4e5,-18,-62,44
2krr3/pp3pp1/2p2n1p/2b1n3/B3PB2/8/PPP1KP1P/RN5R w - - 6 16,a2a3,-280,-521,241
2krr3/pp3pp1/2p4p/2b1n3/B3nB2/P7/1PP1KP1P/RN5R w - - 0 17,f2f3,-510,-862,352
2krr3/pp3pp1/2p4p/2b3n1/B4n2/P4P2/1PPN3P/R4K1R w - - 0 20,b2b4,-852,-930,78
2k1r3/pp3pp1/2p4p/2b3n1/BP3n2/P4P2/2Pr3P/R4K1R w - - 0 21,b4c5,-10000,-10000,0
2k1r3/pp3pp1/2p4p/2P5/B4n2/P4n2/2Pr3P/R4K1R w - - 0 22,c2c3,-997,-10000,9003
rnbqkbnr/pppppppp/8/8/8/8/PPPPPPPP/RNBQKBNR w KQkq - 0 1,d2d4,31,19,-12
rnbqkbnr/ppp1pppp/8/3p4/3P4/8/PPP1PPPP/RNBQKBNR w KQkq - 0 2,c2c4,27,25,-2
rnbqkb1r/pp2p1pp/2p2n2/6N1/2pP4/2N5/PP2PPPP/R2QKB1R w KQkq - 1 7,e2e4,-242,-245,3
rnbqk2r/pp4p1/2p1pn1p/8/2BPP3/1Qb2N2/PP3PPP/R3K2R w KQkq - 0 11,b2c3,-190,-198,8
r6r/p2nk1p1/2p2n1p/1p6/3PP3/2P2N2/P4PPP/2KR3R w - - 2 16,e4e5,-208,-325,117
rr6/p2nk1p1/2p4p/3nP3/1p1P3N/2P5/P1K2PPP/3R3R w - - 0 19,c3c4,-160,-159,-1
r7/3nN1pk/7p/4P3/p1PP4/1p1K3R/n4rPP/1R6 w - - 0 29,d4d5,-437,-563,126
2r5/3nN1pk/7p/3PP3/pnPK4/1p5R/5rPP/1R6 w - - 3 31,e5e6,-81,-363,282
2r5/4N1pk/4Pn1p/3PK3/p1P5/1p5R/2n3PP/1R6 w - - 3 35,d5d6,507,0,-507
8/4N3/3PP3/2r3pk/p1P5/1p6/2n3PP/1n3K2 w - - 2 42,g2g3,-298,-637,339
rnbqkbnr/pppp1ppp/8/4p3/8/2N5/PPPPPPPP/R1BQKBNR w KQkq - 0 2,d2d3,22,-48,-70
rnbqkb1r/pppp1ppp/5n2/4p3/8/2NP4/PPP1PPPP/R1BQKBNR w KQkq - 1 3,e2e4,-28,-21,-7
rnbqr1k1/pp3ppp/2p2n2/3pp3/1b2P3/2NPBN2/PPP1BPPP/R2Q1RK1 w - - 0 8,e4d5,-46,-55,9
rnbqr1k1/pp3ppp/5n2/3pp3/1b6/2NPBN2/PPP1BPPP/R2Q1RK1 w - - 0 9,d3d4,-53,-60,7
r1bqr1k1/pp3ppp/2n2n2/3pp3/1b1P4/2N1BN2/PPP1BPPP/R2Q1RK1 w - - 1 10,d4e5,51,19,-32
4r1k1/pp3ppp/4b3/6r1/1b6/4NB2/PPP2PPP/R2R1K2 w - - 3 19,c2c3,247,103,-144
4r1k1/pp3ppp/4b3/2b3r1/8/2P1NB2/PP3PPP/R2R1K2 w - - 1 20,h2h3,92,59,-33
4r1k1/pp3ppp/4b3/6r1/8/2P1bB1P/PP3PP1/R2R1K2 w - - 0 21,f2e3,112,114,2
4r1k1/pp3ppp/8/4rb2/8/2PRPB1P/PP4P1/R4K2 w - - 3 23,e3e4,160,14,-146
rnbqkbnr/pppppppp/8/8/8/8/PPPPPPPP/RNBQKBNR w KQkq - 0 1,e2e4,33,29,-4
rnbqkbnr/pppp1ppp/4p3/8/4P3/8/PPPP1PPP/RNBQKBNR w KQkq - 0 2,c2c4,36,3,-33
r1bqkb1r/pp3ppp/2nppn2/2p5/2P1P3/2N2N2/PP1PBPPP/R1BQK2R w KQkq - 2 6,d2d3,58,13,-45
r1bqk2r/pp2bppp/2nppn2/2p5/2P1P3/2NP1N2/PP2BPPP/R1BQK2R w KQkq - 1 7,h2h3,17,9,-8
r1bq1rk1/1p2bppp/p1np1n2/2p1p3/2P1P3/2NPBN1P/PP2BPP1/R2Q1RK1 w - - 0 10,a2a3,12,5,-7
r1bq1rk1/4bppp/p1np1n2/1pp1p3/2P1P3/P1NPBN1P/1P2BPP1/R2Q1RK1 w - - 0 11,b2b3,2,-9,-11
1r1q1rk1/4bppp/p1npbn2/2pNp3/2p1P3/PP1PB2P/4BPPN/R2Q1RK1 w - - 0 14,b3c4,-7,-5,-2
1r1q1rk1/4bppp/p2pbn2/3Np3/2PpP3/P2P3P/4BPPN/R2Q1RK1 w - - 0 16,f2f4,-19,-124,105
1r1q1rk1/4bppp/p2p1n2/3bp3/2PpPP2/P2P3P/4B1PN/R2Q1RK1 w - - 0 17,c4d5,-127,-121,-6
1r1q1rk1/4bpp1/p2p1n1p/3Pp3/3pPP2/P2P3P/4B1PN/R2Q1RK1 w - - 0 18,f4f5,-5,-156,151
5rk1/5pp1/p2p3p/q2PpP2/3pP2b/P2P1R1P/1r4P1/R2Q1BK1 w - - 1 24,g2g3,-268,-319,51
rnbqkbnr/pppppppp/8/8/8/8/PPPPPPPP/RNBQKBNR w KQkq - 0 1,e2e4,33,36,3
r1bqk1nr/pppp1ppp/2n5/2b1p3/2B1P3/5N2/PPPP1PPP/RNBQK2R w KQkq - 4 4,d2d3,19,13,-6
r1bqr1k1/1ppp1pp1/p1n2n1p/2b1p3/2B1P3/2NP1N2/PPP2PPP/R1BQ1RK1 w - - 0 9,h2h3,-8,-45,37
r1bqr1k1/1p1p1pp1/p1p2n1p/2b1p3/2n1P3/2NP1N1P/PPP2PP1/R1BQ1RK1 w - - 0 12,d3c4,-134,-142,8
r1b1r1k1/1p1p1pp1/pqp2n1p/2b1p3/2P1P3/2N2N1P/PPP2PP1/R1BQ1RK1 w - - 1 13,a2a3,-40,-65,25
1q2rbk1/1p3pp1/r2pbn1p/p1p1p3/N1P1P3/P2QBN1P/1PP2PP1/1R3RK1 w - - 2 21,b2b3,40,35,-5
1q2rbk1/3b1pp1/rp1p1n1p/p1p1p3/2P1P3/PPNQBN1P/2P2PP1/1R3RK1 w - - 0 23,a3a4,109,107,-2
4r1k1/1q2bpp1/rp1p3p/p1p1p3/P1P1b2N/1PQ4P/2PB1PP1/1R3RK1 w - - 2 28,f2f3,-296,-306,10
4r1k1/1q3pp1/rp1p3p/p1p1p3/P1P1b2b/1PQ2P1P/2PB2P1/1R3RK1 w - - 0 29,f3e4,-327,-313,-14
4r1k1/4r1p1/1p3p2/p1p2Rp1/P1P1p3/1P2Q1KP/2P3P1/8 w - - 2 40,h3h4,358,347,-11
rnbqkbnr/pppppppp/8/8/8/8/PPPPPPPP/RNBQKBNR w KQkq - 0 1,d2d4,35,27,-8
rnbqkbnr/pppp1ppp/8/4p3/3P4/8/PPP1PPPP/RNBQKBNR w KQkq - 0 2,d4e5,127,130,3
rn1qkbnr/ppp2ppp/8/3pP3/6b1/5N2/PPP1PPPP/RNBQKB1R w KQkq - 2 4,c2c4,178,123,-55
r2qkb1r/2pbnpp1/p1n4p/1p2P1B1/7Q/2N2N2/PP2PPPP/3RKB1R w Kkq - 0 11,e2e4,372,186,-186
r2qkb1r/2pbn1p1/p1n2p1p/1p2P1B1/4P2Q/2N2N2/PP3PPP/3RKB1R w Kkq - 0 12,e5f6,623,640,17
r7/8/p2k3p/1p6/4P3/2N2N2/PP3PPP/4KB1R w K - 0 22,e4e5,999,1002,3
2r5/8/p7/1p1NP2p/6k1/3B1N2/PP3PPP/3R2K1 w - - 6 28,h2h3,10000,10000,0
rnbqkbnr/pppppppp/8/8/8/8/PPPPPPPP/RNBQKBNR w KQkq - 0 1,f2f3,33,-76,-109
rnbqkbnr/ppp1pppp/3p4/8/8/5P2/PPPPP1PP/RNBQKBNR w KQkq - 0 2,g2g3,32,-68,-100
r1bqkbnr/ppp2ppp/2np4/4p3/8/5PP1/PPPPP1BP/RNBQK1NR w KQkq - 2 4,e2e3,-57,-61,4
r1bqkb1r/ppp2ppp/2np1n2/4p3/8/4PPP1/PPPP2BP/RNBQK1NR w KQkq - 1 5,d2d3,-60,-119,59
r1bqkb1r/ppp2ppp/2n2n2/3pp3/8/3PPPP1/PPP3BP/RNBQK1NR w KQkq - 0 6,f3f4,-126,-162,36
r1bqkb1r/ppp2ppp/2n2n2/3p4/5p2/3PP1P1/PPP3BP/RNBQK1NR w KQkq - 0 7,e3f4,-153,-220,67
r1b1r1k1/ppp1bppp/2n2n2/3p4/5P2/3P1NP1/PPP3BP/RNB2RK1 w - - 4 12,c2c3,-40,-105,65
r1b1r1k1/ppp1bppp/2n2n2/8/3p1P2/2PP1NP1/PP4BP/RNB2RK1 w - - 0 13,c3c4,-99,-184,85
r1b1r1k1/ppp2ppp/2n2n2/2b5/2Pp1P2/3P1NP1/PP4BP/RNB2RK1 w - - 1 14,a2a3,-111,-126,15
r1b1r1k1/ppp2ppp/1bn2n2/8/2Pp1P2/P2P1NP1/1P4BP/RNB2RK1 w - - 1 15,b2b4,11,44,33
r3r1k1/1pp2pp1/pbn2n1p/8/1PPp1PbN/P2P2P1/3B2BP/RN3RK1 w - - 0 18,h2h3,37,-24,-61
r3r1k1/1pp2pp1/pbn1bn1p/8/1PPp1P1N/P2P2PP/3B2B1/RN3RK1 w - - 1 19,g3g4,89,100,11
3rr1k1/1pp2pp1/pbn1bn1p/8/1PPp1PPN/P2P3P/3B2B1/RN3RK1 w - - 1 20,f4f5,158,68,-90
2brr1k1/bpp2pp1/p1n2n1p/5P2/1PPp2P1/P2P1N1P/3B2B1/RN3RK1 w - - 3 22,c4c5,104,-76,-180
2brr1k1/b1p2pp1/ppn2n1p/2P2P2/1P1p2P1/P2P1N1P/3B2B1/RN3RK1 w - - 0 23,c5b6,-82,-77,-5
2brr1k1/2p2pp1/pbn2n1p/5P2/1P1p2P1/P2P1N1P/3B2B1/RN3RK1 w - - 0 24,a3a4,-76,-132,56
2brr1k1/2p2pp1/1bn2n1p/p4P2/PP1p2P1/3P1N1P/3B2B1/RN3RK1 w - - 0 25,b4b5,102,86,-16
6k1/n3rpp1/1p5p/pP3P2/P2pnBP1/R2P3P/2r5/5RK1 w - - 0 35,d3e4,38,-87,-125
rnbqkbnr/pppppppp/8/8/8/8/PPPPPPPP/RNBQKBNR w KQkq - 0 1,e2e4,32,28,-4
rnbqkbnr/pp1ppppp/8/2p5/4P3/8/PPPP1PPP/RNBQKBNR w KQkq - 0 2,e4e5,29,-26,-55
rnbqkbnr/pp1p1ppp/4p3/2p1P3/8/8/PPPP1PPP/RNBQKBNR w KQkq - 0 3,f2f4,-17,-43,26
r1bqkbnr/pp1p2pp/2n1pp2/2p1P3/5P2/5N2/PPPP2PP/RNBQKB1R w KQkq - 2 5,c2c3,0,-80,-80
r1bqkbnr/pp4pp/2nppp2/2p1P3/5P2/2P2N2/PP1P2PP/RNBQKB1R w KQkq - 0 6,d2d4,15,-4,-19
r1bqkbnr/pp4pp/2nppp2/4P3/3p1P2/2P2N2/PP4PP/RNBQKB1R w KQkq - 0 7,c3d4,-2,-43,41
r1bqkbnr/pp4pp/2npp3/4p3/3P1P2/5N2/PP4PP/RNBQKB1R w KQkq - 0 8,f4e5,23,-49,-72
r1bqkbnr/pp4pp/4p3/4n3/3P4/8/PP4PP/RNBQKB1R w KQkq - 0 10,d4e5,-229,-243,14
r4b1r/pp1k4/2n1p3/4P1pp/8/2N3B1/PPK3PP/R6R w - - 0 18,h2h3,5,-8,-13
rnbqkbnr/pppppppp/8/8/8/8/PPPPPPPP/RNBQKBNR w KQkq - 0 1,e2e4,34,34,0
rnbqkbnr/ppp1pppp/8/3p4/4P3/8/PPPP1PPP/RNBQKBNR w KQkq - 0 2,e4d5,71,65,-6
rnb1kbnr/ppp1pppp/8/q7/8/2N5/PPPP1PPP/R1BQKBNR w KQkq - 2 4,d2d4,73,82,9
rnb1kbnr/pp2pppp/8/q1p5/3P4/2N5/PPP2PPP/R1BQKBNR w KQkq - 0 5,d4d5,107,75,-32
r3kbnr/pp1n1ppp/4p3/q1pP4/8/2N5/PPP2PPP/R1BQK1NR w KQkq - 0 8,d5e6,213,225,12
4k3/pp1n2rp/1qr2np1/1Np1p3/2Q5/8/PPP2PPP/R1BR2K1 w - - 0 19,a2a4,262,224,-38
4k3/1p1n1r1p/pq1r1npB/2p1p3/P1Q5/2N5/1PP2PPP/R2R2K1 w - - 4 22,b2b3,213,156,-57
2Q5/1p2rk2/p4n2/2p3pp/Pq2p3/1P6/2P1NPPP/3R2K1 w - - 0 30,h2h3,51,46,-5
2Q5/1p2rk2/pq3n2/2p3pp/P3p3/1P5P/2P1NPP1/3R2K1 w - - 1 31,c2c3,160,-27,-187
2Q5/1p2rk2/p1q2n2/2p3pp/P3p3/1PP4P/4NPP1/3R2K1 w - - 1 32,c3c4,-18,-696,678
2q5/1p1r1k2/p7/2pn2pp/P1P1p3/1P5P/5PP1/3R2K1 w - - 0 35,c4d5,-812,-764,-48
8/1p3k2/p2q4/2p3pp/P3R3/1P5P/5PPK/3r4 w - - 3 39,g2g3,-1062,-10000,8938
8/1p3k2/p7/2pq2pp/P3R3/1P4PP/5P1K/3r4 w - - 5 42,f2f3,-10000,-10000,0
rnbqkbnr/pppppppp/8/8/8/8/PPPPPPPP/RNBQKBNR w KQkq - 0 1,e2e4,26,32,6
rnbqkbnr/ppp1pppp/8/3p4/4P3/8/PPPP1PPP/RNBQKBNR w KQkq - 0 2,e4d5,72,70,-2
rn2kbnr/ppp1pppp/8/4q3/6b1/2N5/PPPPBPPP/R1BQK1NR w KQkq - 4 5,f2f3,88,74,-14
rn2kbnr/ppp1pppp/8/4q2b/8/2N2P2/PPPPB1PP/R1BQK1NR w KQkq - 1 6,d2d4,156,121,-35
rn2kbnr/ppp1pppp/8/q6b/3P4/2N2P2/PPP1B1PP/R1BQK1NR w KQkq - 1 7,f3f4,143,28,-115
rn3rk1/pp2bppp/2p1pn2/q7/3P1P2/2N2N2/PPPBQ1PP/R4R1K w - - 6 13,a2a3,44,8,-36
rn1q1rk1/pp2bppp/2p1pn2/8/3P1P2/P1N2N2/1PPBQ1PP/R4R1K w - - 1 14,h2h3,65,40,-25
r2q1rk1/pp2bppp/4pn2/2p5/3P1P2/P2Q1N1P/1PPB2P1/R4R1K w - - 0 18,c2c3,-32,-30,-2
r2q1rk1/pp2bppp/4pn2/8/3p1P2/P1PQ1N1P/1P1B2P1/R4R1K w - - 0 19,c3d4,-22,-44,22
3r1rk1/p4ppp/3bp3/1p1qN2n/3P1P2/P1BQ3P/1P4PK/R3R3 w - - 2 24,g2g3,-43,-68,25
rnbqkbnr/pppppppp/8/8/8/8/PPPPPPPP/RNBQKBNR w KQkq - 0 1,c2c3,33,6,-27
rnbqkbnr/ppp1pppp/3p4/8/8/2P5/PP1PPPPP/RNBQKBNR w KQkq - 0 2,d2d4,26,26,0
rnbqkbnr/ppp2ppp/3p4/4p3/3P4/2P5/PP2PPPP/RNBQKBNR w KQkq - 0 3,d4e5,33,4,-29
rnbk1bnr/ppp2ppp/8/4p3/8/2P5/PP2PPPP/RNB1KBNR w KQ - 0 5,b2b3,-2,-23,21
r1bk1bnr/ppp2ppp/2n5/4p3/8/1PP5/P3PPPP/RNB1KBNR w KQ - 1 6,f2f4,-5,-108,103
r2k1bnr/ppp2ppp/2n5/5b2/5B2/1PP5/P3P1PP/RN2KBNR w KQ - 1 8,h2h3,-47,-93,46
4r1nr/pp1k1ppp/2np4/5b2/5B2/1PP4P/P3P1P1/R3KBNR w KQ - 0 12,b3b4,28,-74,-102
4r2r/pp1k1ppp/2np1n2/5b2/1P3B2/2P4P/P3P1P1/R3KBNR w KQ - 1 13,g2g4,-62,-147,85
4r2r/pp1k1ppp/2np1nb1/8/1P3BP1/2P4P/P3P3/R3KBNR w KQ - 1 14,e2e3,-69,-120,51
4r2r/pp1k1ppp/2np2b1/3n4/1P3BP1/2P1P2P/P7/R3KBNR w KQ - 1 15,b4b5,-100,-357,257
4r2r/pp1k1ppp/2np2b1/1P6/5nP1/2P1P2P/P7/R3KBNR w KQ - 0 16,b5c6,-362,-383,21
4r2r/p2k1ppp/2pp4/1b6/6P1/2P1P2P/P4K2/3R2NR w - - 2 20,a2a3,-214,-287,73
4r3/6pp/5p2/1kp5/1p3KP1/1R5P/8/8 w - - 6 44,g4g5,-605,-648,43
rnbqkbnr/pppppppp/8/8/8/8/PPPPPPPP/RNBQKBNR w KQkq - 0 1,e2e4,29,29,0
rn1qkbnr/pp1bpppp/3p4/1Bp5/4P3/5N2/PPPP1PPP/RNBQK2R w KQkq - 2 4,a2a4,18,-1,-19
rn1qk2r/pp1bbppp/3ppn2/1Bp5/P3P3/5N2/1PPPQPPP/RNB2RK1 w kq - 2 7,e4e5,15,-19,-34
2rq1rk1/1p2bppp/pn2pn2/2p5/P7/1BN5/1PPPQPPP/R1B2RK1 w - - 4 13,a4a5,6,-37,-43
rnbqkbnr/pppppppp/8/8/8/8/PPPPPPPP/RNBQKBNR w KQkq - 0 1,d2d4,33,27,-6
rnbqkbnr/ppp2ppp/4p3/3p4/3P1B2/8/PPP1PPPP/RN1QKBNR w KQkq - 0 3,e2e3,21,16,-5
r1bqkbnr/ppp3pp/2n1pp2/3p4/3P1B2/3BP3/PPP2PPP/RN1QK1NR w KQkq - 2 5,c2c3,121,29,-92
r1bqkbnr/ppp3pp/2n2p2/3pp3/3P1B2/2PBP3/PP3PPP/RN1QK1NR w KQkq - 0 6,d4e5,123,29,-94
r2qk1nr/pppb2pp/2n5/1B1Q4/1b2p3/2P1P1B1/PP3PPP/RN2K1NR w KQkq - 1 10,c3b4,472,473,1
rnbqkbnr/pppppppp/8/8/8/8/PPPPPPPP/RNBQKBNR w KQkq - 0 1,e2e4,31,29,-2
rnbqkbnr/pp1ppppp/8/2p5/4P3/8/PPPP1PPP/RNBQKBNR w KQkq - 0 2,e4e5,35,-25,-60
rnbqkbnr/pp1p1ppp/4p3/2p1P3/8/8/PPPP1PPP/RNBQKBNR w KQkq - 0 3,f2f4,-19,-41,22
r1bqkbnr/pp1p2pp/2n1pp2/2p1P3/5P2/5N2/PPPP2PP/RNBQKB1R w KQkq - 2 5,c2c4,-5,-58,53
r1bqkbnr/pp1p2pp/2n1p3/2p1p3/2P2P2/5N2/PP1P2PP/RNBQKB1R w KQkq - 0 6,f4e5,-58,-75,17
r1bqkbnr/pp4pp/2npp3/2p1P3/2P5/5N2/PP1P2PP/RNBQKB1R w KQkq - 0 7,e5d6,-55,-54,-1
r1bq1rk1/pp4pp/3bpn2/2p5/2Pn4/2N2N2/PP1PB1PP/R1BQ1RK1 w - - 6 11,d2d3,-108,-102,-6
r1bq1rk1/pp4pp/3b4/2pnp3/2Pn4/3P1N2/PP2B1PP/R1BQ1RK1 w - - 0 13,c4d5,-137,-149,12
6k1/pp2q1p1/3b3p/3Pp3/3pQ3/3P4/PP1B2PP/6K1 w - - 4 25,a2a3,57,29,-28
6k1/1p2q1p1/p2b3p/3Pp3/3pQ3/P2P4/1P1B2PP/6K1 w - - 0 26,b2b4,86,24,-62
8/1p4pk/p6p/3P4/1P4K1/P7/3p2PP/4q3 w - - 0 40,g2g3,-10000,-10000,0
8/1p4pk/p6p/3P1q2/1P6/P5P1/6KP/3q4 w - - 4 43,h2h4,-10000,-10000,0
rnbqkbnr/pppppppp/8/8/8/8/PPPPPPPP/RNBQKBNR w KQkq - 0 1,e2e4,27,26,-1
rnbqkb1r/ppp2ppp/4pn2/3p4/4P3/8/PPPPQPPP/RNB1KBNR w KQkq - 0 4,e4e5,-18,-21,3
rnbqkb1r/pppn1ppp/4p3/3pP3/8/8/PPPPQPPP/RNB1KBNR w KQkq - 1 5,d2d4,-21,-25,4
rnbqkb1r/p2n1ppp/1p2p3/2ppP2Q/3P4/8/PPP2PPP/RNB1KBNR w KQkq - 0 7,c2c3,41,44,3
r1bqkb1r/p2n1ppp/1p2p3/3pP2Q/3n4/2P5/PP3PPP/RNB1KB1R w KQkq - 0 10,c3d4,90,102,12
3rk2r/3nbpp1/1pQ1p1q1/p2pP3/3P3p/4BN2/PP3PPP/R4RK1 w k - 0 22,h2h3,194,212,18
6k1/5pp1/4p3/p2pP3/3P1n2/qp5P/5PP1/1Q3K2 w - - 0 44,g2g3,-704,-710,6
rnbqkbnr/pppppppp/8/8/8/8/PPPPPPPP/RNBQKBNR w KQkq - 0 1,d2d4,28,25,-3
rnbqkbnr/ppp1pppp/8/3p4/3P4/8/PPP1PPPP/RNBQKBNR w KQkq - 0 2,e2e3,27,8,-19
rnbqkbnr/pp2pppp/8/2pp4/3P4/4P3/PPP2PPP/RNBQKBNR w KQkq - 0 3,c2c4,6,7,1
r1bqkb1r/pp3ppp/2n1pn2/3p4/2P5/2N1P3/PP1Q1PPP/R1B1KBNR w KQkq - 0 7,c4c5,-16,-250,234
1r2k2r/2q2pp1/p1pb1n2/3ppb1p/N7/2Q1P3/PP3PPP/R1B2RK1 w k - 0 16,f2f3,-642,-637,-5
1r2k2r/2q2pp1/p1pb1n2/3ppb2/N6p/2Q1PP2/PP4PP/R1B2RK1 w k - 0 17,e3e4,-606,-600,-6
1r2k2r/2q2pp1/p1pbbn2/3pp1B1/N3P3/2Q2P1p/PP4PP/R4RK1 w k - 0 19,g2g3,-561,-674,113
1r2k3/2qb1p2/p1pb1p2/3pp2r/N3P3/2Q2PPp/PP5P/2R2RK1 w - - 2 22,e4d5,-476,-480,4
1r2k3/2qb1p2/p1pb1p2/3P3r/N3p3/2Q2PPp/PP5P/2R2RK1 w - - 0 23,f3e4,-359,-394,35
1r6/2qbkp2/p1pb1p2/3P3r/N3P3/2Q3Pp/PP5P/2R2RK1 w - - 1 24,d5c6,470,-258,-728
rnbqkbnr/pppppppp/8/8/8/8/PPPPPPPP/RNBQKBNR w KQkq - 0 1,d2d4,27,28,1
rnbqkbnr/ppp1pppp/8/3p4/3P4/8/PPP1PPPP/RNBQKBNR w KQkq - 0 2,c2c4,27,27,0
r2qkbnr/ppp1pppp/2n5/6B1/2pP4/2N2b2/PP2PPPP/R2QKB1R w KQkq - 0 6,g2f3,-4,-58,54
r3kbnr/ppp2ppp/2n5/4p3/2pq4/2N2P2/PP1BPP1P/R2QKB1R w KQkq - 0 8,e2e3,-53,-49,-4
2kr3r/ppp1bppp/3q1n2/4p3/1n6/2N1PP2/PP1BBP1P/R2QK2R w KQ - 7 13,a2a3,-209,-219,10
2kr4/ppp1bpp1/2n5/4p2n/4N2p/P3PP1q/1PQ1BP1P/2B2RK1 w - - 4 20,f3f4,-41,-308,267
1k1r4/ppp3p1/2n5/8/5p2/P3P3/1P3PKP/2B2R2 w - - 0 30,e3f4,141,134,-7
1k1r4/ppp5/8/8/4RnK1/P4p2/1P1B1P1P/8 w - - 6 37,h2h3,589,258,-331
rnbqkbnr/pppppppp/8/8/8/8/PPPPPPPP/RNBQKBNR w KQkq - 0 1,f2f4,29,-29,-58
rnbqkbnr/ppp1pppp/8/3p4/5P2/8/PPPPP1PP/RNBQKBNR w KQkq - 0 2,e2e3,-32,-33,1
r2qkbnr/pp2pppp/2n5/2pp4/5Pb1/4PN2/PPPPB1PP/RNBQK2R w KQkq - 4 5,d2d3,-17,-12,-5
r2qkbnr/pp3ppp/2n5/2ppp3/5P2/3PPB2/PPP3PP/RNBQK2R w KQkq - 0 7,f4e5,45,-6,-51
r3k2r/1pq2ppp/p2b1n2/2pp4/8/2NPPR2/PPPBQ1PP/R5K1 w kq - 2 13,g2g3,19,24,5
2kr3r/1pq2ppp/p2b1n2/2pp4/8/2NPPRP1/PPPBQ2P/R5K1 w - - 1 14,d3d4,79,-130,-209
2kr3r/1pq2ppp/p2b1n2/3p4/2pP4/2N1PRP1/PPPBQ2P/R5K1 w - - 0 15,b2b3,110,-64,-174
2kr3r/1pq2ppp/p2b1n2/3p4/3P4/1pN1PRP1/P1PBQ2P/R5K1 w - - 0 16,c2b3,-70,-93,23
2k4r/1pr2pp1/p2b4/3n3p/3P4/1P2PRP1/P2BQ2P/6K1 w - - 0 20,e3e4,418,408,-10
1k5r/1pr2pp1/p7/7p/1b1PP3/1P4P1/P3Q2P/5RK1 w - - 2 23,e4e5,273,272,-1
8/kp4p1/p7/2b1P2Q/8/1P4P1/P1r1r2P/5R1K w - - 11 31,e5e6,24,-131,-155
8/kp4p1/p3r3/2b4Q/8/1P4P1/P1r4P/5R1K w - - 0 32,a2a4,-94,-451,357
8/kp6/p7/8/P5pQ/1P2b1P1/2rr3P/5R1K w - - 24 47,b3b4,-36,-30,-6
8/kp6/p7/8/PP4pQ/4b1P1/2r1r2P/5R1K w - - 1 48,b4b5,-25,-126,101
8/kp6/8/1p6/P5pQ/4b1P1/2r1r2P/5R1K w - - 0 49,a4b5,13,0,-13
8/kp6/8/1P6/6pQ/4b1P1/r3r2P/5R1K w - - 1 50,b5b6,2,0,-2
rnbqkbnr/pppppppp/8/8/8/8/PPPPPPPP/RNBQKBNR w KQkq - 0 1,e2e4,26,33,7
rnbqkbnr/pppp1ppp/4p3/8/4P3/8/PPPP1PPP/RNBQKBNR w KQkq - 0 2,d2d4,42,32,-10
rnbqkbnr/ppp2ppp/4p3/3p4/3PP3/8/PPP2PPP/RNBQKBNR w KQkq - 0 3,e4e5,33,33,0
r2q1rk1/pp1bnppp/2n1p3/1BbpP1B1/Q7/5N2/PPP2PPP/RN3RK1 w - - 9 10,b2b4,-60,-140,80
r2q1rk1/bp2nppp/p1b1p3/3pP1B1/1P6/1Q3N2/P1P2PPP/RN3RK1 w - - 2 13,a2a4,-174,-189,15
rnbqkbnr/pppppppp/8/8/8/8/PPPPPPPP/RNBQKBNR w KQkq - 0 1,e2e4,34,31,-3
rnbqkbnr/ppp2ppp/4p3/3p4/4P3/8/PPPPNPPP/RNBQKB1R w KQkq - 0 3,e4d5,-30,-33,3
r2qkb1r/pppn1ppp/4bn2/3p4/8/3B2N1/PPPP1PPP/RNBQ1RK1 w kq - 6 7,c2c3,-22,-36,14
r2q1rk1/pppn1ppp/4bn2/2bp4/8/2P3N1/PPBP1PPP/RNBQ1RK1 w - - 3 9,d2d4,15,11,-4
r2q1rk1/pppn1ppp/3bbn2/3p4/3P4/2P3N1/PPB2PPP/RNBQ1RK1 w - - 1 10,f2f4,14,-1,-15
r2q1rk1/ppp2ppp/1n1b1n2/3p4/3P1Pb1/2P3N1/PPBQ2PP/RNB2RK1 w - - 3 12,b2b3,0,-40,-40
r2qr1k1/ppp2ppp/1n1b1n2/3p4/3P1Pb1/1PP3N1/P1BQ2PP/RNB2RK1 w - - 1 13,h2h3,-40,-38,-2
r2qr1k1/pp1b1ppp/1n1b4/3p3N/3pnP2/1PP2Q1P/P1B3P1/RNB2RK1 w - - 0 17,c3d4,-296,-321,25
rnbqkbnr/pppppppp/8/8/8/8/PPPPPPPP/RNBQKBNR w KQkq - 0 1,d2d4,32,27,-5
rnbqkbnr/ppp1pppp/8/3p4/3P4/8/PPP1PPPP/RNBQKBNR w KQkq - 0 2,e2e3,31,16,-15
rnbqkbnr/ppp2ppp/4p3/3p4/3P4/4P3/PPP2PPP/RNBQKBNR w KQkq - 0 3,c2c4,14,8,-6
r2q1rk1/2pn1ppp/p3p3/1p6/3P4/2Q1PN2/PP3PPP/R4RK1 w - - 1 16,b2b4,165,73,-92
2rq1rk1/2p2ppp/p1Q1p3/1p1n4/1P1P4/4PN2/P4PPP/2R2RK1 w - - 5 19,a2a3,118,109,-9
2r5/5kpp/3p1p2/1p6/1P1Pn3/P3P3/5PPP/5RK1 w - - 0 28,g2g3,-419,-444,25
8/5kpp/3p1p2/1p6/1PnP4/P1r1P1P1/R4P1P/6K1 w - - 5 31,a3a4,-288,-292,4
8/R5pp/3p1pk1/8/1P1P4/2r1P1P1/1n3P1P/6K1 w - - 3 34,b4b5,-260,-290,30
1R6/6pp/5pk1/1P1p4/2nP4/1r2P1P1/5P1P/6K1 w - - 2 37,h2h3,-312,-337,25
1R6/6p1/5pk1/1P1p3p/1r1Pn3/4P1PP/5PK1/8 w - - 4 41,b5b6,-388,-420,32
rnbqkbnr/pppppppp/8/8/8/8/PPPPPPPP/RNBQKBNR w KQkq - 0 1,e2e4,36,32,-4
rnbqkbnr/pppppppp/8/8/8/8/PPPPPPPP/RNBQKBNR w KQkq - 0 1,d2d4,32,25,-7
rnbqkbnr/ppp1pppp/8/3p4/3P4/8/PPP1PPPP/RNBQKBNR w KQkq - 0 2,c2c4,28,31,3
rnbqkb1r/ppp1pppp/5n2/8/2pP4/2N5/PP2PPPP/R1BQKBNR w KQkq - 2 4,e2e4,23,-6,-29
rnbqkb1r/ppp2ppp/4pn2/8/2pPP3/2N5/PP3PPP/R1BQKBNR w KQkq - 0 5,e4e5,52,31,-21
rnbqkb1r/ppp2ppp/4p3/4P3/2BP4/2n5/PP3PPP/R1BQK1NR w KQkq - 0 7,b2c3,66,70,4
r1bq1rk1/pp2bpp1/4p2p/3pP3/3P4/2P1BN2/P2Q1PPP/R3R1K1 w - - 0 15,h2h4,238,54,-184
r1bq2k1/p5p1/1p2p3/3pNr2/3P1B1b/2P5/P2Q1PP1/R3R1K1 w - - 4 21,g2g3,260,280,20
r5k1/6p1/bp2p3/p2pBr2/3P4/2P1q1P1/P4PK1/R6R w - - 0 27,f2e3,-87,-83,-4
2r3k1/6p1/1p2p3/p2pBr2/2bP4/2P1P1P1/P5K1/2R4R w - - 3 29,a2a3,-24,-158,134
4k1r1/6p1/3Bp3/1p1p4/p1bP1R2/P1P1P1P1/6K1/8 w - - 6 38,g3g4,7,0,-7
8/4R3/2k3K1/1pBp4/p1bP2P1/P1P1P3/8/4r3 w - - 1 48,g4g5,310,347,37
8/6K1/4k3/1pBp2P1/p1bP4/P1P1P3/4r3/8 w - - 0 51,g5g6,-507,-592,85
rnbqkbnr/pppppppp/8/8/8/8/PPPPPPPP/RNBQKBNR w KQkq - 0 1,e2e4,31,32,1
rnbqkbnr/pp1ppppp/8/2p5/4P3/8/PPPP1PPP/RNBQKBNR w KQkq - 0 2,e4e5,22,-35,-57
rnbqkbnr/pp1p1ppp/4p3/2p1P3/8/8/PPPP1PPP/RNBQKBNR w KQkq - 0 3,f2f4,-12,-44,32
rnbqkbnr/pp1p2pp/4p3/2p1p3/5P2/5N2/PPPP2PP/RNBQKB1R w KQkq - 0 5,f4e5,51,47,-4
r1bqkbnr/pp1p2pp/2n1p3/2p1P3/8/5N2/PPPP2PP/RNBQKB1R w KQkq - 1 6,c2c4,50,-72,-122
r1b1kb1r/ppq2npp/3pp3/4P2Q/2Pp4/3B4/PP1P2PP/RNB2RK1 w kq - 0 12,e5d6,170,168,-2
r2kr3/ppqb2QB/3bp3/8/2Pp4/8/PP1P2PP/RNB2RK1 w - - 1 16,d2d3,365,432,67
r3r3/ppkb2QB/2qbp3/6B1/2PpN3/3P4/PP4PP/R4RK1 w - - 7 20,a2a3,748,755,7
r1r2b2/ppkb1Q1B/2q1p3/6B1/2PpN3/P2P4/1P4PP/R4RK1 w - - 3 22,b2b4,767,761,-6
r1r2b2/1pkb1Q1B/p1q1p3/6B1/1PPpN3/P2P4/6PP/R4RK1 w - - 0 23,b4b5,839,804,-35
r1r2b2/1pkb1Q1B/2q1p3/1p4B1/2PpN3/P2P4/6PP/R4RK1 w - - 0 24,c4b5,801,750,-51
rnbqkbnr/pppppppp/8/8/8/8/PPPPPPPP/RNBQKBNR w KQkq - 0 1,d2d4,27,21,-6
rnbqkbnr/ppp1pppp/8/3p4/3P4/8/PPP1PPPP/RNBQKBNR w KQkq - 0 2,c2c4,29,29,0
rnbqk2r/pp2bppp/2p1pn2/3p2B1/2PP4/2N2N2/PP2PPPP/R2QKB1R w KQkq - 4 6,e2e3,40,36,-4
r1bq1rk1/pp2bpp1/2p1pn1p/8/2pP4/2n1PNB1/PPQ1BPPP/R4RK1 w - - 0 13,b2c3,-52,-61,9
r1bq1rk1/p3bpp1/2p1pn1p/1p6/2pP4/2P1PNB1/P1Q1BPPP/R4RK1 w - - 0 14,e3e4,-71,-143,72
r2q1rk1/pb2bpp1/2p1pn1p/1p6/2pPP3/2P2NB1/P1Q1BPPP/R4RK1 w - - 1 15,a2a4,-124,-136,12
r2q1rk1/1b2bpp1/p1p1pn1p/1p6/P1pPP3/2P2NB1/2Q1BPPP/R4RK1 w - - 0 16,a4b5,-139,-213,74
r2q1rk1/1b2bpp1/p3pn1p/1p6/2pPP3/2P2NB1/2Q1BPPP/R4RK1 w - - 0 17,e4e5,-231,-332,101
r2q1rk1/4bpp1/p3p2p/3nP3/1ppPb3/2P3B1/3QBPPP/R3NRK1 w - - 0 20,c3b4,-398,-414,16
r4rk1/5pp1/4p2p/p3P1q1/1b1P1n2/2pB2B1/2Q2PPP/R4RK1 w - - 3 26,h2h4,-117,-171,54
r4rk1/5pp1/4p2p/p3P3/1b1P1q1P/2pB4/2Q2PP1/R4RK1 w - - 0 28,g2g3,-135,-279,144
3r1r1k/5pp1/4p2p/p3P3/1b1PB1qP/2p3P1/2Q2P2/R2R2K1 w - - 5 31,d4d5,-26,-180,154
rnbqkbnr/pppppppp/8/8/8/8/PPPPPPPP/RNBQKBNR w KQkq - 0 1,d2d3,26,-19,-45
rnbqkbnr/pppp1ppp/8/4p3/8/3P4/PPP1PPPP/RNBQKBNR w KQkq - 0 2,e2e3,-2,-43,41
r1bqkbnr/pppp1ppp/2n5/4p3/8/3PP3/PPP2PPP/RNBQKBNR w KQkq - 1 3,b2b3,-5,-56,51
r1bqk2r/pppp1ppp/2n2n2/2b1p3/8/1P1PP3/PBP2PPP/RN1QKBNR w KQkq - 3 5,g2g3,-20,-75,55
r1bqk2r/ppp2ppp/2n2n2/2bpp3/8/1P1PP1P1/PBP2P1P/RN1QKBNR w KQkq - 0 6,h2h3,-67,-69,2
r1bq1rk1/ppp2ppp/2n2n2/2bpp3/8/1P1PP1PP/PBP2P2/RN1QKBNR w KQ - 1 7,g3g4,-44,-180,136
r1bq1rk1/ppp2pp1/2n2n1p/2bpp3/6P1/1P1PP2P/PBP2P2/RN1QKBNR w KQ - 0 8,h3h4,-133,-339,206
r1bq1rk1/ppp2p2/2n2n1p/2bpp1p1/6PP/1P1PP3/PBP2P2/RN1QKBNR w KQ - 0 9,h4g5,-70,-33,-37
r1bq1rk1/ppp2p2/2n2n2/2bpp1p1/6P1/1P1PP3/PBP2P2/RN1QKBNR w KQ - 0 10,f2f3,-27,-206,179
r1bq1rk1/ppp4n/2n2p2/2bpp1p1/6P1/1P1PPP2/PBP1Q3/RN2KBNR w KQ - 0 12,d3d4,170,-98,-268
r1bq1rk1/ppp4n/2n2p2/2bp2p1/3Pp1P1/1P2PP2/PBP1Q3/RN2KBNR w KQ - 0 13,f3f4,475,87,-388
r1bq1rk1/ppp4n/2n2p2/2bp4/3PppP1/1P2P3/PBP1Q3/RN2KBNR w KQ - 0 14,e3f4,425,0,-425
r1bq1rk1/ppp4n/2n5/2bp1p2/3PpPP1/1P6/PBP1Q3/RN2KBNR w KQ - 0 15,g4g5,473,314,-159
rnbqkbnr/pppppppp/8/8/8/8/PPPPPPPP/RNBQKBNR w KQkq - 0 1,e2e4,35,29,-6
rnbqkb1r/pppppppp/5n2/8/4P3/8/PPPP1PPP/RNBQKBNR w KQkq - 1 2,e4e5,69,70,1
rnbqkb1r/pppppppp/8/3nP3/8/8/PPPP1PPP/RNBQKBNR w KQkq - 1 3,d2d4,73,73,0
rnbqkb1r/ppp1pp1p/3p2p1/3nP3/3P4/5N2/PPP2PPP/RNBQKB1R w KQkq - 0 5,c2c4,59,66,7
rnbqkb1r/ppp1pp1p/1n1p2p1/4P3/2PP4/5N2/PP3PPP/RNBQKB1R w KQkq - 1 6,e5d6,67,69,2
r1bqk2r/pp2ppbp/1nnp2p1/8/2PP4/2NB1N2/PP3PPP/R1BQK2R w KQkq - 4 9,d4d5,0,14,14
r1bqk2r/pp2ppbp/1n1p2p1/3P4/1nP5/2NB1N2/PP3PPP/R1BQK2R w KQkq - 1 10,a2a3,18,-157,-175
5rk1/1p3pbp/p2p2p1/3P1b2/8/P1r1B3/1P3PPP/R3R1K1 w - - 0 22,b2c3,-9,-10,1
2r3k1/1p5p/p2p1ppB/3P1b2/8/P7/5PPP/4R1K1 w - - 0 26,g2g3,27,-60,-87
2r5/1p3k1p/p2p1ppB/3P1b2/8/P5P1/5P1P/4R1K1 w - - 1 27,h2h4,-62,-202,140
2r5/1p3k1p/p2p1p1B/3P2p1/6bP/P5P1/5PK1/4R3 w - - 0 29,h4g5,-70,-59,-11
rnbqkbnr/pppppppp/8/8/8/8/PPPPPPPP/RNBQKBNR w KQkq - 0 1,e2e4,28,34,6
rnbqkbnr/pp1ppppp/8/2p5/4P3/8/PPPP1PPP/RNBQKBNR w KQkq - 0 2,e4e5,28,-30,-58
rnbqkbnr/pp1p1ppp/4p3/2p1P3/8/8/PPPP1PPP/RNBQKBNR w KQkq - 0 3,f2f4,-13,-44,31
r1bqkbnr/pp3ppp/2npp3/2p1P3/5P2/5N2/PPPP2PP/RNBQKB1R w KQkq - 0 5,e5d6,-52,-107,55
r1bqk1nr/pp3ppp/2nbp3/2p5/5P2/5N2/PPPP2PP/RNBQKB1R w KQkq - 0 6,c2c3,-109,-212,103
r1bqk2r/pp3ppp/2nbpn2/2p5/5P2/2P2N2/PP1P2PP/RNBQKB1R w KQkq - 1 7,d2d3,-155,-192,37
r1bqr1k1/pp3ppp/2nbp3/2pn4/5P2/2PP1N2/PP2B1PP/RNBQ1RK1 w - - 5 10,c3c4,-110,-266,156
r1bqr1k1/pp3ppp/2n1p3/2p5/2P2b2/3P1N2/PP2B1PP/RN1Q1RK1 w - - 0 12,g2g3,-310,-373,63
r3r1k1/pp1q1ppp/2n5/4pb1B/2PpN3/3P2P1/PP4KP/R2Q1R2 w - - 4 18,g3g4,26,-400,-426
r3r1k1/pp1q1ppp/2n5/4p2B/2Ppb1P1/3P4/PP4KP/R2Q1R2 w - - 0 19,d3e4,-364,-363,-1
r3r1k1/pp1q1p1p/2n3p1/4p2B/2PpP1P1/8/PP4KP/R2Q1R2 w - - 0 20,g4g5,-427,-441,14
r5k1/pp1qrp1p/2n2R1Q/4p1P1/2P1P3/3p4/PP4KP/5R2 w - - 0 25,g5g6,-274,-431,157
r5k1/pp1r1p2/6p1/4pn2/2P1P3/8/PP2KR1P/8 w - - 5 41,e4f5,-650,-646,-4
rnbqkbnr/pppppppp/8/8/8/8/PPPPPPPP/RNBQKBNR w KQkq - 0 1,d2d4,24,28,4
r1bqkbnr/ppp1pppp/2n5/3p4/3P1B2/8/PPP1PPPP/RN1QKBNR w KQkq - 2 3,e2e3,43,36,-7
r1bqkbnr/ppp1p3/2n2p2/3p2pp/3P4/4PNB1/PPP2PPP/RN1QKB1R w KQkq - 0 6,h2h3,69,58,-11
r1bqkb1r/ppp1n3/4pp1n/3p2pp/3P4/3BPNBP/PPP2PP1/RN1Q1RK1 w kq - 4 9,e3e4,99,14,-85
r1bqkb1r/ppp1n3/4pp1n/3p3p/3PP1p1/3B1NBP/PPP2PP1/RN1Q1RK1 w kq - 0 10,h3g4,76,-87,-163
r1bqkb1r/ppp1n3/4p2n/3p1p2/3PP1pN/3B2B1/PPP2PP1/RN1Q1RK1 w kq - 0 12,e4f5,119,111,-8
rnbqkbnr/pppppppp/8/8/8/8/PPPPPPPP/RNBQKBNR w KQkq - 0 1,e2e4,24,23,-1
r1bqkbnr/ppp2ppp/2np4/1B2p3/4P3/5N2/PPPP1PPP/RNBQK2R w KQkq - 0 4,c2c3,48,46,-2
r2qkbnr/1bp2ppp/p1np4/1p2p3/4P3/2P2N2/PPBP1PPP/RNBQK2R w KQkq - 2 7,d2d4,51,58,7
r3k1nr/1bpqbppp/p1np4/1p2p3/3PP3/2P2N2/PPB2PPP/RNBQ1RK1 w kq - 3 9,a2a4,102,73,-29
r2nk1nr/1bpqbppp/p2p4/1p2p3/P2PP3/2P2N2/1PB2PPP/RNBQ1RK1 w kq - 1 10,d4e5,277,294,17
r2n3r/2p1bppp/p7/1p3k2/P3n3/2P5/1PB2PPP/RNBR2K1 w - - 0 17,f2f3,659,598,-61
r7/2p2ppp/p3nk2/1pb5/P7/2P2P2/1P4PP/RNBR1K2 w - - 0 21,a4b5,688,678,-10
rnbqkbnr/pppppppp/8/8/8/8/PPPPPPPP/RNBQKBNR w KQkq - 0 1,e2e4,24,22,-2
rnbqkbnr/pp1ppppp/8/2p5/4P3/8/PPPP1PPP/RNBQKBNR w KQkq - 0 2,d2d4,21,10,-11
r1bqk1nr/pp2bppp/2n1p3/3p4/4P3/3Q1N2/PPPB1PPP/RN2KB1R w KQkq - 0 7,e4d5,-39,-30,-9
r1b1k2r/pp3ppp/2nbpn2/8/8/2B2N2/PPP2PPP/RN2KB1R w KQkq - 2 11,g2g4,-23,-112,89
r1b1k2r/pp3pp1/2nbpn1p/8/6P1/2B2N2/PPP2P1P/RN2KB1R w KQkq - 0 12,h2h4,-45,-180,135
r1b4r/pp2kpp1/2nbpn1p/8/6PP/2B2N2/PPP2P2/RN2KB1R w KQ - 1 13,g4g5,-98,-144,46
rnbqkbnr/pppppppp/8/8/8/8/PPPPPPPP/RNBQKBNR w KQkq - 0 1,e2e4,24,20,-4
rnbqkbnr/ppp1pppp/8/3p4/4P3/8/PPPP1PPP/RNBQKBNR w KQkq - 0 2,e4d5,46,61,15
rnb1k2r/ppp2ppp/3b1n2/4p3/2B3q1/2N2N2/PPPPQPPP/R1B1K2R w KQkq - 8 8,g2g3,73,-57,-130
rnb1k2r/ppp2ppp/3b1n2/8/2B1p1q1/2N2NP1/PPPPQP1P/R1B1K2R w KQkq - 0 9,h2h3,-69,-530,461
rnb2rk1/ppp2p1p/3b1p2/8/2B5/5pPP/PPPP1P2/R1B1K2R w KQ - 0 13,d2d3,-474,-509,35
rn2r1k1/p4p1p/b1p2p2/2p5/8/3P1BPP/PPP2P2/2KR3R w - - 1 19,d3d4,-186,-214,28
rnbqkbnr/pppppppp/8/8/8/8/PPPPPPPP/RNBQKBNR w KQkq - 0 1,e2e4,22,19,-3
r1bq1rk1/pppp1ppp/2n2n2/2b1p3/2B1P3/2N2N2/PPPP1PPP/R1BQ1RK1 w - - 8 6,d2d3,9,12,3
r1b1r1k1/pppp1ppp/2q5/3Np3/2BbP3/3P4/PPP2PPP/R2Q1RK1 w - - 0 11,c2c3,141,200,59
rnbqkbnr/pppppppp/8/8/8/8/PPPPPPPP/RNBQKBNR w KQkq - 0 1,e2e4,24,18,-6
rnbqkb1r/pppp1ppp/5n2/4p3/2B1P3/8/PPPP1PPP/RNBQK1NR w KQkq - 2 3,d2d3,8,4,-4
rnbqkb1r/ppp2ppp/5n2/3pp3/2B1P3/3P4/PPP2PPP/RNBQK1NR w KQkq - 0 4,e4d5,51,48,-3
rnbqkb1r/ppp2ppp/8/4p3/2B5/2nP4/PPP2PPP/R1BQK1NR w KQkq - 0 6,b2c3,25,13,-12
r1bqk2r/ppp2ppp/2n5/2b1p3/2B5/2PP1N2/P1P2PPP/R1BQK2R w KQkq - 3 8,h2h3,216,13,-203
r1bq1rk1/1pp2ppp/p1n5/2b1p3/2B5/2PP1N1P/P1P2PP1/R1BQ1RK1 w - - 0 10,a2a4,27,26,-1
r1bq1rk1/1pp2ppp/p7/n3p3/P1B5/2PPbN1P/2P2PP1/R2Q1RK1 w - - 0 12,f2e3,-151,-162,11
r1bq1rk1/1pp2ppp/p7/4p3/P1n5/2PPPN1P/2P3P1/R2Q1RK1 w - - 0 13,d3c4,-154,-152,-2
r1b1r1k1/1pp2ppp/p7/4p3/P1P5/2P1PN1P/2P3P1/3R1RK1 w - - 1 15,c4c5,-66,-158,92
r3r1k1/1pp2pp1/p6p/2P1pb2/P7/2P1PN1P/2P2RP1/3R2K1 w - - 0 17,a4a5,-111,-160,49
2r3k1/5pp1/R6p/P1P1R3/8/2r1P2P/6P1/6K1 w - - 1 27,c5c6,166,125,-41
6k1/5pp1/2r4p/P3R3/8/4P2P/6P1/6K1 w - - 0 29,e3e4,110,29,-81
6k1/5pp1/7p/P3R3/2r1P3/7P/6P1/6K1 w - - 1 30,a5a6,24,-3,-27
R7/5ppk/P6p/8/4r3/7P/6P1/6K1 w - - 0 33,a6a7,-2,-9,7
R7/P4pp1/6kp/8/r7/7P/5KP1/8 w - - 3 35,g2g4,-1,-8,7
rnbqkbnr/pppppppp/8/8/8/8/PPPPPPPP/RNBQKBNR w KQkq - 0 1,d2d4,29,27,-2
rnbqkbnr/ppp1pppp/8/3p4/3P4/8/PPP1PPPP/RNBQKBNR w KQkq - 0 2,c2c4,31,30,-1
rnbqkb1r/pp3p2/2p1pn2/3p3p/2PP2p1/2N3B1/PP1NPPPP/R2QKB1R w KQkq - 0 9,h2h3,127,60,-67
rnbqkb1r/pp3p2/2p1pn2/3p3p/2PP4/2N3Bp/PP1NPPP1/R2QKB1R w KQkq - 0 10,g2h3,117,132,15
rnbqk2r/pp3pb1/2p1pn2/3p3p/2PP4/2N3BP/PP1NPP2/R2QKB1R w KQkq - 1 11,e2e3,250,250,0
rnbqkbnr/pppppppp/8/8/8/8/PPPPPPPP/RNBQKBNR w KQkq - 0 1,b2b3,28,-25,-53
rnbqkbnr/pppp2pp/5p2/4p3/8/1P6/PBPPPPPP/RN1QKBNR w KQkq - 0 3,e2e3,78,-7,-85
rnbq1b1r/pp1k2pp/2p2n2/3pQ3/8/1PN1P3/P1PP1PPP/R3KBNR w KQ - 0 8,e3e4,-324,-437,113
rnb4r/pp1kq1pp/2pb1n2/3p2Q1/4P3/1PN5/P1PP1PPP/R3KBNR w KQ - 3 10,d2d3,-419,-456,37
rnbqkbnr/pppppppp/8/8/8/8/PPPPPPPP/RNBQKBNR w KQkq - 0 1,b2b4,22,-36,-58
r1bqkbnr/pppnpppp/8/3p4/1P6/8/PBPPPPPP/RN1QKBNR w KQkq - 2 3,b4b5,-18,-66,48
r1bqkb1r/pppnpppp/5n2/1P1p4/8/8/PBPPPPPP/RN1QKBNR w KQkq - 1 4,e2e3,-21,-43,22
r1bqkb1r/pppn1ppp/5n2/1P1pp3/8/4P3/PBPP1PPP/RN1QKBNR w KQkq - 0 5,a2a4,-45,-81,36
r1bqk2r/pp1n1ppp/2pb1n2/1P1pp3/P7/4P3/1BPPBPPP/RN1QK1NR w KQkq - 0 7,c2c4,-67,-82,15
r1b2rk1/pp3ppp/2pb1q2/1PnpN3/P1P1n3/4P3/1B1PBPPP/RN1Q1RK1 w - - 3 11,d2d4,208,185,-23
r1b2rk1/pp3ppp/2p5/1P1pb1q1/P1PPn3/1n2PB2/RB3PPP/1N1Q1RK1 w - - 0 14,d4e5,176,161,-15
r1b2rk1/pp3ppp/2p5/1PnpP1q1/P1P1n3/4PB2/RB3PPP/1N1Q1RK1 w - - 1 15,c4d5,178,163,-15
rnbqkbnr/pppppppp/8/8/8/8/PPPPPPPP/RNBQKBNR w KQkq - 0 1,e2e4,23,23,0
rnbqkbnr/ppp2ppp/4p3/3p4/4P3/5N2/PPPP1PPP/RNBQKB1R w KQkq - 0 3,e4d5,24,17,-7
rnbqkbnr/ppp2ppp/8/3p4/8/5N2/PPPP1PPP/RNBQKB1R w KQkq - 0 4,d2d4,18,14,-4
rn2k2r/pppqnppp/8/3pb3/3P4/3Q4/PPP2PPP/RNB1R1K1 w kq - 0 11,d4e5,-6,-13,7
rn2k2r/pp1qnppp/2p5/3pP3/8/3Q4/PPP2PPP/RNB1R1K1 w kq - 0 12,c2c4,46,36,-10
rnbqkbnr/pppppppp/8/8/8/8/PPPPPPPP/RNBQKBNR w KQkq - 0 1,e2e4,22,17,-5
rnbqkbnr/pp1ppppp/8/2p5/4P3/8/PPPP1PPP/RNBQKBNR w KQkq - 0 2,e4e5,22,-46,-68
rnbqkbnr/pp1p1ppp/4p3/2p1P3/8/8/PPPP1PPP/RNBQKBNR w KQkq - 0 3,f2f4,-21,-51,30
rnbqkb1r/pp1p2pp/4pp2/2p1Pn2/2B2P2/5N2/PPPP2PP/RNBQK2R w KQkq - 0 6,d2d4,-3,-40,37
r1bqkb1r/pp1p2pp/2n1pp2/2p1Pn2/2BP1P2/5N2/PPP3PP/RNBQK2R w KQkq - 1 7,d4d5,126,105,-21
r1bqkb1r/pp1p2pp/2n5/2pBpn2/5P2/5N2/PPP3PP/RNBQK2R w KQkq - 0 9,f4e5,256,255,-1
r1b1kb1r/pp5p/5qp1/4pn2/3pB3/5Q2/PPP3PP/RNB2RK1 w kq - 2 15,g2g4,109,63,-46
r1b1kb1r/pp5p/1q4p1/4pn2/3pB1P1/5Q2/PPP4P/RNB2RK1 w kq - 1 16,g4f5,203,226,23
r5r1/pp1k3p/8/2bNp3/8/3p4/PPP4P/R1B2R1K w - - 3 25,c2d3,442,423,-19
6r1/pp1k3p/6r1/3Np3/8/2BPb3/PP5P/R4R1K w - - 7 29,d3d4,707,407,-300
6r1/pp1k3p/8/8/8/4N1r1/PP1p3P/R4R1K w - - 0 33,h2g3,540,569,29
rnbqkbnr/pppppppp/8/8/8/8/PPPPPPPP/RNBQKBNR w KQkq - 0 1,e2e4,27,29,2
r2qkbnr/ppp2ppp/2np4/4p3/2B1P1b1/5N2/PPPP1PPP/RNBQ1RK1 w kq - 4 5,c2c3,62,40,-22
r2qk1nr/ppp1bppp/2np4/4p3/2B1P1b1/2P2N2/PP1P1PPP/RNBQ1RK1 w kq - 1 6,b2b4,45,27,-18
r3qrk1/ppp1bppp/2np1n2/4p1N1/1PB1P1b1/1QP5/P2P1PPP/RNB2RK1 w - - 5 9,f2f3,-116,-163,47
r3qrk1/ppp1bppp/2np1n2/4p1Nb/1PB1P3/1QP2P2/P2P2PP/RNB2RK1 w - - 1 10,d2d3,11,-81,-92
r2nqrk1/ppp1bpp1/3p1n1p/4p2b/1PB1P3/1QPP1P1N/P5PP/RNB2RK1 w - - 2 12,f3f4,22,-371,-393
r2nqrk1/1pp1bpp1/3p1n1p/p3p2b/1PB1PP2/1QPP3N/P5PP/RNB2RK1 w - - 0 13,f4e5,-71,-134,63
r2nqrk1/1p2bpp1/2p2n1p/4p2b/pPB1P3/2PP3N/P1QN2PP/R1B2RK1 w - - 0 16,d3d4,-33,-147,114
r2nqrk1/5pp1/2pb1n1p/1p2p2b/pP1PP3/2PB3N/P1QN2PP/R1B2RK1 w - - 2 18,d4e5,-50,-85,35
rnbqkbnr/pppppppp/8/8/8/8/PPPPPPPP/RNBQKBNR w KQkq - 0 1,d2d4,30,23,-7
rnbqkb1r/pppppppp/5n2/8/3P4/8/PPP1PPPP/RNBQKBNR w KQkq - 1 2,c2c4,24,21,-3
rnbqkb1r/pppp1ppp/4pn2/8/2PP4/8/PP2PPPP/RNBQKBNR w KQkq - 0 3,g2g3,20,27,7
r1bq1rk1/ppbn1ppp/2p1pn2/8/2NP4/2N3P1/PP2PPBP/R1BQ1RK1 w - - 3 10,e2e4,65,70,5
r1bq1rk1/ppbn1ppp/4pn2/2p5/2NPP3/2N3P1/PP3PBP/R1BQ1RK1 w - - 0 11,d4d5,201,70,-131
r1bq1rk1/ppbn1ppp/5n2/2pp4/2N1P3/2N3P1/PP3PBP/R1BQ1RK1 w - - 0 12,e4d5,86,89,3
1rbq1rk1/ppb2ppp/1n3n2/2pP4/8/2N1N1P1/PP3PBP/R1BQ1RK1 w - - 3 14,a2a4,198,187,-11
1r1q1rk1/1pbb1ppp/1n3n2/pNpP4/P7/4N1P1/1P3PBP/R1BQ1RK1 w - - 2 16,d5d6,470,451,-19
1r1q1rk1/1pb2ppp/1n1P1n2/pbp5/P7/4N1P1/1P3PBP/R1BQ1RK1 w - - 0 17,d6c7,548,522,-26
1r3rk1/1pq2ppp/1n3n2/pbp5/P7/4N1P1/1P3PBP/R1BQ1RK1 w - - 0 18,a4b5,531,529,-2
rnbqkbnr/pppppppp/8/8/8/8/PPPPPPPP/RNBQKBNR w KQkq - 0 1,d2d4,30,28,-2
rnbqkbnr/pp1ppppp/2p5/8/3P4/8/PPP1PPPP/RNBQKBNR w KQkq - 0 2,c2c4,39,28,-11
rn1qkbnr/pp2p1p1/2p2p2/7p/2pP2bB/2N2N2/PP2PPPP/R2QKB1R w KQkq - 0 7,e2e4,79,36,-43
rn1qkbnr/pp2p3/2p5/6pp/2pPP1b1/2N2N2/PP3PPP/R2QKB1R w KQkq - 0 9,h2h3,-141,-180,39
rn1qkbnr/pp2p3/2p5/6pp/2pPP3/2N2b1P/PP3PP1/R2QKB1R w KQkq - 0 10,g2f3,-228,-272,44
r2k2nr/ppnqb3/2p1p1Q1/7p/2BPP3/2N2P1P/PP3P2/2KR3R w - - 3 16,d4d5,230,258,28
r2k2nr/ppnqb3/2p3Q1/3Pp2p/2B1P3/2N2P1P/PP3P2/2KR3R w - - 0 17,d5c6,729,786,57
r5nr/pp1Qb3/2P5/1k2p2p/N3P3/5P1P/PP3P2/2KR4 w - - 5 23,c6c7,10000,10000,0
rnbqkbnr/pppppppp/8/8/8/8/PPPPPPPP/RNBQKBNR w KQkq - 0 1,e2e4,32,33,1
rnbqkbnr/pp1ppppp/8/2p5/4P3/8/PPPP1PPP/RNBQKBNR w KQkq - 0 2,f2f4,36,-12,-48
rnbqkbnr/1p3ppp/p2pp3/2p5/2B1PP2/2N5/PPPP2PP/R1BQK1NR w KQkq - 0 5,a2a3,9,9,0
r2qkb1r/1b3ppp/p1nppn2/1pp5/4PP2/P1N2N2/BPPP2PP/R1BQ1RK1 w kq - 6 9,e4e5,35,-207,-242
r2qkb1r/1b3ppp/p1n1pn2/1pp1p3/5P2/P1N2N2/BPPP2PP/R1BQ1RK1 w kq - 0 10,f4e5,-201,-227,26
r3kb1r/1b3ppp/p3pn2/1pp1q3/8/P1N5/BPPP2PP/R1BQ1R1K w kq - 0 13,d2d3,-243,-272,29
r3k2r/7p/3qp2B/p1p2p2/1p4p1/PK1P4/BPP5/R2QR3 w kq - 0 26,c2c4,272,308,36
r3k2r/7p/4p2B/p1p2p2/1pPq2p1/PK1P4/BP6/R2QR3 w kq - 1 27,a3a4,370,402,32
5r1r/3k3p/3qp3/p1p2pQ1/PpP5/1K1PB1p1/BP6/3R1R2 w - - 6 33,d3d4,485,514,29
5r1r/7p/2kqp3/p1p2pQ1/PpPP4/1K2B1p1/BP6/3R1R2 w - - 1 34,d4c5,680,704,24
rnbqkbnr/pppppppp/8/8/8/8/PPPPPPPP/RNBQKBNR w KQkq - 0 1,d2d4,36,28,-8
rnbqkb1r/ppp1pppp/5n2/3p4/3P4/5N2/PPP1PPPP/RNBQKB1R w KQkq - 2 3,c2c4,24,22,-2
r2qkb1r/pppn1ppp/4pn2/3p1bB1/2PP4/2N2N2/PP2PPPP/R2QKB1R w KQkq - 2 6,e2e3,98,5,-93
rnbqkbnr/pppppppp/8/8/8/8/PPPPPPPP/RNBQKBNR w KQkq - 0 1,e2e4,36,29,-7
rnbqkbnr/pppp1ppp/8/4p3/4P3/8/PPPP1PPP/RNBQKBNR w KQkq - 0 2,f2f4,32,-28,-60
rnbqk2r/ppp2ppp/8/2bB4/4Pp2/8/PPPP2PP/R1BQK1NR w KQkq - 1 7,d2d4,175,74,-101
rn1q1rk1/pp3ppp/1bp5/8/2BPPBb1/5N2/PPP3PP/R2QK2R w KQ - 2 11,c2c3,249,250,1
rn1q1rk1/pp3pp1/1bp4p/8/2BPPBb1/2P2N2/PP4PP/R2QK2R w KQ - 0 12,h2h3,257,223,-34
rn1q1rk1/pp3pp1/1bp4p/7b/2BPPB2/2P2N1P/PP4P1/R2QK2R w KQ - 1 13,g2g4,314,263,-51
rnbqkbnr/pppppppp/8/8/8/8/PPPPPPPP/RNBQKBNR w KQkq - 0 1,e2e4,30,29,-1
rnbqkbnr/pp1ppppp/8/2p5/4P3/8/PPPP1PPP/RNBQKBNR w KQkq - 0 2,f2f4,38,-13,-51
r1bqkbnr/pp1p1ppp/2n1p3/2p5/2B1PP2/8/PPPP2PP/RNBQK1NR w KQkq - 0 4,e4e5,-36,-209,173
r1bqkbnr/pp3ppp/2n1p3/2ppP3/2B2P2/8/PPPP2PP/RNBQK1NR w KQkq d6 0 5,e5d6,-90,-119,29
r1bqk2r/pp3ppp/2nbpn2/2p5/2B2P2/5N2/PPPP2PP/RNBQK2R w KQkq - 2 7,d2d3,-154,-144,-10
r1bq1rk1/1p3ppp/p1nbpn2/2p3N1/2B2P2/3P4/PPP3PP/RNBQK2R w KQ - 0 9,a2a4,-183,-174,-9
1rbq1rk1/5ppp/p1nbpn2/1pp3N1/P1B2P2/3P4/1PP3PP/RNBQ1RK1 w - - 0 11,a4b5,-160,-196,36
1rbq1rk1/5pp1/2nbpn1p/1p6/2p2P2/3P1N2/BPP3PP/RNBQ1RK1 w - - 0 14,d3d4,-161,-224,63
1rbq1rk1/5pp1/2nbp2p/1p6/2pPnP2/5N2/BPP3PP/RNBQ1RK1 w - - 1 15,b2b3,-141,-205,64
1rbq1rk1/6p1/2nbp2p/1p3p2/2pPnP2/1P3N2/B1P3PP/RNBQ1RK1 w - - 0 16,b3c4,-72,-61,-11
2bq1rk1/6p1/2nbpn1p/5p2/1r1P1P2/3B1N2/2P3PP/RNBQ1RK1 w - - 3 19,c2c3,63,33,-30
1r1q1rk1/1bb3p1/4pn1p/4np2/3P1P2/2PB1N2/6PP/R1BQ1RK1 w - - 0 23,f4e5,46,29,-17
1r3rk1/2b3p1/4p2p/3nPpq1/3P4/2PB1Q2/6PP/R3BRK1 w - - 5 27,h2h4,246,215,-31
5rk1/2b3p1/4p1qp/3nPp2/3P3P/2PB1Q2/1r4PK/R3BR2 w - - 3 29,c3c4,214,-2,-216
5rk1/2R3p1/4p1qp/4Pp2/2PP3P/3B1Q2/1r3BPK/8 w - - 1 36,c4c5,373,363,-10
4qrk1/2R3p1/4p2p/2P1Pp2/3P3P/3B1Q2/1r3BPK/8 w - - 1 37,c5c6,455,462,7
5r1k/3R4/4Q2p/4Ppp1/3P1K1P/3B4/6P1/8 w - - 0 43,h4g5,10000,10000,0
rnbqkbnr/pppppppp/8/8/8/8/PPPPPPPP/RNBQKBNR w KQkq - 0 1,e2e4,29,26,-3
rnbqkbnr/pppp1ppp/4p3/8/4P3/8/PPPP1PPP/RNBQKBNR w KQkq - 0 2,d2d4,54,39,-15
rnbqkbnr/ppp2ppp/4p3/3p4/3PP3/8/PPP2PPP/RNBQKBNR w KQkq - 0 3,e4e5,36,27,-9
rnbqkbnr/pp3ppp/4p3/2ppP3/3P4/8/PPP2PPP/RNBQKBNR w KQkq - 0 4,c2c3,28,28,0
r4rk1/p3qppp/4p3/1Qppn3/8/2P5/PP3PPP/RN3RK1 w - - 2 17,f2f4,-261,-341,80
rnbqkbnr/pppppppp/8/8/8/8/PPPPPPPP/RNBQKBNR w KQkq - 0 1,e2e4,25,24,-1
rnbqkbnr/ppp2ppp/3p4/4p3/4P3/5N2/PPPP1PPP/RNBQKB1R w KQkq - 0 3,d2d4,47,55,8
r1bq1rk1/ppp1bppp/3p1n2/2n5/3NP3/2N1B3/PPPQBPPP/R3K2R w KQ - 9 9,f2f3,107,108,1
r1bq1rk1/ppp1bppp/1n1p4/8/3BP3/2N2P2/PPPQB1PP/1K1R3R w - - 1 13,g2g4,232,220,-12
r2q1rk1/ppp1bppp/1n1pb3/8/3BP1P1/2N2P2/PPPQB2P/1K1R3R w - - 1 14,h2h4,230,235,5
r2q1rk1/ppp2ppp/1n1pb3/8/3BP1Pb/2N2P2/PPPQB3/1K1R3R w - - 0 15,f3f4,299,297,-2
2rq1rk1/pp3ppp/3p1b2/8/3RPPP1/2NQ4/PPP5/1K5R w - - 3 21,e4e5,532,537,5
rnbqkbnr/pppppppp/8/8/8/8/PPPPPPPP/RNBQKBNR w KQkq - 0 1,e2e4,29,29,0
rnbqkbnr/pp1p1ppp/4p3/2p5/2B1P3/8/PPPP1PPP/RNBQK1NR w KQkq - 0 3,f2f4,-1,-39,38
rnbqkbnr/1p1p1ppp/p3p3/2p5/2B1PP2/8/PPPP2PP/RNBQK1NR w KQkq - 0 4,f4f5,-20,-307,287
rnbqkbnr/1p1p1ppp/p7/2p2p2/2B1P3/8/PPPP2PP/RNBQK1NR w KQkq - 0 5,e4f5,-80,-325,245
rnb1kbnr/1p1p1ppp/p7/2p2P2/2B4q/8/PPPP2PP/RNBQK1NR w KQkq - 1 6,g2g3,-307,-337,30
rnb1kbnr/1p1p1ppp/p7/2p2P2/2q5/6P1/PPPP3P/RNBQK1NR w KQkq - 0 7,d2d3,-326,-321,-5
r7/1b1k2pp/p7/1ppq1PN1/6Q1/3PB1P1/P1P4P/1R2R1K1 w - - 1 25,f5f6,911,915,4
r7/7R/p7/1kp3Np/5Bp1/1p1P2P1/b1P2K1P/8 w - - 0 39,c2b3,419,445,26
8/8/8/8/6p1/3P2P1/1k3K1P/8 w - - 0 49,d3d4,774,794,20
8/8/8/8/3P2p1/2k3P1/5K1P/8 w - - 1 50,d4d5,827,824,-3
8/8/8/3P4/3k2p1/6P1/5K1P/8 w - - 1 51,d5d6,833,856,23
8/8/3P4/8/4k1p1/6P1/5K1P/8 w - - 1 52,d6d7,854,854,0
8/3P4/8/5k2/6p1/6P1/5K1P/8 w - - 1 53,d7d8q,898,10000,9102
rnbqkbnr/pppppppp/8/8/8/8/PPPPPPPP/RNBQKBNR w KQkq - 0 1,d2d4,31,22,-9
rnbqkbnr/ppp1pppp/8/3p4/3P4/8/PPP1PPPP/RNBQKBNR w KQkq - 0 2,c2c4,23,30,7
rnbqk2r/pp2bppp/2p1pn2/3p2B1/2PP4/2N2N2/PP2PPPP/R2QKB1R w KQkq - 4 6,e2e3,35,34,-1
rn1kb2r/pp3ppp/2p1p3/4N3/2PPp3/4P3/PP3PPP/R2QKB1R w KQ - 2 11,d4d5,913,855,-58
r3b2r/pp3kpp/3Q1p2/4p3/2P1p3/4P3/PP3PPP/R3KB1R w KQ - 3 20,c4c5,879,845,-34
r3b2r/pp4pp/3Q1pk1/2P1p3/4p3/4P3/PP3PPP/R3KB1R w KQ - 1 21,h2h4,886,859,-27
r3b2r/pp4p1/3Q1pk1/2P1p2p/4p2P/4P3/PP3PP1/R3KB1R w KQ - 0 22,f2f3,844,720,-124
3R4/p5p1/1pb2pk1/2P1p2p/4p2P/4PP2/PP4P1/2K2B1R w - - 0 26,f3e4,891,831,-60
8/2R5/4kp2/4p1pp/7P/4P3/PP4P1/2K2R2 w - - 0 35,h4g5,855,872,17
rnbqkbnr/pppppppp/8/8/8/8/PPPPPPPP/RNBQKBNR w KQkq - 0 1,e2e4,30,28,-2
rnbqkbnr/pppp1ppp/8/4p3/4P3/8/PPPP1PPP/RNBQKBNR w KQkq - 0 2,g2g3,31,-59,-90
r1bq1rk1/ppp2ppp/2n2n2/2b1p3/8/6P1/PPPPNPBP/RNBQ1RK1 w - - 7 8,d2d3,-50,-65,15
r2q1rk1/ppp2ppp/5n2/4p3/6b1/3Pb1P1/PPP1NPBP/R2Q1RK1 w - - 0 12,f2e3,-29,-33,4
r4rk1/pp3ppp/1qp2n2/4p3/6b1/3PP1P1/PPPQN1BP/R4RK1 w - - 2 14,b2b3,-27,-96,69
3r1rk1/pp3pp1/2p2n1p/q3p3/6b1/1PNPP1P1/P1PQ2BP/R4R1K w - - 2 17,e3e4,-9,-10,1
5rk1/pp3pp1/2pr1n1p/q3p3/4P1b1/1PNP2P1/P1PQ2BP/R4R1K w - - 1 18,a2a3,2,-8,-10
3r2k1/pp3pp1/2pr1n1p/q3p3/4P1b1/PPNP2P1/2PQ2BP/R4R1K w - - 1 19,b3b4,-1,-22,21
rnbqkbnr/pppppppp/8/8/8/8/PPPPPPPP/RNBQKBNR w KQkq - 0 1,e2e4,23,24,1
rnbqkb1r/pppp1ppp/5n2/4p3/2B1P3/8/PPPP1PPP/RNBQK1NR w KQkq - 2 3,d2d3,12,19,7
rnbqk2r/pppp1ppp/5n2/2b1p3/2B1P3/3P4/PPP2PPP/RNBQK1NR w KQkq - 1 4,h2h3,20,-13,-33
rnbqk2r/ppp2ppp/5n2/2bpp3/2B1P3/3P3P/PPP2PP1/RNBQK1NR w KQkq - 0 5,e4d5,40,40,0
rnbqk2r/ppp2ppp/8/2b1p3/2B5/2nP3P/PPP2PP1/R1BQK1NR w KQkq - 0 7,b2c3,8,-2,-10
r2q1rk1/pppb1ppp/2nb4/4p3/2B5/2PPB2P/P1P1NPP1/R2Q1RK1 w - - 7 11,f2f4,10,15,5
6k1/pp5p/2p4p/n7/8/2PP1K2/P1P5/8 w - - 0 26,d3d4,-612,-650,38
8/pp5p/2p1k2p/n7/3PK3/2P5/P1P5/8 w - - 3 28,a2a4,-662,-666,4
8/pp5p/2pnk2p/8/P2P4/2PK4/2P5/8 w - - 3 30,c3c4,-646,-673,27
8/p6p/1ppnk2p/8/P1PP4/3K4/2P5/8 w - - 0 31,c4c5,-630,-667,37
8/p6p/1pp1k2p/2P2n2/P2P4/3K4/2P5/8 w - - 1 32,c5b6,-526,-556,30
8/7p/1pp1k2p/3n4/P2P4/3K4/2P5/8 w - - 4 35,c2c4,-568,-568,0
8/7p/npp1k2p/8/P1PP4/2K5/8/8 w - - 3 37,d4d5,-590,-630,40
8/7p/np2k2p/3p4/P1P5/2K5/8/8 w - - 0 38,c4d5,-610,-634,24
rnbqkbnr/pppppppp/8/8/8/8/PPPPPPPP/RNBQKBNR w KQkq - 0 1,c2c3,23,-3,-26
rnbqkbnr/pppp1ppp/4p3/8/8/2P5/PP1PPPPP/RNBQKBNR w KQkq - 0 2,d2d4,24,11,-13
rnbqkbnr/ppp2ppp/4p3/3p4/3P4/2P5/PP2PPPP/RNBQKBNR w KQkq - 0 3,e2e3,10,-2,-12
rnbqkb1r/ppp2ppp/4pn2/3p4/3P4/2P1P3/PP3PPP/RNBQKBNR w KQkq - 1 4,b2b3,-15,-13,-2
r2qr1k1/pp1b1pbp/1np1pnp1/3p4/3P4/1PPBP3/PBQNNPPP/2K3RR w - - 8 14,g2g4,-68,-197,129
r3r1k1/ppqb1pbp/1np1pnp1/3p4/3P2P1/1PPBP3/PBQNNP1P/2K3RR w - - 1 15,g4g5,2,-2,-4
r3r1k1/ppqb1pbp/1np1p1p1/3p2Pn/3P4/1PPBP3/PBQNNP1P/2K3RR w - - 1 16,h2h4,16,-113,-129
r3r1kb/ppqb1p1p/1np1p1p1/3p2Pn/3P3P/1PPBP3/PBQNNP2/2K3RR w - - 1 17,f2f4,136,91,-45
r3r1kb/ppqb1pnp/1np1p1p1/3p2P1/3P1P1P/1PPBP3/PBQNN3/2K3RR w - - 1 18,h4h5,252,271,19
r3r1kb/ppqb1pnp/1np1p1p1/3p2P1/3P1P2/1PPBP1N1/PBQN4/2K3RR w - - 2 20,e3e4,413,195,-218
rnbqkbnr/pppppppp/8/8/8/8/PPPPPPPP/RNBQKBNR w KQkq - 0 1,e2e4,26,25,-1
r1bqkb1r/ppp3pp/2p2n2/4Np2/4P3/8/PPPP1PPP/RNBQK2R w KQkq - 1 6,d2d4,20,1,-19
r1bq1rk1/ppp3pp/2pb1n2/4N1B1/3Pp3/8/PPP2PPP/RN1Q1RK1 w - - 4 9,c2c3,19,-56,-75
r1b2r1k/ppp1q1pp/2p2n2/4b1B1/3Pp3/1QP5/PP1N1PPP/R4RK1 w - - 0 12,d4e5,-33,-30,-3
4r2k/pQp3pp/2p4r/4qb2/4p3/2P1R3/PP1N1PPP/5RK1 w - - 3 17,g2g3,132,-7,-139
4r2k/p1p3pp/4r3/7b/4N3/2P1K1P1/PP3P2/4R3 w - - 2 26,f2f3,-642,-636,-6
8/p7/8/2R3p1/4r1k1/2P1r1P1/PP4K1/8 w - - 7 38,a2a4,-841,-10000,9159
rnbqkbnr/pppppppp/8/8/8/8/PPPPPPPP/RNBQKBNR w KQkq - 0 1,e2e4,25,25,0
rnbqkbnr/pp1ppppp/8/2p5/4P3/8/PPPP1PPP/RNBQKBNR w KQkq - 0 2,f2f4,24,-6,-30
rnbqkbnr/pp1p1ppp/4p3/2p5/4PP2/8/PPPP2PP/RNBQKBNR w KQkq - 0 3,e4e5,-12,-42,30
r1bqkbnr/pp1p2pp/2n1p3/1Bp1p3/5P2/5N2/PPPP2PP/RNBQK2R w KQkq - 0 6,f4e5,69,55,-14
r1bqkb1r/pp1p2pp/2n1p3/1BpnP3/8/5N2/PPPP2PP/RNBQ1RK1 w kq - 3 8,c2c4,188,158,-30
r1bqkb1r/pp1p2pp/2n1p3/1Bp1P3/2P2n2/5N2/PP1P2PP/RNBQ1RK1 w kq - 1 9,d2d3,382,244,-138
2r3k1/3p2pp/2p1pn2/8/2P5/4R3/PP2K1PP/8 w - - 4 28,g2g3,-474,-511,37
1r4k1/3p2pp/2p1pn2/8/2P5/4R1P1/PP2K2P/8 w - - 1 29,b2b3,-510,-543,33
6k1/3p2pp/2p1pn2/8/1rP5/1P2R1P1/P3K2P/8 w - - 1 30,a2a4,-454,-467,13
4r1k1/6pp/2p1p3/3p4/P1P5/1P2K1P1/7P/8 w - - 0 36,c4c5,-576,-597,21
6k1/6pp/2p1r3/2P1p3/P2pK3/1P4P1/7P/8 w - - 2 39,g3g4,-472,-568,96
8/5kpp/2p1r3/2P1p3/P2pK1P1/1P6/7P/8 w - - 1 40,h2h3,-502,-610,108
8/6pp/2p1r3/2P1p1k1/P3K1P1/1P5P/8/8 w - - 3 43,b3b4,-346,-413,67
8/6pp/2p1r3/2P1p3/PP2K1Pk/7P/8/8 w - - 1 44,b4b5,169,219,50
8/6pp/4r3/1pP1p3/P3K1Pk/7P/8/8 w - - 0 45,a4b5,254,270,16
8/6pp/4r3/1PP1p3/4K1P1/7k/8/8 w - - 0 46,b5b6,270,216,-54
8/6pp/1P2r3/2P1p3/4K1k1/8/8/8 w - - 0 47,b6b7,508,483,-25
4r3/1P4pp/8/2P1p3/4K1k1/8/8/8 w - - 1 48,c5c6,542,562,20
4r3/1P4pp/2P5/4p3/4K3/6k1/8/8 w - - 1 49,c6c7,572,609,37
4r3/1PP3p1/8/4p2p/4K3/6k1/8/8 w - - 0 50,b7b8q,790,845,55
rnbqkbnr/pppppppp/8/8/8/8/PPPPPPPP/RNBQKBNR w KQkq - 0 1,e2e4,27,20,-7
r1bq1b1r/pppp1kpp/2n5/4p3/4n3/2N2N2/PPPP1PPP/R1BQK2R w KQ - 0 6,d2d3,-166,-500,334
r1bq1b1r/pppp1kpp/2n5/4p3/8/2nP1N2/PPP2PPP/R1BQK2R w KQ - 0 7,b2c3,-499,-500,1
r1bq3r/ppppbkp1/2n4p/4p3/8/2PP1N2/P1P2PPP/R1BQ1RK1 w - - 2 9,d3d4,-389,-430,41
r1bq3r/ppppbkp1/2n4p/8/3p4/2P2N2/P1P2PPP/R1BQ1RK1 w - - 0 10,c3d4,-358,-367,9
r1bq3r/ppp1bkp1/7p/3pn3/3P4/8/P1P2PPP/R1BQ1RK1 w - - 0 12,d4e5,-435,-439,4
r4rk1/ppp3p1/7p/3pP1q1/4b2b/2Q5/PBP2PPP/R4RK1 w - - 11 18,g2g3,-468,-561,93
r5k1/ppp2rp1/7p/3pP1q1/4b2b/2Q3P1/PBP2P1P/R4RK1 w - - 1 19,e5e6,-384,-414,30
5rk1/pQ4p1/4r2p/3p2q1/4b2b/6P1/PBP2P1P/R4RK1 w - - 0 22,f2f3,-421,-503,82
rnbqkbnr/pppppppp/8/8/8/8/PPPPPPPP/RNBQKBNR w KQkq - 0 1,e2e3,21,6,-15
rnbqkbnr/ppp2ppp/4p3/3p4/8/4P3/PPPPBPPP/RNBQK1NR w KQkq - 0 3,d2d3,6,-13,-19
rn1qkb1r/pp1b1ppp/4pn2/2pp4/8/2NPP3/PPPBBPPP/R2QK1NR w KQkq - 4 6,h2h3,-51,-66,15
r2q1rk1/pp1bbpp1/2n1pn1p/2p5/3p4/3PP2P/PPPBBPPN/RN1Q1RK1 w - - 2 11,e3e4,-79,-82,3
r2q1rk1/pp1bbpp1/2n2n1p/2p1p3/3pP3/3P3P/PPPBBPPN/RN1Q1RK1 w - - 0 12,f2f4,-62,-55,-7
2rq1rk1/pp1bbpp1/2n2n1p/2p1p3/3pPP2/3P3P/PPPBB1PN/RN1Q1RK1 w - - 1 13,b2b3,-35,-32,-3
2rq1rk1/p2bbpp1/2n2n1p/1pp1p3/3pPP2/1P1P3P/P1PBB1PN/RN1Q1RK1 w - - 0 14,f4f5,-43,-127,84
2rq1rk1/p2bbpp1/2n2n1p/1p2pP2/3pP1N1/1P1p3P/P1PBB1P1/RN1Q1RK1 w - - 0 16,c2d3,-6,-52,46
2rq1rk1/p2b1pp1/2n2n1p/1p2pP2/1b1pP1N1/1P1P3P/P2BB1P1/RN1Q1RK1 w - - 1 17,a2a3,-46,-59,13
2rq1rk1/p2bbpp1/2n2n1p/1p2pP2/3pP1N1/PP1P3P/3BB1P1/RN1Q1RK1 w - - 1 18,b3b4,-26,-31,5
2r2rk1/p2b1pp1/7p/1p2pPq1/1n1pP1B1/P2P3P/5RP1/RN1Q2K1 w - - 0 22,a3b4,-218,-230,12
6k1/p2b1p2/3q2pp/1p2pP2/1P1pP1B1/2rP3P/3R2P1/1R2N1K1 w - - 0 29,f5g6,-188,-203,15
6k1/p1q5/4b2p/1p2p1p1/1P1pP3/2rP1N1P/3R1KP1/1R1B4 w - - 0 33,g2g4,-325,-363,38
6k1/p7/4b3/1p4p1/1P1pPqp1/2rP1N1P/3R2K1/1R1B4 w - - 0 37,h3g4,-473,-475,2
rnbqkbnr/pppppppp/8/8/8/8/PPPPPPPP/RNBQKBNR w KQkq - 0 1,b2b3,22,-16,-38
rnbqkbnr/ppp2ppp/4p3/3p4/8/1P6/PBPPPPPP/RN1QKBNR w KQkq - 0 3,f2f3,9,-66,-75
rnbqkb1r/ppp2ppp/4pn2/3p4/8/1P3P2/PBPPP1PP/RN1QKBNR w KQkq - 1 4,e2e4,-32,-54,22
rnbqk2r/ppp1bppp/4pn2/3p4/4P3/1P3P2/PBPP2PP/RN1QKBNR w KQkq - 1 5,e4e5,-45,-31,-14
rnbqk2r/pppnbppp/4p3/3pP3/8/1P3P2/PBPP2PP/RN1QKBNR w KQkq - 1 6,d2d4,-29,-71,42
rnbqk2r/pppnb1pp/4pp2/3pP3/3P4/1P3P2/PBP3PP/RN1QKBNR w KQkq - 0 7,e5f6,7,-68,-75
rnbqk2r/pppn2pp/4pb2/3p4/3P4/1P3P2/PBP3PP/RN1QKBNR w KQkq - 0 8,c2c3,-16,-98,82
rnbq1rk1/pppn2pp/4pb2/3p4/3P4/1PP2P2/PB4PP/RN1QKBNR w KQ - 1 9,h2h4,-103,-256,153
rnbq1rk1/pp1n2pp/4pb2/2pp4/3P3P/1PP2P2/PB4P1/RN1QKBNR w KQ - 0 10,g2g4,-242,-312,70
rnbq1rk1/pp1n2pp/4pb2/3p4/3p2PP/1PP2P2/PB6/RN1QKBNR w KQ - 0 11,c3d4,-225,-308,83
rnbqkbnr/pppppppp/8/8/8/8/PPPPPPPP/RNBQKBNR w KQkq - 0 1,e2e4,26,26,0
rnbqkbnr/pp1p1pp1/2p4p/4p3/2B1P3/7N/PPPP1PPP/RNBQK2R w KQkq - 0 4,d2d4,14,-1,-15
rnbqk1nr/pp1p1pp1/2pb3p/4p3/2BPP3/7N/PPP2PPP/RNBQK2R w KQkq - 1 5,f2f4,139,121,-18
rnb1k1nr/ppbpqpp1/2p4p/8/2BPPp2/5N2/PPP2NPP/R1BQK2R w KQkq - 4 9,e4e5,133,-11,-144
rn2k1nr/ppb1qp2/2p1b2p/3pP1p1/3P1p2/1B1Q1N2/PPP2NPP/R1B2RK1 w kq - 2 13,c2c4,-75,-84,9
r3k1nr/ppbnqp2/2p4p/4P1p1/2QP1p2/5N2/PP3NPP/R1B2RK1 w kq - 1 16,e5e6,-37,-178,141
2kr2nr/ppbnq3/2p1p2p/6p1/3P1p2/2Q2N2/PP3NPP/R1B2RK1 w - - 2 18,b2b4,-198,-257,59
2kr3r/ppbnq3/2p1pn1p/6p1/1P1P1p2/2Q2N2/P4NPP/R1B2RK1 w - - 1 19,b4b5,-260,-236,-24
1k1r3r/1p1nq3/1p5p/1P1np1p1/4Np2/5N2/PB4PP/2R2RK1 w - - 2 26,a2a4,-493,-621,128
rnbqkbnr/pppppppp/8/8/8/8/PPPPPPPP/RNBQKBNR w KQkq - 0 1,d2d4,26,21,-5
rnbqkbnr/ppppp1pp/8/5p2/3P4/8/PPP1PPPP/RNBQKBNR w KQkq - 0 2,c2c4,53,45,-8
rnbqkb1r/pppp4/4pn1p/5pp1/2PP4/2N5/PP1BPPPP/R2QKBNR w KQkq - 0 6,e2e3,95,97,2
rnbq1rk1/1pp3b1/p3pn1p/5pp1/2BP4/2N1P3/PPQB1PPP/2KR2NR w - - 0 11,a2a3,198,59,-139
r1b2rk1/2p1q1b1/p3pn1p/1p2npp1/3P4/P1NBP3/1PQB1PPP/2KR3R w - - 0 15,d4e5,-101,-138,37
r1b2rk1/2pnq1b1/p3p2p/1p2Ppp1/8/P1NBP3/1PQB1PPP/2KR3R w - - 1 16,h2h4,-46,-122,76
r1b2rk1/2p1q1b1/p3p2p/1p2npp1/7P/P1NBP3/1PQB1PP1/2KR3R w - - 0 17,h4g5,-103,-115,12
r1b2rk1/2p3b1/p3p2p/1p3pq1/8/P1NQP3/1P1B1PP1/2KR3R w - - 0 19,e3e4,27,18,-9
r4rk1/1bp3b1/p3p3/1p3pp1/4P3/P1NQ4/1P3PP1/2KR3R w - - 0 21,e4f5,620,603,-17
r4rk1/1bp3b1/p7/1p3pp1/8/P1NQ4/1P3PP1/2KR3R w - - 0 22,g2g4,711,456,-255
1R6/8/8/pp6/4kp2/P5p1/1P2KP2/8 w - - 0 37,f2g3,594,602,8
rnbqkbnr/pppppppp/8/8/8/8/PPPPPPPP/RNBQKBNR w KQkq - 0 1,g2g3,24,6,-18
rnbqkbnr/pppp1ppp/4p3/8/8/6P1/PPPPPP1P/RNBQKBNR w KQkq - 0 2,f2f4,23,-16,-39
rnbqkbnr/ppp2ppp/4p3/3p4/5P2/6P1/PPPPP2P/RNBQKBNR w KQkq - 0 3,b2b3,-18,-38,20
rnbqk2r/ppp1bppp/4pn2/3p4/5P2/1P4P1/PBPPP2P/RN1QKBNR w KQkq - 3 5,c2c3,-13,-68,55
rnbq1rk1/ppp1bppp/4pn2/3p4/5P2/1PP3P1/PB1PP2P/RN1QKBNR w KQ - 1 6,g3g4,-60,-479,419
rnbqr1k1/ppp1bppp/4pn2/3p4/5PP1/1PP5/PB1PP2P/RN1QKBNR w KQ - 1 7,g4g5,-136,-129,-7
rnbqr1k1/ppp1bppp/4p3/3p2P1/5Pn1/1PP5/PB1PP2P/RN1QKBNR w KQ - 1 8,e2e3,-83,-203,120
rnbqr1k1/ppp1b1pp/4p3/3p1pP1/5Pn1/1PP1P3/PB1P3P/RN1QKBNR w KQ f6 0 9,h2h3,73,114,41
rn1qr1k1/pppbb1pp/4p3/3p1pP1/5Pn1/1PP1P2P/PB1P4/RN1QKBNR w KQ - 1 10,h3g4,346,412,66
r2qr1k1/pppbb1p1/2n1p2p/3p2PQ/5P2/1PP1P3/PB1P4/RN2KBNR w KQ - 0 13,g5h6,543,578,35
r1bqrk2/ppp1b2Q/2n1p3/3p4/5P2/1PP1P3/PB1P4/RN2KBNR w KQ - 3 16,c3c4,10000,596,-9404
r1bqr3/ppp1b2R/4p3/5k2/2p2P2/1PB1PB2/P2P4/RN2K1N1 w Q - 1 26,e3e4,348,-132,-480
rnbqkbnr/pppppppp/8/8/8/8/PPPPPPPP/RNBQKBNR w KQkq - 0 1,c2c3,24,11,-13
rnbqkbnr/pppp1ppp/4p3/8/8/2P5/PP1PPPPP/RNBQKBNR w KQkq - 0 2,e2e3,24,-9,-33
rnbqkbnr/ppp2ppp/4p3/3p4/8/2P1P3/PP1P1PPP/RNBQKBNR w KQkq - 0 3,d2d3,-2,-38,36
rnbqkb1r/ppp2ppp/4pn2/3p4/8/2PPP3/PP3PPP/RNBQKBNR w KQkq - 1 4,e3e4,-33,-138,105
rnbqkb1r/ppp2ppp/4pn2/8/4p3/2PP4/PP3PPP/RNBQKBNR w KQkq - 0 5,d3e4,-138,-198,60
rnb1kb1r/ppp2ppp/4pn2/8/8/2P5/PP2KPPP/RNB2BNR w kq - 2 8,f2f3,-218,-267,49
rnb1k2r/ppp2ppp/3bpn2/8/8/2P2P2/PP2K1PP/RNB2BNR w kq - 1 9,b2b4,-225,-319,94
rnb2rk1/ppp2ppp/3bpn2/8/1P6/2P2P2/P3K1PP/RNB2BNR w - - 1 10,a2a3,-299,-314,15
r4rk1/ppnb1ppp/2pbpn2/8/1P6/P1P1BP2/1K4PP/RN3BNR w - - 10 16,c3c4,-227,-314,87
r4rk1/pp1b1ppp/2pbpn2/3n4/1PP5/P3BP2/1K4PP/RN3BNR w - - 1 17,c4c5,0,-751,-751
r4rk1/pp1b1ppp/2pbpn2/2P5/1P6/P3nP2/1K4PP/RN3BNR w - - 0 18,c5d6,-596,-573,-23
2b2rk1/p4p1p/1pprp1p1/8/1PK5/P4PR1/7P/6R1 w - - 0 30,f3f4,-740,-726,-14
3r2k1/p4p1p/bpp1p1p1/8/KP3P2/P5R1/7P/8 w - - 1 34,h2h3,-714,-793,79
3r2k1/pb3p1p/1pp1p1p1/8/KP3P2/P5RP/8/8 w - - 1 35,h3h4,-716,-738,22
6k1/pb3p1p/1pp1p1p1/8/KP1r1P1P/P5R1/8/8 w - - 1 36,h4h5,-755,-754,-1
6k1/pb3p1p/1pp1p1p1/7P/KP3r2/P5R1/8/8 w - - 0 37,h5g6,-706,-731,25
rnbqkbnr/pppppppp/8/8/8/8/PPPPPPPP/RNBQKBNR w KQkq - 0 1,d2d4,34,24,-10
rnbqkb1r/ppp1pppp/5n2/3p4/3P4/5N2/PPP1PPPP/RNBQKB1R w KQkq - 2 3,e2e3,25,19,-6
rnbqkb1r/ppp2ppp/4pn2/3p4/3P4/4PN2/PPP2PPP/RNBQKB1R w KQkq - 0 4,c2c4,19,13,-6
rnbq1rk1/pp2bppp/2p1pn2/8/2BP4/2N1PN2/PP3PPP/R1BQ1RK1 w - - 4 8,h2h3,95,65,-30
r1bq1rk1/pp1nbppp/2p1pn2/8/2BP4/2N1PN1P/PP3PP1/R1BQ1RK1 w - - 1 9,b2b3,122,16,-106
r2q1rk1/pb1nbppp/1pp1pn2/8/2BP4/1PN1PN1P/PB3PP1/R2Q1RK1 w - - 2 11,e3e4,34,8,-26
2rq1rk1/pb1nbppp/1pp1pn2/8/2BPP3/1PN2N1P/PB3PP1/R2Q1RK1 w - - 1 12,e4e5,105,96,-9
2bqrbk1/p2n1p1p/1p2p1p1/3pP3/3P4/1P1B1N1P/PB1Q1PP1/5RK1 w - - 0 18,h3h4,205,189,-16
2bqr1k1/p2n1pbp/1p2p1p1/3pP3/3P3P/1P1B1N2/PB1Q1PP1/5RK1 w - - 1 19,h4h5,253,257,4
2bqr1k1/p2n1pbp/1p2p3/3pP2p/3P4/1P1B1N2/PB1Q1PP1/5RK1 w - - 0 20,g2g3,264,181,-83
2bqr1k1/p5bp/1p2p1n1/3pPp2/3P3N/1P1B2P1/PB1Q1PK1/7R w - f6 0 24,e5f6,264,251,-13
2b2qk1/p5b1/1p4B1/3pp3/3P4/1P4P1/PB1Q1PK1/8 w - - 0 30,d4e5,432,428,-4
8/pb3Q2/1p4B1/4q1k1/8/1P4P1/P4P2/6K1 w - - 6 38,f2f4,809,843,34
8/pb3Q2/1p4B1/6k1/5q2/1P4P1/P7/6K1 w - - 0 39,g3f4,846,831,-15
rnbqkbnr/pppppppp/8/8/8/8/PPPPPPPP/RNBQKBNR w KQkq - 0 1,e2e4,28,24,-4
rnbqkbnr/pp1ppppp/8/2p5/4P3/8/PPPP1PPP/RNBQKBNR w KQkq - 0 2,f2f4,17,-10,-27
rnbqkbnr/pp1p1ppp/4p3/2p5/4PP2/8/PPPP2PP/RNBQKBNR w KQkq - 0 3,e4e5,-8,-41,33
r1bqkbnr/pp1p2pp/2n1pp2/2p1P3/5P2/5N2/PPPP2PP/RNBQKB1R w KQkq - 0 5,c2c3,-5,-4,-1
r1bqkbnr/pp4pp/2nppp2/2p1P3/5P2/2P2N2/PP1P2PP/RNBQKB1R w KQkq - 0 6,e5f6,3,-22,-25
r1bqkb1r/pp4pp/2nppn2/2p5/5P2/2P2N2/PP1P2PP/RNBQKB1R w KQkq - 0 7,d2d4,-13,-5,-8
r5k1/1b4p1/p4q1p/3pN3/2pQnP2/2P5/PP4PP/4RR1K w - - 7 28,g2g3,395,303,-92
r7/1b4pk/p6p/3p2q1/2pQnP2/2P2NP1/PP4KP/4RR2 w - - 5 31,h2h4,707,-233,-940
5r2/6pk/p6p/8/2p2P1P/2P3P1/PP3QK1/4RR2 w - - 0 41,f4f5,1049,1047,-2
6r1/6pk/p6p/5P2/2p4P/2P3P1/PP3QK1/4RR2 w - - 1 42,f5f6,1076,1192,116
6rk/6p1/p4P1p/8/2p4P/2P3P1/PP3QK1/4RR2 w - - 1 43,f6f7,10000,10000,0
rnbqkbnr/pppppppp/8/8/8/8/PPPPPPPP/RNBQKBNR w KQkq - 0 1,e2e3,25,14,-11
rnbqkbnr/pppp1ppp/4p3/8/8/4P3/PPPP1PPP/RNBQKBNR w KQkq - 0 2,d2d4,13,14,1
rnbqkbnr/ppp2ppp/4p3/3p4/3P4/4P3/PPP2PPP/RNBQKBNR w KQkq - 0 3,c2c3,18,-10,-28
rnbqkb1r/ppp2ppp/4pn2/3p4/3P4/2P1P3/PP3PPP/RNBQKBNR w KQkq - 1 4,c3c4,-9,-23,14
rnbqk2r/ppp1bppp/4pn2/3p4/2PP4/4P3/PP3PPP/RNBQKBNR w KQkq - 1 5,c4c5,-23,-59,36
rnbqk2r/pp2bppp/2p1pn2/2Pp4/3P4/4P3/PP3PPP/RNBQKBNR w KQkq - 0 6,b2b4,-30,-88,58
rnbqk2r/p3bppp/1pp1pn2/2Pp4/1P1P4/4P3/P4PPP/RNBQKBNR w KQkq - 0 7,a2a3,-25,-18,-7
rn1qk2r/pb2bppp/1pp1pn2/2Pp4/1P1P4/P3P3/5PPP/RNBQKBNR w KQkq - 1 8,c5b6,12,-63,-75
r2qk2r/pb1nbppp/1Pp1pn2/3p4/1P1P4/P3P3/5PPP/RNBQKBNR w KQkq - 1 9,b6a7,112,104,-8
3qrbk1/rb3p1p/1np1pnp1/3p4/1P1P4/P1NBP3/2QB1PPP/RN2K2R w KQ - 4 15,b4b5,50,1,-49
6k1/5p1p/4pnp1/1q1p4/3P4/P3P3/5PPP/R1R3K1 w - - 0 28,a3a4,-233,-252,19
2R5/5pkp/4p1p1/3p4/P2Pn3/4P3/1q3PPP/2R3K1 w - - 5 31,f2f3,-417,-490,73
2R5/5pkp/4p1p1/3p2n1/P2P4/4PP2/5qPP/2R4K w - - 3 33,f3f4,-221,-446,225
2R5/5pkp/4p1p1/3p4/P2PnP2/4P3/5qPP/2R4K w - - 1 34,h2h3,-436,-477,41
rnbqkbnr/pppppppp/8/8/8/8/PPPPPPPP/RNBQKBNR w KQkq - 0 1,e2e4,25,18,-7
r1bqkbnr/pppp1ppp/2n5/4p3/4P3/5N2/PPPP1PPP/RNBQKB1R w KQkq - 2 3,d2d3,29,-8,-37
r1bqkbnr/ppp2ppp/2n5/3pp3/4P3/3P1N2/PPP2PPP/RNBQKB1R w KQkq - 0 4,e4d5,9,9,0
r1b1kbnr/ppp2ppp/2n5/3qp3/8/3P1N2/PPP2PPP/RNBQKB1R w KQkq - 0 5,d3d4,12,-162,-174
r1b1k1nr/ppp2ppp/2n5/4p3/3Pq3/2b2N2/PPP1BPPP/R1BQK2R w KQkq - 0 8,b2c3,70,75,5
r1b1k1nr/ppp2ppp/2n5/8/3pq3/2P2N2/P1P1BPPP/R1BQK2R w KQkq - 0 9,g2g3,99,-198,-297
rnbqkbnr/pppppppp/8/8/8/8/PPPPPPPP/RNBQKBNR w KQkq - 0 1,d2d4,26,27,1
r1bqkbnr/ppp1pppp/2n5/3p4/3P4/5N2/PPP1PPPP/RNBQKB1R w KQkq - 2 3,e2e3,52,46,-6
r4rk1/2p1bppp/p1pqp3/3p1b2/B2P1n2/4P3/PPPB1PPP/R2Q1RK1 w - - 0 13,e3f4,-81,-85,4
r4rk1/2p1bpp1/p1pqp2p/3p1b2/B2P1P2/8/PPPB1PPP/R2Q1RK1 w - - 0 14,c2c3,-1,-34,33
r4rk1/2p1bpp1/p1pq3p/3ppb2/B2P1P2/2P5/PP1B1PPP/R2Q1RK1 w - - 0 15,f4e5,113,108,-5
1r3r1k/2p1b1p1/p4pqp/3BPb2/3P4/2P2Q2/PP1B1PPP/R4RK1 w - - 1 19,b2b3,339,278,-61
1r3r1k/2p1b1p1/p6p/3Bp3/3P4/1PP3q1/P2B1PPP/1b2RRK1 w - - 0 22,h2g3,184,201,17
r6k/2R3p1/5b1p/8/p2P4/2P3P1/2r2PP1/R1B3K1 w - - 3 31,f2f4,3,-71,-74
r5k1/2R3p1/5b1p/8/3P1P2/p1P1B1P1/2r3P1/R5K1 w - - 0 33,c3c4,-147,-357,210
r5k1/2R3p1/5b1p/8/2PP1P2/4B1P1/p1r3P1/R5K1 w - - 0 34,c4c5,-269,-381,112
6k1/2R3p1/5b1p/2P5/3P1P2/4B1P1/r5PK/1r6 w - - 0 37,d4d5,-340,-360,20
4R3/6pk/5b1p/2PP4/5P2/4B1P1/3r2PK/4r3 w - - 5 40,d5d6,-236,-363,127
rnbqkbnr/pppppppp/8/8/8/8/PPPPPPPP/RNBQKBNR w KQkq - 0 1,e2e4,24,19,-5
r1bqkbnr/1ppppppp/n7/p7/4P3/5N2/PPPP1PPP/RNBQKB1R w KQkq - 2 3,d2d4,122,122,0
r1bqkbnr/1pppppp1/n6p/p7/3PP3/5N2/PPP2PPP/RNBQKB1R w KQkq - 0 4,c2c3,162,140,-22
r3kbnr/2pq1pp1/2b1p2p/2np4/2QPP3/2PB1N2/PP3PPP/RNB2RK1 w kq - 0 12,e4d5,-58,-61,3
r3k1nr/2pq1pp1/2b4p/2bp4/3P4/2PB1N2/PP3PPP/RNB2RK1 w kq - 0 14,d4c5,-12,-12,0
r4rk1/5pp1/2pN3p/2Pp4/5q2/2PB4/PP3PPP/R3R1K1 w - - 0 25,a2a3,-140,-293,153
1r3rk1/5pp1/2pN3p/2Pp4/5q2/P1PB4/1P3PPP/R3R1K1 w - - 1 26,b2b4,-110,-128,18
1r3rk1/5p2/2pN1qpp/2Pp4/1P6/P1PB4/5PPP/2R1R1K1 w - - 0 28,a3a4,-10,-12,2
1r3rk1/5p2/2pN1qpp/2P5/PP1p4/2PB4/5PPP/2R1R1K1 w - - 0 29,b4b5,-22,-129,107
2r3k1/5p2/5qpp/2P5/P1R5/3B4/1r3PPP/5RK1 w - - 4 34,g2g3,-423,-442,19
6k1/2r2p2/6pp/2PB4/P4R2/6P1/1qr2P1P/5RK1 w - - 9 39,c5c6,-447,-427,-20
6k1/5p2/2r3pp/8/P4R2/6P1/1q3P1P/5RK1 w - - 0 41,h2h4,-405,-448,43
rnbqkbnr/pppppppp/8/8/8/8/PPPPPPPP/RNBQKBNR w KQkq - 0 1,d2d4,25,21,-4
rnbqkbnr/ppp1pppp/8/3p4/3P4/8/PPP1PPPP/RNBQKBNR w KQkq - 0 2,c2c4,23,25,2
rn1qkbnr/pp2p1pp/2p2p2/3p4/2PP3B/2N2b2/PP2PPPP/R2QKB1R w KQkq - 0 7,g2f3,185,186,1
rn1qk1nr/pp4pp/2p2p2/3p4/2PQ4/2N2Pb1/PP2PP1P/2KR1B1R w kq - 0 11,h2g3,346,362,16
rn1qk2r/pp2n1pp/2p2p2/3p4/2PQ4/2N2PP1/PP2PP2/2KR1B1R w kq - 1 12,c4d5,366,294,-72
r3k2r/pp4pp/2n2p2/3R4/8/5PP1/PP2PP2/2K2B1R w kq - 1 16,e2e4,286,229,-57
r4r1k/pp4pp/2n2p2/3R4/2B1P3/5PP1/PP3P2/2K4R w - - 3 18,e4e5,269,30,-239
5r1k/pp4p1/5p1p/7R/8/6P1/PPrn1P2/K6R w - - 0 24,a2a3,-524,-535,11
2r4k/pp4p1/5p1p/7R/8/P5P1/1Prn1P2/K6R w - - 1 25,f2f3,-531,-588,57
7k/6p1/p4p1p/1pR5/2n5/PK3PP1/1Prr4/1R6 w - - 0 30,a3a4,-566,-658,92
rnbqkbnr/pppppppp/8/8/8/8/PPPPPPPP/RNBQKBNR w KQkq - 0 1,e2e3,25,15,-10
rnbqkbnr/pppp1ppp/8/4p3/8/4P3/PPPP1PPP/RNBQKBNR w KQkq - 0 2,d2d4,19,26,7
rnbqkbnr/pppp1ppp/8/8/3p4/4P3/PPP2PPP/RNBQKBNR w KQkq - 0 3,e3d4,31,24,-7
rnbqk1nr/ppp1bppp/8/3p4/3P4/8/PPP1QPPP/RNB1KBNR w KQkq - 2 5,c2c3,-39,-38,-1
rnbq1rk1/ppp1bppp/5n2/3p4/3P4/2P2Q2/PP3PPP/RNB1KBNR w KQ - 3 7,g2g4,-82,-329,247
rnbqr1k1/ppp1bppp/5n2/3p4/3P2P1/2P2Q2/PP3P1P/RNB1KBNR w KQ - 1 8,h2h3,-203,-216,13
r5k1/ppq2ppp/4b3/2b5/3R2P1/2P1Q2P/PP3P2/2K4R w - - 1 20,b2b4,-449,-546,97
3r2k1/pp3ppp/4b3/2q5/1P4P1/2P4P/P4P2/2K4R w - - 0 24,b4c5,-575,-543,-32
6k1/pp3ppp/4b3/3r4/6P1/2P4P/PK3P2/2R5 w - - 2 27,a2a4,-547,-598,51
6k1/pp3ppp/4b3/8/P5P1/K1P4P/5r2/2R5 w - - 0 29,c3c4,-585,-576,-9
rnbqkbnr/pppppppp/8/8/8/8/PPPPPPPP/RNBQKBNR w KQkq - 0 1,c2c4,24,17,-7
rnbqkb1r/pppppp1p/5np1/8/2P5/2N5/PP1PPPPP/R1BQKBNR w KQkq - 0 3,d2d4,37,26,-11
rnbqk2r/pp1pppbp/2p2np1/8/2PP4/2N2N2/PP2PPPP/R1BQKB1R w KQkq - 0 5,e2e3,90,36,-54
rnbqk2r/pp2ppbp/2p2np1/3p4/2PP4/2N1PN2/PP3PPP/R1BQKB1R w KQkq - 0 6,c4d5,41,21,-20
r2qk2r/pp2ppbp/2n2np1/3p4/3P2b1/2N1PN2/PP2BPPP/R1BQ1RK1 w kq - 4 9,h2h3,18,17,-1
r2qk2r/pp2ppbp/2n2np1/3p1b2/3P4/2N1PN1P/PP2BPP1/R1BQ1RK1 w kq - 1 10,a2a3,39,19,-20
r2q1rk1/pp2ppbp/2n2np1/3p1b2/3P4/P1N1PN1P/1P2BPP1/R1BQ1RK1 w - - 1 11,b2b4,27,23,-4
5rk1/ppQ1ppbp/4b3/8/1P1P2p1/P3P2P/1B3PP1/6K1 w - - 0 24,h3g4,405,404,-1
5rk1/1Q2ppbp/8/p7/1P1P2b1/P3P3/1B3PP1/6K1 w - - 0 26,b4a5,527,535,8
5rk1/1Q2ppb1/8/P6p/3P2b1/P3P3/1B3PP1/6K1 w - - 0 27,a3a4,562,564,2
5rk1/4Qpb1/4b3/P7/P2P4/4P3/1B3PK1/8 w - - 1 31,a5a6,564,533,-31
r5k1/4Qpb1/P3b3/8/P2P4/4P3/1B3PK1/8 w - - 1 32,a6a7,606,599,-7
5Bk1/P4p2/8/3b4/P2P4/4P3/5PK1/8 w - - 1 36,f2f3,328,324,-4
5k2/P4p2/8/3b4/P2P4/4PP2/6K1/8 w - - 0 37,e3e4,329,309,-20
b7/k4K2/8/8/P2PP3/5P2/8/8 w - - 0 43,d4d5,536,659,123
b7/1k3K2/8/3P4/P3P3/5P2/8/8 w - - 1 44,d5d6,787,843,56
2k5/4K3/2bP4/8/P3P3/5P2/8/8 w - - 3 46,a4a5,854,797,-57
2k5/3bK3/3P4/P7/4P3/5P2/8/8 w - - 1 47,a5a6,885,885,0
2k5/4K3/P1bP4/8/4P3/5P2/8/8 w - - 1 48,a6a7,926,944,18
8/Pk2K3/2bP4/8/4P3/5P2/8/8 w - - 1 49,d6d7,948,927,-21
8/k2K4/8/8/4P3/5P2/8/8 w - - 0 51,e4e5,1259,1310,51
8/3K4/1k6/4P3/8/5P2/8/8 w - - 1 52,e5e6,1296,1280,-16
8/3K4/4P3/2k5/8/5P2/8/8 w - - 1 53,e6e7,1259,1382,123
8/3KP3/8/8/3k4/5P2/8/8 w - - 1 54,e7e8q,1302,10000,8698
4Q3/3K4/8/8/8/3k1P2/8/8 w - - 1 55,f3f4,10000,10000,0
4Q3/3K4/8/8/3k1P2/8/8/8 w - - 1 56,f4f5,10000,10000,0
rnbqkbnr/pppppppp/8/8/8/8/PPPPPPPP/RNBQKBNR w KQkq - 0 1,e2e4,30,27,-3
r3k3/ppp1b3/2bp2p1/5p2/3Qn3/2N5/PPPP1PqP/R1B1KR2 w Qq - 0 15,d2d3,37,18,-19
2kr4/ppp5/2bp1bp1/5p2/4n3/2NPQ3/PPP2PqP/R1B1KR2 w Q - 3 17,d3e4,-25,-220,195
2k1r3/ppp5/2bp2p1/5p2/4P3/2b3Q1/PPP2PqP/R1B1KR2 w Q - 0 19,b2c3,-376,-373,-3
rnbqkbnr/pppppppp/8/8/8/8/PPPPPPPP/RNBQKBNR w KQkq - 0 1,d2d4,31,23,-8
rnbqkb1r/pppp1ppp/4pn2/8/3P1B2/8/PPP1PPPP/RN1QKBNR w KQkq - 0 3,e2e3,20,18,-2
rnbqkb1r/pp1p1ppp/4pn2/2p5/3P1B2/4P3/PPP2PPP/RN1QKBNR w KQkq - 0 4,c2c3,22,14,-8
r1bqkb1r/1p3ppp/p1nppn2/2p5/3P1B2/2PBPN2/PP3PPP/RN1QK2R w KQkq - 0 7,h2h3,59,51,-8
r1bq1rk1/1p2bpp1/p1nppn1p/2p5/3P1B2/2PBPN1P/PP1N1PP1/R2Q1RK1 w - - 0 10,e3e4,65,51,-14
rnbqkbnr/pppppppp/8/8/8/8/PPPPPPPP/RNBQKBNR w KQkq - 0 1,d2d4,34,26,-8
rnbqkbnr/ppp1pppp/8/3p4/3P4/8/PPP1PPPP/RNBQKBNR w KQkq - 0 2,c2c4,25,26,1
rnbqkb1r/pp3ppp/2p1pn2/6B1/2pP4/2N2N2/PP2PPPP/R2QKB1R w KQkq - 0 6,e2e4,45,63,18
r2qk2r/pp1bbpp1/1np1pn1p/8/3PP3/2NB1NB1/PPQ2PPP/2KR3R w kq - 9 13,d4d5,125,-158,-283
r2qk2r/pp1bbpp1/1np2n1p/3p4/4P3/2NB1NB1/PPQ2PPP/2KR3R w kq - 0 14,e4d5,-71,-135,64
r5k1/pp3pp1/5b1p/1p6/8/6B1/PP1R1PbP/1K6 w - - 0 30,f2f4,-706,-748,42
r5k1/pp3pp1/5b1p/8/5P2/1p4B1/PP4RP/1K6 w - - 0 32,a2b3,-311,-334,23
rnbqkbnr/pppppppp/8/8/8/8/PPPPPPPP/RNBQKBNR w KQkq - 0 1,e2e4,32,39,7
rnbqkb1r/pppppppp/5n2/8/4P3/8/PPPP1PPP/RNBQKBNR w KQkq - 1 2,e4e5,65,66,1
rnbqkb1r/pppppppp/8/3nP3/8/8/PPPP1PPP/RNBQKBNR w KQkq - 1 3,c2c4,67,62,-5
rnbqkb1r/pppppppp/1n6/4P3/2P5/8/PP1P1PPP/RNBQKBNR w KQkq - 1 4,d2d4,59,55,-4
rn1qkb1r/ppp1pppp/1n6/4p3/2PP3N/8/PP3PPP/1RBQKB1R w Kkq - 0 8,c4c5,-47,-51,4
rnnqkb1r/ppp1pppp/8/2P1p3/3P3N/8/PP3PPP/1RBQKB1R w Kkq - 1 9,d4d5,163,-18,-181
rnnqk2r/pp3ppp/2p1p3/1BbPp3/8/5N2/PP3PPP/1RBQK2R w Kkq - 0 12,d5c6,-264,-302,38
r2r2k1/p5pp/1bp1pp2/2nn4/2N5/5B2/PPKB2PP/1R3R2 w - - 6 23,a2a3,-222,-257,35
2rr2k1/p5pp/1bp1pp2/2nn4/2N5/P4B2/1PKB2PP/1R3R2 w - - 1 24,b2b4,-187,-192,5
3r2k1/p5p1/1bprp1Np/3n1p2/1n6/P4B2/2K3PP/2BR1R2 w - - 0 32,a3b4,27,22,-5
rnbqkbnr/pppppppp/8/8/8/8/PPPPPPPP/RNBQKBNR w KQkq - 0 1,d2d4,39,24,-15
rnbqkbnr/pppppp1p/6p1/8/3P4/8/PPP1PPPP/RNBQKBNR w KQkq - 0 2,e2e4,62,64,2
rnbqk1nr/ppppppbp/6p1/8/3PP3/8/PPP2PPP/RNBQKBNR w KQkq - 1 3,c2c4,66,54,-12
r1bqk1nr/ppp1ppbp/2np2p1/8/2PPP3/2N5/PP3PPP/R1BQKBNR w KQkq - 0 5,d4d5,82,77,-5
r1bqk1nr/ppp1pp1p/2np2p1/3P4/2P1P3/2b5/PP3PPP/R1BQKBNR w KQkq - 0 6,b2c3,118,112,-6
r2qk1nr/ppp1pp1p/3p2p1/3Pn3/2P1P3/2P2b2/P3BPPP/R1BQK2R w KQkq - 0 9,g2f3,75,96,21
r2qk2r/ppp1pp1p/3p1np1/3Pn3/2P1P3/2P2P2/P3BP1P/R1BQK2R w KQkq - 1 10,f3f4,82,54,-28
r2qk2r/ppp1pp1p/3p1np1/2nP4/2P1PP2/2P5/P1Q1BP1P/R1B1K2R w KQkq - 3 12,f2f3,47,-43,-90
r2qk2r/pppn1p1p/3ppnp1/3P4/2P1PP2/2P1BP2/P1Q1B2P/R3K2R w KQkq - 2 14,f4f5,32,-67,-99
1k1r2r1/1pp1qp1p/p2p1np1/2nPpPB1/2P1P3/2P2P2/PQ1KB2P/3R2R1 w - - 4 25,f5g6,-211,-200,-11
8/2p1kp1p/1p1p4/p1nP4/2P1PpB1/2P2P2/P3K2P/8 w - - 0 39,h2h4,-123,-177,54
8/2p2p1p/1p1p1k2/p1nP4/2P1PpBP/2P2P2/P3K3/8 w - - 1 40,h4h5,-182,-352,170
8/2p2p2/1p1p3p/p2P3P/n1PKPpB1/2P2P2/P3k3/8 w - - 10 47,e4e5,-244,-245,1
8/2p3K1/1p6/p3k2P/5pB1/2n2P2/P7/8 w - - 2 54,h5h6,595,620,25
8/2p3K1/1p5P/p2nk3/5pB1/5P2/P7/8 w - - 1 55,h6h7,708,684,-24
rnbqkbnr/pppppppp/8/8/8/8/PPPPPPPP/RNBQKBNR w KQkq - 0 1,d2d4,36,27,-9
rnbqkbnr/pppp1ppp/4p3/8/3P4/8/PPP1PPPP/RNBQKBNR w KQkq - 0 2,a2a3,53,7,-46
rnbqkbnr/pp1p1ppp/4p3/2p5/3P4/P7/1PP1PPPP/RNBQKBNR w KQkq - 0 3,d4c5,17,8,-9
rnb1kbnr/ppqp1ppp/4p3/2P5/8/P7/1PP1PPPP/RNBQKBNR w KQkq - 1 4,b2b4,56,60,4
rnb1kbnr/1pqp1ppp/4p3/p1P5/1P6/P7/2P1PPPP/RNBQKBNR w KQkq - 0 5,c2c3,61,56,-5
rnb1kbnr/1pqp1ppp/4p3/2P5/1p6/P1P5/4PPPP/RNBQKBNR w KQkq - 0 6,c3b4,185,161,-24
2b1kbnr/rpqp1ppp/2n1p3/2P5/1P6/P7/1B2PPPP/RN1QKBNR w KQk - 3 8,e2e3,284,261,-23
2b1kbnr/rpqp1ppp/4p3/2P5/1n6/P3P3/1B3PPP/RN1QKBNR w KQk - 0 9,a3b4,411,401,-10
2b1kbnr/2qp1ppp/4p3/2p5/1P6/4PN2/5PPP/BN1QKB1R w Kk - 0 12,b4c5,382,381,-1
rnbqkbnr/pppppppp/8/8/8/8/PPPPPPPP/RNBQKBNR w KQkq - 0 1,e2e4,35,31,-4
rnbqkbnr/pppp1ppp/8/4p3/4P3/8/PPPP1PPP/RNBQKBNR w KQkq - 0 2,f2f4,36,-55,-91
rnbqkbnr/ppp2ppp/8/3p4/4Pp2/5N2/PPPP2PP/RNBQKB1R w KQkq - 0 4,e4e5,-9,-224,215
rn1qkbnr/ppp2ppp/8/3pP3/5pb1/5N2/PPPP2PP/RNBQKB1R w KQkq - 1 5,d2d4,-50,-54,4
r2qkbnr/ppp2ppp/2n5/3pP3/3P1pb1/5N2/PPP3PP/RNBQKB1R w KQkq - 1 6,c2c3,-3,-98,95
2kr1bnr/1ppq2pp/p1n2p2/3pP3/3P1Bb1/2P2N2/PP2B1PP/RN1Q1RK1 w - - 0 10,h2h3,84,73,-11
2kr1bnr/1ppq3p/p1n1bp2/3pP3/Q2P2p1/2P2NBP/PP2B1P1/RN3RK1 w - - 0 13,h3g4,8,0,-8
1n4nr/1pkr4/2p2p2/3pP1bp/Q2P4/1NP2RB1/PP4P1/R5K1 w - - 0 22,e5e6,998,1000,2
rnbqkbnr/pppppppp/8/8/8/8/PPPPPPPP/RNBQKBNR w KQkq - 0 1,e2e4,38,36,-2
rnbqkbnr/pp2pppp/3p4/2p5/4P3/5N2/PPPP1PPP/RNBQKB1R w KQkq - 0 3,d2d4,37,53,16
rnbqkb1r/1p3ppp/p2ppn2/6B1/3NP3/2N5/PPP2PPP/R2QKB1R w KQkq - 0 7,f2f4,22,18,-4
r2qk2r/1p1bbppp/p1nppn2/6B1/3NPP2/2N2Q2/PPP3PP/2KR1B1R w kq - 5 10,g2g4,93,-32,-125
2r1k2r/1p1bbppp/pq1ppn2/6B1/4PPP1/1NNn1Q2/PPP4P/1K1R3R w k - 0 14,c2d3,83,-127,-210
2rqk2r/1p1b1ppp/p2p1b2/3Np3/4PPP1/1N1P1Q2/PP5P/1K1R3R w k - 2 17,g4g5,180,184,4
2rqk2r/1p1bbppp/p2p4/3Np1P1/4PP2/1N1P1Q2/PP5P/1K1R3R w k - 1 18,h2h4,183,175,-8
rnbqkbnr/pppppppp/8/8/8/8/PPPPPPPP/RNBQKBNR w KQkq - 0 1,d2d4,35,25,-10
rnbqkbnr/ppp1pppp/3p4/8/3P4/8/PPP1PPPP/RNBQKBNR w KQkq - 0 2,e2e4,61,42,-19
rn1qkbnr/ppp1pppp/3pb3/8/3PP3/8/PPP2PPP/RNBQKBNR w KQkq - 1 3,d4d5,129,76,-53
rn1qkbnr/pppbpppp/3p4/3P4/4P3/8/PPP2PPP/RNBQKBNR w KQkq - 1 4,h2h3,77,68,-9
rn1qkb1r/pp1bpppp/3p1n2/3p4/2B1P3/2N4P/PPP2PP1/R1BQK1NR w KQkq - 0 7,e4d5,53,77,24
rn1qk2r/pp1bbppp/3ppn2/3P4/2B5/2N4P/PPP1QPP1/R1B1K1NR w KQkq - 2 9,d5e6,234,246,12
r4rk1/1p2b1pp/n2p4/1N6/8/4n2P/PPP2PP1/R3K1NR w KQ - 0 18,f2e3,40,23,-17
r5k1/1p4pp/8/2n5/8/7P/PPPN2P1/2K4R w - - 1 25,a2a3,314,283,-31
1r4k1/1p4pp/3N4/8/8/P6P/1PP1n1P1/1K6 w - - 4 31,c2c4,-462,-470,8
1r4k1/1p4pp/3N4/8/2P2n2/P6P/1P4P1/1K6 w - - 1 32,b2b4,-460,-462,2
1r4k1/1p4pp/3N4/8/1PP5/P6P/6n1/1K6 w - - 0 33,c4c5,-391,-415,24
1r4k1/1p4pp/3N4/2P5/1P3n2/P6P/8/1K6 w - - 1 34,h3h4,-430,-458,28
1r4k1/1p4pp/3N4/2Pn4/1P5P/P7/8/1K6 w - - 1 35,b4b5,-388,-481,93
8/4k1pp/2KN4/1P6/7P/1r6/8/8 w - - 5 46,b5b6,-201,-669,468
rnbqkbnr/pppppppp/8/8/8/8/PPPPPPPP/RNBQKBNR w KQkq - 0 1,e2e4,35,38,3
rn1qkbnr/ppp2ppp/3p4/4p3/2B1P1b1/5N2/PPPP1PPP/RNBQK2R w KQkq - 2 4,d2d3,75,36,-39
r2q1rk1/ppp1bppp/2np1n2/4p3/2B1P1b1/3P1N2/PPPN1PPP/R1BQR1K1 w - - 7 8,c2c3,36,32,-4
r2q1rk1/1pp1bppp/p1np1n2/4p3/2B1P1b1/2PP1N2/PP1N1PPP/R1BQR1K1 w - - 0 9,b2b4,45,-1,-46
r2q1rk1/2p1bppp/p1n2n2/1p1pp3/1P2P1b1/1BPP1N2/P2N1PPP/R1BQR1K1 w - - 0 11,e4d5,42,-21,-63
r2q1rk1/2p1bppp/p1n5/1p1np3/1P4b1/1BPP1N2/P2N1PPP/R1BQR1K1 w - - 0 12,a2a3,-29,-43,14
3r2k1/2p2p1p/p5B1/1p6/1P6/4r3/5PKP/8 w - - 0 31,f2e3,-782,-838,56
6k1/2p2p2/p5p1/1p6/1r3K2/4P3/7P/8 w - - 0 35,e3e4,-854,-876,22
rnbqkbnr/ppp1pppp/8/3p4/8/5N2/PPPPPPPP/RNBQKB1R w KQkq - 0 2,c2c4,21,-21,-42
rnbqkbnr/ppp1pppp/8/8/2Pp4/5N2/PP1PPPPP/RNBQKB1R w KQkq - 0 3,g2g3,-16,-32,16
rn1qkbnr/pp2pppp/2p5/4N2b/2Pp4/6P1/PP1PPPBP/RNBQK2R w KQkq - 2 6,b2b4,45,15,-30
rn1qkbnr/pp4pp/2p2p2/4p2b/1PPp4/5NP1/P2PPPBP/RNBQK2R w KQkq - 0 8,a2a3,-18,-76,58
rn1qk2r/pp2n1pp/2pb1p2/4p2b/1PPp4/P4NP1/1B1PPPBP/RN1QK2R w KQkq - 3 10,c4c5,-43,-69,26
rn1qk2r/ppb1n1pp/2p2p2/2P1p2b/1P1p4/P4NP1/1B1PPPBP/RN1QK2R w KQkq - 1 11,d2d3,-61,-88,27
r2q1rk1/p1bn2pp/2p2p2/1pPnp2b/1PNp4/P2P1NP1/1B2PPBP/R2Q1RK1 w - b6 0 15,c5b6,-49,-43,-6
r1r3k1/2bn2pp/1pp1qp2/3np2b/1PNp4/P2P1NP1/1B1QPPBP/R1R3K1 w - - 6 19,h2h3,-35,-147,112
r1r3k1/2bn2pp/2p1q3/1p1np2b/1P1p4/P2P1NPP/1B1QPPB1/R1R3K1 w - - 0 21,g3g4,-276,-421,145
1rr3k1/2bq2pp/1nR5/1p1bpN2/1P1p1nP1/P2P3P/1B1QPPB1/2R3K1 w - - 7 28,f2f3,-253,-528,275
2r3k1/3q2pp/1n3b2/1p1bpN2/1P1p1nP1/P2P1P1P/1B1QPKB1/8 w - - 3 34,h3h4,-639,-776,137
2r3k1/2q3pp/1n3b2/1p1bpN2/1P1p1nPP/P2P1P2/1B1QPKB1/8 w - - 1 35,g4g5,-740,-691,-49
2rb2k1/2q3pp/1n6/1p1bpNP1/1P1p1n1P/P2P1P2/1B1QPKB1/8 w - - 1 36,e2e3,-629,-843,214
6k1/6pp/1n1b4/1p1b1KP1/1P5P/P1rP1P2/6B1/4q3 w - - 0 44,f3f4,-10000,-10000,0
rnbqkbnr/pppppppp/8/8/8/8/PPPPPPPP/RNBQKBNR w KQkq - 0 1,d2d4,32,23,-9
rnbqkbnr/ppp2ppp/4p3/3p4/3P4/2N5/PPP1PPPP/R1BQKBNR w KQkq - 0 3,a2a3,33,-28,-61
r1bqk2r/ppp2ppp/2n2n2/1N1pp3/3P1Q2/P7/1PP1PPPP/R3KBNR w KQkq - 0 8,d4e5,49,50,1
r1bqk2r/pppn1ppp/2n5/1N1pP3/5Q2/P7/1PP1PPPP/R3KBNR w KQkq - 1 9,e5e6,357,352,-5
r1bqk2r/ppp2npp/2n1P3/1N1p4/8/P7/1PP1PPPP/R3KBNR w KQkq - 0 11,e6f7,-568,-541,-27
r1bqr3/ppp2kpp/2n5/1N1p4/8/P7/1PP1PPPP/2KR1BNR w - - 2 13,e2e3,-522,-543,21
r2qr1k1/1pp3pp/p1n1b3/3p4/8/P1NBP3/1PP2PPP/2KR2NR w - - 2 16,h2h3,-567,-624,57
r2qr1k1/1p4pp/p1p1b3/3pn3/8/P1N1P2P/1PP1BPP1/2KR2NR w - - 0 18,f2f4,-564,-565,1
r4k2/2q1r1pp/2p1B3/p2p4/3NnP2/N3P2P/1PP3P1/2K1RR2 w - - 3 30,f4f5,-429,-429,0
r4k2/4r1pp/2q1B3/pNpp1P2/4n3/N3P2P/1PP3P1/2K1RR2 w - - 2 32,g2g4,-216,-324,108
rnbqkbnr/pppppppp/8/8/8/8/PPPPPPPP/RNBQKBNR w KQkq - 0 1,d2d4,32,18,-14
rnbqkb1r/pppppppp/5n2/8/3P4/8/PPP1PPPP/RNBQKBNR w KQkq - 1 2,c2c4,17,15,-2
rnbqkb1r/pppp1ppp/5n2/4p3/2PP4/8/PP2PPPP/RNBQKBNR w KQkq - 0 3,d4e5,95,63,-32
r1bqkb1r/pppp1ppp/2n5/4P3/2P3n1/5N2/PP2PPPP/RNBQKB1R w KQkq - 3 5,e2e3,62,44,-18
r4rk1/1pp1q1pp/p2pb3/4np2/Q1Pn4/4P3/PP1NBPPP/2RR1K2 w - - 0 15,e3d4,6,-10,-16
r4rk1/1pp1q1pp/p2pb3/5p2/Q1PP2n1/8/PP1NBPPP/2RR1K2 w - - 1 16,h2h3,22,-441,-463
r4rk1/1pp1q1pp/p2pbn2/5p2/Q1PP4/7P/PP1NBPP1/2RR1K2 w - - 1 17,d4d5,29,-33,-62
r4rk1/2pb2pp/pp1p2q1/3P4/2PN1p2/3B2nP/PPQ2PP1/2R1RK2 w - - 2 24,f2g3,335,342,7
r5k1/2pb3p/pp1pN3/3P4/2P3pq/2QB3P/PP3KP1/2R5 w - - 1 31,g2g3,418,369,-49
rnbqkbnr/pppppppp/8/8/8/8/PPPPPPPP/RNBQKBNR w KQkq - 0 1,e2e4,31,35,4
r1bqk1nr/p1pp1p1p/2pb2p1/4p3/4P3/8/PPPP1PPP/RNBQK1NR w KQkq - 0 6,d2d4,49,73,24
r3k1nr/p1pbbpqp/3p2p1/N1p3B1/3pP3/5N2/PPPQ1PPP/2KR3R w kq - 4 14,e4e5,-96,-168,72
r3k2r/p1pbnpq1/3p2pp/N1p1P3/3p4/5N2/PPPQ1PPP/2KR3R w kq - 0 16,e5d6,199,175,-24
r1n2rk1/pN3pq1/3pb1pp/2p5/3p4/3Q1N2/PPP2PPP/2KRR3 w - - 6 20,c2c4,-239,-344,105
2n2rk1/p4pq1/1r1pb1pp/N1p5/2Pp4/3Q1N2/PP3PPP/2KRR3 w - - 3 22,b2b3,-345,-338,-7
5rk1/p4p2/2rpb1pp/2p5/2Pp3N/1P6/P4PPP/2KRR3 w - - 0 27,f2f4,-110,-220,110
5rk1/5p2/2rpb1pp/p1p5/2Pp1P1N/1P6/P5PP/2KRR3 w - - 0 28,f4f5,-43,-228,185
6r1/5p1k/2rpb2p/p1p2p2/2Pp3N/1P3R2/P5PP/2K1R3 w - - 4 31,g2g3,-309,-287,-22
8/5p1k/r2pb2p/p1p2pr1/2Pp4/1P3RP1/P5NP/2K1R3 w - - 3 33,h2h4,-84,-223,139
rnbqkbnr/pppppppp/8/8/8/8/PPPPPPPP/RNBQKBNR w KQkq - 0 1,e2e4,32,31,-1
rnbqkbnr/pp1ppppp/2p5/8/4P3/8/PPPP1PPP/RNBQKBNR w KQkq - 0 2,d2d4,36,36,0
rnbqkbnr/pp2pppp/2p5/3p4/3PP3/8/PPP2PPP/RNBQKBNR w KQkq - 0 3,e4e5,33,30,-3
r3k2r/pp3pp1/n1p1p2p/3pPn2/3P4/2q1BN2/PPP1RPPP/1K1R4 w kq - 0 14,b2c3,-65,-77,12
r3k2r/p2n1pp1/2p1p2p/1p1pPn2/3P4/1NP1B3/P1P1RPPP/1K1R4 w kq - 2 17,g2g4,-56,-62,6
r3k2r/p2nnpp1/2p1p2p/1p1pP3/3P2P1/1NP1B3/P1P1RP1P/1K1R4 w kq - 1 18,f2f4,-49,-65,16
r3k2r/p2nnp2/2p1p1p1/1p1pP2p/3P1PP1/1NP1B3/P1P1R2P/1K4R1 w kq - 0 20,h2h3,-64,-72,8
4k2r/r3np2/2p1p1p1/p1NpP2p/1pnP1PP1/2P4P/P1P1RB2/1K4R1 w k - 0 25,c3b4,27,-33,-60
4k2r/4np2/2p1p1p1/1nNpP3/1p1P1Pp1/6RP/r1P1RB2/2K5 w k - 0 30,h3g4,-295,-325,30
4k3/4np2/2p1p1p1/1nNpP3/1p1P1PP1/8/2PKR3/6r1 w - - 0 34,g4g5,-286,-510,224
rnbqkbnr/pppppppp/8/8/8/8/PPPPPPPP/RNBQKBNR w KQkq - 0 1,e2e4,31,33,2
rnbqkbnr/pppp1ppp/8/4p3/4P3/8/PPPP1PPP/RNBQKBNR w KQkq - 0 2,f2f4,39,-45,-84
rnbqkbnr/ppp2ppp/8/3p4/4Pp2/5N2/PPPP2PP/RNBQKB1R w KQkq - 0 4,e4d5,-11,-16,5
rnbqkbnr/ppp2ppp/8/8/5p2/2N2N2/PPPP2PP/R1BQKB1R w KQkq - 2 6,d2d4,47,67,20
r2q1rk1/1bpnbppp/p4n2/8/1p1P1B2/3B1N2/PPPQN1PP/1K1R3R w - - 2 14,h2h3,76,-27,-103
r2q1rk1/1b1nbppp/p4n2/2p5/1p1P1B2/3B1N1P/PPPQN1P1/1K1R3R w - - 0 15,g2g4,35,-330,-365
r2q1rk1/3nbppp/p4n2/8/1p1p1BP1/3B3P/PPP1Q3/1K1R1R2 w - - 0 18,g4g5,-228,-234,6
r2q1rk1/5ppp/p4n2/6b1/1p1Q4/2nB3P/PPP5/1KBR1R2 w - - 1 22,b2c3,-163,-160,-3
rnbqkbnr/pppppppp/8/8/8/8/PPPPPPPP/RNBQKBNR w KQkq - 0 1,e2e4,32,32,0
rnbqkbnr/pp2pppp/2p5/1N6/3pP3/8/PPPP1PPP/R1BQKBNR w KQkq - 0 4,c2c3,-40,-350,310
rnbqkb1r/pp5p/2p2p1n/4p3/2B1P1pN/2N5/PP1P1PPP/R1BQ1RK1 w kq - 2 10,f2f3,240,-271,-511
rnbqkb1r/pp5p/2p4n/4pp2/2B1P1pN/2N2P2/PP1P2PP/R1BQ1RK1 w kq - 0 11,f3g4,91,-84,-175
rnb1kb1r/pp5p/2p4n/4pp2/2B1P1Pq/2N5/PP1P2PP/R1BQ1RK1 w kq - 0 12,g2g3,-109,-232,123
rnb1kb1r/pp5p/2p5/4p3/2B1Pp2/2N3Pq/PP1P1Q1P/R1B3K1 w kq - 0 16,g3f4,-363,-440,77
r1bk1bB1/p2n1Q1p/8/1ppN4/4P3/7q/PP1P3P/R1B4K w - - 0 22,d2d4,413,467,54
rnbqkbnr/pppppppp/8/8/8/8/PPPPPPPP/RNBQKBNR w KQkq - 0 1,d2d4,29,15,-14
rnbqkbnr/ppp2ppp/3pp3/8/3P1B2/8/PPP1PPPP/RN1QKBNR w KQkq - 0 3,e2e3,49,46,-3
rnbq1rk1/ppp1b1pp/3pp1p1/8/3P4/4PNB1/PPP2PPP/RN1QK2R w KQ - 0 8,e3e4,21,-2,-23
rnbq1rk1/ppp1b1pp/3p2p1/4p3/3PP3/5NB1/PPP2PPP/RN1QK2R w KQ - 0 9,d4e5,119,119,0
rn1q1rk1/ppp1b1pp/3p2p1/4P3/4P1b1/5NB1/PPP2PPP/RN1QK2R w KQ - 1 10,e5d6,154,145,-9
2rq1r1k/pn2b1pp/3pb1p1/8/3QP3/5NB1/PPPN1PPP/R4RK1 w - - 9 17,c2c3,278,252,-26
3rqr1k/1Q2b1pp/3p2p1/p2R4/4P3/2P2bB1/PP3PPP/R5K1 w - - 0 23,g2f3,147,204,57
rnbqkbnr/pppppppp/8/8/8/8/PPPPPPPP/RNBQKBNR w KQkq - 0 1,b2b3,34,-31,-65
r1bqkbnr/pp2pppp/2n5/2pp4/8/1P3N2/PBPPPPPP/RN1QKB1R w KQkq - 2 4,e2e3,12,18,6
r2qkbnr/pp3ppp/2n5/2ppp3/8/1P2PB2/PBPP1PPP/RN1QK2R w KQkq - 0 7,d2d4,33,-28,-61
r2qk2r/pp2bppp/2n2n2/2pp4/3Pp3/1P2P3/PBP1BPPP/RN1Q1RK1 w kq - 4 10,c2c4,55,26,-29
rnbqkbnr/pppppppp/8/8/8/8/PPPPPPPP/RNBQKBNR w KQkq - 0 1,e2e4,35,33,-2
rnbqkbnr/pppp1ppp/8/4p3/4P3/8/PPPP1PPP/RNBQKBNR w KQkq - 0 2,f2f4,31,-72,-103
r1bqkbnr/pppp1ppp/2n5/8/4Pp2/5N2/PPPP2PP/RNBQKB1R w KQkq - 0 4,h2h4,23,-147,-170
r1bqk1nr/pppp1ppp/2n5/2b5/4Pp1P/5N2/PPPP2P1/RNBQKB1R w KQkq - 1 5,d2d4,21,23,2
r1bqk1nr/ppp2ppp/2n5/2bp4/3PPp1P/5N2/PPP3P1/RNBQKB1R w KQkq - 0 6,d4c5,295,285,-10
8/ppp3kp/8/2P2n2/7P/8/PP2NKP1/8 w - - 2 28,g2g3,201,220,19
8/p1p3kp/1p6/2P5/3N3P/6P1/PP3K2/8 w - - 0 30,c5b6,664,659,-5
8/8/1N6/7p/4k2P/6P1/PP3K2/8 w - - 1 35,b2b4,710,700,-10
8/8/1N6/7p/1P1k3P/6P1/P4K2/8 w - - 1 36,a2a4,719,776,57
8/8/1N6/7p/PP5P/2k3P1/5K2/8 w - - 1 37,a4a5,776,662,-114
8/8/1N6/P6p/1k5P/6P1/5K2/8 w - - 0 38,a5a6,771,788,17
8/8/PN6/1k5p/7P/6P1/5K2/8 w - - 1 39,a6a7,798,827,29
8/P7/1k6/7p/7P/6P1/5K2/8 w - - 0 40,a7a8r,831,679,-152
8/6k1/8/5K1R/7P/6P1/8/8 w - - 7 47,g3g4,830,856,26
4k3/7R/5K2/8/6PP/8/8/8 w - - 15 55,g4g5,10000,10000,0
rnbqkbnr/pppppppp/8/8/8/8/PPPPPPPP/RNBQKBNR w KQkq - 0 1,d2d4,24,18,-6
rnbqkbnr/ppp1pppp/8/3p4/3P4/8/PPP1PPPP/RNBQKBNR w KQkq - 0 2,c2c4,21,26,5
rn1qkbnr/ppp1pppp/4b3/3p4/2PP4/8/PP2PPPP/RNBQKBNR w KQkq - 1 3,c4c5,99,22,-77
rn1qkb1r/ppp2pp1/4bp1p/2Pp4/3P4/8/PP2PPPP/RN1QKBNR w KQkq - 0 6,b2b4,40,-62,-102
rn1qkb1r/p1p2pp1/4bp1p/2pp4/1P1P4/5N2/P3PPPP/RN1QKB1R w KQkq - 0 8,b4c5,98,106,8
rn1qkb1r/p4pp1/2p1bp1p/2Pp4/3P4/5N2/P3PPPP/RN1QKB1R w KQkq - 0 9,e2e3,113,110,-3
r3k2r/p3bpp1/n1p2p1p/q1Pp1b2/3P4/2N1PN2/P2QBPPP/R3K2R w KQkq - 7 13,a2a3,237,114,-123
r7/p4kp1/q1p2r2/2Pp2pp/3P4/P3P3/2Q2PPP/R4RK1 w - - 2 24,a3a4,271,124,-147
r7/p4kp1/q1p2r2/2Pp3p/P2P2p1/4P3/2Q2PPP/R4RK1 w - - 0 25,g2g3,146,64,-82
4r1k1/p5p1/q1p2r2/2Pp3p/P2P2p1/4P1P1/2Q2P1P/4RRK1 w - - 3 27,e3e4,66,53,-13
rnbqkbnr/pppppppp/8/8/8/8/PPPPPPPP/RNBQKBNR w KQkq - 0 1,e2e4,32,27,-5
r1bqk2r/pppp1ppp/2n2n2/1Bb1p3/4P3/5N2/PPPP1PPP/RNBQ1RK1 w kq - 6 5,d2d3,69,10,-59
r1b2rk1/ppp2ppp/2p5/2b5/3qP3/3Pn3/PPP2PPP/RNBQ1RK1 w - - 0 10,f2e3,81,98,17
r1b2rk1/ppp2ppp/2p5/2b1q3/4P3/3PP3/PPP3PP/RNBQ1RK1 w - - 1 11,d3d4,396,375,-21
r1b2rk1/ppp2ppp/2p5/4q3/3bP3/4P3/PPP3PP/RNBQ1RK1 w - - 0 12,e3d4,463,476,13
rnbqkbnr/pppppppp/8/8/8/8/PPPPPPPP/RNBQKBNR w KQkq - 0 1,e2e4,26,28,2
rnbqkbnr/ppp2ppp/4p3/3p4/4P3/5N2/PPPP1PPP/RNBQKB1R w KQkq - 0 3,e4d5,23,24,1
rnbqk1nr/ppp1bppp/8/3p4/8/5N2/PPPPQPPP/RNB1KB1R w KQkq - 2 5,d2d4,-48,-45,-3
r2qr1k1/pp2bpp1/2n1b2p/3p4/2pPnB2/5N2/PPP1BPPP/RNQ2RK1 w - - 6 14,c2c3,-142,-155,13
2rqr1k1/5p2/2n1b2Q/pp4b1/2pPp3/2P5/PP2BPPP/R3NRK1 w - - 1 20,f2f4,-256,-739,483
rnbqkbnr/pppppppp/8/8/8/8/PPPPPPPP/RNBQKBNR w KQkq - 0 1,d2d4,26,22,-4
rnbqkbnr/pppp1ppp/4p3/8/3P4/8/PPP1PPPP/RNBQKBNR w KQkq - 0 2,c2c4,42,21,-21
rnbqkbnr/ppp2ppp/4p3/3p4/2PP4/8/PP2PPPP/RNBQKBNR w KQkq - 0 3,g2g3,27,23,-4
r2q1rk1/pp1b1ppp/n1pbpn2/3p4/2PP4/6P1/PPQNPPBP/RNB2RK1 w - - 6 9,a2a3,44,26,-18
r2qr1k1/ppnb1ppp/2pbpn2/3p4/2PP4/P1N3P1/1PQNPPBP/R1B2RK1 w - - 3 11,e2e4,113,43,-70
r2qrbk1/ppnb1ppp/2p1pn2/3p4/2PPP3/P1N3P1/1PQN1PBP/R1B2RK1 w - - 1 12,e4e5,220,208,-12
r4q1k/ppnb1p1p/2p1pbp1/4P3/2PP4/P5P1/1P1Q1PBP/R4RK1 w - - 0 20,e5f6,473,448,-25
n2r1q1k/pp1b1p1p/2p1pPp1/8/2PP1Q2/P5P1/1P3PBP/R4RK1 w - - 3 22,h2h4,551,522,-29
3r1q1k/pp1b1p1p/1np1pPp1/8/2PP1Q1P/P5P1/1P3PB1/R4RK1 w - - 1 23,b2b3,529,524,-5
3rbq1k/pp3p1p/1np1pPp1/8/2PP1Q1P/PP4P1/5PB1/R4RK1 w - - 1 24,h4h5,556,541,-15
rnbqkbnr/pppppppp/8/8/8/8/PPPPPPPP/RNBQKBNR w KQkq - 0 1,d2d4,25,30,5
rnbqkbnr/ppp1pppp/8/3p4/3P4/8/PPP1PPPP/RNBQKBNR w KQkq - 0 2,c2c4,30,33,3
rnbqk2r/ppp2ppp/4pn2/3p4/1bPP4/2N2N2/PP2PPPP/R1BQKB1R w KQkq - 2 5,e2e3,25,13,-12
rnbq1rk1/1pp2ppp/p3pn2/3p4/2PP4/2bBPN2/PP3PPP/R1BQ1RK1 w - - 0 8,b2c3,62,68,6
rnbq2k1/1pp3pp/p3pr2/5p2/2PPp3/B1P1P3/P2N1PPP/R2Q1RK1 w - - 2 12,f2f3,98,117,19
rnbq2k1/1pp3pp/p3p1r1/5p2/2PPp3/B1P1PP2/P2N2PP/R2Q1RK1 w - - 1 13,f3e4,225,223,-2
r1bq2k1/1pp3pp/p1n1p1r1/5p2/2PPP3/B1P1P3/P2N2PP/R2Q1RK1 w - - 1 14,e4f5,285,258,-27
r1bq2k1/1pp3pp/p1n3r1/5p2/2PP4/B1P1P3/P2N2PP/R2Q1RK1 w - - 0 15,e3e4,264,287,23
5rk1/1pp3pp/p1qn2r1/4B3/3P4/2PQN3/P5PP/R5K1 w - - 13 32,c3c4,-326,-342,16
5rk1/1pp3pp/p1q3r1/4Bn2/2PP4/3QN3/P5PP/R5K1 w - - 1 33,d4d5,-248,-424,176
rnbqkbnr/pppppppp/8/8/8/8/PPPPPPPP/RNBQKBNR w KQkq - 0 1,d2d4,23,22,-1
rnbqkbnr/ppp1pppp/8/3p4/3P4/8/PPP1PPPP/RNBQKBNR w KQkq - 0 2,e2e3,27,5,-22
1q3k1r/p4pp1/2p1p3/3p3p/3P2n1/4P1N1/PPPB1PPP/R2Q1RK1 w - - 0 16,f2f3,813,625,-188
1q3k1r/p4pp1/2p1p3/3p4/3P3p/4PPN1/PPPB2PK/R2Q1R2 w - - 0 18,f3f4,611,658,47
1q3k2/p4pr1/2p5/3pp3/3P1R1p/4PQ2/PPPB2P1/R5KN w - - 0 23,d4e5,936,920,-16
rnbqkbnr/pppppppp/8/8/8/8/PPPPPPPP/RNBQKBNR w KQkq - 0 1,b2b3,25,-28,-53
r1bqkbnr/ppp2ppp/2np4/4p3/8/1P3N2/PBPPPPPP/RN1QKB1R w KQkq - 0 4,e2e3,7,12,5
r1bqkbnr/ppp3pp/2np4/4pp2/8/1P2PN2/PBPP1PPP/RN1QKB1R w KQkq - 0 5,d2d4,85,85,0
r1bqkb1r/ppp3pp/2np1n2/5p2/3Pp3/1P2P3/PBPN1PPP/RN1QKB1R w KQkq - 2 7,c2c4,10,-25,-35
r1bqkb1r/pp2n1pp/3p1n2/2p2p2/2PPp3/1PN1P3/PB1N1PPP/R2QKB1R w KQkq - 0 9,d4d5,137,56,-81
r1bqkb1r/pp4pp/3p1nn1/2pP1p2/2P1p3/1PN1P3/PB1N1PPP/R2QKB1R w KQkq - 1 10,f2f3,54,-22,-76
r1b1kb1r/pp2q1pp/3p1nn1/2pP1p2/2P1p3/1PN1PP2/PB1N2PP/R2QKB1R w KQkq - 1 11,f3e4,46,28,-18
2N5/8/3p4/pppPkn1p/2P5/1P2p3/P3K1PP/8 w - - 0 34,c4b5,-51,-145,94
8/8/3pk3/p1p4p/8/1Pn1K3/P2N2PP/8 w - - 2 39,a2a3,0,0,0
8/8/3pk3/2pn3p/p7/PP3K2/3N2PP/8 w - - 0 41,b3a4,120,131,11
8/8/3pk3/2p4p/P7/P1n2K2/3N2PP/8 w - - 1 42,a4a5,197,197,0
8/8/3pk3/Pnp4p/8/P4K2/3N2PP/8 w - - 1 43,a5a6,216,210,-6
8/3k4/P2p4/1np4p/8/P4K2/3N2PP/8 w - - 1 44,a3a4,295,230,-65
8/n7/P1kp1N2/2p5/P6p/5K2/6PP/8 w - - 0 47,g2g3,166,175,9
8/n7/P1kp1N2/2p5/P7/5Kp1/7P/8 w - - 0 48,h2g3,198,35,-163
8/8/P1n5/1Nkp4/P1p5/4K1P1/8/8 w - - 4 53,a6a7,350,447,97
8/n7/8/8/P7/1k1K2P1/2p1N3/8 w - - 0 59,g3g4,39,24,-15
8/8/2n5/8/P5P1/8/1kpKN3/8 w - - 3 61,g4g5,8,-399,-407
8/8/8/4n1P1/P7/8/1kpKN3/8 w - - 1 62,g5g6,41,-11,-52
8/8/6n1/8/P7/8/1kpKN3/8 w - - 0 63,a4a5,-13,-10,-3
8/8/8/P3n3/8/8/1kpKN3/8 w - - 1 64,a5a6,-9,-9,0
rnbqkbnr/pppppppp/8/8/8/8/PPPPPPPP/RNBQKBNR w KQkq - 0 1,d2d4,25,29,4
rnbqkbnr/ppp1pppp/8/3p4/3P4/8/PPP1PPPP/RNBQKBNR w KQkq - 0 2,c2c4,29,28,-1
rnbqkb1r/ppp1pppp/5n2/3p4/2PP4/8/PP2PPPP/RNBQKBNR w KQkq - 1 3,e2e3,72,13,-59
r1bqkb1r/ppp2ppp/2n2n2/3pp3/2PP4/2N1P3/PP3PPP/R1BQKBNR w KQkq - 0 5,e3e4,55,-231,-286
r1bq1rk1/ppp2ppp/2n2n2/6B1/1bPpN3/8/PP2KPPP/R2Q1BNR w - - 3 9,a2a3,-470,-534,64
rnbqkbnr/pppppppp/8/8/8/8/PPPPPPPP/RNBQKBNR w KQkq - 0 1,e2e4,26,33,7
rnbqkbnr/pppp1ppp/8/4p3/4P3/8/PPPP1PPP/RNBQKBNR w KQkq - 0 2,f2f4,29,-75,-104
rnbqkbnr/pppp1ppp/8/8/4Pp2/8/PPPP2PP/RNBQKBNR w KQkq - 0 3,h2h4,-62,-166,104
r1bqkbnr/ppp2ppp/2np4/8/4Pp1P/5N2/PPPP2P1/RNBQKB1R w KQkq - 0 5,d2d4,-31,-14,-17
r2qkbnr/ppp2ppp/2np4/8/3PPpbP/5N2/PPP3P1/RNBQKB1R w KQkq - 1 6,c2c3,8,-107,-115
2kr1b1r/ppp1qp1p/2np1n2/6p1/3PPBbP/2P2N2/PP1NQ1P1/R3KB1R w KQ - 0 10,h4g5,208,196,-12
2kr1b1r/ppp1qp1p/2np4/6Pn/3PPBb1/2P2N2/PP1NQ1P1/R3KB1R w KQ - 1 11,g2g3,181,162,-19
2kr3r/ppp1qpbp/2np4/6P1/3PPnb1/2P2NP1/PP1NQ3/2KR1B1R w - - 0 13,g3f4,205,217,12
2k1r2r/pppqnpbp/3p4/6P1/3PPPb1/2PQ1N2/PP1N2B1/2KR3R w - - 5 16,f4f5,238,290,52
2k1r2r/pppqn1bp/3p1p2/5PP1/3PP1b1/2PQ1N2/PP1N2B1/2KR3R w - - 0 17,g5f6,289,222,-67
8/pkpq4/1pn2b2/3p1P1Q/3PP3/2P2N2/PP1N4/2K5 w - - 0 29,e4e5,509,459,-50
8/pkpq2b1/1pn5/3pPP1Q/3P4/2P2N2/PP1N4/2K5 w - - 1 30,f5f6,433,419,-14
8/p1p4N/1p3Pkb/3pP3/3P4/2PK4/PP6/8 w - - 6 42,e5e6,564,594,30
8/p1p4k/1p2PP1b/3p4/3P4/2PK4/PP6/8 w - - 0 43,e6e7,744,756,12
8/p1p1P3/1p3Pkb/3p4/3P4/2PK4/PP6/8 w - - 1 44,e7e8q,772,771,-1
8/8/1Q6/8/3P3k/2PK4/P7/2b5 w - - 1 52,c3c4,814,829,15
8/8/1Q6/6b1/2PP3k/3K4/P7/8 w - - 1 53,c4c5,869,865,-4
rnbqkbnr/pppppppp/8/8/8/8/PPPPPPPP/RNBQKBNR w KQkq - 0 1,d2d4,31,28,-3
rnbqkbnr/ppp1pppp/8/3p4/3P4/8/PPP1PPPP/RNBQKBNR w KQkq - 0 2,c2c4,26,25,-1
r1bqkbnr/ppp1pppp/2n5/3p4/2PP4/8/PP2PPPP/RNBQKBNR w KQkq - 1 3,g2g3,56,11,-45
r1bqkbnr/ppp2ppp/2n5/3pp3/2PP4/6P1/PP2PP1P/RNBQKBNR w KQkq - 0 4,d4e5,90,54,-36
r1bqkbnr/ppp3pp/2n2p2/4P3/2Pp4/5NP1/PP2PP1P/RNBQKB1R w KQkq - 0 6,e5f6,126,146,20
r1b2rk1/ppp1q1pp/2n2n2/8/1bPp4/5NP1/PP1BPPBP/RN1Q1RK1 w - - 6 10,a2a3,156,133,-23
r1b2rk1/ppp1q1pp/2nb1n2/8/2Pp4/P4NP1/1P1BPPBP/RN1Q1RK1 w - - 1 11,b2b4,161,168,7
r4rk1/ppp1q1pp/2nb1n2/8/1PPp2b1/P4NP1/3BPPBP/RN1Q1RK1 w - - 1 12,c4c5,177,120,-57
3r1rk1/ppp3pp/2n1qn2/2P5/1P3Bb1/P2p2P1/3NPPBP/R2QR1K1 w - - 0 17,f2f3,242,251,9
3r1rk1/ppp3pp/2n1qn2/2P2b2/1P3B2/P2p1PP1/3NP1BP/R2QR1K1 w - - 1 18,e2d3,311,199,-112
4rrk1/ppp3p1/5n2/2P1nbp1/1P2R3/P2P1PP1/6BP/3Q3K w - - 0 27,h2h3,-215,-282,67
4rrk1/ppp3p1/5n2/2P1n1p1/1P2b3/P2P1PPP/6B1/3Q3K w - - 0 28,d3e4,-262,-295,33
4r1k1/pppr2p1/5n2/2P1n1Q1/1P2P3/P4PPP/6B1/7K w - - 1 31,h3h4,-116,-208,92
4r1k1/ppp3p1/5n2/2P1n3/1P2PQ1P/P4PP1/6BK/3r4 w - - 5 34,g3g4,-172,-172,0
3r2k1/ppp3p1/5n2/2P5/1P2P1PP/P2nQP2/6BK/3r4 w - - 3 36,g4g5,-142,-485,343
3r2k1/ppp3p1/8/2P3Pn/1P2P2P/P2nQP2/6BK/3r4 w - - 1 37,g5g6,-555,-719,164
rnbqkbnr/pppppppp/8/8/8/8/PPPPPPPP/RNBQKBNR w KQkq - 0 1,d2d4,26,31,5
rnbqkbnr/ppp1pppp/3p4/8/3P4/8/PPP1PPPP/RNBQKBNR w KQkq - 0 2,c2c4,50,28,-22
rnbqk1nr/ppp1b1pp/3p4/5pN1/2PPp3/2N5/PP2PPPP/R1BQKB1R w KQkq - 2 6,h2h4,63,53,-10
rnbqk2r/ppp1b1p1/3p1n1p/5p2/2PPp2P/2N4N/PP2PPP1/R1BQKB1R w KQkq - 2 8,e2e3,51,18,-33
r2q1rk1/pp2b1p1/n1ppbn1p/5p2/2PPp2P/2N1P2N/PPQBBPP1/R3K2R w KQ - 4 12,a2a3,0,-58,-58
r2q1rk1/ppn1bbp1/2pp1n1p/5p2/2PPpN1P/P1N1P3/1PQBBPP1/R3K2R w KQ - 3 14,f2f3,-62,-73,11
r2q1rk1/ppn1bbp1/2p2n1p/3p1p2/2PPpN1P/P1N1PP2/1PQBB1P1/R3K2R w KQ - 0 15,c4c5,-84,-119,35
r2q1rk1/pp2b1p1/2p1bn1p/2Pp1p2/3Pp2P/P1N1PP2/1PQBB1P1/R3K2R w KQ - 0 17,f3f4,-121,-109,-12
r3qrk1/pp2b1p1/2p1bn1p/2Pp1p2/3PpP1P/P1N1P3/1PQBB1P1/R3K2R w KQ - 1 18,b2b4,-102,-111,9
r4rk1/pp4p1/2p1bb1p/2Pp1p2/1P1qpP1P/P1N5/1KQ1B1P1/5RR1 w - - 2 25,g2g4,-566,-570,4
5r2/pp3rpk/2p4p/2Pp4/1P1KpPRP/P7/8/6R1 w - - 5 32,f4f5,-294,-292,-2
4r3/pp3rpk/2p4p/2Pp1P2/1P1Kp1RP/P7/8/6R1 w - - 1 33,f5f6,-269,-384,115
rnbqkbnr/pppppppp/8/8/8/8/PPPPPPPP/RNBQKBNR w KQkq - 0 1,e2e4,30,29,-1
rnbqkbnr/pppp1ppp/4p3/8/4P3/8/PPPP1PPP/RNBQKBNR w KQkq - 0 2,f2f4,44,-17,-61
rnbqkbnr/ppp2ppp/4p3/3p4/4PP2/8/PPPP2PP/RNBQKBNR w KQkq - 0 3,e4e5,-9,-13,4
r1bqkbnr/pp3ppp/2n1p3/2ppP3/5P2/5N2/PPPP2PP/RNBQKB1R w KQkq - 2 5,c2c3,-20,-21,1
r1bqkb1r/pp3ppp/2n1p2n/2ppP3/5P2/2P2N2/PP1P2PP/RNBQKB1R w KQkq - 1 6,d2d4,-11,-57,46
r1bqkb1r/pp3ppp/2n1p2n/3pP3/2pP1P2/2P2N2/PP4PP/RNBQKB1R w KQkq - 0 7,b2b3,26,-17,-43
r1bqkb1r/p4ppp/2n1p2n/1p1pP3/2pP1P2/1PP2N2/P5PP/RNBQKB1R w KQkq - 0 8,a2a4,-11,-78,67
r1bqkb1r/5ppp/p1n1p2n/1p1pP3/P1pP1P2/1PP2N2/6PP/RNBQKB1R w KQkq - 0 9,a4b5,174,147,-27
R1bqkb1r/5ppp/4p2n/np1pP3/2pP1P2/1PP2N2/6PP/1NBQKB1R w Kk - 1 11,b3b4,527,508,-19
2bqk2r/4bppp/4p3/1p1pP3/1PpP1Pn1/R1P2N2/3B2PP/3QKB1R w Kk - 1 15,h2h3,508,438,-70
2bqk2r/4bppp/4p2n/1p1pP3/1PpP1P2/R1P2N1P/4K1P1/3QBB1R w k - 5 18,g2g4,494,504,10
2bq1rk1/4b1pp/4pp1n/1p1pP3/1PpP1PP1/R1P2N1P/2Q1K3/4BB1R w - - 0 20,g4g5,425,294,-131
2bq1rk1/4b1pp/4pp2/1p1pPnP1/1PpP1P2/R1P2N1P/2Q1K3/4BB1R w - - 1 21,g5f6,363,394,31
2b2r1k/4q2p/4p3/1p1ppn2/1PpP1P2/R1P2N1P/2Q1K3/5BR1 w - - 0 25,d4e5,318,339,21
3r4/R2bq2k/4p1Rp/1p2P3/1Ppp1P2/2P3QP/8/4KB2 w - - 0 37,c3d4,573,467,-106
7k/3b2q1/4p2p/4P3/1p1PQP1K/3B3P/8/8 w - - 12 52,d4d5,188,164,-24
7k/3bq3/4p2p/3PP3/4QP2/1p1B2KP/8/8 w - - 0 54,d5d6,291,295,4
8/8/3Pk3/3pP2p/3K1P2/7P/8/8 w - - 0 66,f4f5,793,783,-10
8/3k4/3P4/3KPP2/7p/7P/8/8 w - - 0 68,e5e6,1089,1019,-70
4k3/8/3PP3/3K1P2/7p/7P/8/8 w - - 1 69,f5f6,10000,10000,0
3k4/8/3PPP2/3K4/7p/7P/8/8 w - - 1 70,f6f7,10000,10000,0
rnbqkbnr/pppppppp/8/8/8/8/PPPPPPPP/RNBQKBNR w KQkq - 0 1,e2e4,30,27,-3
r1bqk1nr/ppp2ppp/3p4/2b1p3/2BnP3/2N2N2/PPPP1PPP/R1BQ1RK1 w kq - 0 6,d2d3,46,-143,-189
r3k1r1/pp5p/2p1p1qp/2Q5/3pP3/3P4/PPP2PPP/R4RK1 w q - 1 16,g2g3,318,341,23
2kr1r2/pp6/2p1p1q1/7p/4P3/3P2PQ/PPP2P1P/R4RK1 w - - 1 22,f2f4,396,412,16
1k1r1r2/pp6/2p1p1q1/7p/4PP2/3P2PQ/PPP4P/R4RK1 w - - 1 23,a2a4,451,385,-66
1k1r1r2/pp6/4p1q1/2p4p/P3PP2/3P2PQ/1PP4P/R4RK1 w - - 0 24,a4a5,376,345,-31
1k1r3r/1p6/p3p1q1/P1p4p/R3PP2/3P2PQ/1PP4P/5RK1 w - - 2 26,f4f5,350,358,8
1k1r3r/1p6/p7/P1p2p1p/R3P2Q/3Pq1P1/1PP4P/5R1K w - - 0 29,e4f5,450,437,-13
k2r3r/1p3q2/p7/P1p2P1p/4RQ2/3P2P1/1PP4P/5R1K w - - 7 33,f5f6,496,477,-19
k7/1p6/p7/P1Q4p/8/3P2P1/1qP3KP/8 w - - 0 39,d3d4,252,261,9
8/kp6/pq6/2Q4p/3P4/6P1/2P3KP/8 w - - 4 44,h2h3,159,8,-151
8/kp6/1q6/p1Q4p/3P4/6PP/2P3K1/8 w - - 0 45,g3g4,0,4,4
8/kp6/1q6/p1Q5/3P2p1/7P/2P3K1/8 w - - 0 46,h3g4,4,0,-4
8/kp6/1q6/2Q5/p2P2P1/8/2P3K1/8 w - - 0 47,g4g5,8,0,-8
8/kp6/8/2q3P1/p2P4/8/2P3K1/8 w - - 0 48,d4c5,0,10,10
8/kp6/8/2P3P1/8/p7/2P3K1/8 w - - 0 49,g5g6,4,4,0
8/kp6/6P1/2P5/8/8/p1P3K1/8 w - - 0 50,g6g7,0,0,0
8/kp4P1/8/2P5/8/8/2P3K1/q7 w - - 0 51,g7g8q,0,0,0
rnbqkbnr/pppppppp/8/8/8/8/PPPPPPPP/RNBQKBNR w KQkq - 0 1,e2e4,30,35,5
r1bqkbnr/ppp2ppp/2np4/4p3/2B1P3/5N2/PPPP1PPP/RNBQK2R w KQkq - 2 4,d2d3,47,29,-18
r2qkbnr/ppp2ppp/2np4/4p3/2B1P1b1/3P1N2/PPP2PPP/RNBQK2R w KQkq - 1 5,h2h3,59,48,-11
r3kbnr/pppq1ppp/2np4/4p2b/2B1P3/3P1N1P/PPPN1PP1/R1BQK2R w KQkq - 3 7,c2c3,163,58,-105
2kr1bnr/pppq1ppp/2np4/4p2b/2B1P3/2PP1N1P/PP1N1PP1/R1BQK2R w KQ - 1 8,a2a4,75,51,-24
2kr1bnr/pppq2pp/2np4/4pp1b/P1B1P3/2PP1N1P/1P1N1PP1/R1BQK2R w KQ - 0 9,e4f5,144,-1,-145
2kr1b1r/pppq2pp/2np1n2/4pP1b/P1B5/2PP1N1P/1P1N1PP1/R1BQK2R w KQ - 1 10,b2b4,488,-80,-568
1k1r1b1r/pppq2pp/2np1n2/4pP1b/PPB5/2PP1N1P/3N1PP1/R1BQK2R w KQ - 1 11,a4a5,224,-177,-401
1k1r1b1r/ppp3pp/2np1n2/P3pq1b/1PB5/2PP1N1P/3N1PP1/R1BQK2R w KQ - 0 12,b4b5,148,37,-111
1k1r1b1r/ppp1n1pp/3p1n2/PP2pq1b/2B5/2PP1N1P/3N1PP1/R1BQK2R w KQ - 1 13,b5b6,88,63,-25
1k1r1b1r/1pp1n1pp/pP1p1n2/P3pq1b/2B5/2PP1N1P/3N1PP1/R1BQK2R w KQ - 0 14,b6c7,309,285,-24
3r1b1r/1pk1n1pp/p4n2/P2pp2b/Q7/1BPq1N1P/3N1PP1/R1B1K2R w KQ - 0 17,c3c4,-159,-218,59
3r1b1r/1pk1n1pp/p4n2/P2pp3/Q1P5/1B1q1b1P/3N1PP1/R1B1K2R w KQ - 0 18,g2f3,-217,-234,17
1k1r1b1r/1p2n1pp/p4n2/P2pp3/Q1P5/1B1q1P1P/3N1P2/R1B1K2R w KQ - 1 19,c4d5,-104,-183,79
rnbqkbnr/pppppppp/8/8/8/8/PPPPPPPP/RNBQKBNR w KQkq - 0 1,e2e4,29,23,-6
r1b1kb1r/pppp1ppp/2n2q1n/4p3/2B1P3/5N2/PPPP1PPP/RNBQ1RK1 w kq - 6 5,d2d3,263,139,-124
r1b1kb1r/pppp1ppp/2n3q1/4p1B1/2B1P1n1/3P1N2/PPP2PPP/RN1Q1RK1 w kq - 3 7,h2h3,206,83,-123
r1b1kb1r/pppp1p1p/5pq1/1B2p3/1n2P3/3P1N1P/PPP2PP1/RN1Q1RK1 w kq - 2 10,d3d4,139,10,-129
r1b1kb1r/p4p1p/2pp1p2/2p5/4q2N/7P/PPP2PP1/RN1Q1RK1 w kq - 0 17,g2g3,569,26,-543
r3kb1r/p4p1p/2pp1p2/2p5/4q2N/6Pb/PPP2P2/RN1Q1RK1 w kq - 0 18,f2f3,484,-294,-778
7r/6bp/5p2/7k/7N/5PPb/PPPQ4/RN4K1 w - - 2 30,g3g4,932,769,-163
7r/6bp/5p2/7k/6bN/5P2/PPPQ4/RN4K1 w - - 0 31,f3g4,840,872,32
7r/6bp/8/5p2/5QPk/8/PPP5/RN4K1 w - - 0 33,g4f5,818,769,-49
rnbqkbnr/pppppppp/8/8/8/8/PPPPPPPP/RNBQKBNR w KQkq - 0 1,d2d4,32,22,-10
rnbqkbnr/ppp1pppp/8/3p4/3P4/8/PPP1PPPP/RNBQKBNR w KQkq - 0 2,a2a3,26,5,-21
rnbqkbnr/ppp2ppp/4p3/3p4/3P4/P7/1PP1PPPP/RNBQKBNR w KQkq - 0 3,b2b4,1,-27,-28
rnbqkb1r/ppp2ppp/4p1n1/3p4/1P1P4/P7/1BP1PPPP/RN1QKBNR w KQkq - 3 5,e2e3,33,39,6
rnbqkb1r/1pp2ppp/p3p1n1/3p4/1P1P4/P3P3/1BP2PPP/RN1QKBNR w KQkq - 0 6,c2c4,61,57,-4
rn1qkb1r/2pb1ppp/p3p1n1/1p1p4/1PPP4/P3PN2/1B3PPP/RN1QKB1R w KQkq - 0 8,c4c5,120,124,4
rn1q1rk1/3b2pp/p1p1p3/1pPp1p2/1P1P3b/P2BP3/1BQ1NPPP/R3K2R w KQ - 0 14,g2g3,141,119,-22
rn1q1rk1/4bbpp/p1p1p3/1pPp1p2/1P1P1N2/P1BBP1P1/2Q2P1P/R3K2R w KQ - 5 17,h2h4,133,145,12
r2q1rk1/3nbbpp/p1p1p3/1pPp1p2/1P1P1N1P/P1BBP1P1/2Q2P2/R3K2R w KQ - 1 18,f2f3,153,81,-72
r4rk1/3qbb1p/p1p1pnp1/1pPp1p2/1P1P1N1P/P1BBPPP1/2Q5/2K3RR w - - 0 21,g3g4,227,260,33
r4rk1/3qbb1p/p1p1pnp1/1pPp4/1P1P1NpP/P1BBPP2/2Q5/2K3RR w - - 0 22,f3g4,252,285,33
r4rk1/3qbb1p/p1p2np1/1pPpp3/1P1P1NPP/P1BBP3/2Q5/2K3RR w - - 0 23,d4e5,349,360,11
r4k2/4b3/p1p4q/1pPpP3/1P4BP/P1BQP3/5r2/2K3RR w - - 1 30,e5e6,611,522,-89
rnbqkbnr/pppppppp/8/8/8/8/PPPPPPPP/RNBQKBNR w KQkq - 0 1,d2d4,27,20,-7
rnbqkb1r/pppppppp/5n2/8/3P4/8/PPP1PPPP/RNBQKBNR w KQkq - 1 2,c2c4,19,19,0
rnbqk2r/ppppppbp/5np1/8/2PP4/2N5/PP2PPPP/R1BQKBNR w KQkq - 2 4,f2f3,52,8,-44
rnbq1rk1/ppppppbp/5np1/8/2PP4/2N2P2/PP2P1PP/R1BQKBNR w KQ - 1 5,e2e4,51,33,-18
rnbq1rk1/pp1pppbp/5np1/2p5/2PPP3/2N2P2/PP4PP/R1BQKBNR w KQ - 0 6,d4d5,55,34,-21
rnbqnrk1/pp1p1pbp/6p1/2pp4/2P1P3/2N1BP2/PPQ3PP/R3KBNR w KQ - 0 9,c4d5,48,56,8
rnbqnrk1/1p3pbp/p2p2p1/2pP4/4P3/2NBBP2/PPQ3PP/R3K1NR w KQ - 0 11,a2a4,-12,-24,12
r1bqnrk1/3n1pbp/pp1p2p1/2pP4/P3P3/2NBBP2/1PQ1N1PP/R3K2R w KQ - 2 13,f3f4,23,49,26
r1b1nrk1/6bp/pp1p2p1/2pP1p2/P3PPnq/2NB2N1/1PQB2PP/R4RK1 w - - 6 17,h2h3,-585,-650,65
rnbqkbnr/pppppppp/8/8/8/8/PPPPPPPP/RNBQKBNR w KQkq - 0 1,b2b3,31,-31,-62
rnbqkbnr/ppp2ppp/3p4/4p3/8/1P6/PBPPPPPP/RN1QKBNR w KQkq - 0 3,e2e3,4,2,-2
rnbqkbnr/ppp3pp/3p1p2/4p3/8/1P2P3/PBPP1PPP/RN1QKBNR w KQkq - 0 4,g2g3,72,24,-48
q3k1nr/p1pnb1pp/3pbp2/4p3/8/1P2P1P1/PBPP1P1P/RN1QK1NR w KQk - 0 8,f2f3,219,202,-17
q3k2r/p1pnbnpp/3pbp2/4p3/8/1P2PPP1/PBPPQ2P/RN2K1NR w KQk - 3 10,f3f4,218,-479,-697
4k2r/p1pnbnpp/3pbp2/3qp3/5P2/1P2P1P1/PBPP1Q1P/RN2K1N1 w Qk - 2 12,f4f5,-68,-92,24
4k2r/p1pnbnpp/3pbp2/2q1pP2/8/1P2P1P1/PBPP1Q1P/RN2K1N1 w Qk - 1 13,f5e6,382,349,-33
4k2r/p1p1bnpp/1n1pPp2/2q1p3/8/1P2P1P1/PBPP1Q1P/RN2K1N1 w Qk - 1 14,e6f7,473,476,3
7r/p1p1bkpp/1n1p1p2/2q1p3/8/1P2P1P1/PBPP1Q1P/RN2K1N1 w Q - 0 15,c2c3,518,436,-82
2r5/p1p1bkpp/1n1p1p2/2q1p3/8/1PP1P1P1/PB1P1Q1P/RN2K1N1 w Q - 1 16,b3b4,459,315,-144
rnbqkbnr/pppppppp/8/8/8/8/PPPPPPPP/RNBQKBNR w KQkq - 0 1,e2e4,29,27,-2
rnbqkbnr/pp1p1ppp/4p3/2p5/4P3/5N2/PPPP1PPP/RNBQKB1R w KQkq - 0 3,d2d4,26,26,0
rnb1kb1r/1pqp1pp1/p3pn2/7p/3NP3/2N5/PPP1BPPP/R1BQ1RK1 w kq - 0 8,h2h3,91,67,-24
rnb1kb1r/1pqp1pp1/p3p3/7p/3NP1n1/2N4P/PPP1BPP1/R1BQ1RK1 w kq - 1 9,h3g4,298,361,63
rnb1kb1r/1pqp1pp1/p3p3/8/3NP1p1/2N5/PPP1BPP1/R1BQ1RK1 w kq - 0 10,f2f4,360,251,-109
r1b1k2r/3p2p1/p1n2p2/1p1Np3/3bP3/4BR2/PPP1K1P1/R2B4 w kq - 0 21,c2c3,315,-72,-387
r3k2r/1b1p2p1/p1n2p2/1p1Np3/3bP3/2P1BR2/PP2K1P1/R2B4 w kq - 1 22,c3d4,318,321,3
2r1k2r/1b1p2p1/p1n2p2/1p1N4/3pPB2/5R2/PP2K1P1/R2B4 w k - 2 24,a2a3,347,264,-83
2r1k3/1b1p2p1/p1n2p2/1p1N4/3pPB1r/P7/1P2K1P1/R2B1R2 w - - 3 26,g2g3,299,177,-122
1n6/3p1k2/p2B1p2/1p1b2p1/4P1B1/P2K2P1/1r6/5R2 w - - 0 35,e4d5,470,480,10
rnbqkbnr/pppppppp/8/8/8/8/PPPPPPPP/RNBQKBNR w KQkq - 0 1,e2e4,27,27,0
rnbqkbnr/pp1ppppp/8/2p5/4P3/8/PPPP1PPP/RNBQKBNR w KQkq - 0 2,f2f4,34,0,-34
rnbqkbnr/pp2pppp/8/2pp4/4PP2/8/PPPP2PP/RNBQKBNR w KQkq - 0 3,e4d5,22,8,-14
rn1qkbnr/pp3ppp/4p3/2p5/2B2Pb1/2N2N2/PPPP2PP/R1BQK2R w KQkq - 0 7,d2d3,35,18,-17
rn1qkb1r/pp3ppp/4pn2/2p5/2B2Pb1/2NP1N2/PPP3PP/R1BQK2R w KQkq - 1 8,h2h3,47,45,-2
r2q1rk1/pp2bpp1/2n1pnp1/2p5/2B2P2/2NP3P/PPPBQ1P1/2KR3R w - - 0 14,g2g4,-43,-71,28
r2q1rk1/pp2bpp1/2n1p1p1/2pn4/2B2PP1/2NP3P/PPPBQ3/2KR3R w - - 1 15,h3h4,163,151,-12
rnbqkbnr/pppppppp/8/8/8/8/PPPPPPPP/RNBQKBNR w KQkq - 0 1,e2e4,34,33,-1
rnbqkbnr/pppp1ppp/8/4p3/4P3/8/PPPP1PPP/RNBQKBNR w KQkq - 0 2,d2d4,29,-1,-30
rnbqkbnr/pppppppp/8/8/8/8/PPPPPPPP/RNBQKBNR w KQkq - 0 1,e2e4,22,25,3
rnbqkbnr/ppp1pppp/8/3p4/4P3/8/PPPP1PPP/RNBQKBNR w KQkq - 0 2,e4d5,68,67,-1
2kr1b2/ppp1pp2/2n1bnp1/4q3/7Q/2N5/PPPPNPPP/R1B1KB1R w KQ - 7 11,d2d4,324,-272,-596
rnbqkbnr/pppppppp/8/8/8/8/PPPPPPPP/RNBQKBNR w KQkq - 0 1,e2e4,26,26,0
r1bqkbnr/pppp1ppp/2n5/4p3/4P3/5N2/PPPP1PPP/RNBQKB1R w KQkq - 2 3,d2d4,37,18,-19
r1bqkbnr/pppp1p1p/2n3p1/8/2BpP3/5N2/PPP2PPP/RNBQK2R w KQkq - 0 5,c2c3,56,52,-4
r1b1k2r/ppppqpbp/2n2np1/8/2BpP3/1QP2N2/PP3PPP/RNB2RK1 w kq - 5 8,e4e5,153,131,-22
r1bk3r/pppp1Bbp/5np1/4q3/3p4/1QP5/PP3PPP/RNB2RK1 w - - 1 11,c3d4,146,125,-21
r1bk3r/pp1p1Bbp/2p2np1/8/6q1/1QN1B3/PP3PPP/R4RK1 w - - 2 14,h2h3,375,387,12
rnbqkbnr/pppppppp/8/8/8/8/PPPPPPPP/RNBQKBNR w KQkq - 0 1,d2d3,25,-14,-39
rnbqkbnr/ppp2ppp/4p3/3p4/8/3P4/PPPBPPPP/RN1QKBNR w KQkq - 0 3,e2e3,-29,-27,-2
rnbqk1nr/ppp4p/4ppp1/3p4/8/3PPN2/P1P1BPPP/BN1QK2R w Kkq - 0 8,c2c3,-169,-218,49
rnb1k1nr/p1p1q2p/1p2ppp1/3p4/8/1QPPPN2/P3BPPP/BN2K2R w Kkq - 0 10,c3c4,-214,-202,-12
rn2k1nr/pbp1q2p/1p2ppp1/8/2p5/2QPPN2/P3BPPP/BN2K2R w Kkq - 2 12,d3c4,-267,-331,64
r5k1/pbr4p/1p2p1p1/2n1N3/2P3Bn/4P3/P4PPP/1N3RK1 w - - 4 21,g2g3,-558,-524,-34
6k1/p4r1p/1p2p1p1/4n3/2P1B3/4P1P1/P4P1P/1N3RK1 w - - 3 26,f2f4,522,474,-48
6k1/p4r1p/1p2p1p1/8/2P1BPn1/4P1P1/P6P/1N3RK1 w - - 1 27,h2h3,538,471,-67
6k1/p4r2/1p2p3/5p1p/2P2P2/6PP/P4K2/1NR5 w - - 0 31,c4c5,457,455,-2
rnbqkbnr/pppppppp/8/8/8/8/PPPPPPPP/RNBQKBNR w KQkq - 0 1,e2e4,23,20,-3
rnbqkbnr/pp1ppppp/8/2p5/4P3/8/PPPP1PPP/RNBQKBNR w KQkq - 0 2,f2f4,30,0,-30
rnbqkbnr/pp3ppp/4p3/2pp4/4PP2/5N2/PPPP2PP/RNBQKB1R w KQkq - 0 4,e4d5,-4,-32,28
rnbqkb1r/pp3ppp/5n2/2pp4/5P2/2N2N2/PPPP2PP/R1BQKB1R w KQkq - 2 6,d2d3,-54,-90,36
4rrk1/p1q2ppp/2pbb3/2pn4/3pNP1Q/3P4/PPPBB1PP/R4RK1 w - - 2 15,f4f5,112,110,-2
4rrk1/p1qb1ppp/2pb4/2pn1P2/3pN2Q/3P4/PPPBB1PP/R4RK1 w - - 1 16,f5f6,143,122,-21
5rk1/p1qb1ppp/2pb1P2/2pn4/3pr2Q/3P4/PPPBB1PP/R4RK1 w - - 0 17,d3e4,185,212,27
5rk1/p2bbppp/8/2p5/3pP3/6q1/PPPBB1PP/R5K1 w - - 0 22,h2g3,-43,-50,7
4r1k1/p2bbppp/8/2p5/2BpPB2/6P1/PPP3P1/R5K1 w - - 5 25,e4e5,-33,-93,60
5k2/p1b1rppp/8/1bp1P3/3p1B2/6P1/PPP2KP1/4R3 w - - 0 32,c2c3,-539,-518,-21
5k2/p1b1rppp/8/1b2P3/2p2B2/2Pp2P1/PP3KP1/3R4 w - - 0 34,b2b3,-583,-577,-6
5k2/p3rppp/8/1b2b3/2p2B2/1PPp2P1/P4KP1/3R4 w - - 0 35,a2a4,-549,-657,108
5k2/p3rppp/b7/4b3/P1p2B2/1PPp2P1/5KP1/3R4 w - - 1 36,b3b4,-665,-703,38
5k2/p3rppp/b7/8/PPp2b2/2Pp2P1/5KP1/3R4 w - - 0 37,g3f4,-709,-699,-10
5k2/p4ppp/b7/8/PPp2P2/2Pp1K2/2r3P1/3R4 w - - 3 39,b4b5,-605,-608,3
5k2/pb3ppp/8/1P6/P4P2/8/3K2P1/r7 w - - 1 47,g2g3,-852,-892,40
rnbqkbnr/pppppppp/8/8/8/8/PPPPPPPP/RNBQKBNR w KQkq - 0 1,e2e4,30,32,2
rnbqkbnr/pppp1ppp/8/4p3/4P3/8/PPPP1PPP/RNBQKBNR w KQkq - 0 2,d2d4,35,-6,-41
r1bqk1nr/pppp1ppp/2n5/8/1b2P3/8/PPP2PPP/RNBQKBNR w KQkq - 3 5,c2c3,-12,-27,15
r2qkb1r/1bpp1pp1/p4n1p/2p3B1/4P3/2P2N2/PP3PPP/RN1QR1K1 w kq - 0 12,e4e5,565,609,44
r2qkb1r/1bpp1pp1/p4n2/2p1P1p1/8/2P2N2/PP3PPP/RN1QR1K1 w kq - 0 13,e5f6,625,619,-6
6kr/4R3/p7/2p3p1/8/2P5/Pq3PPP/6K1 w - - 4 29,h2h3,-607,-614,7
6kr/4R3/p7/2p3p1/5q2/2P4P/P4PPK/8 w - - 3 31,g2g3,-615,-10000,9385
rnbqkbnr/pppppppp/8/8/8/8/PPPPPPPP/RNBQKBNR w KQkq - 0 1,d2d4,36,24,-12
rnbqkbnr/ppp1pppp/8/3p4/3P4/8/PPP1PPPP/RNBQKBNR w KQkq - 0 2,c2c4,26,28,2
rnbqkbnr/ppp1pppp/8/8/2pP4/8/PP2PPPP/RNBQKBNR w KQkq - 0 3,e2e3,30,31,1
rn1qkbnr/ppp2ppp/4p3/5b2/2pP4/2N1P3/PP3PPP/R1BQKBNR w KQkq - 0 5,e3e4,106,68,-38
rn1qk1nr/ppp2ppp/4p1b1/8/1bBPP3/2N5/PP3PPP/R1BQK1NR w KQkq - 1 7,f2f3,108,103,-5
rn1qk2r/ppp1nppp/4p1b1/8/2BPP3/1Qb2P2/PP4PP/R1B1K1NR w KQkq - 0 9,b2c3,206,179,-27
rn1qk2r/p1p1nppp/1p2p1b1/8/2BPP3/1QP2P2/P5PP/R1B1K1NR w KQkq - 0 10,a2a4,149,151,2
rn2r1k1/p1q1nppp/1pp1p1b1/8/P1BPP3/BQP2P2/4N1PP/R4RK1 w - - 2 14,e4e5,182,-33,-215
rn2r1k1/pq3ppp/1ppBp1b1/3nP3/P1BP4/1QP2P2/4N1PP/R4RK1 w - - 3 16,a4a5,139,112,-27
rn2r1k1/pq3ppp/2pB2b1/Pp1pP3/3P4/1QP2P2/4N1PP/R4RK1 w - - 0 18,f3f4,242,240,-2
rn2r1k1/3q1ppp/p1pB4/Pp1pP3/2bP1P2/2P5/1Q2NRPP/3R2K1 w - - 4 22,f4f5,291,293,2
rn2r1k1/5ppp/p1pB4/qp1pPP2/2bP4/2P5/3QNRPP/3R2K1 w - - 0 24,f5f6,467,563,96
rnbqkbnr/pppppppp/8/8/8/8/PPPPPPPP/RNBQKBNR w KQkq - 0 1,e2e4,33,22,-11
r1bqkb1r/1ppp1ppp/p1n5/4p3/B3n3/5N2/PPPP1PPP/RNBQ1RK1 w kq - 0 6,d2d4,29,32,3
r1bqkb1r/2p2ppp/p1n5/1p1pp3/3Pn3/1B3N2/PPP2PPP/RNBQ1RK1 w kq - 0 8,d4e5,34,36,2
r2qk2r/2p2ppp/p1n1b3/1pbpP3/4n3/1B3N2/PPPN1PPP/R1BQ1RK1 w kq - 3 10,c2c3,44,32,-12
rnbqkbnr/pppppppp/8/8/8/8/PPPPPPPP/RNBQKBNR w KQkq - 0 1,e2e4,28,32,4
r1bqkbnr/pp1ppppp/2n5/2p5/4P3/5N2/PPPP1PPP/RNBQKB1R w KQkq - 2 3,c2c3,30,25,-5
r1bqkbnr/pp2pppp/2n5/2pp4/4P3/2P2N2/PP1P1PPP/RNBQKB1R w KQkq - 0 4,e4e5,26,-41,-67
r2qkbnr/4pppp/p1p5/2p1P3/3p2b1/2P2N2/PP1P1PPP/RNBQ1RK1 w kq - 0 8,d2d3,116,120,4
r2qkbnr/4pp1p/p1p3p1/2p1P3/3p2b1/2PP1N2/PP3PPP/RNBQ1RK1 w kq - 0 9,h2h3,226,234,8
3qk1nr/4pp1p/p1p3p1/2p1P3/8/3P1b1P/2Q2PPB/R5K1 w k - 0 21,g2f3,-104,-121,17
7k/4pp1p/6p1/4P3/8/5Kn1/5P2/8 w - - 0 34,f2g3,-445,-456,11
8/4ppkp/6p1/4P3/8/5KP1/8/8 w - - 1 35,g3g4,-463,-487,24
8/4ppk1/6p1/4P2p/6P1/5K2/8/8 w - - 0 36,g4h5,-500,-568,68
rnbqkbnr/pppppppp/8/8/8/8/PPPPPPPP/RNBQKBNR w KQkq - 0 1,e2e4,30,27,-3
r1bqkbnr/pppp1ppp/2n5/4p3/4P3/5N2/PPPP1PPP/RNBQKB1R w KQkq - 2 3,d2d4,30,16,-14
r1bqkb1r/p1pp1ppp/2p2n2/8/4P3/8/PPP2PPP/RNBQKB1R w KQkq - 0 6,e4e5,9,-10,-19
r1b1kb1r/p1ppqppp/2p5/3nP3/8/8/PPP1QPPP/RNB1KB1R w KQkq - 3 8,c2c4,-11,-11,0
r1b1kb1r/p1ppqppp/1np5/4P3/2P5/8/PP2QPPP/RNB1KB1R w KQkq - 1 9,b2b3,0,-6,-6
r1b2rk1/2ppqpbp/1np3p1/p3P3/2P5/1P6/PB1NQPPP/2KR1B1R w - - 0 13,a2a4,-145,-184,39
1r3rk1/2ppqpbp/bnp3p1/p3P3/P1P5/1P2Q3/1B1N1PPP/2KR1B1R w - - 3 15,c4c5,-18,-273,255
1r3rk1/2p1qpbp/2pp2p1/p1PnP3/P2Q4/1P6/1B1N1PPP/2KR1R2 w - - 0 18,c5d6,127,23,-104
1r3rk1/4qpbp/2pp2p1/p2nP3/P2Q4/1P6/1B1N1PPP/2KR1R2 w - - 0 19,f2f4,159,-245,-404
1r3rk1/4qpbp/2p3p1/p2np3/P2Q1P2/1P6/1B1N2PP/2KR1R2 w - - 0 20,f4e5,-245,-256,11
rnbqkbnr/pppppppp/8/8/8/8/PPPPPPPP/RNBQKBNR w KQkq - 0 1,e2e4,33,28,-5
r1bqkbnr/ppp2p1p/2n3p1/3pp3/2B1P3/5Q2/PPPP1PPP/RNB1K1NR w KQkq - 0 5,e4d5,140,-95,-235
r2qkbnr/pppb1p1p/6p1/nB1Pp3/8/5Q2/PPPP1PPP/RNB1K1NR w KQkq - 3 7,d5d6,127,-298,-425
r2qk1nr/pp2bp1p/2pP2p1/nb2Q3/8/8/PPPP1PPP/RNB1K1NR w KQkq - 1 10,d6e7,261,231,-30
2k1r1nr/pp3p1p/2p3p1/n7/2bN4/8/PPPP1PPP/RNBK3R w - - 5 15,b2b4,274,279,5
2k3nr/pp3p1p/2p3p1/n7/1PbNr3/8/P1PP1PPP/RNBK3R w - - 1 16,d2d3,451,374,-77
2k3nr/pp3p1p/2p3p1/n7/1P1Nr3/3b4/P1P2PPP/RNBK3R w - - 0 17,c2d3,510,501,-9
2k3nr/pp3p1p/2p3p1/n7/1P1r4/3P4/P4PPP/RNBK3R w - - 0 18,b4a5,504,406,-98
rnbqkbnr/pppppppp/8/8/8/8/PPPPPPPP/RNBQKBNR w KQkq - 0 1,e2e4,30,30,0
rnbqkbnr/pp1ppppp/8/2p5/4P3/8/PPPP1PPP/RNBQKBNR w KQkq - 0 2,b2b4,37,-34,-71
rnbqkbnr/pp1ppppp/8/8/1p2P3/8/P1PP1PPP/RNBQKBNR w KQkq - 0 3,d2d4,-28,-47,19
rnbqkbnr/pp2pppp/8/3p4/1p1PP3/8/P1P2PPP/RNBQKBNR w KQkq - 0 4,e4e5,-54,-71,17
r1bqkbnr/pp2pppp/2n5/3pP3/1p1P4/8/P1P2PPP/RNBQKBNR w KQkq - 1 5,f2f4,-77,-169,92
r2qkb1r/pp2np2/2n1p1p1/3pP2p/1p1P1P1N/3Q4/P1P3PP/RNB2RK1 w kq - 0 11,a2a3,-126,-126,0
2r1k2r/pp3p2/1qn1p3/3pPpbp/1p1P1P2/P2QB3/2P3PP/R4RK1 w k - 0 17,f4g5,-72,-77,5
rnbqkbnr/pppppppp/8/8/8/8/PPPPPPPP/RNBQKBNR w KQkq - 0 1,e2e4,32,33,1
r1bqkbnr/pppp1ppp/2n5/4p3/4P3/5N2/PPPP1PPP/RNBQKB1R w KQkq - 2 3,d2d4,35,12,-23
r1bqk2r/pppp1ppp/2n2n2/2b5/2BpP3/5N2/PPP2PPP/RNBQ1RK1 w kq - 4 6,e4e5,42,15,-27
r1bqk2r/ppp2ppp/2n2n2/2bpP3/2Bp4/5N2/PPP2PPP/RNBQ1RK1 w kq d6 0 7,e5f6,16,29,13
r1bqk2r/ppp2ppp/2n2P2/2b5/2pp4/5N2/PPP2PPP/RNBQ1RK1 w kq - 0 8,f6g7,31,33,2
rnbqkbnr/pppppppp/8/8/8/8/PPPPPPPP/RNBQKBNR w KQkq - 0 1,e2e4,35,30,-5
rnbqkbnr/pppp1ppp/8/4p3/4P3/8/PPPP1PPP/RNBQKBNR w KQkq - 0 2,f2f4,36,-42,-78
rnbqkbnr/pppppppp/8/8/8/8/PPPPPPPP/RNBQKBNR w KQkq - 0 1,e2e4,35,30,-5
rnbqk2r/pppp1ppp/5n2/2b1p3/2B1P3/2N5/PPPP1PPP/R1BQK1NR w KQkq - 4 4,d2d3,-3,-5,2
rnbq1rk1/pp3ppp/2p2n2/2bpp3/2B1P3/2NP2Q1/PPP2PPP/R1B1K1NR w KQ - 0 7,e4d5,-67,-102,35
rnb1q1k1/pp3pnp/8/2b5/2p5/2NP4/PPP1NPPP/R3K2R w KQ - 0 13,d3c4,-733,-713,-20
rnb1q1k1/pp3p1p/8/2b4n/2P5/2N5/PPP1NPPP/R3K2R w KQ - 1 14,g2g4,-642,-665,23
rnbqkbnr/pppppppp/8/8/8/8/PPPPPPPP/RNBQKBNR w KQkq - 0 1,e2e4,32,34,2
rnbqkbnr/pppp1ppp/8/4p3/4P3/8/PPPP1PPP/RNBQKBNR w KQkq - 0 2,d2d4,35,-5,-40
r1bqkbnr/pppp1ppp/2n5/4p3/3PP3/8/PPP2PPP/RNBQKBNR w KQkq - 1 3,d4d5,58,64,6
r1bqkbnr/pp1pn1pp/2p2p2/3Pp3/4P3/4B3/PPP2PPP/RN1QKBNR w KQkq - 0 6,d5d6,230,256,26
rnbqkbnr/pppppppp/8/8/8/8/PPPPPPPP/RNBQKBNR w KQkq - 0 1,d2d4,36,21,-15
rnbqkbnr/ppp1pppp/8/3p4/3P4/8/PPP1PPPP/RNBQKBNR w KQkq - 0 2,a2a3,31,6,-25
rn1qkbnr/ppp1pppp/8/3p1b2/3P4/P7/1PP1PPPP/RNBQKBNR w KQkq - 1 3,e2e3,32,-15,-47
r2qkbnr/ppp1pppp/2n5/3p1b2/3P4/P3P3/1PP2PPP/RNBQKBNR w KQkq - 1 4,h2h3,29,-23,-52
r2qkbnr/ppp2ppp/2n1p3/3p1b2/3P4/P3P2P/1PP2PP1/RNBQKBNR w KQkq - 0 5,b2b4,19,13,-6
r2qkb1r/ppp2pp1/2n1pn1p/3p1b2/1P1P4/P3PN1P/2P2PP1/RNBQKB1R w KQkq - 2 7,c2c4,18,22,4
3r1rk1/2pq1pp1/p1nnpb1p/1p3b2/1P1P4/PNN1PB1P/1B3PP1/R2Q1RK1 w - - 4 17,e3e4,210,-4,-214
3r1rk1/2pq1pp1/p1n1pb1p/1p3b2/1PnPP3/PNN2B1P/1B3PP1/R2Q1RK1 w - - 1 18,e4f5,-10,-12,2
3r1rk1/2p2pp1/p1n1pb1p/1pN2P2/1Pnq4/P1N2B1P/2Q2PP1/R4RK1 w - - 0 21,f5e6,-19,-20,1
3r1rk1/2p2pp1/p1n1Pb1p/1pN5/1Pn5/P1q2B1P/2Q2PP1/R4RK1 w - - 0 22,e6f7,-20,-265,245
3r2k1/2p2rp1/p1n2bQp/1p6/1P2N3/P1q2n1P/5PP1/R4RK1 w - - 0 25,g2f3,-561,-572,11
rnbqkbnr/pppppppp/8/8/8/8/PPPPPPPP/RNBQKBNR w KQkq - 0 1,e2e4,37,35,-2
rnbqkb1r/pppp2pp/5n2/4Np2/4P3/8/PPPP1PPP/RNBQKB1R w KQkq - 1 4,d2d4,164,39,-125
r3kb1r/pppq3p/2npbp2/8/2NPp3/8/PPP1BPPP/RN1Q1RK1 w kq - 0 10,d4d5,332,332,0
2kr1b1r/pppq3p/2npbp2/3P4/2N1p3/8/PPP1BPPP/RN1Q1RK1 w - - 1 11,d5e6,335,306,-29
rnbqkbnr/pppppppp/8/8/8/8/PPPPPPPP/RNBQKBNR w KQkq - 0 1,e2e4,33,36,3
rnbqkbnr/pppp1ppp/8/4p3/4P3/8/PPPP1PPP/RNBQKBNR w KQkq - 0 2,d2d4,39,-8,-47
r2qkb1r/ppp2ppp/2n1b3/1B1N4/4n3/8/PPP2PPP/R1BQK1NR w KQkq - 2 8,c2c4,-94,-195,101
rnbqkbnr/pppppppp/8/8/8/8/PPPPPPPP/RNBQKBNR w KQkq - 0 1,d2d4,38,19,-19
rnbqkbnr/ppp2ppp/4p3/3p4/3P4/5N2/PPP1PPPP/RNBQKB1R w KQkq - 0 3,e2e3,21,17,-4
rnbqkbnr/pp3ppp/4p3/2pp4/3P4/4PN2/PPP2PPP/RNBQKB1R w KQkq - 0 4,c2c4,21,15,-6
rnbq1rk1/1p3ppp/p3pn2/2b5/2BN4/2B1P3/PP3PPP/RN1Q1RK1 w - - 0 10,b2b4,12,-22,-34
rnbq1rk1/1p3ppp/p2bpn2/8/1PBN4/2B1P3/P4PPP/RN1Q1RK1 w - - 1 11,a2a4,-18,-33,15
2r2rk1/1p1n1ppp/p7/3nb3/PPN5/3QPb2/5PP1/2R4K w - - 0 22,g2f3,-275,-254,-21
5rk1/1p3ppp/p4n2/4b3/PPQ5/4PP2/5P2/7K w - - 1 26,f3f4,0,-166,-166
1b3rk1/1p3ppp/p4n2/8/PPQ2P2/4P3/5P2/7K w - - 1 27,b4b5,2,-2,-4
1b3rk1/3Q1ppp/3n4/8/P4P2/4P3/5PK1/8 w - - 9 34,a4a5,122,83,-39
1b3rk1/3Q1ppp/8/P7/2n2P2/4P3/5PK1/8 w - - 1 35,a5a6,158,106,-52
1b3rk1/1Q3ppp/P7/8/2n2P2/4P3/5PK1/8 w - - 3 37,a6a7,142,111,-31
5r2/5ppk/5n1p/8/3Q1P2/4PK2/5P2/8 w - - 2 43,e3e4,83,85,2
4r3/5ppk/5n1p/8/3QPP2/5K2/5P2/8 w - - 1 44,e4e5,89,86,-3
4r3/5p1k/6pp/4P2n/4QP2/5K2/5P2/8 w - - 0 46,f4f5,65,45,-20
4r3/5pnk/6pp/4PP2/4Q3/5K2/5P2/8 w - - 1 47,f5g6,49,22,-27
4r3/7k/6p1/4Pn1p/4Q3/8/5PK1/8 w - - 0 50,f2f4,23,33,10
4r3/8/6pk/4Pn1p/4QP2/8/6K1/8 w - - 1 51,e5e6,9,0,-9
4r1k1/6n1/4P1p1/4Q2p/5P2/7K/8/8 w - - 5 54,e6e7,0,0,0
8/4rkn1/6p1/6Qp/5P2/7K/8/8 w - - 0 56,f4f5,-4,-10,6
rnbqkbnr/pppppppp/8/8/8/8/PPPPPPPP/RNBQKBNR w KQkq - 0 1,e2e4,31,36,5
rnbqkbnr/pppp2pp/8/4pp2/4P3/5N2/PPPP1PPP/RNBQKB1R w KQkq - 0 3,d2d4,132,49,-83
rnbqkb1r/pppp2pp/5n2/4N3/3Pp3/8/PPP2PPP/RNBQKB1R w KQkq - 1 5,c2c4,41,-316,-357
rnbqkb1r/ppp3pp/5n2/4p3/2PPp3/8/PP2QPPP/RNB1KB1R w KQkq - 0 7,d4e5,-386,-406,20
rn1qkb1r/ppp3pp/5n2/4P3/2P1p1b1/8/PP2QPPP/RNB1KB1R w KQkq - 1 8,f2f3,-217,-230,13
rn1qkb1r/ppp3pp/5n2/4P3/2P3b1/5p2/PP2Q1PP/RNB1KB1R w KQkq - 0 9,g2f3,-234,-224,-10
rnbqkbnr/pppppppp/8/8/8/8/PPPPPPPP/RNBQKBNR w KQkq - 0 1,c2c3,36,4,-32
rnbqkbnr/ppp1pppp/3p4/8/8/2P5/PP1PPPPP/RNBQKBNR w KQkq - 0 2,d2d4,29,26,-3
rnbqkb1r/ppp1pppp/3p1n2/8/3P4/2P5/PP2PPPP/RNBQKBNR w KQkq - 1 3,e2e3,28,-5,-33
r1bqkb1r/ppp1pppp/2np1n2/8/3P4/2P1P3/PP3PPP/RNBQKBNR w KQkq - 1 4,g2g3,33,1,-32
r1bqkb1r/ppp2ppp/2np1n2/4p3/3P4/2P1P1P1/PP3P1P/RNBQKBNR w KQkq - 0 5,h2h4,2,-149,-151
r1bqkb1r/ppp2ppp/2np1n2/8/3p3P/2P1P1P1/PP3P2/RNBQKBNR w KQkq - 0 6,c3d4,-34,-50,16
r1bqkb1r/ppp2ppp/2np4/3n4/3P3P/4P1P1/PP3P2/RNBQKBNR w KQkq - 1 7,e3e4,60,58,-2
r2qkb1r/pppb1ppp/2np4/3n4/3PP2P/6P1/PP3P2/RNBQKBNR w KQkq - 1 8,e4d5,544,586,42
r2qk2r/pppbbppp/2np4/3P4/3P3P/6P1/PP3P2/RNBQKBNR w KQkq - 1 9,d5c6,622,636,14
r2qk2r/ppp1bppp/2Pp4/8/3P2bP/6P1/PP3P2/RNBQKBNR w KQkq - 1 10,f2f3,841,657,-184
r2qk2r/ppp1bppp/2Ppb3/8/3P3P/5PP1/PP6/RNBQKBNR w KQkq - 1 11,c6b7,696,697,1
rnbqkbnr/pppppppp/8/8/8/8/PPPPPPPP/RNBQKBNR w KQkq - 0 1,e2e4,33,32,-1
rnbqkbnr/pppp1ppp/8/4p3/4P3/8/PPPP1PPP/RNBQKBNR w KQkq - 0 2,d2d4,32,-12,-44
rnbqkbnr/ppp2ppp/8/3pp3/3PP3/8/PPP2PPP/RNBQKBNR w KQkq - 0 3,e4d5,146,20,-126
rnb1kbnr/ppp2ppp/8/3qp3/3P4/8/PPP2PPP/RNBQKBNR w KQkq - 0 4,c2c4,29,-167,-196
r1b1kbnr/ppp2ppp/2n5/4p3/2P5/4B3/PP3PPP/RN1K1BNR w kq - 1 7,a2a3,-272,-289,17
rnbqkbnr/pppppppp/8/8/8/8/PPPPPPPP/RNBQKBNR w KQkq - 0 1,e2e4,33,39,6
rnbqkbnr/ppp2ppp/3p4/4p3/2B1P3/8/PPPP1PPP/RNBQK1NR w KQkq - 0 3,d2d3,28,15,-13
rnbqkbnr/1pp2ppp/p2p4/4p3/2B1P3/3P4/PPP2PPP/RNBQK1NR w KQkq - 0 4,a2a4,52,31,-21
rnbqkbnr/1pp2pp1/p2p3p/4p3/P1B1P3/3P4/1PP2PPP/RNBQK1NR w KQkq - 0 5,h2h3,56,46,-10
2kr1b1r/1ppq1pp1/p1np3p/3Np3/P3P3/3P3P/1PP2PP1/R1BQ1RK1 w - - 1 13,f2f4,242,124,-118
2kr1b1r/1ppqnpp1/p2p3p/3N4/P3PB2/3P3P/1PP3P1/R2Q1RK1 w - - 1 15,c2c4,176,168,-8
2kr1b1r/1ppq1pp1/p2p3p/3n4/P1P1PB2/3P3P/1P4P1/R2Q1RK1 w - - 0 16,c4d5,160,145,-15
2kr3r/1ppqbpp1/p2p3p/3P4/P3PB2/3P3P/1P4P1/R2Q1RK1 w - - 1 17,b2b4,152,122,-30
2k1r2r/1ppqb3/p2p1p1p/3P2p1/PP2P3/3P2BP/6P1/2RQ1RK1 w - - 0 20,e4e5,369,41,-328
2k1r2r/1ppqb3/p4p1p/3Pp1p1/PP6/3P2BP/6P1/2RQ1RK1 w - - 0 21,d3d4,34,2,-32
rnbqkbnr/pppppppp/8/8/8/8/PPPPPPPP/RNBQKBNR w KQkq - 0 1,e2e4,36,38,2
rnbqkbnr/pppppppp/8/8/8/8/PPPPPPPP/RNBQKBNR w KQkq - 0 1,c2c4,37,1,-36
rnbqk1nr/pppp1ppp/8/2b1p3/2P5/2N5/PP1PPPPP/R1BQKBNR w KQkq - 2 3,e2e4,58,-37,-95
rnbqk2r/pppp1ppp/5n2/2b1p3/2P1P3/2N5/PP1P1PPP/R1BQKBNR w KQkq - 1 4,h2h3,-12,-26,14
r2q1rk1/ppp2ppp/2npbn2/2b1p3/2P1P3/2N2N1P/PP1PBPP1/R1BQ1RK1 w - - 6 8,d2d3,-4,-2,-2
r4rk1/p4ppp/1p1p4/2pNb3/2P1P3/3P3P/P4PP1/1R3R1K w - - 0 21,a2a4,170,151,-19
r4rk1/p4p1p/1p1p2p1/2pNb3/P1P1P3/3P3P/5PP1/1R3R1K w - - 0 22,f2f4,153,161,8
r4rk1/p4p1p/1p1p2p1/2pN4/P1PbPP2/3P3P/6P1/1R3R1K w - - 1 23,g2g4,151,160,9
r4r2/p4pk1/1p1p2pp/2pN4/P1PbPPP1/3P3P/6K1/1R3R2 w - - 0 25,h3h4,169,167,-2
5r2/p4k2/1p1p1ppp/2p5/P1PbPPPP/3P4/6K1/1R3R2 w - - 0 29,g4g5,326,312,-14
5r2/p4k2/1p1p1pp1/2p3p1/P1PbPP1P/3P4/6K1/1R3R2 w - - 0 30,f4g5,311,247,-64
5r2/p7/1p1pkpp1/2p3P1/P1PbP2P/3P4/6K1/1R3R2 w - - 1 31,g5f6,275,260,-15
4r3/4bR1R/p2pk3/1pp5/P1P1P2p/3P3K/8/8 w - - 0 41,a4b5,348,343,-5
4r3/4bR1R/3pk3/1pp5/2P1P2p/3P3K/8/8 w - - 0 42,c4b5,385,383,-2
8/2K5/8/1P6/3bk3/8/8/8 w - - 4 58,b5b6,-8,0,8
rnbqkbnr/pppppppp/8/8/8/8/PPPPPPPP/RNBQKBNR w KQkq - 0 1,e2e4,38,34,-4
rnbqkbnr/ppp2ppp/4p3/3p4/4P3/5N2/PPPP1PPP/RNBQKB1R w KQkq - 0 3,e4e5,17,22,5
rnbqkbnr/pp3ppp/4p3/2ppP3/8/5N2/PPPP1PPP/RNBQKB1R w KQkq - 0 4,d2d4,18,-11,-29
r2q1rk1/p3nppp/2p1p3/2bpP3/8/2N5/PPP2PPP/R1BQ1R1K w - - 6 12,a2a3,-48,-89,41
r2q1rk1/p4ppp/2p1p1n1/2bpP3/8/P1N5/1PP2PPP/R1BQ1R1K w - - 1 13,f2f4,-64,-72,8
1r1q1rk1/p4ppp/1b2p1n1/2ppP3/5P2/P5N1/1PP3PP/R1BQ1R1K w - - 0 16,b2b3,-14,-28,14
1r3rk1/p4ppp/1bq1p1n1/2ppP3/5P2/PP4N1/1BP3PP/R2Q1R1K w - - 3 18,f4f5,-34,-23,-11
1r3rk1/p4ppp/1bq1p3/2ppPP2/7n/PP4N1/1BP3PP/R2Q1R1K w - - 1 19,f5f6,207,176,-31
1r3rk1/p4p1p/1b2pp2/2p1P3/3p4/PP4N1/1BP3KP/R4R2 w - - 0 23,e5f6,346,354,8
7r/5p2/4pP1k/p1p3R1/3pN3/PP3K2/2P4P/8 w - - 1 35,h2h4,607,630,23
3r4/5p2/4pPk1/2R5/3pN1KP/Pp6/2P5/8 w - - 0 39,c2b3,503,416,-87
3r4/5p2/4pPk1/2R5/4N1KP/PP1p4/8/8 w - - 0 40,h4h5,517,469,-48
8/5p2/4pPk1/8/4N3/Pr6/3K4/R7 w - - 1 47,a3a4,417,408,-9
8/5p2/4pP2/5k2/Pr2N3/8/3K4/4R3 w - - 3 49,a4a5,363,232,-131
rnbqkbnr/pppppppp/8/8/8/8/PPPPPPPP/RNBQKBNR w KQkq - 0 1,d2d4,34,26,-8
rnbqkbnr/pp1ppppp/8/2p5/3P4/8/PPP1PPPP/RNBQKBNR w KQkq - 0 2,d4c5,52,15,-37
r1bqk1nr/pp1p1ppp/2n1p3/2b5/8/5N2/PPPBPPPP/RN1QKB1R w KQkq - 0 5,e2e3,-26,-33,7
r2qk1nr/p2b1ppp/2p1p3/2bp4/8/4PN2/PPPB1PPP/RN1QK2R w KQkq - 0 8,b2b4,-35,-80,45
5rk1/q4ppp/4p3/2pp4/1p6/1Nn1P3/PQP2PPP/R5K1 w - - 2 21,a2a3,-185,-182,-3
5rk1/5ppp/1q2p3/2pp4/1p6/PNn1P3/1QP2PPP/R5K1 w - - 1 22,a3b4,-180,-176,-4
5rk1/5ppp/4p3/3p4/2pNn3/R3P3/2P2PPP/6K1 w - - 2 26,f2f3,-42,-40,-2
4k3/4nppp/4p3/3p4/2pN4/4PP2/2P2KPP/8 w - - 2 33,e3e4,-223,-210,-13
8/3knppp/4p3/3p4/2pNP3/5P2/2P2KPP/8 w - - 1 34,e4d5,-219,-248,29
8/5p1p/2n1k1pN/3p4/2p5/4KP2/2P3PP/8 w - - 2 38,g2g4,-257,-324,67
8/5p1p/4k1pN/4n3/2ppK1P1/5P2/2P4P/8 w - - 2 40,f3f4,-132,-235,103
8/5p1p/4k1pN/4n3/2p1KPP1/3p4/2P4P/8 w - - 0 41,c2d3,-330,-360,30
8/5p1p/4k1pN/4n3/4KPP1/3p4/7P/8 w - - 0 42,f4f5,-26,-355,329
8/5p1p/6pN/3knP2/6P1/3pK3/7P/8 w - - 3 44,f5g6,-321,-329,8
8/7p/6pN/3kn3/6P1/3pK3/7P/8 w - - 0 45,h2h4,-338,-446,108
8/7p/6p1/8/6P1/3k4/6n1/3K4 w - - 0 51,g4g5,-611,-645,34
rnbqkbnr/pppppppp/8/8/8/8/PPPPPPPP/RNBQKBNR w KQkq - 0 1,e2e3,37,11,-26
rnbqkbnr/pppp1ppp/8/4p3/8/4P3/PPPP1PPP/RNBQKBNR w KQkq - 0 2,f2f4,16,-65,-81
r1bqkbnr/pppp1ppp/2n5/4p3/5P2/4P3/PPPP2PP/RNBQKBNR w KQkq - 1 3,f4f5,-38,-246,208
r1bqkbnr/ppp2ppp/2n5/3ppP2/8/4P3/PPPP2PP/RNBQKBNR w KQkq - 0 4,g2g4,-239,-634,395
r1bqkb1r/ppp2ppp/2n2n2/3ppP2/6P1/4P3/PPPP3P/RNBQKBNR w KQkq - 1 5,h2h3,-200,-369,169
r1bqkb1r/ppp2pp1/2n2n2/3ppP1p/6P1/4P2P/PPPP4/RNBQKBNR w KQkq - 0 6,g4g5,-355,-413,58
r1bqkb1r/ppp2pp1/2n5/3ppPPp/4n3/4P2P/PPPP4/RNBQKBNR w KQkq - 1 7,h3h4,-407,-381,-26
rnbqkbnr/pppppppp/8/8/8/8/PPPPPPPP/RNBQKBNR w KQkq - 0 1,e2e4,33,33,0
rnb1kbnr/pppp1ppp/5q2/4p3/4P3/5N2/PPPP1PPP/RNBQKB1R w KQkq - 2 3,d2d4,147,110,-37
rnb1kbnr/ppp2ppp/3p1q2/4p3/3PP3/5N2/PPP2PPP/RNBQKB1R w KQkq - 0 4,d4e5,163,77,-86
rnbqkbnr/pppppppp/8/8/8/8/PPPPPPPP/RNBQKBNR w KQkq - 0 1,e2e4,33,33,0
r1bqkbnr/ppp2ppp/2n5/3pp2Q/2B1P3/8/PPPP1PPP/RNB1K1NR w KQkq - 0 4,e4d5,208,-65,-273
r1bqkbnr/ppp1np1p/6p1/3Pp3/2B5/5Q2/PPPP1PPP/RNB1K1NR w KQkq - 2 6,d5d6,141,52,-89
r1b2Qnr/pppkn2p/2q3p1/4p3/2B5/8/PPPP1PPP/RNB1K1NR w KQ - 1 9,d2d3,536,576,40
rnbqkbnr/pppppppp/8/8/8/8/PPPPPPPP/RNBQKBNR w KQkq - 0 1,e2e4,36,36,0
rnbqkbnr/ppppp1pp/5p2/8/4P3/8/PPPP1PPP/RNBQKBNR w KQkq - 0 2,f2f4,145,89,-56
rnbqkbnr/pp4pp/2pppp2/8/4PP2/2N2N2/PPPP2PP/R1BQKB1R w KQkq - 0 5,d2d4,149,146,-3
rnbqk1nr/pp2b1pp/2pppp2/8/3PPP2/2N2N2/PPP3PP/R1BQKB1R w KQkq - 1 6,e4e5,153,135,-18
rnbqk1nr/pp2b1pp/2p1pp2/4p3/3P1P2/2N2N2/PPP3PP/R1BQKB1R w KQkq - 0 7,d4e5,137,62,-75
rnb1k1nr/pp6/2p1p2p/4Ppp1/2B2P1N/2N5/PPP3PP/R1B2RK1 w kq - 0 12,f4g5,674,674,0
rn1k3r/p3n3/4p3/2p1Pp2/2b2B2/5N2/PPP3PP/R4RK1 w - - 0 20,b2b3,-196,-385,189
r2k3r/p3n3/2n1p3/2p1Pp2/5B2/1P3N2/P1P3PP/R4K2 w - - 1 22,c2c4,-392,-445,53
r3k2r/p3n3/4p3/2p1Pp2/2P5/1P2Bn2/P5PP/3R1K2 w - - 0 25,g2f3,-502,-513,11
rnbqkbnr/pppppppp/8/8/8/8/PPPPPPPP/RNBQKBNR w KQkq - 0 1,e2e4,38,34,-4
rnbqkbnr/pppp1ppp/8/4p3/4P3/8/PPPP1PPP/RNBQKBNR w KQkq - 0 2,d2d4,33,-12,-45
r2k2nr/2pq4/p2b1p1p/2p2N2/3pP3/7Q/PPP2PPP/R1B1R1K1 w - - 2 16,g2g3,349,262,-87
r2k3r/2pqn3/p2b1p1p/2p2N2/3pP3/6PQ/PPP2P1P/R1B1R1K1 w - - 1 17,g3g4,293,108,-185
r2k3r/2pq4/p2b1p1p/2p2n2/3pP1P1/7Q/PPP2P1P/R1B1R1K1 w - - 0 18,e4f5,177,177,0
r3q3/2pk4/p2b1p1B/2p2P2/3p2P1/7Q/PPP2P1P/R5K1 w - - 1 21,g4g5,179,128,-51
r5q1/2pk4/p2b4/2p2PB1/3p4/7Q/PPP2P1P/R5K1 w - - 1 23,f5f6,268,246,-22
rnbqkbnr/pppppppp/8/8/8/8/PPPPPPPP/RNBQKBNR w KQkq - 0 1,e2e4,32,39,7
rnbqkbnr/ppp1pppp/8/3p4/4P3/8/PPPP1PPP/RNBQKBNR w KQkq - 0 2,e4d5,61,64,3
r1b1kbnr/ppp1pppp/2n5/q7/8/2N2Q2/PPPP1PPP/R1B1KBNR w KQkq - 4 5,a2a3,-21,-53,32
r1b1kb1r/ppp1pppp/2n2n2/q7/8/P1N2Q2/1PPP1PPP/R1B1KBNR w KQkq - 1 6,b2b4,-13,-165,152
r1b1kb1r/ppp1pppp/5n2/q7/1n6/P1N2Q2/2PP1PPP/R1B1KBNR w KQkq - 0 7,d2d3,-156,-716,560
r3kb1r/ppp1pppp/5n2/q7/6b1/P1NP1Q2/2n2PPP/R1BK1BNR w kq - 2 9,d3d4,-492,-810,318
rnbqkbnr/pppppppp/8/8/8/8/PPPPPPPP/RNBQKBNR w KQkq - 0 1,c2c3,36,-3,-39
rnbqkbnr/pppp1ppp/4p3/8/8/2P5/PP1PPPPP/RNBQKBNR w KQkq - 0 2,d2d3,16,-2,-18
rnbqkb1r/pppp1ppp/4pn2/8/8/2PP4/PP2PPPP/RNBQKBNR w KQkq - 1 3,d3d4,12,-27,-39
rnbqkb1r/pp1p1ppp/2p1pn2/8/3P4/2P5/PP2PPPP/RNBQKBNR w KQkq - 0 4,e2e4,4,-88,-92
rnbqkb1r/pp3ppp/2p1pn2/3p4/3PP3/2P5/PP3PPP/RNBQKBNR w KQkq - 0 5,e4e5,100,103,3
rnbqkb1r/pp1n1ppp/2p1p3/3pP3/3P4/2P5/PP3PPP/RNBQKBNR w KQkq - 1 6,f2f4,86,88,2
rnbqkb1r/p2n1ppp/1pp1p3/3pP3/3P1P2/2P5/PP4PP/RNBQKBNR w KQkq - 0 7,h2h4,110,111,1
rn1qkb1r/pb1n1ppp/1pp1p3/3pP3/3P1P1P/2P5/PP4P1/RNBQKBNR w KQkq - 1 8,g2g4,136,100,-36
rn1qkb1r/pb1n1ppp/1p2p3/2ppP3/3P1PPP/2P5/PP6/RNBQKBNR w KQkq - 0 9,f4f5,89,39,-50
rn2kb1r/pbqn1ppp/1p2p3/3pPPB1/3p2PP/2P5/PP6/RN1QKBNR w KQkq - 2 11,c3d4,-52,-70,18
1r2k2r/1bqn1ppp/p1n1p3/1p1pPPb1/3P2PP/N7/PP2N3/2RQKB1R w Kk - 0 17,h4g5,165,177,12
1r2k2r/1bqn2pp/p1n1pp2/1p1pPPP1/3P2P1/N7/PP2N3/2RQKB1R w Kk - 0 18,g5f6,221,249,28
rnbqkbnr/pppppppp/8/8/8/8/PPPPPPPP/RNBQKBNR w KQkq - 0 1,e2e4,38,36,-2
rnbqkbnr/ppp1pppp/8/3p4/4P3/8/PPPP1PPP/RNBQKBNR w KQkq - 0 2,e4e5,67,1,-66
r1bqkbnr/ppp1pppp/2n5/3pP3/8/8/PPPP1PPP/RNBQKBNR w KQkq - 1 3,d2d4,46,35,-11
r2qkb1r/2p2ppp/p1p1p2n/3pPb2/3P4/N4N2/PPP2PPP/R1BQK2R w KQkq - 2 8,c2c4,2,-207,-209
r2qkb1r/2p2ppp/p1p1p3/3pPb2/2PP2n1/N4N2/PP3PPP/R1BQK2R w KQkq - 1 9,c4d5,102,30,-72
r2qkb1r/2p2ppp/p3p3/3pPb2/3P2n1/N4N2/PP3PPP/R1BQK2R w KQkq - 0 10,h2h3,30,27,-3
r2qk2r/2p2ppp/p3p2n/3pPb2/3P4/b4N1P/PP3PP1/R1BQ1RK1 w kq - 0 12,b2a3,175,93,-82
rnbqkbnr/pppppppp/8/8/8/8/PPPPPPPP/RNBQKBNR w KQkq - 0 1,e2e4,36,40,4
rnbqkb1r/pp1ppppp/5n2/2p5/2B1P3/8/PPPP1PPP/RNBQK1NR w KQkq - 2 3,d2d3,10,-17,-27
r1b1kb1r/pp1ppppp/1q3n2/2p5/2BnP3/2NPB3/PPP2PPP/1R1QK1NR w Kkq - 7 7,e4e5,182,122,-60
r1b1kbnr/pp1ppppp/1q6/2p1P3/2Bn4/2NPB3/PPP2PPP/1R1QK1NR w Kkq - 1 8,f2f4,301,102,-199
r1bqkbnr/pp4pp/4pp2/2p1P3/N2p1P2/1B1P1Q2/PPPB2PP/1R3RK1 w kq - 0 15,c2c3,381,249,-132
r1bqkbnr/pp4pp/4p3/2p1p3/N2p1P2/1BPP1Q2/PP1B2PP/1R3RK1 w kq - 0 16,f4e5,568,587,19
rnbqkbnr/pppppppp/8/8/8/8/PPPPPPPP/RNBQKBNR w KQkq - 0 1,e2e4,39,39,0
rnbqkb1r/ppp1pppp/5n2/6N1/4p3/8/PPPP1PPP/RNBQKB1R w KQkq - 2 4,d2d3,-27,-151,124
rnbqkbnr/pppppppp/8/8/8/8/PPPPPPPP/RNBQKBNR w KQkq - 0 1,e2e4,33,38,5
r1bqkbnr/pppppppp/2n5/8/4P3/8/PPPP1PPP/RNBQKBNR w KQkq - 1 2,f2f4,40,-17,-57
r1bqkb1r/ppp2ppp/2np1n2/4p3/2B1PP2/5N2/PPPP2PP/RNBQK2R w KQkq - 2 5,d2d3,16,23,7
r2qkb1r/ppp2ppp/3p1n2/8/2BnPpb1/3P1N2/PPPN2PP/R1BQ1RK1 w kq - 0 8,h2h3,16,4,-12
r2qkb1r/ppp2ppp/3p1n2/7b/2BnPp2/3P1N1P/PPPN2P1/R1BQ1RK1 w kq - 1 9,c2c3,0,0,0
r2q1rk1/ppp1bppp/3p1n2/7b/2B1PB2/2PP1N1P/PP4P1/R2Q1RK1 w - - 1 12,g2g4,91,32,-59
r2q1rk1/ppp1bppp/3p1nb1/8/2B1PBP1/2PP1N1P/PP6/R2Q1RK1 w - - 1 13,e4e5,29,-1,-30
r2q1rk1/ppp2ppp/3b1nb1/4N3/2B2BP1/2PP3P/PP6/R2Q1RK1 w - - 1 15,d3d4,35,35,0
r2qr1k1/ppp2ppp/3b1n2/3bN3/3P1BP1/2PB3P/PP2Q3/R4RK1 w - - 5 18,c3c4,53,91,38
r2qr1k1/pppn1pp1/3bb2p/4N3/2PP1BP1/3B3P/PPQ5/4RRK1 w - - 0 21,d4d5,3,-185,-188
r3r1k1/pp3pp1/3p3p/3P4/2P3bq/3B3P/PPQ1R1K1/5R2 w - - 0 26,h3g4,0,0,0
rnbqkbnr/pppppppp/8/8/8/8/PPPPPPPP/RNBQKBNR w KQkq - 0 1,e2e4,27,32,5
rnbqkbnr/pppp1ppp/8/4p3/4P3/8/PPPP1PPP/RNBQKBNR w KQkq - 0 2,f2f4,34,-84,-118
rn1qkbnr/ppp2p2/3pb2p/6p1/4Pp2/1B3N2/PPPP2PP/RNBQ1RK1 w kq - 0 7,c2c3,-114,-129,15
rn1qkb1r/ppp2p2/3pbn1p/6p1/4Pp2/1BP2N2/PP1P2PP/RNBQ1RK1 w kq - 1 8,d2d4,-125,-131,6
r2q1rk1/pp1nbp2/2p4p/3p1Qp1/3P1p2/2P2N2/PP1B2PP/R3R1K1 w - - 3 17,h2h4,75,89,14
r2q1r2/pp1nbpk1/2p4p/3p1Qp1/3P1p1P/2P2N2/PP1B2P1/R3R1K1 w - - 1 18,h4g5,117,133,16
rnbqkbnr/pppppppp/8/8/8/8/PPPPPPPP/RNBQKBNR w KQkq - 0 1,e2e4,32,36,4
rnbqk2r/pppp1ppp/5n2/2b1p3/2B1P3/5Q2/PPPP1PPP/RNB1K1NR w KQkq - 4 4,d2d3,-23,-24,1
r1bqk2r/pppp1ppp/2n2n2/2b1p3/2B1P3/3P1Q2/PPP2PPP/RNB1K1NR w KQkq - 1 5,c2c3,-9,-31,22
r2qk2r/ppp2pp1/2np1n2/2b1p2p/2B1P1b1/2PP2QN/PP3PPP/RNB1K2R w KQkq - 0 8,f2f3,-124,-437,313
r2qk2r/ppp2pp1/2np4/2b1p3/2B1P1np/2PP1P1N/PP4PP/RNB1K2R w KQkq - 0 10,f3g4,-439,-440,1
2r3kr/ppp3p1/2npN3/2b1p3/4P1P1/2PP3p/PP1NK1PP/R7 w - - 0 19,g2g3,-480,-503,23
rnbqkbnr/pppppppp/8/8/8/8/PPPPPPPP/RNBQKBNR w KQkq - 0 1,e2e4,33,32,-1
rnb1kbnr/pppp1ppp/5q2/4p3/4P3/5N2/PPPP1PPP/RNBQKB1R w KQkq - 2 3,d2d4,145,91,-54
rnb1k1nr/pppp1pp1/5q2/2b4p/4P3/5N2/PPP2PPP/RNBQKB1R w KQkq - 0 6,e4e5,169,77,-92
rnb1k1nr/pppp1pp1/8/2b1P2p/6q1/3B1N2/PPP2PPP/RNBQK2R w KQkq - 3 8,g2g3,348,91,-257
rnb1k1nr/pppp2p1/8/2b1Pp1p/6q1/3B1NP1/PPP2P1P/RNBQK2R w KQkq f6 0 9,e5f6,299,144,-155
rnbqkbnr/pppppppp/8/8/8/8/PPPPPPPP/RNBQKBNR w KQkq - 0 1,e2e4,31,31,0
rnbqkbnr/pppp1ppp/8/4p3/4P3/8/PPPP1PPP/RNBQKBNR w KQkq - 0 2,f2f4,30,-81,-111
rnbqkbnr/pppppppp/8/8/8/8/PPPPPPPP/RNBQKBNR w KQkq - 0 1,e2e4,29,30,1
rnbqkbnr/pppp1ppp/8/4p3/4P3/8/PPPP1PPP/RNBQKBNR w KQkq - 0 2,c2c4,31,-48,-79
rnbqk2r/pppp1ppp/5n2/2b1p3/2P1P3/2N5/PP1P1PPP/R1BQKBNR w KQkq - 3 4,h2h3,-16,-24,8
rnbqk2r/pp1p1ppp/2p2n2/2b1p3/2P1P3/2N4P/PP1P1PP1/R1BQKBNR w KQkq - 0 5,d2d3,-2,-51,49
rnbqk2r/pp3ppp/2p2n2/2bpp3/2P1P3/2NP3P/PP3PP1/R1BQKBNR w KQkq - 0 6,e4d5,-43,-75,32
r1b1r1k1/pp3ppp/2n5/2b1p3/2B5/2N2N1P/PP3PP1/R4RK1 w - - 5 14,a2a3,-80,-141,61
8/8/p1p1rk2/6pp/5p2/P3pK1P/1P2R1P1/8 w - - 2 35,b2b4,-307,-421,114
8/8/p1p1r3/5kpp/1P3p2/P3pK1P/4R1P1/8 w - - 1 36,a3a4,-448,-10000,9552
8/8/p1pr4/5kpp/PP3p2/4pK1P/4R1P1/8 w - - 1 37,g2g4,-497,-555,58
8/8/p1pr4/5kp1/PP3pp1/4pK1P/4R3/8 w - - 0 38,h3g4,-563,-567,4
8/2k5/p1p5/8/PP4P1/5K2/8/1r6 w - - 1 49,g4g5,-568,-603,35
8/2k5/p1p5/6P1/Pr6/5K2/8/8 w - - 0 50,g5g6,-649,-643,-6
rnbqkbnr/pppppppp/8/8/8/8/PPPPPPPP/RNBQKBNR w KQkq - 0 1,d2d4,32,26,-6
rnbqkbnr/pp1ppppp/8/2p5/3P4/8/PPP1PPPP/RNBQKBNR w KQkq - 0 2,d4c5,63,12,-51
rnbqk1nr/pp1p1ppp/8/2b1p3/8/5N2/PPP1PPPP/RNBQKB1R w KQkq - 0 4,e2e3,90,9,-81
r1bqk1nr/p4ppp/2pp4/2b1p3/8/4PN2/PPP2PPP/RNBQK2R w KQkq - 0 7,c2c4,-80,-90,10
r2q1rk1/p2b2pp/2pp1n2/2b1pp2/Q1P5/2N1PN2/PP3PPP/R1B2RK1 w - - 6 11,b2b4,-72,-67,-5
r2q1rk1/p2b2pp/1bpp1n2/4pp2/QPP5/2N1PN2/P4PPP/R1B2RK1 w - - 1 12,c4c5,-66,-81,15
r2q1rk1/p2b2pp/1bp2n2/2p1pp2/QP6/2N1PN2/P4PPP/R1B2RK1 w - - 0 13,b4c5,6,-60,-66
2r4k/p5pp/1b6/4Bp2/N7/4P3/P4PPP/6K1 w - - 0 25,g2g3,-349,-334,-15
7k/p5pp/1b6/4Bp2/N7/4P1P1/P1r2P1P/6K1 w - - 1 26,a2a3,-262,-346,84
8/6kp/8/3r1pB1/p7/P3P1P1/5PKP/8 w - - 1 33,f2f3,-187,-445,258
8/5k1p/8/3r1pB1/p7/P3PPP1/6KP/8 w - - 1 34,e3e4,-458,-481,23
8/5k1p/8/3r2B1/p3p3/P4PP1/6KP/8 w - - 0 35,f3e4,-476,-635,159
8/5k1p/8/8/p3P3/P4KP1/1r5P/8 w - - 0 39,h2h4,-633,-631,-2
8/7p/4k3/8/4P2P/p7/6r1/K7 w - - 4 45,h4h5,-728,-10000,9272
8/7p/8/4k2P/4P3/p7/6r1/K7 w - - 1 46,h5h6,-10000,-10000,0
rnbqkbnr/pppppppp/8/8/8/8/PPPPPPPP/RNBQKBNR w KQkq - 0 1,c2c4,29,1,-28
rnbqkb1r/pppp1ppp/5n2/4p3/2P5/2N5/PP1PPPPP/R1BQKBNR w KQkq - 2 3,d2d3,0,7,7
rnbqkb1r/ppp2ppp/5n2/3pp3/2P5/2NP4/PP2PPPP/R1BQKBNR w KQkq - 0 4,c4d5,8,13,5
rnbqkb1r/ppp2ppp/8/3np3/8/2NP4/PP2PPPP/R1BQKBNR w KQkq - 0 5,e2e4,13,-23,-36
rnbqkb1r/ppp2ppp/8/4p3/4P3/2nP4/PP3PPP/R1BQKBNR w KQkq - 0 6,b2c3,-33,-33,0
r2qkb1r/ppp2ppp/2n1b3/4p3/4P3/2PP4/P3NPPP/R1BQKB1R w KQkq - 3 8,g2g3,-30,-152,122
3qk2r/1pp3pp/1pn1bp2/4p3/4P3/r1PP2P1/P3NPBP/R2Q1RK1 w k - 2 13,f2f4,-100,-135,35
3qk2r/1pp3pp/1pn2p2/4p3/4PP2/2PP2P1/b3N1BP/3Q1RK1 w k - 0 15,f4e5,94,87,-7
3qk2r/1pp3pp/1p3p2/4n3/4P3/2PP2P1/b3N1BP/3Q1RK1 w k - 0 16,d3d4,359,-71,-430
2r3k1/1p3npp/2b1Np2/8/1Q1PP3/2P2BP1/q6P/3R2K1 w - - 3 27,d4d5,92,75,-17
rnbqkbnr/pppppppp/8/8/8/8/PPPPPPPP/RNBQKBNR w KQkq - 0 1,e2e4,27,22,-5
rnbqkbnr/ppp2ppp/3p4/4p3/4P3/5N2/PPPP1PPP/RNBQKB1R w KQkq - 0 3,d2d4,51,48,-3
r1bqk2r/pp1nbppp/2pp1n2/4p3/2BPP3/2N2N2/PPP2PPP/R1BQ1RK1 w kq - 0 7,d4e5,55,16,-39
r5k1/pp3ppp/2p2n2/4n3/4P3/2b5/PPPRKPPP/R7 w - - 0 19,b2c3,-320,-341,21
r5k1/pp4pp/2p2p2/1n2n3/4R3/8/P1P2PPP/R4K2 w - - 0 23,f2f4,-334,-314,-20
4rk2/pp4p1/2p2p1p/1nn5/5P2/7R/P1P3PP/1R3K2 w - - 0 28,c2c4,-418,-472,54
4rk2/1p4p1/p1pn1p1p/R7/2P1nP2/8/P5PP/1R3K2 w - - 2 31,c4c5,-529,-731,202
rnbqkbnr/pppppppp/8/8/8/8/PPPPPPPP/RNBQKBNR w KQkq - 0 1,e2e4,27,30,3
rnbqkbnr/pp3ppp/2pp4/4p3/2B1P3/5N2/PPPP1PPP/RNBQK2R w KQkq - 0 4,d2d4,79,69,-10
rnbqkbnr/pp3ppp/2p5/3pp3/2BPP3/5N2/PPP2PPP/RNBQK2R w KQkq - 0 5,e4d5,168,187,19
r1bqkbnr/pp3ppp/8/3p4/4p3/1n4N1/PPP2PPP/RNBQK2R w KQkq - 0 10,a2b3,-107,-96,-11
1r2k2r/5ppp/1p2bn2/p2p4/4p3/BPN3N1/1PP2PPP/3Q1RK1 w k - 2 18,b3b4,834,721,-113
1r3rk1/5ppp/1p2bn2/p2p4/1P2p3/B1N3N1/1PP2PPP/3Q1RK1 w - - 1 19,b4a5,711,693,-18
1rr3k1/5ppp/1p2bn2/P2p4/4p3/B1N3N1/1PP2PPP/3Q1RK1 w - - 1 20,a5b6,729,684,-45
4r3/5k2/4p3/4Qp1p/8/8/1P3PPP/3R2K1 w - - 0 32,h2h3,793,796,3
4r3/3R4/4p1k1/4Qp2/7p/7P/1P3PP1/6K1 w - - 0 34,f2f4,10000,10000,0
rnbqkbnr/pppppppp/8/8/8/8/PPPPPPPP/RNBQKBNR w KQkq - 0 1,e2e3,26,8,-18
rnbqkbnr/ppp1pppp/3p4/8/8/4P3/PPPP1PPP/RNBQKBNR w KQkq - 0 2,f2f4,25,-60,-85
rnbqkbnr/ppp2ppp/3p4/4p3/5P2/4P3/PPPP2PP/RNBQKBNR w KQkq - 0 3,f4e5,-32,-50,18
rnbqkbnr/ppp2ppp/8/4p3/8/4P3/PPPP2PP/RNBQKBNR w KQkq - 0 4,d2d4,-48,-63,15
rnb1kbnr/ppp2ppp/8/8/3q4/4P3/PPP3PP/RNB1KBNR w KQkq - 0 6,e3d4,-15,-10,-5
rnbqkbnr/pppppppp/8/8/8/8/PPPPPPPP/RNBQKBNR w KQkq - 0 1,e2e4,28,26,-2
r1bqk2r/pppp1pp1/2n2n1p/2b1p3/2B1P3/2N2N2/PPPP1PPP/R1BQ1RK1 w kq - 4 6,d2d3,18,10,-8
r2q1rk1/ppp2pp1/2np1n1p/2b1pb2/2B1P3/2NP4/PPP2PPP/R1BQ1RK1 w - - 0 9,e4f5,-181,-183,2
r2q1rk1/pp3pp1/1bp2n1p/3ppP2/N2nB3/3P4/PPP2PPP/R1BQ1RK1 w - - 2 13,c2c3,-202,-249,47
r2q1rk1/pp3pp1/1bp2n1p/4pP2/N2np3/2PP4/PP3PPP/R1BQ1RK1 w - - 0 14,c3d4,-246,-227,-19
r4rk1/pp3pp1/1bp2n1p/4pP2/N2qp3/3P4/PP3PPP/R1BQ1RK1 w - - 0 15,d3e4,-214,-280,66
r2r2k1/pp3pp1/2p2n1p/4p3/N7/4RQ2/PPq2PPP/R5K1 w - - 3 20,b2b3,-322,-331,9
r5k1/pp3pp1/2p2n1p/3rp3/N7/1P2RQ2/P1q2PPP/R5K1 w - - 1 21,h2h3,-297,-344,47
rnbqkbnr/pppppppp/8/8/8/8/PPPPPPPP/RNBQKBNR w KQkq - 0 1,g2g3,30,2,-28
rnbqkbnr/pp2pppp/2pp4/8/8/6P1/PPPPPPBP/RNBQK1NR w KQkq - 0 3,c2c3,31,20,-11
r1bqkbnr/pp1npppp/2pp4/8/8/2P3P1/PP1PPPBP/RNBQK1NR w KQkq - 1 4,d2d4,25,23,-2
r1bqkbnr/pp1npppp/2p5/3p4/3P4/2P3P1/PP2PPBP/RNBQK1NR w KQkq - 0 5,b2b3,43,-12,-55
r1bqkbnr/pp1n1ppp/2p5/3pp3/3P4/1PP3P1/P3PPBP/RNBQK1NR w KQkq - 0 6,d4e5,-18,-14,-4
r1bqkbnr/pp3ppp/2p5/3pn3/8/1PP3P1/P3PPBP/RNBQK1NR w KQkq - 0 7,f2f4,-21,-150,129
r1bqk1nr/pp3ppp/2pb2n1/3p4/5P2/1PP3P1/PB2P1BP/RN1QK1NR w KQkq - 3 9,c3c4,-55,-52,-3
rnbqkbnr/pppppppp/8/8/8/8/PPPPPPPP/RNBQKBNR w KQkq - 0 1,e2e4,30,28,-2
r1bqkb1r/ppp2p1p/2n2np1/3pp3/2B1P3/5Q1N/PPPP1PPP/RNB1K2R w KQkq - 0 6,e4d5,-263,-275,12
r1bqkb1r/ppp4p/2n3p1/3Bpp2/8/5Q1N/PPPP1PPP/RNB1K2R w KQkq - 0 8,d2d3,490,-172,-662
r1bqk2r/ppp4p/6p1/3nppN1/1b6/N2P1Q2/PPP2PPP/R1B1K2R w KQkq - 2 11,c2c3,-169,-107,-62
r1bqk2r/ppp4p/6p1/3nppN1/8/b1PP1Q2/PP3PPP/R1B1K2R w KQkq - 0 12,b2a3,-121,-95,-26
r1b1k2r/ppp4p/6p1/5pN1/3qp3/P1nP1Q2/PB3PPP/R4RK1 w kq - 0 15,d3e4,569,570,1
r3k2B/pppb3p/3q2p1/5pN1/4P3/P7/P3QPPP/2R2RK1 w q - 3 19,e4f5,964,947,-17
rnbqkbnr/pppppppp/8/8/8/8/PPPPPPPP/RNBQKBNR w KQkq - 0 1,d2d4,33,27,-6
rnbqkbnr/pp1ppppp/8/2p5/3P4/8/PPP1PPPP/RNBQKBNR w KQkq - 0 2,d4d5,70,82,12
rnbqkbnr/pp2pppp/3p4/2pP4/8/8/PPP1PPPP/RNBQKBNR w KQkq - 0 3,g2g3,84,46,-38
rnbqkbnr/pp4pp/3p4/2pPpp2/8/6P1/PPP1PPBP/RNBQK1NR w KQkq - 0 5,c2c4,57,55,-2
r1bq1rk1/pp2b1pp/1n1p1n2/2pPppB1/2P5/2N2NP1/PP2PPBP/R2Q1RK1 w - - 9 10,a2a4,-54,-123,69
r1bq1rk1/pp4pp/1n1p4/2pP1p2/P1P1p3/2b3P1/1P1NPPBP/R2Q1RK1 w - - 0 13,b2c3,-130,-126,-4
r2q1rk1/pp1b2pp/1n1p4/2pP1p2/P1P1p3/2P3P1/3NPPBP/R2Q1RK1 w - - 1 14,e2e3,-80,-76,-4
rr4k1/ppqb2pp/1n1p4/2pP1p2/2P1p3/2P1P1P1/1Q1N1PBP/RR4K1 w - - 6 18,f2f3,-165,-175,10
rr4k1/2qb2pp/p2p4/1ppP1p2/n1P5/Q1P1PNP1/6BP/R4RK1 w - - 0 22,c4b5,-155,-257,102
r5k1/2qb2pp/3p4/2pP1p2/1p6/2n1P1P1/3N2BP/2Q2RK1 w - - 0 26,e3e4,-421,-678,257
6k1/7p/3p2p1/3P4/1qp1B3/5KP1/1p5P/1R6 w - - 0 38,h2h4,-566,-597,31
6k1/7p/3p2p1/3P4/1q2B2P/2p2KP1/1p6/1R6 w - - 0 39,g3g4,-563,-720,157
5k2/7R/3p2p1/8/4q1PP/6K1/8/8 w - - 2 47,g4g5,-454,-481,27
8/8/6p1/6P1/4k2P/3p2K1/8/8 w - - 0 54,h4h5,-546,-1027,481
8/8/8/6Pp/4k3/3p2K1/8/8 w - - 0 55,g5g6,-553,-979,426
8/8/6P1/7p/4k3/6K1/3p4/8 w - - 0 56,g6g7,-1239,-10000,8761
8/6P1/8/7p/4k3/6K1/8/3q4 w - - 0 57,g7g8q,-10000,-10000,0
rnbqkbnr/pppppppp/8/8/8/8/PPPPPPPP/RNBQKBNR w KQkq - 0 1,c2c3,28,9,-19
rnbqkbnr/ppp1pppp/3p4/8/8/2P5/PP1PPPPP/RNBQKBNR w KQkq - 0 2,d2d4,32,30,-2
rnbqkbnr/ppp2ppp/3p4/4p3/3P4/2P5/PP2PPPP/RNBQKBNR w KQkq - 0 3,b2b3,36,-37,-73
rn1qkb1r/pbp2ppp/1p1p1n2/8/8/1PP5/PB2PPPP/RN1QKBNR w KQkq - 2 7,f2f3,-12,-133,121
rn1qk2r/pbp1bppp/1p1p1n2/8/8/1PP2P2/PB2P1PP/RN1QKBNR w KQkq - 1 8,e2e4,-103,-87,-16
rn1q1rk1/pbp1bppp/1p3n2/8/4p3/1PP2P2/PBQN2PP/R3KBNR w KQ - 0 11,f3e4,-148,-304,156
rn3rk1/pbp1bppp/1p1q1n2/8/4P3/1PP5/PBQN2PP/R3KBNR w KQ - 1 12,e4e5,-203,-345,142
rn3rk1/pbp1bppp/1p6/4q3/6n1/1PP5/PBQNN1PP/R3KB1R w KQ - 2 14,c3c4,-417,-482,65
rn3rk1/pbp2ppp/1p3b2/7q/2P3n1/1P6/PBQNN1PP/2KR1B1R w - - 3 16,h2h3,-266,-585,319
rn3rk1/pbp2ppp/1p3b2/4n2q/2P5/1P5P/PBQNN1P1/2KR1B1R w - - 1 17,g2g4,-106,-366,260
r4rk1/p1pn2pp/1p4p1/3b4/2P3P1/1P5P/P2N3b/2KR1B2 w - - 0 23,c4d5,-715,-717,2
3r1rk1/p1p3pp/1p4p1/2nP4/2B3P1/1P5P/P2N3b/2KR4 w - - 3 25,d5d6,-465,-724,259
3r1r1k/p1p3pp/1p1P2p1/2n5/2B3P1/1P5P/P2N3b/2KR4 w - - 1 26,d6c7,-717,-739,22
2r2r1k/p1P3pp/1p4p1/2n5/2B3P1/1P5P/P2N3b/2KR4 w - - 1 27,b3b4,-678,-673,-5
2rr3k/p1n3pp/1p4p1/1B6/1P3bP1/1K5P/P2N4/3R4 w - - 4 31,a2a4,-839,-860,21
rnbqkbnr/pppppppp/8/8/8/8/PPPPPPPP/RNBQKBNR w KQkq - 0 1,e2e4,26,26,0
rnbqkb1r/ppp1pppp/5n2/3p4/4P3/2N5/PPPP1PPP/R1BQKBNR w KQkq - 0 3,e4d5,23,24,1
r3kb1r/ppp1pppp/2n5/3q1b2/8/5N2/PPPPBPPP/R1BQK2R w KQkq - 4 7,b2b3,5,-131,-136
2k2b1r/ppp3pp/5p2/1B3q2/3rp3/1P6/P1PP1PPP/R2Q1RK1 w - - 0 15,c2c3,-73,-80,7
1k3b1r/ppp3pp/5p2/1q6/4Q3/1PP5/P2r1PPP/R4RK1 w - - 0 19,c3c4,-515,-528,13
1k3r2/ppp2qp1/3b1p2/3R4/2P1Q3/1P6/r4PPP/4R1K1 w - - 7 27,g2g3,-326,-320,-6
1k3r2/1pp2qp1/p2b1p2/3R4/2P1Q3/1P4P1/r4P1P/4R1K1 w - - 0 28,c4c5,-321,-309,-12
1k3r2/1pp2qp1/p4p2/2PRb3/4Q3/1P4P1/r4P1P/4R1K1 w - - 1 29,b3b4,-291,-393,102
1k3r2/1pp2qp1/p4p2/2P5/1P2Q3/2b3P1/5P1P/3R2K1 w - - 1 32,c5c6,-415,-421,6
1k2r3/1pp2qp1/p1P2p2/8/1b6/3Q2P1/5P1P/3R2K1 w - - 0 34,c6b7,-453,-455,2
rnbqkbnr/pppppppp/8/8/8/8/PPPPPPPP/RNBQKBNR w KQkq - 0 1,e2e4,32,29,-3
rnbqkbnr/pppp1ppp/4p3/8/4P3/8/PPPP1PPP/RNBQKBNR w KQkq - 0 2,d2d4,59,39,-20
rnbqkb1r/ppp2ppp/4pn2/3p4/3PP3/2N5/PPP2PPP/R1BQKBNR w KQkq - 2 4,e4e5,42,39,-3
rnbqkbnr/pppppppp/8/8/8/8/PPPPPPPP/RNBQKBNR w KQkq - 0 1,e2e4,28,23,-5
r1bqkbnr/pp1pppp1/2n4p/2p5/2B1P3/5N2/PPPP1PPP/RNBQK2R w KQkq - 0 4,d2d4,46,33,-13
r1bqk2r/p2pbpp1/2p2n1p/4p3/2B1P3/2N5/PPP2PPP/R1BQ1RK1 w kq - 4 9,h2h3,32,16,-16
r2qr2k/pb2bpp1/2p2n1p/3p4/2B1P3/2N3QP/PPP2PP1/R1B2RK1 w - - 0 14,e4d5,52,29,-23
3r1r1k/pb3pp1/5b1p/1B1q4/3NnB2/3Q3P/PPP2PP1/3R1RK1 w - - 1 21,c2c3,57,-445,-502
3r1r1k/pb1q1p2/5b1p/8/2BNn1p1/2PQB2P/PP3PP1/3R1RK1 w - - 0 24,h3g4,312,312,0
3r1r1k/pb3p2/5b1p/2n5/2BN2q1/2P1B3/PP1Q1PP1/3R1RK1 w - - 0 26,f2f3,166,135,-31
rnbqkbnr/pppppppp/8/8/8/8/PPPPPPPP/RNBQKBNR w KQkq - 0 1,e2e4,29,32,3
rnbqkbnr/pppp1ppp/4p3/8/4P3/8/PPPP1PPP/RNBQKBNR w KQkq - 0 2,d2d4,45,37,-8
rnbqkb1r/ppp2ppp/4pn2/3p4/3PP3/8/PPPN1PPP/R1BQKBNR w KQkq - 2 4,e4e5,79,60,-19
rnbqkb1r/pppn1ppp/4p3/3pP3/3P4/8/PPPN1PPP/R1BQKBNR w KQkq - 1 5,c2c3,60,40,-20
r1bqkb1r/pp1n1ppp/2n1p3/3pP3/3p4/2PB4/PP1NNPPP/R1BQK2R w KQkq - 0 8,c3d4,18,8,-10
r1bqkb1r/pp1n2pp/2n1pp2/3pP3/3P4/3B4/PP1NNPPP/R1BQK2R w KQkq - 0 9,f2f4,9,4,-5
r1bqkb1r/pp1n2pp/2n1p3/3pp3/3P1P2/3B4/PP1NN1PP/R1BQK2R w KQkq - 0 10,f4e5,5,-11,-16
r1b1kb1r/pp1n2pp/4p3/3pP3/3N3q/3B4/PP1N2PP/R1BQK2R w KQkq - 1 12,g2g3,-41,-39,-2
r5k1/p2b2pp/1p2p3/3p4/2n5/1RK3P1/PP5P/4R3 w - - 4 24,a2a4,-517,-591,74
r5k1/p2b2pp/1p2p3/3p4/1Rn5/2K3P1/1P5P/4R3 w - - 2 26,b2b3,-565,-548,-17
r5k1/3b2pp/1p2p3/p2p4/1Rn5/1PK3P1/7P/4R3 w - - 0 27,b3c4,-607,-664,57
8/R2bk1pp/1p2p3/3p4/2r5/1K4P1/7P/8 w - - 4 32,h2h4,-712,-751,39
8/7p/8/4pb2/3p3P/6P1/2r5/1k1K4 w - - 0 53,g3g4,-10000,-10000,0
8/7p/8/4p3/3p2bP/8/1kr5/4K3 w - - 2 55,h4h5,-10000,-10000,0
8/7p/8/4p2P/3p2b1/2k5/2r5/4K3 w - - 1 56,h5h6,-10000,-10000,0
rnbqkbnr/pppppppp/8/8/8/8/PPPPPPPP/RNBQKBNR w KQkq - 0 1,c2c3,31,7,-24
rnbqkbnr/pp1ppppp/2p5/8/8/2P5/PP1PPPPP/RNBQKBNR w KQkq - 0 2,e2e3,53,-39,-92
rnbqkb1r/pp3p1p/2p2np1/3pp3/8/2P1P3/PPQPBPPP/RNB1K1NR w KQkq - 0 6,d2d4,-102,-92,-10
rn1qkb1r/pp3p1p/2p2np1/3p1b2/3p4/2P1P3/PP1QBPPP/RNB1K1NR w KQkq - 0 8,c3d4,-71,-141,70
rn1qk2r/pp2bp1p/2p2np1/3p1b2/3P4/4P3/PP1QBPPP/RNB1K1NR w KQkq - 1 9,a2a3,-69,-103,34
rn1q1rk1/pp2bp1p/2p2np1/3p1b2/3P4/P3P3/1P1QBPPP/RNB1K1NR w KQ - 1 10,b2b4,-60,-170,110
rn1qr1k1/pp3p1p/2pb1np1/3p1b2/1P1P4/P3P3/1B1QBPPP/RN2K1NR w KQ - 3 12,h2h3,-112,-598,486
rn1qr1k1/ppb2p1p/2p2np1/3p1b2/1P1P4/P3P2P/1B1QBPP1/RN2K1NR w KQ - 1 13,g2g4,-127,-321,194
rn1qr1k1/ppb2p1p/2p2np1/3p4/1P1Pb1P1/P3P2P/1B1QBP2/RN2K1NR w KQ - 1 14,f2f3,-162,-155,-7
r3r1k1/p1b2p1p/2pq2p1/p2p4/1P1P2P1/P2QPN1P/1B6/2KR3R w - - 0 22,b4a5,233,185,-48
1r2r1k1/p1b2p1p/2pq2p1/P2p4/3P2P1/P2QPN1P/1B6/2KR3R w - - 1 23,a5a6,234,-12,-246
rnbqkbnr/pppppppp/8/8/8/8/PPPPPPPP/RNBQKBNR w KQkq - 0 1,d2d3,33,-7,-40
rnbqkbnr/ppp1pppp/8/3p4/8/3P4/PPP1PPPP/RNBQKBNR w KQkq - 0 2,e2e4,-17,-11,-6
rnbqkbnr/ppp1pppp/8/8/4p3/3P4/PPP2PPP/RNBQKBNR w KQkq - 0 3,d3d4,-22,-121,99
r1bqkbnr/ppp1pppp/2n5/8/3Pp3/8/PPP2PPP/RNBQKBNR w KQkq - 1 4,c2c3,-93,-167,74
r1bqkb1r/ppp1pppp/2n2n2/8/3Pp3/2P5/PP3PPP/RNBQKBNR w KQkq - 1 5,f2f4,-124,-199,75
r2qkb1r/ppp1pppp/2n2n2/5b2/3PpP2/2P5/PP4PP/RNBQKBNR w KQkq - 1 6,h2h3,-200,-231,31
r2qkb1r/ppp1ppp1/2n2n1p/5b2/3PpP2/2P4P/PP4P1/RNBQKBNR w KQkq - 0 7,g2g4,-163,-149,-14
r2qkb1r/ppp1pppb/2n2n1p/8/3PpPP1/2P4P/PP6/RNBQKBNR w KQkq - 1 8,g4g5,-143,-334,191
r2qkb1r/ppp1pppb/2n2n2/6p1/3PpP2/2P4P/PP6/RNBQKBNR w KQkq - 0 9,f4g5,-356,-369,13
r3k2r/ppp1qppb/2nb4/3p2PQ/3Pp3/2P4P/PP2N3/RNB1K2R w KQkq - 0 14,g5g6,-303,-304,1
2kr3r/ppp1q1pb/2nb2p1/3Q4/3Pp3/2P4P/PP2N3/RNB1K2R w KQ - 1 16,h3h4,-288,-666,378
2k4r/ppp1q1pb/2n3p1/6r1/3Pp2P/2P3N1/PP6/RN2K2R w KQ - 0 19,h4g5,-701,-729,28
2k5/ppp3pb/2n3p1/8/3Pp3/2P1q3/PP1Nr3/2KR2R1 w - - 0 24,d4d5,-761,-759,-2
2k5/ppp3pb/5qp1/3Pn3/4p3/2P5/PPKR4/8 w - - 6 29,b2b3,-893,-954,61
rnbqkbnr/pppppppp/8/8/8/8/PPPPPPPP/RNBQKBNR w KQkq - 0 1,e2e4,32,30,-2
rnbqkbnr/p2ppppp/1p6/2p5/4P3/5N2/PPPP1PPP/RNBQKB1R w KQkq - 0 3,d2d4,74,69,-5
rn1qkb1r/pb1ppppp/1p3n2/8/3NP3/2N5/PPP2PPP/R1BQKB1R w KQkq - 3 6,f2f3,79,62,-17
rnbqkbnr/pppppppp/8/8/8/8/PPPPPPPP/RNBQKBNR w KQkq - 0 1,e2e4,33,31,-2
rnbqk1nr/pp1p1ppp/2p5/2b1p3/2B1P3/5N2/PPPP1PPP/RNBQK2R w KQkq - 0 4,d2d3,209,14,-195
rnbqk1nr/pp3ppp/2p5/2bpp3/2B1P3/3P1N2/PPP2PPP/RNBQK2R w KQkq - 0 5,e4d5,54,1,-53
r3k1nr/pp3ppp/2n5/2q1p3/3p2b1/1B1P1N2/PPPB1PPP/R2QK2R w KQkq - 0 11,h2h3,242,47,-195
r3k1nr/pp3ppp/8/2q1p3/1n1p2b1/1B1P1N1P/PPPB1PP1/R2QK2R w KQkq - 1 12,h3g4,638,630,-8
2r1k1nr/pp3ppp/8/2q1p3/1n1p2P1/1B1P1N2/PPPB1PP1/R2QK2R w KQk - 1 13,c2c3,721,451,-270
rnbqkbnr/pppppppp/8/8/8/8/PPPPPPPP/RNBQKBNR w KQkq - 0 1,c2c3,36,2,-34
rnbqkbnr/pppp1ppp/8/4p3/8/2P5/PP1PPPPP/RNBQKBNR w KQkq - 0 2,d2d3,5,-31,-36
r1bqkbnr/pppp1ppp/2n5/4p3/8/2PP4/PP2PPPP/RNBQKBNR w KQkq - 1 3,e2e3,-25,-59,34
r1bqkbnr/ppp2ppp/2np4/4p3/8/2PPP3/PP3PPP/RNBQKBNR w KQkq - 0 4,d3d4,-11,-33,22
r2qkbnr/ppp2ppp/2npb3/4p3/3P4/2P1P3/PP3PPP/RNBQKBNR w KQkq - 1 5,d4d5,383,345,-38
r2qk2r/ppp1bppp/2np1n2/4p3/8/2P1P3/PP3PPP/RNBQKBNR w KQkq - 3 8,b2b3,359,317,-42
r4rk1/np2bppp/p1qp1n2/2p1p3/2N5/1PP1P3/PBQ2PPP/2KR1BNR w - - 4 14,f2f3,361,198,-163
r4rk1/n3bppp/2qp1n2/p1p1p3/1p6/1PP1PP2/PBQ3PP/1NKR1BNR w - - 0 17,a2a4,266,174,-92
r4rk1/2q1bppp/1n1p1n2/pBp1p3/P7/1P2PP2/1BQ3PP/1NKR2NR w - - 5 21,e3e4,264,289,25
r4rk1/2qnbppp/1n1p4/pBp1p3/P3P3/1P3P2/1BQ3PP/1NKR2NR w - - 1 22,g2g3,332,261,-71
rnbqkbnr/pppppppp/8/8/8/8/PPPPPPPP/RNBQKBNR w KQkq - 0 1,d2d4,31,26,-5
r1bqkbnr/ppp1pppp/2n5/3p4/3P1B2/8/PPP1PPPP/RN1QKBNR w KQkq - 2 3,e2e3,42,42,0
r1bqkbnr/ppp2ppp/2n1p3/3p4/3P1B2/4P3/PPP2PPP/RN1QKBNR w KQkq - 0 4,c2c3,61,41,-20
r1bqkbnr/ppp2pp1/2n1p3/3p3p/3P1B2/2P1P3/PP3PPP/RN1QKBNR w KQkq - 0 5,h2h3,56,38,-18
r1b1k1nr/ppp2p2/2nq4/3pp1pp/3P4/2PBP2P/PP3PP1/RN1QK1NR w KQkq - 0 9,d4e5,-17,-25,8
1r4k1/p1p1n1r1/3q1p2/1b1p3p/8/2PQPN1P/PP1N1PP1/1R3RK1 w - - 8 21,c3c4,153,168,15
1r4k1/p1p1n1r1/b2q1p2/3p3p/2P5/3QPN1P/PP1N1PP1/1R3RK1 w - - 1 22,b2b3,269,263,-6
1r4k1/p3n1r1/b2p1p2/7p/2p5/1P2PN1P/P2N1PP1/1R3RK1 w - - 0 24,b3c4,344,366,22
rnbqkbnr/pppppppp/8/8/8/8/PPPPPPPP/RNBQKBNR w KQkq - 0 1,e2e4,33,30,-3
r1bqkbnr/pppp1ppp/2n5/4p3/4P3/5N2/PPPP1PPP/RNBQKB1R w KQkq - 2 3,c2c3,29,-21,-50
r1bqk1nr/pppp1ppp/2n5/2b1p3/4P3/2P2N2/PP1P1PPP/RNBQKB1R w KQkq - 1 4,d2d4,98,88,-10
r1bqk1nr/pppp1ppp/2n5/2b5/3pP3/2P2N2/PP3PPP/RNBQKB1R w KQkq - 0 5,c3d4,117,102,-15
r1bqk2r/pppp1ppp/2n2n2/8/1b1PP3/5N2/PP1B1PPP/RN1QKB1R w KQkq - 3 7,e4e5,110,81,-29
r1bq1rk1/ppp2ppp/1nnp4/4P3/3P4/1B3N2/PP1Q1PPP/RN3RK1 w - - 0 12,e5d6,64,63,-1
r4rk1/ppp2ppp/1n6/8/3PN1N1/1n6/PP3PPP/R4RK1 w - - 0 19,a2b3,137,131,-6
3rr1k1/1pp2ppp/pn6/8/3P4/1PN1N3/1P3PPP/R4RK1 w - - 4 22,d4d5,544,533,-11
rnbqkbnr/pppppppp/8/8/8/8/PPPPPPPP/RNBQKBNR w KQkq - 0 1,e2e4,36,29,-7
rnb1kb1r/pppp1ppp/5q1n/4p3/2B1P3/5N2/PPPP1PPP/RNBQK2R w KQkq - 4 4,d2d4,183,167,-16
rnb1kb1r/ppp2ppp/3p1q1n/4p3/2BPP3/5N2/PPP2PPP/RNBQK2R w KQkq - 0 5,d4e5,272,228,-44
rnbqkbnr/pppppppp/8/8/8/8/PPPPPPPP/RNBQKBNR w KQkq - 0 1,e2e4,27,23,-4
rnbqkbnr/pppp1ppp/8/4p3/4P3/8/PPPP1PPP/RNBQKBNR w KQkq - 0 2,f2f4,22,-30,-52
r1bqk2r/ppppn1pp/2n2p2/3Np3/1b2PP2/5N2/PPPP2PP/R1BQKB1R w KQkq - 4 6,c2c3,162,183,21
r1bqk2r/ppppn1pp/2n2p2/b2Np3/4PP2/2P2N2/PP1P2PP/R1BQKB1R w KQkq - 1 7,b2b4,220,221,1
r1bqk2r/1pppn1pp/1pn2p2/4p3/1P2PP2/2P2N2/P2P2PP/R1BQKB1R w KQkq - 0 9,f4e5,87,51,-36
r1bqk2r/1pppn1pp/1p3p2/4n3/1P2P3/2P2N2/P2P2PP/R1BQKB1R w KQkq - 0 10,d2d4,57,39,-18
r1bqk2r/1p2n1pp/1ppp1p2/8/1PBPP3/2P2Q2/P5PP/R1B1K2R w KQkq - 0 13,d4d5,197,29,-168
r1bqk2r/1p2n1pp/3p1p2/1ppP4/1P2P3/1BP2Q2/P5PP/R1B1K2R w KQkq - 0 15,a2a3,119,16,-103
rnbqkbnr/pppppppp/8/8/8/8/PPPPPPPP/RNBQKBNR w KQkq - 0 1,d2d3,25,-19,-44
rnbqkbnr/pppp1ppp/8/4p3/8/3P4/PPP1PPPP/RNBQKBNR w KQkq - 0 2,e2e4,3,-12,-15
r1bqkbnr/pppp1ppp/2n5/4p3/4P3/3P4/PPP2PPP/RNBQKBNR w KQkq - 1 3,f2f3,-19,-116,97
r1bqkbnr/ppp2ppp/2np4/4p3/4P3/3P1P2/PPP3PP/RNBQKBNR w KQkq - 0 4,f3f4,-46,-39,-7
r2qkbnr/ppp2ppp/2npb3/4p3/4PP2/3P4/PPP3PP/RNBQKBNR w KQkq - 1 5,f4f5,-6,-38,32
r3kbnr/ppp2ppp/2npb3/4pP2/4P2q/3P4/PPP3PP/RNBQKBNR w KQkq - 1 6,g2g3,438,439,1
r3kbnr/ppp2ppp/2npb2q/4pP2/4P3/3P2P1/PPP4P/RNBQKBNR w KQkq - 1 7,f5e6,719,544,-175
2k2r1r/ppp4p/2nppbpQ/4p3/4P3/3P2P1/PPPN3P/R3K1NR w KQ - 4 15,g3g4,688,636,-52
2k2rr1/ppp4p/2nppbpQ/4p3/4P1P1/3P4/PPPN3P/R3K1NR w KQ - 1 16,g4g5,708,655,-53
rnbqkbnr/pppppppp/8/8/8/8/PPPPPPPP/RNBQKBNR w KQkq - 0 1,e2e4,35,33,-2
r1bq1rk1/pppp1p1p/2n2np1/2b1p1N1/2B1P3/5Q2/PPPP1PPP/RNB1K2R w KQ - 6 7,d2d3,-197,-184,-13
r1bq1r2/1ppp2k1/p4np1/2b1p1B1/2B1P3/2NP1n2/PPP2PPP/R4RK1 w - - 0 13,g2f3,-613,-629,16
r1bq1r2/3p2k1/p1p2np1/1pbBp1B1/4P3/2NP1P2/PPP2P1P/R4RK1 w - - 0 15,d3d4,-597,-694,97
r1bq1r2/3p2k1/p1p2np1/1p2p1B1/4P3/1Bb2P2/PPP2P1P/R4RK1 w - - 0 17,b2c3,-660,-652,-8
r1b2r2/3p2k1/p1p2np1/1pq1p1B1/4P3/1B1R1P2/P1P2P1P/5RK1 w - - 2 20,f3f4,-544,-681,137
r1b2r2/3q2k1/p1p3p1/1p1p2R1/5P2/1B6/P1P2RKP/8 w - - 3 27,f4f5,-702,-803,101
r1b2k1r/3q4/p1p3R1/1p1p1P2/8/1B6/P1P2RKP/8 w - - 1 29,f5f6,-514,-699,185
r1b2k1r/8/p1p1qPR1/1p1p4/8/1B6/P1P2R1P/6K1 w - - 3 31,c2c3,-585,-1026,441
rnbqkbnr/pppppppp/8/8/8/8/PPPPPPPP/RNBQKBNR w KQkq - 0 1,d2d4,36,22,-14
rnbqkbnr/pp1ppppp/8/2p5/3P4/8/PPP1PPPP/RNBQKBNR w KQkq - 0 2,d4c5,88,18,-70
rnbqkbnr/pp1p1ppp/8/2P1p3/8/8/PPP1PPPP/RNBQKBNR w KQkq - 0 3,f2f4,49,-45,-94
rnbqk1nr/pp1p1ppp/8/2b5/5B2/8/PPP1P1PP/RN1QKBNR w KQkq - 0 5,e2e3,-13,-61,48
N1b5/pp1p1rp1/3k4/8/8/4K3/nP4PP/8 w - - 0 30,g2g4,-845,-869,24
N1b5/p2p1rp1/1p1k4/8/6P1/4K3/nP5P/8 w - - 0 31,h2h4,-830,-849,19
8/1b1p1rp1/1p1k4/8/6PP/4K3/nP6/8 w - - 0 33,h4h5,-835,-909,74
8/1b1p1rp1/1p1k4/7P/1n4P1/4K3/1P6/8 w - - 1 34,b2b3,-845,-893,48
8/1b1p1rp1/1p1k1n2/7P/3K2P1/1P6/8/8 w - - 3 36,g4g5,-931,-940,9
8/1b1p1rp1/1p1k4/6Pn/3K4/1P6/8/8 w - - 0 37,b3b4,-1004,-1009,5
rnbqkbnr/pppppppp/8/8/8/8/PPPPPPPP/RNBQKBNR w KQkq - 0 1,e2e4,24,32,8
rnbqkbnr/ppp1pppp/3p4/8/4P3/8/PPPP1PPP/RNBQKBNR w KQkq - 0 2,d2d4,46,44,-2
rnbqkbnr/ppp2ppp/3pp3/8/3PP3/8/PPP2PPP/RNBQKBNR w KQkq - 0 3,f2f4,88,20,-68
rnbqkbnr/ppp2p1p/3p4/4p1p1/3PPP2/5N2/PPP3PP/RNBQKB1R w KQkq - 0 5,f4e5,277,200,-77
rnbqkbnr/pppppppp/8/8/8/8/PPPPPPPP/RNBQKBNR w KQkq - 0 1,d2d3,31,-14,-45
rnbqkbnr/pppp1ppp/8/4p3/8/3P4/PPP1PPPP/RNBQKBNR w KQkq - 0 2,c2c3,-4,-22,18
r1bqkbnr/pppp1ppp/2n5/4p3/8/2PP4/PP2PPPP/RNBQKBNR w KQkq - 1 3,c3c4,-18,-34,16
r1bqkbnr/ppp2ppp/2np4/4p3/2P5/3P4/PP2PPPP/RNBQKBNR w KQkq - 0 4,b2b3,-9,-85,76
rn1qkbnr/ppp2ppp/3p4/4pb2/2P5/1P1P4/PB2PPPP/RN1QKBNR w KQkq - 3 6,e2e4,38,34,-4
rn1qkbnr/ppp2ppp/3p2b1/4p3/2P1P3/1P1P4/PB3PPP/RN1QKBNR w KQkq - 1 7,f2f3,61,-10,-71
rn1qkb1r/ppp2ppp/3p1nb1/4p3/2P1P3/1P1P1P2/PB4PP/RN1QKBNR w KQkq - 1 8,h2h4,46,-27,-73
r2qkb1r/ppp2ppp/n2p1nb1/4p3/2P1P2P/1P1P1P2/PB4P1/RN1QKBNR w KQkq - 1 9,h4h5,38,-150,-188
r2qkb1r/ppp2ppp/n2p2b1/4p2n/2P1P3/1P1P1P2/PB4P1/RN1QKBNR w KQkq - 0 10,g2g4,-179,-197,18
r2qk2r/ppp1bppp/n2p2b1/4p3/2P1P1P1/1P1P1P2/PB2Q3/RN2KB1R w KQkq - 1 13,f3f4,-163,-248,85
rnbqkbnr/pppppppp/8/8/8/8/PPPPPPPP/RNBQKBNR w KQkq - 0 1,e2e4,26,31,5
rnbqkb1r/pppp1ppp/5n2/4p3/2B1P3/8/PPPP1PPP/RNBQK1NR w KQkq - 2 3,d2d3,5,9,4
2r4r/2q1b1kp/2ppn3/pp2p1B1/4P1n1/3P1N2/PPPQ1PPP/R3K2R w KQ - 4 16,h2h3,-237,-238,1
rnbqkbnr/pppppppp/8/8/8/8/PPPPPPPP/RNBQKBNR w KQkq - 0 1,c2c3,31,-2,-33
rnbqkbnr/pppp1ppp/8/4p3/8/2P5/PP1PPPPP/RNBQKBNR w KQkq - 0 2,b2b3,21,-78,-99
r1b1k1nr/pppp1ppp/2nb1q2/4p3/8/1PP5/PBQPPPPP/RN2KBNR w KQkq - 5 5,e2e3,16,12,-4
r1b1k2r/ppppnppp/2nb1q2/4p3/8/1PP1P3/PBQP1PPP/RN2KBNR w KQkq - 1 6,f2f4,33,-189,-222
r1b2rk1/ppppnppp/2nb1q2/4p3/5P2/1PP1P3/PBQP2PP/RN2KBNR w KQ - 1 7,c3c4,-45,-53,8
r1b2rk1/ppppn1pp/2nb2p1/8/2P2p2/1P1BP3/PB1P2PP/RN2K1NR w KQ - 0 10,e3f4,-169,-167,-2
r1b2rk1/ppppn1pp/2n3p1/8/2P2b2/1P1B4/PB1P2PP/RN2K1NR w KQ - 0 11,g2g3,-137,-276,139
r1b2rk1/pppp2pp/2n3p1/5n2/2P2b2/1P1B2P1/PB1P3P/RN2K1NR w KQ - 1 12,g3f4,108,173,65
rnbqkbnr/pppppppp/8/8/8/8/PPPPPPPP/RNBQKBNR w KQkq - 0 1,e2e4,33,30,-3
r1bqkbnr/pp1ppppp/2n5/2p5/4P3/5N2/PPPP1PPP/RNBQKB1R w KQkq - 2 3,d2d4,37,36,-1
r1bqkbnr/pp1p1ppp/2n1p3/2p5/3PP3/5N2/PPP2PPP/RNBQKB1R w KQkq - 0 4,d4d5,197,206,9
r1bqkbnr/pp1p1ppp/2n5/2pp4/4P3/5N2/PPP2PPP/RNBQKB1R w KQkq - 0 5,e4d5,262,264,2
r1b1k2r/pp1pbppp/5n2/3P4/3p4/3B4/PPP2PPP/RNB1K2R w KQkq - 2 10,h2h3,30,-41,-71
r1b1k2r/pp1p1ppp/5n2/3P4/1b1p4/3B3P/PPP2PP1/RNB1K2R w KQkq - 1 11,c2c3,24,-19,-43
r1b1k2r/pp1p1ppp/5n2/3P4/1b6/2pB3P/PP3PP1/RNB1K2R w KQkq - 0 12,b2c3,-27,-28,1
r1b1k2r/pp1p1ppp/5n2/2bP4/8/2PB3P/P4PP1/RNB1K2R w KQkq - 1 13,c3c4,-29,-314,285
r4rk1/pp1b1ppp/5n2/2pP4/2P5/3B3P/P4PP1/RN3RK1 w - - 0 17,f2f4,91,9,-82
1r3rk1/p2b1ppp/5n2/1ppP4/2P2P2/3B3P/P2N2P1/R4RK1 w - - 0 19,c4b5,17,1,-16
5rk1/p4ppp/5n2/1rpP4/5P2/7P/P2N2P1/R4RK1 w - - 0 21,a2a4,6,-31,-37
5rk1/p4ppp/r4n2/2pP4/P1N2P2/7P/6P1/R4RK1 w - - 3 23,d5d6,26,19,-7
5rk1/p4ppp/r2P4/2p5/P1N1nP2/7P/6P1/R4RK1 w - - 1 24,d6d7,60,41,-19
6k1/p1r3p1/r4pNp/2pn4/P4P2/7P/6P1/2R3K1 w - - 2 32,f4f5,-491,-590,99
rnbqkbnr/pppppppp/8/8/8/8/PPPPPPPP/RNBQKBNR w KQkq - 0 1,d2d3,28,-11,-39
rnbqkbnr/pppp1ppp/4p3/8/8/3P4/PPP1PPPP/RNBQKBNR w KQkq - 0 2,e2e4,6,-2,-8
rnbqkbnr/p1pp1ppp/1p2p3/8/4P3/3P4/PPP2PPP/RNBQKBNR w KQkq - 0 3,g2g3,31,32,1
r1bqkbnr/p1pp1ppp/1p2p3/8/3nP3/3P2P1/PPP2PBP/RNBQK1NR w KQkq - 3 5,c2c3,121,117,-4
r1bqkbnr/p1pp1ppp/1p2p3/1n6/4P3/2PP2P1/PP3PBP/RNBQK1NR w KQkq - 1 6,a2a4,187,201,14
r1bqkbnr/p1pp1ppp/1p1np3/8/P3P3/2PP2P1/1P3PBP/RNBQK1NR w KQkq - 1 7,a4a5,171,172,1
r1bqkbnr/p1pp1ppp/3np3/Pp6/4P3/2PP2P1/1P3PBP/RNBQK1NR w KQkq - 0 8,e4e5,202,172,-30
r1bqkbnr/pnpp1ppp/4p3/Pp2P3/8/2PP2P1/1P3PBP/RNBQK1NR w KQkq - 1 9,a5a6,534,535,1
1rbqkbnr/pnpp1ppp/P3p3/1p2P3/8/2PP2P1/1P3PBP/RNBQK1NR w KQk - 1 10,a6b7,571,541,-30
3qkbnr/prpp1ppp/4p3/1p2P3/8/2PP2P1/1P3P1P/RNBQK1NR w KQk - 0 12,c3c4,533,446,-87
q3kbnr/prpp1ppp/4p3/4P3/1pP5/3P1QP1/1P3P1P/RNB1K1NR w KQk - 2 14,d3d4,525,480,-45
q3kbnr/prpp1ppp/4p3/4P3/2PP4/1p3QP1/1P3P1P/RNB1K1NR w KQk - 0 15,c4c5,542,473,-69
rnbqkbnr/pppppppp/8/8/8/8/PPPPPPPP/RNBQKBNR w KQkq - 0 1,e2e4,29,31,2
rnbqkbnr/pppp1ppp/8/4p3/4P3/8/PPPP1PPP/RNBQKBNR w KQkq - 0 2,f2f4,29,-44,-73
r1bqkbnr/pppp1ppp/2n5/8/4Pp2/5N2/PPPP2PP/RNBQKB1R w KQkq - 2 4,d2d4,42,38,-4
2kr1b1r/pbppqppp/1pn2n2/8/2BPPB2/2N2N2/PPP3PP/R2Q1RK1 w - - 5 9,d4d5,274,-187,-461
2kr1b1r/pbppnpp1/1p3n1p/2qP4/2B1PB2/2NQ1N2/PPP3PP/R4R1K w - - 0 12,a2a4,563,326,-237
2kr1b1r/pbppnp2/1p1q1n1p/3P2p1/P1B1P3/2NQBN2/1PP3PP/R4R1K w - - 2 14,a4a5,569,540,-29
2kr1b1r/pbppnp2/1p1q3p/P2P2p1/2B1P1n1/2NQBN2/1PP3PP/R4R1K w - - 1 15,g2g3,562,267,-295
2kr1b1r/pbppnp2/1p1q4/P2P2pp/2B1P1n1/2NQBNP1/1PP4P/R4R1K w - - 0 16,a5b6,419,458,39
rnbqkbnr/pppppppp/8/8/8/8/PPPPPPPP/RNBQKBNR w KQkq - 0 1,b2b3,30,-13,-43
r1bqkbnr/pppp1ppp/2n5/4p3/8/1P6/PBPPPPPP/RN1QKBNR w KQkq - 2 3,d2d3,-17,-60,43
r1bqkbnr/ppp2ppp/2np4/4p3/8/1P1P4/PBP1PPPP/RN1QKBNR w KQkq - 0 4,e2e4,4,-31,-35
r2qkbnr/ppp2ppp/2npb3/4p3/4P3/1P1P4/PBP2PPP/RN1QKBNR w KQkq - 1 5,f2f3,20,-161,-181
r2qkb1r/ppp2ppp/2npbn2/4p3/4P3/1P1P1P2/PBP3PP/RN1QKBNR w KQkq - 1 6,c2c4,-59,-63,4
r2qk2r/ppp1bppp/2npbn2/4p3/2P1P3/1P1P1P2/PB4PP/RN1QKBNR w KQkq - 1 7,b3b4,-28,-242,214
rn1qk2r/ppp1bppp/3pbn2/4p3/1PP1P3/3P1P2/PB4PP/RN1QKBNR w KQkq - 1 8,b4b5,-96,-159,63
rn1q1rk1/1pp1bppp/p2pbn2/1P2p3/Q1P1P3/3P1P2/PB4PP/RN2KBNR w KQ - 0 10,b5a6,-259,-329,70
r2q1rk1/1pp1bppp/3pbn2/1Qn1p3/2P1P3/3P1P2/PB4PP/RN2KBNR w KQ - 2 12,a2a4,-450,-605,155
3q1rk1/1pp1bppp/r2pbn2/1Qn1p3/P1P1P3/3P1P2/1B4PP/RN2KBNR w KQ - 1 13,d3d4,-484,-478,-6
3q1rk1/1pp1bppp/3pbn2/Q1n1p3/P1PPP3/5P2/1r4PP/RN2KBNR w KQ - 0 15,d4d5,-380,-784,404
3q1rk1/1pp1bppp/1r1p1n2/3Pp3/Q1P1P3/5P2/4B1PP/R3K1NR w KQ - 1 20,c4c5,-250,-365,115
3q1rk1/1ppnb1pp/1r6/2pPpp2/Q3P3/5P1N/4B1PP/R4RK1 w - - 0 23,e4f5,-180,-208,28
rnbqkbnr/pppppppp/8/8/8/8/PPPPPPPP/RNBQKBNR w KQkq - 0 1,d2d4,34,20,-14
rnbqkb1r/pppppppp/5n2/8/3P4/8/PPP1PPPP/RNBQKBNR w KQkq - 1 2,f2f3,20,-44,-64
rnbqkb1r/ppp1pppp/5n2/3p4/3P4/5P2/PPP1P1PP/RNBQKBNR w KQkq - 0 3,c2c4,-43,-69,26
rnbqkb1r/ppp2ppp/4pn2/3p4/2PP4/5P2/PP2P1PP/RNBQKBNR w KQkq - 0 4,c4d5,-60,-69,9
rnbqk2r/ppp2ppp/3b1n2/3p4/3P4/2N2P2/PP2P1PP/R1BQKBNR w KQkq - 2 6,e2e4,12,3,-9
rnbqk2r/ppp2ppp/3b1n2/8/3Pp3/2N2P2/PP4PP/R1BQKBNR w KQkq - 0 7,f3e4,4,-7,-11
rnbqk2r/ppp1bppp/5n2/8/3PP3/2N5/PP4PP/R1BQKBNR w KQkq - 1 8,e4e5,109,14,-95
5k2/pp5p/8/r4pp1/8/2N1RK2/PP4PP/8 w - - 2 29,b2b4,412,347,-65
5k2/pp5p/8/5pp1/1P6/r1N1RK2/P5PP/8 w - - 1 30,g2g4,383,305,-78
8/pp2k2p/8/6p1/1P3pP1/r1NR1K2/P6P/8 w - - 2 32,h2h4,731,474,-257
rnbqkbnr/pppppppp/8/8/8/8/PPPPPPPP/RNBQKBNR w KQkq - 0 1,d2d3,28,-13,-41
r1bqkbnr/pp2pppp/2n5/2pp4/8/2NP1N2/PPP1PPPP/R1BQKB1R w KQkq - 2 4,e2e3,-48,-58,10
r1bqkb1r/pp2pppp/2n2n2/2pp4/8/2NPPN2/PPP2PPP/R1BQKB1R w KQkq - 1 5,d3d4,-60,-59,-1
r1bqkb1r/pp3ppp/2n1pn2/2pp4/3P4/2N1PN2/PPP2PPP/R1BQKB1R w KQkq - 0 6,d4c5,-49,-79,30
r1bq1rk1/5pp1/2p1pn1p/p1bp4/8/2NQP2N/PPP2PPP/R1B1K2R w KQ - 0 12,a2a3,-354,-352,-2
r2q1rk1/5pp1/b1pbpn1p/p2p4/8/P1N1P2N/1PPQ1PPP/R1B1K2R w KQ - 3 14,g2g3,-348,-410,62
r2q1rk1/5pp1/b2bpn1p/p1pp4/8/P1N1P1PN/1PPQ1P1P/R1B1K2R w KQ - 0 15,a3a4,-338,-342,4
r4rk1/5pp1/bq1bpn1p/p1pp4/P7/2N1P1PN/1PPQ1P1P/R1B1K2R w KQ - 1 16,b2b3,-320,-438,118
r2r2k1/5pp1/bq1bpn1p/p1p5/P2p4/1PN1P1PN/1BPQ1P1P/R3K2R w KQ - 0 18,e3d4,-356,-595,239
r2r2k1/5pp1/bq1b1n1p/p3p3/P2p4/1P4PN/1BPQNP1P/R3K2R w KQ - 0 20,g3g4,-644,-791,147
r2r2k1/5pp1/1q1b3p/p3p3/P5P1/1Pp4N/2P1KP1P/R1Q4R w - - 0 24,g4g5,-400,-456,56
rnbqkbnr/pppppppp/8/8/8/8/PPPPPPPP/RNBQKBNR w KQkq - 0 1,d2d4,29,20,-9
rnbqkbnr/ppp1pppp/8/3p4/3P4/8/PPP1PPPP/RNBQKBNR w KQkq - 0 2,c2c4,23,26,3
rnbqkb1r/ppp1pppp/5n2/3p4/2PP4/8/PP2PPPP/RNBQKBNR w KQkq - 1 3,a2a3,55,-20,-75
r1bqkb1r/ppp2ppp/2n2n2/3pp3/2PP4/P1N5/1P2PPPP/R1BQKBNR w KQkq - 0 5,e2e3,69,-20,-89
r1bqk2r/ppp1bppp/2n2n2/3pp3/2PP4/P1N1P3/1P3PPP/R1BQKBNR w KQkq - 1 6,c4c5,63,-17,-80
r1bq1rk1/ppp1bppp/2n2n2/2Ppp3/3P4/P1N1P3/1P3PPP/R1BQKBNR w KQ - 1 7,h2h3,-18,-133,115
1r3rk1/p1p1bppp/2p1qn2/2Pp1b2/B2Pp3/P1N1P2P/1P3PP1/R1BQK2R w KQ - 2 13,f2f3,153,-156,-309
1r3rk1/p1p1bppp/2p1q3/2Pp1b1n/B2Pp3/P1N1PP1P/1P4P1/R1BQK2R w KQ - 1 14,f3e4,11,-164,-175
1r3rk1/p1p3pp/2p1q3/2Pp1p2/B2Pb3/P1N1P1bP/1P1KQ1P1/R1B4R w - - 0 18,b2b4,337,360,23
rnbqkbnr/pppppppp/8/8/8/8/PPPPPPPP/RNBQKBNR w KQkq - 0 1,e2e4,23,27,4
rnbq2nr/p3bkpp/2pp4/1p2p3/4P3/2N2N2/PPPP1PPP/R1BQK2R w KQ - 0 8,d2d4,-256,-279,23
rn5r/p4kpp/2pp1qn1/1p3b2/4P3/2N2Q2/PPP2PPP/R4RK1 w - - 0 15,e4f5,-182,-174,-8
r6r/p2n1kpp/2pp1q2/1p2nP2/4Q3/2N5/PPP2PPP/R4RK1 w - - 3 17,f2f4,-177,-200,23
rnbqkbnr/pppppppp/8/8/8/8/PPPPPPPP/RNBQKBNR w KQkq - 0 1,d2d3,27,-14,-41
rnbqkbnr/pppp1ppp/8/4p3/8/3P4/PPP1PPPP/RNBQKBNR w KQkq - 0 2,e2e3,3,-41,-44
rnbqkbnr/ppp2ppp/3p4/4p3/8/3PP3/PPP2PPP/RNBQKBNR w KQkq - 0 3,f2f4,-4,-51,47
r1bqkbnr/ppp2ppp/2np4/4p3/5P2/3PP3/PPP3PP/RNBQKBNR w KQkq - 1 4,f4e5,-45,-84,39
r1bqkbnr/ppp2ppp/2n5/4p3/8/3PP3/PPP3PP/RNBQKBNR w KQkq - 0 5,e3e4,-87,-155,68
r2qk2r/ppp2ppp/2n2n2/2b1p3/4P3/3P1N2/PPP1Q1PP/RNB1K2R w KQkq - 3 9,b2b3,31,-73,-104
r2q1rk1/ppp2ppp/5n2/4p3/3bP3/1P1P4/PBP1Q1PP/RN2K2R w KQ - 0 12,c2c3,-57,-48,-9
3r1rk1/pp3ppp/1pq2n2/4p3/4P3/1PPP4/PB3QPP/R4RK1 w - - 4 18,c3c4,-1,-192,191
rnbqkbnr/pppppppp/8/8/8/8/PPPPPPPP/RNBQKBNR w KQkq - 0 1,e2e4,29,27,-2
rnbq1rk1/ppp2ppp/1b1p4/8/2B1P1n1/2NN4/PPPP1PPP/R1BQ1RK1 w - - 4 8,h2h3,149,148,-1
rnbq1r1k/ppp2ppp/1b1p3n/8/2B1PN2/2N4P/PPPP1PP1/R1BQ1RK1 w - - 3 10,d2d3,258,222,-36
rnbq1r1k/ppp2p1p/3p3n/2bN2p1/2B1P3/2NP3P/PPP2PP1/R1BQ1RK1 w - - 2 12,b2b4,516,319,-197
rnb2r2/pp3p1p/3p1Bkn/2pN4/1PB1P3/3P3P/P1P2PP1/R4RK1 w - - 3 20,f2f4,727,643,-84
rnb2r2/1p3p1p/3p1Bkn/p1pN4/1PB1PP2/3P3P/P1P3P1/R4RK1 w - - 0 21,f4f5,816,690,-126
rnbqkbnr/pppppppp/8/8/8/8/PPPPPPPP/RNBQKBNR w KQkq - 0 1,e2e4,29,30,1
r1bqkbnr/pppppppp/2n5/8/4P3/8/PPPP1PPP/RNBQKBNR w KQkq - 1 2,d2d4,63,57,-6
r1b1k1nr/pppp1ppp/2n2q2/2b5/3NP3/4B3/PPP2PPP/RN1QKB1R w KQkq - 3 6,c2c3,30,27,-3
r4rk1/ppp1nppp/1b1p1q2/4n3/4P1b1/1BP1B3/PPNN1PPP/R2Q1RK1 w - - 4 12,f2f3,49,43,-6
rnbqkbnr/pppppppp/8/8/8/8/PPPPPPPP/RNBQKBNR w KQkq - 0 1,d2d3,27,-7,-34
rnbqkbnr/pppp1ppp/8/4p3/8/3P4/PPP1PPPP/RNBQKBNR w KQkq - 0 2,e2e3,-2,-36,34
r1bqkbnr/pppp1ppp/2n5/4p3/8/3PP3/PPP2PPP/RNBQKBNR w KQkq - 1 3,c2c3,-2,-51,49
r1bqkbnr/ppp2ppp/2n5/3pp3/8/2PPP3/PP3PPP/RNBQKBNR w KQkq - 0 4,b2b4,-57,-87,30
rq2kbnr/1pp2ppp/p1n1b3/3pp3/1P6/2PPP3/PB2BPPP/RN1QK1NR w KQkq - 0 7,c3c4,51,-92,-143
rq2kbnr/1pp2ppp/p1n1b3/4p3/1Pp5/3PP3/PB2BPPP/RN1QK1NR w KQkq - 0 8,d3c4,-62,-89,27
1r4k1/1p3ppp/p7/B2n4/2r5/4P3/P4PPP/R4RK1 w - - 4 20,a2a3,-13,-41,28
6k1/1p1r1p1p/p5p1/2n1B3/8/P3P3/5PPP/2R3K1 w - - 9 27,f2f3,32,11,-21
6k1/1p3p1p/p5p1/2n1B3/8/P2rPP2/6PP/2R3K1 w - - 1 28,e3e4,450,3,-447
rnbqkbnr/pppppppp/8/8/8/8/PPPPPPPP/RNBQKBNR w KQkq - 0 1,e2e4,27,29,2
2r2knr/ppp5/6pp/2b1n3/4P3/8/PPPP1PPP/RNBQ1RK1 w - - 0 12,d2d4,845,860,15
3r2nr/ppp3k1/6pp/2b5/2nPP3/4BQ2/PPP2PPP/RN3RK1 w - - 5 15,d4c5,864,845,-19
rnbqkbnr/pppppppp/8/8/8/8/PPPPPPPP/RNBQKBNR w KQkq - 0 1,d2d4,29,22,-7
rnbqkbnr/pp2pppp/2p5/3p4/3P4/2N5/PPP1PPPP/R1BQKBNR w KQkq - 0 3,e2e4,30,23,-7
rnbqkbnr/pp3ppp/2p1p3/3p4/3PP3/2N5/PPP2PPP/R1BQKBNR w KQkq - 0 4,e4d5,84,9,-75
1r1q1rk1/1p1n1ppp/p2Npn2/3p4/3P4/5N2/PPP1QPPP/R4RK1 w - - 2 16,c2c4,-14,-13,-1
1r1q1rk1/1p3ppp/pn1Npn2/3p4/2PP4/5N2/PP2QPPP/R4RK1 w - - 1 17,c4c5,106,104,-2
1r1r2k1/1p3ppp/p3p3/2P3q1/2QP4/8/PP3PPP/3RR1K1 w - - 2 23,a2a4,80,73,-7
1r1r2k1/1p3ppp/p3p3/2Pq4/P1QP4/8/1P3PPP/3RR1K1 w - - 1 24,b2b3,131,91,-40
1r1r2k1/1p3p1p/p3p1p1/2P1q3/P1QP4/1P6/5PPP/3R2K1 w - - 0 26,f2f4,-447,-541,94
1r1r2k1/1p3p1p/p3p1p1/2P5/P1QP1q2/1P6/6PP/3R2K1 w - - 0 27,b3b4,-549,-542,-7
1r1r2k1/1p3p1p/p5p1/2P1p3/PPQP4/4q3/6PP/3R1K2 w - - 0 29,d4d5,-408,-430,22
1r1r1k2/1p3p1p/p7/2PP2p1/PP3p2/5K2/6PP/3R4 w - - 2 33,g2g3,-357,-449,92
1r1r1k2/1p3p1p/p7/2PP2p1/PP6/5Kp1/7P/3R4 w - - 0 34,h2g3,-450,-459,9
1r2r3/1p3pk1/p6p/2PP1Kp1/PP6/6P1/8/3R4 w - - 4 37,d5d6,-373,-386,13
1r6/1p3pk1/p2P3p/2P2Kp1/PP6/4r1P1/8/3R4 w - - 1 38,d6d7,-384,-446,62
3r4/1p1P1pk1/p6p/2P2Kp1/PP6/4r1P1/8/3R4 w - - 1 39,b4b5,-493,-489,-4
3r4/1p1P1pk1/7p/1pP2Kp1/P7/4r1P1/8/3R4 w - - 0 40,a4b5,-489,-508,19
3r4/1p1P1pk1/7p/1PP2Kp1/8/6r1/8/3R4 w - - 0 41,c5c6,-510,-534,24
3r4/3P1pk1/2p4p/1P3Kp1/8/6r1/8/3R4 w - - 0 42,b5c6,-538,-541,3
8/3P2k1/3r1r1p/5pp1/8/4K3/8/3R4 w - - 2 51,d7d8q,-509,-540,31
rnbqkbnr/pppppppp/8/8/8/8/PPPPPPPP/RNBQKBNR w KQkq - 0 1,c2c3,30,-7,-37
rnbqkbnr/pppp1ppp/8/4p3/8/2P5/PP1PPPPP/RNBQKBNR w KQkq - 0 2,d2d3,3,-22,-25
r1bqkbnr/pppp1ppp/2n5/4p3/8/2PP4/PP2PPPP/RNBQKBNR w KQkq - 1 3,f2f4,-14,-92,78
r1bqkbnr/ppp2ppp/2n5/3pp3/5P2/2PP4/PP2P1PP/RNBQKBNR w KQkq - 0 4,f4e5,-111,-131,20
r2qkbnr/ppp2ppp/2n1b3/3pP3/8/2PP4/PP2P1PP/RNBQKBNR w KQkq - 1 5,d3d4,-15,-35,20
r2qkbnr/ppp2ppp/4b3/n2pP3/3P4/2P5/PP2P1PP/RNBQKBNR w KQkq - 1 6,b2b4,157,72,-85
r2qkbnr/pp3ppp/2p1b3/n2pP3/1P1P4/2P5/P3P1PP/RNBQKBNR w KQkq - 0 7,b4a5,434,430,-4
r3k1nr/pp2bppp/2p1b3/q2pP3/3P4/2P5/P2BP1PP/RN1QKBNR w KQkq - 2 9,c3c4,444,365,-79
r3k1nr/pp2bppp/1qp1b3/3pP3/2PP4/8/P2BP1PP/RN1QKBNR w KQkq - 1 10,c4c5,401,393,-8
r3k1nr/ppq1bppp/2p1b3/2PpP3/3P4/8/P2BP1PP/RN1QKBNR w KQkq - 1 11,e2e3,430,375,-55
r3k2r/ppq1bppp/2p1b2n/2PpP3/3P4/4P3/P2B2PP/RN1QKBNR w KQkq - 1 12,a2a4,358,262,-96
r4rk1/ppq1bppp/2p1b2n/2PpP3/P2P4/4P3/3B2PP/RN1QKBNR w KQ - 1 13,a4a5,266,158,-108
rnbqkbnr/pppppppp/8/8/8/8/PPPPPPPP/RNBQKBNR w KQkq - 0 1,e2e4,35,34,-1
rnbqkbnr/ppp1pppp/8/3p4/4P3/8/PPPP1PPP/RNBQKBNR w KQkq - 0 2,e4e5,62,-17,-79
rnbqkbnr/ppp2ppp/4p3/3pP3/8/8/PPPP1PPP/RNBQKBNR w KQkq - 0 3,f2f4,19,-17,-36
r1bqkbnr/1p3ppp/p1n1p3/2ppP3/5P2/3B1N2/PPPP2PP/RNBQK2R w KQkq - 0 6,c2c4,-30,-177,147
r2qkbnr/1p1b1ppp/2n1p3/p1p1P3/2PpBP2/5N2/PP1P2PP/RNBQ1RK1 w kq - 0 9,a2a3,57,-5,-62
r2qk1nr/1p1bb1pp/2n1p3/p1p1Pp2/2Pp1P2/P4N2/1PBP2PP/RNBQ1RK1 w kq - 2 11,d2d3,-106,-126,20
r2qk2r/1p1b2pp/2n1p2n/p1p1Ppb1/2Pp1P2/P2P4/1PB3PP/RNBQ1RK1 w kq - 0 13,f4g5,-253,-236,-17
2kr3r/1p1b2p1/3qp3/p1p1Rp2/2Pp2p1/P2P2Q1/1PBN2PP/R5K1 w - - 0 22,b2b4,286,304,18
2kr3r/3b2p1/1p1qp3/2p1Rp2/1pPp2p1/PN1P2Q1/2B3PP/R5K1 w - - 0 24,a3b4,376,369,-7
2k2r1r/3b2p1/1p1qp3/2p1Rp2/1PPp2p1/1N1P2Q1/2B3PP/R5K1 w - - 1 25,b4c5,580,376,-204
rnbqkbnr/pppppppp/8/8/8/8/PPPPPPPP/RNBQKBNR w KQkq - 0 1,e2e4,32,28,-4
r1bqkb1r/ppp2ppp/n4n2/1N2N3/3pP3/8/PPPP1PPP/R1BQKB1R w KQkq - 1 6,c2c3,169,164,-5
r1b5/pp5p/n1pbN1pk/8/2B5/2P5/PP1P1qPP/R1BKR3 w - - 6 19,d2d4,-105,-94,-11
r1b5/pp4Np/n1pb2p1/8/2BP2k1/2P5/PP3qPP/R1BKR3 w - - 3 21,h2h3,369,-192,-561
rnbqkbnr/pppppppp/8/8/8/8/PPPPPPPP/RNBQKBNR w KQkq - 0 1,e2e4,35,34,-1
rnbqkbnr/pppp1ppp/4p3/8/4P3/8/PPPP1PPP/RNBQKBNR w KQkq - 0 2,d2d4,25,42,17
rnbqkbnr/ppp2ppp/4p3/3p4/3PP3/8/PPP2PPP/RNBQKBNR w KQkq - 0 3,e4e5,48,20,-28
rnbqkbnr/pp3ppp/4p3/2ppP3/3P4/8/PPP2PPP/RNBQKBNR w KQkq - 0 4,c2c3,24,20,-4
r1b1kbnr/pp3ppp/1qn1p3/3pP3/3p4/N1P2N2/PP3PPP/R1BQKB1R w KQkq - 0 7,c3d4,0,-10,-10
r3k2r/pp1bbppp/1qn1p3/3pPn2/3P4/5N2/PPN1BPPP/R1BQ1RK1 w kq - 7 11,a2a3,54,-21,-75
r4rk1/pp1bbppp/1qn1p3/3pPn2/3P4/P4N2/1PN1BPPP/R1BQ1RK1 w - - 1 12,b2b4,70,69,-1
r4rk1/1p1bbppp/pqn1p3/3pPn2/1P1P4/P4N2/2N1BPPP/R1BQ1RK1 w - - 0 13,g2g4,73,73,0
r4rk1/1p1b2pp/pqn1pp2/3pP3/1P1P2Pb/P3B3/2N1BP1P/R2Q1RK1 w - - 0 16,e5f6,11,-7,-18
r5k1/1p1b2pp/pqn1pr2/3p4/1P1P2Pb/P3B3/2N1BP1P/R2Q1RK1 w - - 0 17,g4g5,61,51,-10
rnbqkbnr/pppppppp/8/8/8/8/PPPPPPPP/RNBQKBNR w KQkq - 0 1,c2c3,26,-4,-30
rnbqkbnr/ppp1pppp/8/3p4/8/2P5/PP1PPPPP/RNBQKBNR w KQkq - 0 2,d2d3,19,-22,-41
r1bqkbnr/ppp1pppp/2n5/3p4/8/2PP4/PP2PPPP/RNBQKBNR w KQkq - 1 3,g2g3,-12,-39,27
r2qkbnr/ppp2ppp/2n5/3ppb2/8/2PP2P1/PP2PPBP/RNBQK1NR w KQkq - 0 5,e2e3,45,-107,-152
r2qkb1r/ppp2ppp/2n2n2/3ppb2/8/2PPP1P1/PP3PBP/RNBQK1NR w KQkq - 1 6,g3g4,-105,-294,189
r2qkb1r/ppp2ppp/2n2nb1/3pp3/6P1/2PPP3/PP3PBP/RNBQK1NR w KQkq - 1 7,f2f3,-110,-227,117
r3kb1r/ppp1qppp/2n2nb1/3pp3/6P1/2PPPP2/PP4BP/RNBQK1NR w KQkq - 1 8,g4g5,-134,-293,159
rnbqkbnr/pppppppp/8/8/8/8/PPPPPPPP/RNBQKBNR w KQkq - 0 1,d2d4,27,21,-6
r1bqkb1r/1pp1pp1p/p1n2p2/3p4/3P4/2N5/PPP1PPPP/R2QKBNR w KQkq - 0 6,h2h3,-29,-78,49
r1bqk2r/1pp1pp1p/p1n2p1b/3p4/3P4/2N4P/PPP1PPP1/R2QKBNR w KQkq - 1 7,a2a3,3,-61,-64
r1bqk1r1/1pp1pp1p/p1n2p1b/3p4/3P4/P1N4P/1PP1PPP1/R2QKBNR w KQq - 1 8,g2g4,27,-112,-139
r1bqk1r1/1pp2p1p/p1n2p1b/3pp3/3P2P1/P1N4P/1PP1PP2/R2QKBNR w KQq - 0 9,d4e5,-115,-135,20
r2qk1r1/1pp2p1p/p1n4b/3bp3/4N1P1/P6P/1PP1PP2/R3KBNR w KQq - 0 12,f2f3,-881,-1204,323
2kr2r1/1ppq1p1p/p1n4b/3bp3/6P1/P1N2P1P/1PP1P1B1/R3K1NR w KQ - 5 15,e2e4,-785,-944,159
rnbqkbnr/pppppppp/8/8/8/8/PPPPPPPP/RNBQKBNR w KQkq - 0 1,d2d3,29,-9,-38
rnbqkbnr/pppp1ppp/8/4p3/8/3P4/PPP1PPPP/RNBQKBNR w KQkq - 0 2,e2e4,0,-4,-4
r1bqkbnr/pppp1ppp/2n5/4p3/4P3/3P4/PPP2PPP/RNBQKBNR w KQkq - 1 3,c2c3,-10,-13,3
r1bqkbnr/ppp2ppp/2np4/4p3/4P3/2PP4/PP3PPP/RNBQKBNR w KQkq - 0 4,b2b4,14,-15,-29
r2qkbnr/ppp2ppp/2npb3/4p3/1P2P3/2PP4/P4PPP/RNBQKBNR w KQkq - 1 5,b4b5,27,-5,-32
r3kbnr/ppp2ppp/2npbq2/1P2p3/4P3/2PP4/P4PPP/RNBQKBNR w KQkq - 1 6,b5c6,480,452,-28
7r/Q1pkbppp/3pbq1n/4p3/4P3/2PP4/P4PPP/RNB1KBNR w KQ - 1 11,d3d4,781,702,-79
rnbqkbnr/pppppppp/8/8/8/8/PPPPPPPP/RNBQKBNR w KQkq - 0 1,e2e4,29,25,-4
rnbq4/pppp1kp1/3b1n1p/4p3/4P3/8/PPPP1PPP/RNBQ1RK1 w - - 0 8,d2d3,-156,-177,21
r1bq2k1/pp2b1p1/3p1n1p/4p3/3pP3/3P1Q2/PPP1NPPP/3R1RK1 w - - 0 15,h2h3,-302,-289,-13
r2q2k1/pp2b1p1/3pbn1p/4p3/3pP3/3P1Q1P/PPP1NPP1/3R1RK1 w - - 1 16,c2c3,-279,-290,11
2rq2k1/4b1p1/p2pbn1p/1p2p3/4P3/2NP1Q1P/PP3PP1/R1R3K1 w - - 0 20,b2b4,-195,-240,45
2rq2k1/4b1p1/p3bn1p/1p1pp3/1P2P3/2NP1Q1P/P4PP1/R1R3K1 w - - 0 21,e4d5,-151,-218,67
2r3k1/4b1p1/p3b2p/1p1qQ3/1P6/2nP3P/P4PP1/R1R3K1 w - - 1 24,d3d4,-493,-757,264
2r3k1/4b1p1/p3b2p/1p2q3/1P1P4/2n4P/P4PP1/R1R3K1 w - - 0 25,d4e5,-743,-851,108
2r3k1/4b1p1/p6p/1p2P3/1nb5/7P/1R3PP1/R5K1 w - - 4 30,f2f4,-642,-692,50
r4k2/3Rb1p1/7p/pp2P3/1nb2P2/7P/6P1/R5K1 w - - 2 33,f4f5,-611,-633,22
r4k2/3Rb1p1/7p/1p2PP2/pnb5/7P/6P1/R5K1 w - - 0 34,e5e6,-628,-649,21
r4k2/6p1/4Pb1p/1p3P2/1nb5/7P/p2R1KP1/R7 w - - 2 37,g2g4,-696,-850,154
rnbqkbnr/pppppppp/8/8/8/8/PPPPPPPP/RNBQKBNR w KQkq - 0 1,e2e4,31,24,-7
rnbqkb1r/pp1p1ppp/2p2n2/4p3/2B1P3/2N5/PPPP1PPP/R1BQK1NR w KQkq - 0 4,d2d4,45,57,12
rnbqkb1r/pp3ppp/2p2n2/3pp3/2BPP3/2N5/PPP2PPP/R1BQK1NR w KQkq - 0 5,e4d5,124,124,0
rnbqkb1r/pp3ppp/5n2/3pp3/2BP4/2N5/PPP2PPP/R1BQK1NR w KQkq - 0 6,d4e5,230,226,-4
rnbk1b1r/pp3ppp/5n2/4P3/2p5/2N5/PPP2PPP/R1B1K1NR w KQ - 0 8,e5f6,248,246,-2
rnbqkbnr/pppppppp/8/8/8/8/PPPPPPPP/RNBQKBNR w KQkq - 0 1,d2d4,31,19,-12
rnbqk2r/ppp1bppp/4pn2/3p2B1/3P4/2N2N2/PPP1PPPP/R2QKB1R w KQkq - 4 5,a2a3,-16,-30,14
rnbq1rk1/ppp1bppp/4pn2/3p2B1/3P4/P1N2N2/1PP1PPPP/R2QKB1R w KQ - 1 6,h2h4,-26,-31,5
rnbq1rk1/ppp2ppp/4p3/4N1b1/3Pp2P/P7/1PP1PPP1/R2QKB1R w KQ - 0 9,h4g5,-73,-74,1
rnb2rk1/ppp2ppp/4p3/4N1q1/3Pp3/P7/1PP1PPP1/R2QKB1R w KQ - 0 10,e2e3,-50,-64,14
r4rk1/pb3ppp/2p1p1q1/8/3Qp3/P3P3/1PP1BP2/2KR1R2 w - - 4 17,f2f4,121,-120,-241
rnbqkbnr/pppppppp/8/8/8/8/PPPPPPPP/RNBQKBNR w KQkq - 0 1,d2d4,28,19,-9
rn1qkbnr/pbpppppp/8/1p6/3P1B2/8/PPP1PPPP/RN1QKBNR w KQkq - 2 3,e2e3,38,47,9
rnbqkbnr/pppppppp/8/8/8/8/PPPPPPPP/RNBQKBNR w KQkq - 0 1,e2e4,33,26,-7
rnbqkbnr/ppp2ppp/3p4/4p3/4P3/5N2/PPPP1PPP/RNBQKB1R w KQkq - 0 3,d2d4,46,53,7
rn1qkbnr/ppp2ppp/3p4/4p3/3PP1b1/5N2/PPP2PPP/RNBQKB1R w KQkq - 1 4,h2h3,90,74,-16
rn1qkbnr/ppp2ppp/3p4/4p3/3PP3/5b1P/PPP2PP1/RNBQKB1R w KQkq - 0 5,g2f3,80,75,-5
rn2kbnr/ppp2ppp/3p1q2/4p3/3PP3/5P1P/PPP2P2/RNBQKB1R w KQkq - 1 6,d4e5,136,57,-79
rnbqkbnr/pppppppp/8/8/8/8/PPPPPPPP/RNBQKBNR w KQkq - 0 1,e2e4,31,26,-5
r1bqkbnr/pppppppp/2n5/8/4P3/8/PPPP1PPP/RNBQKBNR w KQkq - 1 2,d2d4,51,49,-2
r1bqkbnr/pppp1ppp/2n5/4p3/3PP3/8/PPP2PPP/RNBQKBNR w KQkq - 0 3,d4d5,67,57,-10
r1bqkbnr/ppppnppp/8/3Pp3/4P3/8/PPP2PPP/RNBQKBNR w KQkq - 1 4,c2c4,58,46,-12
r1bqkbnr/pppp1ppp/6n1/3Pp3/2P1P3/8/PP3PPP/RNBQKBNR w KQkq - 1 5,g2g3,45,-11,-56
r1bqk2r/pppp1ppp/6n1/2bPp3/2P1P1n1/2N2NP1/PP3P1P/R1BQKB1R w KQkq - 5 8,h2h3,-69,-472,403
r1bqk2r/pppp1ppp/6n1/2bPp3/2P1P3/2N2NPP/PP3nQ1/R1B1KB2 w Qkq - 2 11,b2b4,-504,-619,115
rnbqkbnr/pppppppp/8/8/8/8/PPPPPPPP/RNBQKBNR w KQkq - 0 1,d2d4,21,19,-2
rnbqkbnr/ppp1pppp/8/3p4/3P4/8/PPP1PPPP/RNBQKBNR w KQkq - 0 2,c2c4,18,17,-1
rnbqkbnr/ppp2ppp/4p3/3p4/2PP4/8/PP2PPPP/RNBQKBNR w KQkq - 0 3,e2e3,16,11,-5
rnbqkb1r/ppp2ppp/4pn2/3p4/2PP4/4P3/PP3PPP/RNBQKBNR w KQkq - 1 4,a2a3,10,0,-10
rnbqkb1r/1pp2ppp/p3pn2/3p4/2PP4/P3P3/1P3PPP/RNBQKBNR w KQkq - 0 5,b2b4,15,13,-2
rnbq1rk1/1pp1b1pp/p3p3/3p1p2/1PPPn3/P2BPN2/1B3PPP/RN1QK2R w KQ - 0 9,c4d5,77,39,-38
r1N2r1k/1p1n2pp/p1p1p3/5p2/1P1P4/P2BP3/1B3PPP/R2K3R w - - 1 16,f2f3,755,635,-120
3r1r1k/1pR3pp/p7/4pp2/nP1P4/P2BPP2/3K2PP/B4R2 w - - 0 23,d4e5,600,682,82
rnbqkbnr/pppppppp/8/8/8/8/PPPPPPPP/RNBQKBNR w KQkq - 0 1,e2e4,25,21,-4
r1b1kbnr/ppppqppp/2n5/4p2Q/2B1P3/8/PPPP1PPP/RNB1K1NR w KQkq - 4 4,d2d4,-16,-179,163
r1b1k1nr/pppp1ppp/8/4p1BQ/2q1P3/2b5/PPK1NPPP/R6R w kq - 0 10,b2c3,-157,-418,261
r3k2r/ppp2ppp/3p1n2/4p1Q1/4q1b1/2P1B3/P3NPPP/R2K3R w kq - 4 14,f2f3,-511,-523,12
2kr3r/ppp2p1p/q3bQ2/4p3/3p4/2P1BP2/P1K1N1PP/R3R3 w - - 0 20,c3d4,-392,-405,13
2kr3r/ppp2p1p/q4Q2/4p3/3P4/1b2BP2/P1K1N1PP/R3R3 w - - 1 21,a2b3,-424,-409,-15
2krr3/ppp2p1p/8/8/2RB1q2/1PK2P2/6PP/5R2 w - - 0 29,g2g3,-776,-795,19
2krr3/ppp2p1p/7q/8/2RB4/1PK2PP1/7P/5R2 w - - 1 30,f3f4,-768,-738,-30
rnbqkbnr/pppppppp/8/8/8/8/PPPPPPPP/RNBQKBNR w KQkq - 0 1,e2e4,24,23,-1
rnbqkbnr/pppp1ppp/8/4p3/4P3/8/PPPP1PPP/RNBQKBNR w KQkq - 0 2,f2f4,26,-35,-61
rnbqkbnr/ppp2ppp/3p4/8/4Pp2/5N2/PPPP2PP/RNBQKB1R w KQkq - 0 4,d2d4,-30,-33,3
rnbqkbnr/ppp2p1p/3p4/6p1/3PPp2/5N2/PPP3PP/RNBQKB1R w KQkq - 0 5,h2h3,-36,-99,63
r2qk1nr/pp1nb3/3pp2p/2p3p1/3PPp2/2N2N1P/PPPBQ1P1/R3K2R w KQkq - 0 11,d4d5,126,-74,-200
r3k2r/ppqn4/3p1b2/2pPp1pp/N3Pp2/7P/PPPBQ1P1/2KR3R w kq - 2 17,c2c4,-173,-228,55
2kr3r/1pqn4/p2p1b2/2pPp1pp/2P1Pp2/2N4P/PP1BQ1P1/2KR3R w - - 2 19,a2a3,-196,-212,16
1r5r/kq1n4/p2p1b2/BppPp1pp/2P1Pp2/P6P/NP1Q2P1/2KR3R w - - 2 24,b2b3,-239,-394,155
1r5r/kq1n4/p2p1b2/B1pPp1pp/2p1Pp2/PP5P/N2Q2P1/2KR3R w - - 0 25,b3b4,-401,-405,4
8/1r6/k4b2/3Pp1pp/p3Pp2/1p5P/1K4P1/3R4 w - - 0 46,d5d6,-564,-560,-4
3b4/1r6/k2P4/4p1pp/p3Pp2/1p5P/1K4P1/3R4 w - - 1 47,d6d7,-551,-575,24
8/1r1P4/5b2/4R1pp/1k2Pp2/1p5P/pK4P1/8 w - - 2 52,d7d8q,-10000,-10000,0
rnbqkbnr/pppppppp/8/8/8/8/PPPPPPPP/RNBQKBNR w KQkq - 0 1,e2e4,26,28,2
rnbqkbnr/pppp1ppp/8/4p3/4P3/8/PPPP1PPP/RNBQKBNR w KQkq - 0 2,f2f4,26,-59,-85
rnbqk1nr/pppp1ppp/8/2b5/4Pp2/5N2/PPPP2PP/RNBQKB1R w KQkq - 2 4,d2d4,100,130,30
rnbqk1nr/pppp1ppp/1b6/8/3PPp2/5N2/PPP3PP/RNBQKB1R w KQkq - 1 5,c2c4,130,46,-84
rnbqk1nr/pppp1ppp/8/8/2PPPp2/2b2N2/PP4PP/R1BQKB1R w KQkq - 0 7,b2c3,151,173,22
rnbq1rk1/ppppnppp/8/8/2PPPB2/2P2N2/P5PP/R2QKB1R w KQ - 1 9,e4e5,156,116,-40
rn1q1rk1/ppp2pp1/8/4p3/2PP4/2P1BQ2/P5PP/R4RK1 w - - 1 16,d4e5,167,172,5
r4rk1/p1p2pp1/7q/3Q4/2PB2n1/2P5/P5PP/3R1RK1 w - - 9 23,h2h3,43,45,2
rnbqkbnr/pppppppp/8/8/8/8/PPPPPPPP/RNBQKBNR w KQkq - 0 1,e2e4,31,28,-3
rn1qkb1r/ppp1pppp/5n2/8/4pQ2/7b/PPPP1PPP/RNB1KB1R w KQkq - 0 5,g2h3,-316,-311,-5
rn1qkb1r/ppp1ppp1/5n1p/8/4pQ2/7P/PPPP1P1P/RNB1KB1R w KQkq - 0 6,h3h4,-146,-273,127
rn1qkb1r/ppp2pp1/4pn1p/8/4pQ1P/8/PPPP1P1P/RNB1KB1R w KQkq - 0 7,f2f3,-247,-339,92
rnbqkbnr/pppppppp/8/8/8/8/PPPPPPPP/RNBQKBNR w KQkq - 0 1,c2c4,31,-10,-41
rnbqk1nr/ppppppbp/6p1/8/2P5/2N5/PP1PPPPP/R1BQKBNR w KQkq - 2 3,d2d4,60,48,-12
rnbqk1nr/pppp1pbp/4p1p1/8/2PP4/2N5/PP2PPPP/R1BQKBNR w KQkq - 0 4,e2e4,88,63,-25
rnbqk1nr/ppp2pbp/4p1p1/3p4/2PPP3/2N5/PP3PPP/R1BQKBNR w KQkq - 0 5,c4d5,78,53,-25
rnbqk1nr/ppp2pbp/6p1/3p4/3PP3/2N5/PP3PPP/R1BQKBNR w KQkq - 0 6,e4e5,52,40,-12
r4rk1/pp1qn1bp/6p1/2ppPp2/3P4/2N2B2/PP3PPP/R2Q1RK1 w - - 0 15,d4c5,139,145,6
8/R6p/5kp1/5p2/p7/8/r4PPP/4R1K1 w - - 0 31,f2f4,549,553,4
8/R5R1/5k2/5pp1/5P2/p7/5KPP/r7 w - - 3 38,f4g5,571,651,80
rnbqkbnr/pppppppp/8/8/8/8/PPPPPPPP/RNBQKBNR w KQkq - 0 1,d2d4,24,18,-6
rnbqkbnr/ppp1pppp/8/3p4/3P4/8/PPP1PPPP/RNBQKBNR w KQkq - 0 2,c2c4,21,20,-1
rnbqkbnr/ppp1pppp/8/8/2pP4/8/PP2PPPP/RNBQKBNR w KQkq - 0 3,e2e4,42,33,-9
r1bqk2r/ppp2ppp/2n1pn2/8/1bBPP3/2N2N2/PP3PPP/R1BQK2R w KQkq - 5 7,e4e5,157,71,-86
r1bqk2r/ppp2ppp/2n1pn2/4P3/2BP4/2b2N2/PP3PPP/R1BQK2R w KQkq - 0 8,b2c3,153,137,-16
r3r1k1/1bp2ppp/p3p1q1/1p2P3/3P4/BQP2N2/PR2RKPP/8 w - - 2 26,c3c4,398,349,-49
r3r1k1/2p2ppp/p3p2q/4P3/2pP4/B4Q2/PRR2KPP/8 w - - 2 29,h2h3,417,363,-54
rnbqkbnr/pppppppp/8/8/8/8/PPPPPPPP/RNBQKBNR w KQkq - 0 1,c2c4,29,-5,-34
rnbqkbnr/ppp2ppp/3p4/4p3/2P5/2N5/PP1PPPPP/R1BQKBNR w KQkq - 0 3,e2e4,28,5,-23
r2qk2r/ppp1bppp/2np1n2/4p3/2P1P1b1/2N2N2/PP1PBPPP/R1BQ1RK1 w kq - 7 7,d2d3,29,41,12
r2q1rk1/ppp1bppp/2np1n2/4p3/2P1P1b1/2NP1N2/PP2BPPP/R1BQ1RK1 w - - 1 8,h2h3,38,35,-3
r2q1rk1/ppp1bpp1/2np3p/3np2b/2P1P3/3PBN1P/PP2BPP1/R2Q1RK1 w - - 0 11,c4d5,111,110,-1
r2q1rk1/p1p1bpp1/1p1p3p/3Pp3/4P3/3PB2P/PP2NPP1/R2Q1RK1 w - - 0 14,f2f4,633,572,-61
r4rk1/p1pqbpp1/1p1p3p/3Pp3/4PP2/3PB2P/PP2N1P1/R2Q1RK1 w - - 1 15,f4f5,682,664,-18
r4rk1/p2qbpp1/1ppp3p/3PpP2/4P3/3PB2P/PP2N1P1/R2Q1RK1 w - - 0 16,d5c6,663,680,17
rnbqkbnr/pppppppp/8/8/8/8/PPPPPPPP/RNBQKBNR w KQkq - 0 1,e2e4,25,25,0
rnbqkbnr/ppp2ppp/8/4p3/4p2N/8/PPPP1PPP/RNBQKB1R w KQkq - 0 4,g2g3,-258,-253,-5
rn2kbnr/ppp2ppp/8/3qp3/4p1bN/6P1/PPPP1PBP/RNBQK2R w KQkq - 3 6,f2f3,491,-190,-681
3rkbnr/pQpq2pp/8/5p2/4p3/2N3P1/PPPP3P/R1B1K2R w KQk - 1 15,b2b3,-9,-131,122
4k2r/p1pqb1pp/1rn5/5p2/4p3/1PN3P1/PBPPQ2P/2KR3R w k - 9 20,d2d3,209,216,7
3k3r/p1pqb2p/1r6/5ppQ/3np3/1PNP2P1/PBP4P/2KR3R w - - 2 24,d3e4,420,389,-31
3k3r/p1pq3p/1r3b2/3N1ppQ/4P3/1n4P1/PBP4P/2KR3R w - - 0 26,a2b3,593,605,12
rnbqkbnr/pppppppp/8/8/8/8/PPPPPPPP/RNBQKBNR w KQkq - 0 1,d2d4,22,19,-3
rnbqkbnr/pppp1ppp/8/4p3/3P4/8/PPP1PPPP/RNBQKBNR w KQkq - 0 2,d4e5,128,128,0
rnb1kbnr/ppppqppp/8/4P3/8/8/PPP1PPPP/RNBQKBNR w KQkq - 1 3,f2f4,168,155,-13
rnb1kbnr/pp1pqppp/2p5/4P3/5P2/8/PPP1P1PP/RNBQKBNR w KQkq - 0 4,a2a3,243,200,-43
rn2kbnr/pb1pqppp/2p5/1p2P3/5P2/P7/1PPBP1PP/RN1QKBNR w KQkq - 2 6,e2e4,294,250,-44
rn2kbnr/pb1p1ppp/2p5/1p2P3/4PP1q/P7/1PPB2PP/RN1QKBNR w KQkq - 1 7,g2g3,378,326,-52
rn2k1nr/pb1p1ppp/2p4q/1pb1P3/4PP2/P5P1/1PPB2BP/RN1QK1NR w KQkq - 3 9,f4f5,413,341,-72
rn2k1nr/pb1p1p1p/2p4q/1pb1PPp1/4P3/P5P1/1PPB2BP/RN1QK1NR w KQkq g6 0 10,f5g6,435,316,-119
rn2k2r/pb1p3p/2p3q1/1pb5/4P3/P1N2QP1/1PP1N1BP/3RK2R w Kkq - 6 18,b2b4,360,332,-28
3r3r/pbkp3p/n1pN1Q2/1p6/1P2P3/P1N2BPq/2P4P/3R1RK1 w - - 3 25,e4e5,774,657,-117
rnbqkbnr/pppppppp/8/8/8/8/PPPPPPPP/RNBQKBNR w KQkq - 0 1,d2d4,30,17,-13
rnbqkbnr/ppp1pppp/8/3p4/3P4/8/PPP1PPPP/RNBQKBNR w KQkq - 0 2,c2c4,18,18,0
rnbqkbnr/ppp2ppp/4p3/3p4/2PP4/8/PP2PPPP/RNBQKBNR w KQkq - 0 3,a2a3,18,-13,-31
rnbqk1nr/pp3pp1/2pbp2p/3p4/2PP4/P1N2N2/1P2PPPP/R1BQKB1R w KQkq - 2 6,c4c5,105,54,-51
rnbqk1nr/ppb2pp1/2p1p2p/2Pp4/3P4/P1N2N2/1P2PPPP/R1BQKB1R w KQkq - 1 7,e2e3,52,-9,-61
rnbqk2r/ppb2pp1/2p1pn1p/2Pp4/3P4/P1N1PN2/1P3PPP/R1BQKB1R w KQkq - 1 8,b2b4,-20,-39,19
rnbqk2r/2b2pp1/2p1p2p/1pPp4/pP1P2n1/P1NQPN2/1BB2PPP/R3K2R w KQkq - 2 13,h2h3,252,215,-37
r1bqk2r/2bn1pp1/2p1pn1p/1pPp4/pP1P4/P1NQPN1P/1BB2PP1/2KR3R w kq - 3 15,e3e4,207,71,-136
r1bq1rk1/5pp1/2p1pn1p/1pP5/pP1P1b2/P4N1P/1BB1QPP1/1K1R3R w - - 5 20,g2g3,292,286,-6
r1bq1rk1/5pp1/2p1pn1p/1pP1b3/pP1P4/P5PP/1BB1QP2/1K1R3R w - - 0 22,d4e5,359,355,-4
r1bq1rk1/5pp1/2p1p2p/1pPnP3/pP6/P5PP/1BB1QP2/1K1R3R w - - 1 23,h3h4,351,348,-3
r1b2rk1/4qpp1/2p1p2p/1pPnP3/pP5P/P5P1/1BB1QP2/1K1R3R w - - 1 24,h4h5,359,239,-120
r4rk1/1b2qpp1/2p1p2p/1pPnP2P/pP6/P5P1/1BB1QP2/1K1R3R w - - 1 25,f2f4,345,336,-9
r2r2k1/1b2qpp1/2p1p2p/1pP1P2P/pn3P2/P5P1/1BB1Q3/K2R3R w - - 0 27,a3b4,503,520,17
r1br2k1/4qpp1/2p1p2p/1pP1P2P/1P3P2/p1B3P1/2B1Q3/K2R3R w - - 2 29,g3g4,634,531,-103
r5k1/1b2qpp1/2p1p2p/1pP1P2P/1P3PP1/p1B5/2B1Q3/K2R4 w - - 1 31,f4f5,606,574,-32
r5k1/1b2qpp1/2p4p/1pP1Pp1P/1P4P1/p1B5/2B1Q3/K2R4 w - - 0 32,g4f5,626,620,-6
r5k1/1b3pp1/2p4p/1pP1PP1P/1P5q/p1B5/2B1Q3/K2R4 w - - 1 33,f5f6,649,639,-10
r5k1/1b3p2/2p2Ppp/1pP1P2P/1P1BQ3/q7/p1B5/K5R1 w - - 2 37,h5g6,991,1088,97
rnbqkbnr/pppppppp/8/8/8/8/PPPPPPPP/RNBQKBNR w KQkq - 0 1,e2e4,28,26,-2
rnbqkb1r/pppp2pp/5p1n/4p3/2B1P3/5N2/PPPP1PPP/RNBQK2R w KQkq - 2 4,h2h3,279,147,-132
r1bqkb1r/pppp2pp/2n2p1n/4p3/2B1P3/5N1P/PPPP1PP1/RNBQK2R w KQkq - 1 5,d2d3,173,98,-75
2b2b1r/2qpk3/p4p1p/3Qp3/2p1P3/3P3P/PPP2PP1/2KR3R w - - 0 18,d3c4,-4,-6,2
3rk3/2qp2b1/p1b2p1p/4p3/2P1P3/Q6P/PPPR1PP1/2KR4 w - - 9 23,f2f3,192,21,-171
3rkb2/2qp4/Q1b4p/4pp2/2P1P3/5P1P/PPPR2P1/2KR4 w - - 1 25,e4f5,189,-352,-541
2r1k3/7R/2b4p/4pPb1/2P5/5P1P/PPP3P1/1K1R4 w - - 8 32,b2b4,833,534,-299
2r1k3/3b3R/7p/4pPb1/1PP5/5P1P/P1P3P1/1K1R4 w - - 1 33,c4c5,767,520,-247
2r5/5k1b/7p/2P1R1b1/1P6/5P1P/P1P3P1/1K6 w - - 1 36,b4b5,-258,-347,89
1r6/7b/2R2b1p/1PP1k3/8/5P1P/P1P3P1/1K6 w - - 7 40,a2a4,-33,-173,140
1r6/4b2b/2R4p/1PP1k3/P7/5P1P/2P3P1/1K6 w - - 1 41,b5b6,4,-138,-142
1r6/4b3/1PR4p/2P1kb2/P7/5P1P/2P3P1/1K6 w - - 1 42,a4a5,-182,-203,21
1r6/2Rbb3/1P2k2p/P1P5/8/5P1P/2P3P1/1K6 w - - 3 44,a5a6,176,-5,-181
1rb5/2R1b3/PP2k2p/2P5/8/5P1P/2P3P1/1K6 w - - 1 45,a6a7,613,682,69
r1b5/P1R1b3/1P2k2p/2P5/8/5P1P/2P3P1/1K6 w - - 1 46,c5c6,719,572,-147
2r5/P7/1PPbk2p/8/8/5P1P/2P3P1/1K6 w - - 0 48,b6b7,618,585,-33
8/PP6/2rbk2p/8/8/5P1P/2P3P1/1K6 w - - 0 49,b7b8q,674,682,8
1b6/P7/2r1k2p/8/8/5P1P/2P3P1/1K6 w - - 0 50,a7b8q,671,670,-1
rnbqkbnr/pppp1ppp/4p3/8/8/5N2/PPPPPPPP/RNBQKB1R w KQkq - 0 2,c2c4,28,13,-15
rnbqkbnr/ppp2ppp/4p3/3p4/2P5/5N2/PP1PPPPP/RNBQKB1R w KQkq - 0 3,c4d5,13,12,-1
rnbqkbnr/ppp2ppp/8/3p4/8/5N2/PP1PPPPP/RNBQKB1R w KQkq - 0 4,e2e3,12,-21,-33
r1bqkbnr/ppp2ppp/2n5/3p4/8/4PN2/PP1P1PPP/RNBQKB1R w KQkq - 1 5,g2g3,-9,-54,45
r2qk2r/ppp1bppp/2n1bn2/3p4/8/2N1PNP1/PP1P1PBP/R1BQK2R w KQkq - 5 8,a2a3,3,-5,-8
r2q1rk1/1pp1bppp/p1n1bn2/3p4/8/P1N1PNP1/1P1P1PBP/R1BQ1RK1 w - - 0 10,b2b4,27,33,6
1r1q1rk1/1pp1bppp/p1n1bn2/3p4/1P6/P1N1PNP1/3P1PBP/R1BQ1RK1 w - - 1 11,b4b5,82,-9,-91
1r3rk1/1pp1bpp1/3qbn1p/n2pN3/3N4/P3P1P1/1B1P1PBP/R2Q1RK1 w - - 6 16,f2f4,50,36,-14
1r3rk1/1p2bpp1/3q1n1p/n1ppNb2/5P2/P3P1P1/1B1P2BP/R2Q1RK1 w - - 0 18,d2d3,-309,-389,80
1r3rk1/1p2bpp1/3q1n1p/n1p1Nb2/3p1P2/P2PP1P1/1B4BP/R2Q1RK1 w - - 0 19,e3e4,-401,-441,40
1r3rk1/1p2bpp1/3qbn1p/n1p1N3/3pPP2/P2P2P1/1B4BP/R2Q1RK1 w - - 1 20,a3a4,-383,-450,67
1r1r2k1/3qbpp1/1p5p/n1p5/P2pPP2/3P2P1/1B1Q2RP/1R4K1 w - - 1 26,f4f5,-452,-555,103
1r1r2k1/5pp1/1pq4p/nRp2P2/P2pP3/B2Pb1P1/4Q1RP/7K w - - 9 31,g3g4,-412,-441,29
1r2r1k1/5pp1/1pq4p/nRp2P2/P2pP1P1/B2Pb3/4Q1RP/7K w - - 1 32,h2h4,-407,-537,130
1r2r1k1/5p2/1pqn2pp/2p2P2/P2pP1PP/BR1Pb3/1Q4R1/7K w - - 0 35,f5g6,-446,-449,3
1r2r1k1/8/1pqn2pp/2p5/P2pP1PP/BR1Pb3/1Q4R1/7K w - - 0 36,a4a5,-462,-474,12
r4r2/2R5/q2B1kpp/Pp6/3pP1PP/3Pb3/Q5R1/7K w - - 1 42,e4e5,10000,10000,0
rnbqkbnr/pppppppp/8/8/8/8/PPPPPPPP/RNBQKBNR w KQkq - 0 1,e2e4,36,30,-6
rnbqkbnr/pppp1ppp/8/4p3/4P3/8/PPPP1PPP/RNBQKBNR w KQkq - 0 2,d2d3,26,-14,-40
r1bqkbnr/pppp1ppp/2n5/4p3/4P3/3P4/PPP2PPP/RNBQKBNR w KQkq - 1 3,f2f4,-18,-42,24
r1bq1rk1/pp1p1ppp/2np1n2/8/4P3/3P1N2/PPPQ2PP/RN2KB1R w KQ - 4 8,d3d4,102,-158,-260
r1bqr1k1/pp1p1ppp/2n5/4p3/3P4/8/PPP1B1PP/RN2K2R w KQ - 0 13,d4d5,-857,-844,-13
r1bqr1k1/pp1p1ppp/8/3P4/3np3/3B4/PPP3PP/RN2K2R w KQ - 0 15,c2c3,-791,-1097,306
rnbqkbnr/pppppppp/8/8/8/8/PPPPPPPP/RNBQKBNR w KQkq - 0 1,e2e4,25,29,4
rnbqkbnr/pppp2pp/8/4pp2/4P3/5N2/PPPP1PPP/RNBQKB1R w KQkq - 0 3,e4f5,157,132,-25
rnb1kb1r/ppppq1pp/5n2/4NP2/8/8/PPPP1PPP/RNBQKB1R w KQkq - 1 5,d2d4,86,42,-44
rnb1kb1r/ppp1q1pp/5n2/4pP2/3P4/8/PPP1BPPP/RNBQK2R w KQkq - 0 7,d4e5,-149,-314,165
rn2k2r/ppp3pp/3b1n2/4qb2/8/2N5/PPP1BPPP/R1BQ1RK1 w kq - 2 10,g2g3,-309,-327,18
rnbqkbnr/pppppppp/8/8/8/8/PPPPPPPP/RNBQKBNR w KQkq - 0 1,e2e4,28,27,-1
r1bqkbnr/ppp2ppp/2np4/1B2p3/4P3/5N2/PPPP1PPP/RNBQK2R w KQkq - 0 4,d2d4,48,52,4
r3k2r/p1p1bppp/2pp1q1n/8/4P3/2N5/PPPB1PPP/R2Q1RK1 w kq - 6 11,a2a3,173,102,-71
r4rk1/p1p1bppp/2pp1q1n/8/4P3/P1N5/1PPB1PPP/R2Q1RK1 w - - 1 12,h2h3,103,104,1
r4rk1/p1p1bppp/2pp3n/8/4P2q/P1N4P/1PPB1PP1/R2Q1RK1 w - - 1 13,f2f4,144,88,-56
r4r1k/p1p1bppp/2pp1q1n/7Q/4PP2/P1N4P/1PPB2P1/R4RK1 w - - 3 15,b2b4,103,-20,-123
r4r1k/1qp1bppp/2pp1n2/p7/1P2PP2/P1N1BQ1P/2P2RP1/3R2K1 w - - 4 21,b4a5,109,26,-83
5r1k/2p1bppp/q1pp1n2/r7/4PP2/P1N1BQ1P/2P2RP1/1R4K1 w - - 2 23,e4e5,-32,-149,117
5r1k/2p1bppp/q1p2n2/r3p3/5P2/P1N1BQ1P/2P2RP1/1R4K1 w - - 0 24,f4e5,-124,-136,12
5r1k/2p2ppp/q1p5/3nP3/4N2b/1R2BQ1P/2P2RPK/r7 w - - 4 28,g2g3,655,30,-625
rnbqkbnr/pppppppp/8/8/8/8/PPPPPPPP/RNBQKBNR w KQkq - 0 1,e2e4,24,23,-1
rnbqkbnr/ppp1pppp/8/3p4/4P3/8/PPPP1PPP/RNBQKBNR w KQkq - 0 2,e4d5,71,67,-4
r1b1kbnr/ppp1pppp/2n1q3/8/8/2N5/PPPPNPPP/R1BQKB1R w KQkq - 4 5,d2d4,126,107,-19
r1b1kbnr/ppB2p1p/2n2q2/4p1p1/3P4/2N5/PPP1NPPP/R2QKB1R w KQkq - 0 8,d4e5,418,422,4
2r1kbnr/ppB2p1p/8/1N3bp1/2n5/2q5/PPP1NPPP/2KR1B1R w k - 0 13,b2c3,453,83,-370
2r1k2r/1p5p/p7/5pp1/3Nn3/n1PR2B1/P1P2PPP/2K1R3 w k - 0 21,f2f3,646,475,-171
2r4r/1p3k1p/p7/5pp1/3Nn3/n1PR1PB1/P1P3PP/2K1R3 w - - 1 22,f3e4,522,527,5
2rr4/1p3k1p/p7/6p1/3NPp2/n1PR4/P1P2BPP/2K1R3 w - - 2 24,g2g3,548,552,4
2rr4/5k1p/p7/1p4p1/3NPp2/n1PR2P1/P1P2B1P/2K1R3 w - - 0 25,g3f4,581,555,-26
2rr4/5k1p/p7/6p1/1p1NPP2/n1PR4/P1P2B1P/2K1R3 w - - 0 26,f4g5,586,571,-15
8/7R/p7/1n4P1/2K3k1/6B1/P6P/3r4 w - - 3 44,a2a4,422,336,-86
8/8/R4n2/5k2/8/5KB1/7P/8 w - - 9 53,h2h4,709,541,-168
8/8/7k/6n1/5B1P/5K2/8/8 w - - 0 71,h4g5,705,737,32
8/7k/8/6PK/5B2/8/8/8 w - - 5 74,g5g6,784,797,13
6k1/8/5KPB/8/8/8/8/8 w - - 7 78,g6g7,10000,10000,0
5K2/6P1/7k/8/8/8/8/8 w - - 0 82,g7g8q,580,735,155
rnbqkbnr/pppppppp/8/8/8/8/PPPPPPPP/RNBQKBNR w KQkq - 0 1,e2e4,21,20,-1
rnbqkbnr/pp1ppppp/2p5/8/4P3/8/PPPP1PPP/RNBQKBNR w KQkq - 0 2,d2d3,57,5,-52
rnbqkbnr/pp2pppp/2p5/3p4/4P3/3P4/PPP2PPP/RNBQKBNR w KQkq - 0 3,e4e5,6,-11,-17
rnbqkbnr/pp2pppp/8/2ppP3/8/3P4/PPP2PPP/RNBQKBNR w KQkq - 0 4,c2c3,-8,-12,4
r1bqkbnr/pp2pppp/2n5/2ppP3/8/2PP4/PP3PPP/RNBQKBNR w KQkq - 1 5,d3d4,-10,-10,0
r1bqkbnr/pp2pppp/2n5/3pP3/3p4/2P5/PP3PPP/RNBQKBNR w KQkq - 0 6,c3d4,-23,-8,-15
1r3k1r/p4ppp/2p1p3/3pP3/3P4/8/PP3PPP/RN3K2 w - - 1 17,b2b3,-322,-336,14
2r5/p3kppp/2p1p3/2NpP3/3r4/1P6/P4PPP/R4K2 w - - 0 21,a2a3,-421,-414,-7
2r5/p3k1pp/2p1pp2/2NpP3/3r4/PP6/5PPP/R4K2 w - - 0 22,e5f6,-444,-424,-20
2r5/p3k2p/2p1pp2/2Np4/3r4/PP6/5PPP/R4K2 w - - 0 23,b3b4,-458,-461,3
2r5/p6p/2pk1p2/2Npp3/1P1r4/P7/5PPP/4RK2 w - - 2 25,f2f4,-386,-526,140
2r5/p6p/2pk4/2Np1p2/1P1rpP2/P7/6PP/4R1K1 w - - 0 27,h2h3,-467,-522,55
2r5/7p/2pk4/2Np1p2/1p1rpP2/P6P/6PK/4R3 w - - 0 29,a3b4,-540,-560,20
rnbqkbnr/pppppppp/8/8/8/8/PPPPPPPP/RNBQKBNR w KQkq - 0 1,e2e4,25,28,3
rnbqk1nr/pppp1ppp/3b4/4p3/4P3/5N2/PPPP1PPP/RNBQKB1R w KQkq - 2 3,d2d4,94,96,2
rnb2rk1/pppp1ppp/8/8/1bB1n3/4BN2/PPPN1PPP/R3K2R w KQ - 4 10,c2c3,-93,-90,-3
rnb2rk1/1ppp1ppp/p7/2b5/2B5/2P2N2/PP1B1PPP/R4RK1 w - - 0 13,b2b4,-69,-70,1
rnb2rk1/bppp1ppp/p7/8/1PB5/2P2N2/P2B1PPP/R4RK1 w - - 1 14,a2a4,-60,-63,3
rnb2rk1/bp1p1ppp/p1p5/8/PPB5/2P2N2/3B1PPP/R4RK1 w - - 0 15,b4b5,-49,-57,8
rnb2rk1/bp1p1ppp/p7/1p6/P1B5/2P2N2/3B1PPP/R4RK1 w - - 0 16,a4b5,29,30,1
rnb2rk1/bp3ppp/p2p4/1P6/2B5/2P2N2/3B1PPP/R4RK1 w - - 0 17,b5a6,30,-14,-44
8/5pk1/2R3p1/3p3p/8/2P2K2/1r2N1PP/8 w - - 0 31,g2g3,408,402,-6
8/5p2/2R3pk/3N4/7p/2P2KP1/7r/8 w - - 0 34,g3h4,311,316,5
8/5p1k/2R3p1/8/8/2P2KN1/8/3r4 w - - 6 38,c3c4,294,264,-30
8/5pk1/2R3p1/8/2P5/5KN1/8/3r4 w - - 1 39,c4c5,278,268,-10
2R5/4kp2/6p1/2P5/8/5KN1/8/3r4 w - - 3 41,c5c6,220,293,73
rnbqkbnr/pppppppp/8/8/8/8/PPPPPPPP/RNBQKBNR w KQkq - 0 1,e2e4,27,30,3
rnbqkbnr/ppp2ppp/4p3/3p4/4P3/5N2/PPPP1PPP/RNBQKB1R w KQkq - 0 3,d2d3,18,-3,-21
rnbqkbnr/pp3ppp/4p3/2pp4/4P3/3P1N2/PPP2PPP/RNBQKB1R w KQkq - 0 4,e4d5,14,-14,-28
rnbqkbnr/pp3ppp/8/2pp4/8/3P1N2/PPP2PPP/RNBQKB1R w KQkq - 0 5,d3d4,-9,-3,-6
rnbqkbnr/pp3ppp/8/3p4/2pP4/5N2/PPP2PPP/RNBQKB1R w KQkq - 0 6,b2b3,27,23,-4
rnbqkbnr/5ppp/p7/1p1p4/2pP4/1PN2N2/P1P2PPP/R1BQKB1R w KQkq - 0 8,b3c4,-13,-32,19
3r1rk1/5ppp/B7/8/3P4/8/b4PPP/2R3K1 w - - 0 24,h2h3,-517,-559,42
5rk1/5ppp/B7/8/3r4/7P/b4PP1/2R3K1 w - - 0 25,g2g4,-562,-593,31
5rk1/5ppp/B3b3/8/3r2P1/7P/5P2/2R3K1 w - - 1 26,f2f3,-592,-597,5
3r2k1/5p1p/B3b1p1/8/3r2P1/5P1P/7K/2R5 w - - 0 28,h3h4,-580,-621,41
6k1/5p1p/4b1p1/1B6/6PP/5PK1/r2r4/2R5 w - - 5 31,h4h5,-533,-554,21
6k1/5p1p/4b3/1B4pP/6P1/5PK1/r2r4/2R5 w - - 0 32,h5h6,-652,-10000,9348
rnbqkbnr/pppppppp/8/8/8/8/PPPPPPPP/RNBQKBNR w KQkq - 0 1,e2e4,32,30,-2
rnbqkbnr/pppp1ppp/8/4p3/4P3/8/PPPP1PPP/RNBQKBNR w KQkq - 0 2,d2d3,31,-8,-39
rnbqk2r/ppp1bpp1/3p1n1p/4p3/4P3/3P1N2/PPP1BPPP/RNBQ1RK1 w kq - 0 6,h2h3,19,2,-17
r1bq1rk1/ppp1bpp1/2np1n1p/4p3/4P3/3P3P/PPP1BPPN/RNBQ1RK1 w - - 3 8,f2f4,-23,-42,19
r2q1rk1/ppp1bpp1/2npbn1p/4p3/4PP2/3P3P/PPP1B1PN/RNBQ1RK1 w - - 1 9,f4f5,40,48,8
r2q1rk1/pppbbpp1/2np1n1p/4pP2/4P3/3P3P/PPP1B1PN/RNBQ1RK1 w - - 1 10,c2c4,49,1,-48
r2q1rk1/1p3pp1/p1bp3p/3NpPb1/2PpP1B1/3P3P/PP4P1/R2Q1RK1 w - - 2 17,b2b3,31,-84,-115
r2q1rk1/1p3pp1/p2p3p/3bpPb1/2PpP1B1/1P1P3P/P5P1/R2Q1RK1 w - - 0 18,e4d5,-99,-93,-6
r4rk1/1p2q1p1/p2p1pBp/3P1P2/2Ppp3/1P1Pb2P/P5P1/R2Q1R1K w - - 0 22,d3e4,-15,-57,42
3r1r1k/1R4p1/p2pqpBp/3P1P2/2P5/7P/6P1/7K w - - 0 34,d5e6,372,58,-314
5r1k/R5p1/p2pPpBp/5P2/2P5/7P/6PK/r7 w - - 5 37,e6e7,530,532,2
1r5k/R3P1p1/p2p1pBp/5P2/2P5/7P/6PK/r7 w - - 1 38,e7e8q,540,544,4
5k2/6p1/R4pBp/5P2/2P5/p6P/6PK/r7 w - - 0 46,c4c5,10000,476,-9524
5k2/6p1/R4pBp/2P2P2/8/7P/p5PK/r7 w - - 0 47,c5c6,505,491,-14
8/5R2/2r1Bp2/4kP2/8/7P/6PK/8 w - - 5 59,h3h4,561,581,20
8/5R2/4rp2/4kP2/7P/8/6PK/8 w - - 0 60,f5e6,670,757,87
8/R7/5p2/5k2/7P/8/6PK/8 w - - 2 62,g2g3,831,690,-141
8/R7/5p1k/8/7P/6PK/8/8 w - - 3 64,g3g4,10000,729,-9271
8/R7/5pk1/8/6PP/7K/8/8 w - - 1 65,h4h5,719,704,-15
8/8/R4p2/6kP/6P1/7K/8/8 w - - 3 67,h5h6,777,689,-88
7k/1R6/5K2/8/6P1/8/8/8 w - - 19 78,g4g5,10000,10000,0
6k1/1R6/5K2/6P1/8/8/8/8 w - - 1 79,g5g6,10000,10000,0
rnbqkbnr/pppppppp/8/8/8/8/PPPPPPPP/RNBQKBNR w KQkq - 0 1,e2e4,31,28,-3
rnbqkbnr/pppp1ppp/8/4p3/4P3/8/PPPP1PPP/RNBQKBNR w KQkq - 0 2,d2d4,30,-8,-38
rnbqkb1r/pppp1ppp/5n2/8/3QP3/8/PPP2PPP/RNB1KBNR w KQkq - 1 4,e4e5,-14,-49,35
rnb1kb1r/ppppqppp/5n2/4P3/3Q4/8/PPP2PPP/RNB1KBNR w KQkq - 1 5,f2f4,110,-102,-212
rnb1kb1r/pppp1ppp/5n2/4P3/1q1Q1P2/8/PPP3PP/RNB1KBNR w KQkq - 1 6,c2c3,337,37,-300
rnb1kb1r/pppp1ppp/5n2/4P3/3q1P2/2P5/PP4PP/RNB1KBNR w KQkq - 0 7,c3d4,35,38,3
rnb1k2r/pppp1ppp/8/4P3/3PNn2/8/PP4PP/R3KBNR w KQkq - 0 11,g2g3,-21,-34,13
rnb2rk1/pppp1p1p/6p1/4P1N1/3P4/3Bn1P1/PP5P/R3K1NR w KQ - 0 15,h2h4,-51,-107,56
rnb2rk1/ppp2p1p/3p2p1/4P1N1/3P3P/3Bn1P1/PP6/R3K1NR w KQ - 0 16,h4h5,-107,-114,7
rnb2rk1/ppp2p1p/6p1/4p1NP/3P4/3Bn1P1/PP6/R3K1NR w KQ - 0 17,h5g6,-137,-142,5
rnbqkbnr/pppppppp/8/8/8/8/PPPPPPPP/RNBQKBNR w KQkq - 0 1,d2d4,30,19,-11
rnbqkb1r/pppppppp/5n2/8/3P4/8/PPP1PPPP/RNBQKBNR w KQkq - 1 2,e2e3,21,8,-13
rnbqkb1r/ppp1pppp/5n2/3p4/3P4/4P3/PPP2PPP/RNBQKBNR w KQkq - 0 3,f2f4,11,-49,-60
Qn2kb1r/p3pp1p/2pq4/3p2p1/3PnP2/4P3/PPP3PP/RNB1K1NR w KQk - 0 9,f4f5,561,312,-249
1n3rk1/Q3pp1p/3q3b/2pp1Pp1/3Pn3/4PN2/PPP3PP/RNB1K2R w KQ - 0 12,d4c5,483,417,-66
5rk1/Q3pp1p/n2q3b/2np1Pp1/8/4PN2/PPP3PP/RNB2RK1 w - - 2 14,b2b3,450,353,-97
4r1k1/5p1p/n4q1b/2np1Pp1/8/1P2PN2/P1P3PP/RNB2RK1 w - - 0 17,b3b4,-516,-576,60
rnbqkbnr/pppppppp/8/8/8/8/PPPPPPPP/RNBQKBNR w KQkq - 0 1,e2e4,34,31,-3
rnbqkbnr/pppppppp/8/8/8/8/PPPPPPPP/RNBQKBNR w KQkq - 0 1,d2d4,32,17,-15
rnbqkbnr/ppp1pppp/8/3p4/3P4/8/PPP1PPPP/RNBQKBNR w KQkq - 0 2,e2e4,26,-33,-59
rnbqkbnr/ppp1pppp/8/8/3Pp3/8/PPP2PPP/RNBQKBNR w KQkq - 0 3,d4d5,-36,-160,124
rnbqkb1r/ppp1pppp/5n2/3P4/4p3/8/PPP2PPP/RNBQKBNR w KQkq - 1 4,c2c4,-148,-217,69
rn1qkb1r/pp2pppp/2p5/3P4/Q1P1n3/4B3/PP2NPPP/RN2K2R w KQkq - 0 9,d5c6,224,52,-172
rn1qkb1r/p4ppp/2p5/4p3/Q1P1n3/4B3/PP2NPPP/RN3RK1 w kq - 0 11,c4c5,182,39,-143
1r1q1rk1/p2nbppp/2p5/2P2Q2/8/4B3/PP2NPPP/RN3RK1 w - - 3 15,b2b3,545,478,-67
5rk1/p1q1bppp/2p2n2/2P2Q2/1r6/1PN1B3/P3NPPP/3R1RK1 w - - 5 18,g2g3,538,540,2
5rk1/p1q1bppp/2p5/2P2Q2/5N2/1PN1n1P1/P4P1P/3R1RK1 w - - 1 21,f2e3,835,849,14
rnbqkbnr/pppppppp/8/8/8/8/PPPPPPPP/RNBQKBNR w KQkq - 0 1,d2d4,29,19,-10
rnbqkbnr/pp1ppppp/8/2p5/3P4/8/PPP1PPPP/RNBQKBNR w KQkq - 0 2,d4c5,60,18,-42
r1bqk2r/pp1p1ppp/2n2n2/2b1p3/8/1Q3N2/PPP1PPPP/RNB1KB1R w KQkq - 0 6,e2e3,-199,-202,3
r4rk1/pQ3ppp/2p2n2/2bp4/7q/4P3/PPP2PPP/RNB2RK1 w - - 4 13,g2g3,47,-165,-212
r4rk1/pQ3ppp/2p2n2/2bp4/8/4P1Pq/PPP2P1P/RNB2RK1 w - - 1 14,f2f3,-129,-288,159
5rk1/p4ppp/8/8/8/5PP1/PPr2NKP/R7 w - - 0 27,b2b4,-446,-459,13
3r2k1/p4ppp/8/8/1P6/5PP1/P1r2NKP/R7 w - - 1 28,a2a4,-431,-433,2
6k1/5ppp/p7/8/PP6/5PP1/2rr1NKP/5R2 w - - 0 30,b4b5,-352,-366,14
6k1/5ppp/8/1p6/P7/5PP1/2rr1NKP/5R2 w - - 0 31,a4b5,-363,-354,-9
2R5/5pkp/6p1/1P6/8/5PP1/1r1r3P/5K2 w - - 2 37,b5b6,-637,-10000,9363
rnbqkbnr/pppppppp/8/8/8/8/PPPPPPPP/RNBQKBNR w KQkq - 0 1,e2e4,28,31,3
rnbqkbnr/pp2pppp/3p4/2p5/4P3/5N2/PPPP1PPP/RNBQKB1R w KQkq - 0 3,d2d4,35,39,4
r1bqkb1r/1p3ppp/p1nppn2/8/3NP3/2N5/PPP1BPPP/R1BQ1RK1 w kq - 4 8,b2b3,47,-14,-61
r1b2rk1/1pq1bppp/p1nppn2/8/3NP3/1PN5/PBPQBPPP/R4RK1 w - - 5 11,a2a3,-5,-22,17
2r1r1k1/3bbpp1/p1npp2p/qp6/4P1B1/PP6/1BPQNPPP/R4RK1 w - - 1 18,b3b4,-36,-26,-10
2r3k1/2rb1p2/p2pp1pp/1p5N/1P2P3/q2B2Q1/5PPP/5RK1 w - - 0 31,e4e5,-236,-340,104
rnbqkbnr/pppppppp/8/8/8/8/PPPPPPPP/RNBQKBNR w KQkq - 0 1,d2d4,33,17,-16
rnbqkbnr/pppp1ppp/4p3/8/3P4/8/PPP1PPPP/RNBQKBNR w KQkq - 0 2,c2c4,35,18,-17
rnbqkbnr/ppp2ppp/4p3/3p4/2PP4/8/PP2PPPP/RNBQKBNR w KQkq - 0 3,e2e3,17,3,-14
rnbqkb1r/ppp2ppp/4pn2/3p4/2PP4/4P3/PP3PPP/RNBQKBNR w KQkq - 1 4,a2a3,9,-3,-12
rnbqkb1r/pp3p1p/2p1pnp1/3p4/2PP4/P1N1P3/1P3PPP/R1BQKBNR w KQkq - 0 6,b2b4,18,3,-15
rnbq1rk1/pp3pbp/2p1pnp1/3p4/1PPP4/P1N1PN2/5PPP/R1BQKB1R w KQ - 3 8,c4d5,12,-25,-37
r1bq1rk1/1p3pbp/2n1pnp1/p2p4/1P1P4/P1NBPN2/1B3PPP/R2Q1RK1 w - - 0 12,b4b5,131,112,-19
r1bq1rk1/1p2npbp/4pnp1/pP1p4/3P4/P1NBPN2/1B3PPP/R2Q1RK1 w - - 1 13,a3a4,122,122,0
2rq1rk1/1b1nnpbp/1p2p1p1/pP1p4/P2P2N1/2NBP3/1B3PPP/R2QR1K1 w - - 6 17,f2f3,36,-39,-75
2rq1rk1/1b1nn1b1/1p2p1p1/pP1p1p1p/P2P4/2NBPP2/1B3NPP/R2QR1K1 w - - 0 19,f3f4,134,76,-58
2rq1r2/1b1nn1bk/1p2p1p1/pP1p1p1p/P2P1P2/2NBP3/1B3NPP/R2QR1K1 w - - 1 20,h2h3,203,58,-145
2rq2r1/1b1nn1b1/1p2p2k/pP1p1ppp/P2P1P2/2N1P2P/1B2BNP1/2RQR1K1 w - - 0 23,f4g5,332,264,-68
6r1/1b1n3q/1p2pknb/pP1p2r1/P2P1p1p/2N1PB1P/1BQ1RRP1/6KN w - - 0 33,e3e4,331,159,-172
6r1/3n3q/1p3knb/pP2p1r1/P2PBp1p/7P/1BQ1RRP1/6KN w - - 0 36,d4e5,528,501,-27
rnbqkbnr/pppppppp/8/8/8/8/PPPPPPPP/RNBQKBNR w KQkq - 0 1,e2e4,33,31,-2
rnbqkbnr/pppppp1p/6p1/8/4P3/8/PPPP1PPP/RNBQKBNR w KQkq - 0 2,d2d4,55,55,0
rn1qk1nr/pbp1ppb1/1p1p2pp/8/3PP3/3B1N2/PPPN1PPP/R1BQ1RK1 w kq - 0 7,c2c3,116,82,-34
r2q1r2/pbpnnpbk/1p1p2pp/4p3/3PP3/2PBBNN1/PP1Q1PPP/R3R1K1 w - - 0 13,h2h3,105,45,-60
r2q1r2/1b1nnpbk/pp1p2pp/2p1p3/3PP3/2PBB1NP/PP1Q1PPN/R3R1K1 w - - 0 15,d4d5,110,107,-3
r1bq1r1b/3n1p1k/pp1p2np/2pPp1pN/4P1N1/2PBB2P/PP1Q1PP1/R4RK1 w - - 6 19,g2g3,126,100,-26
r1bq1r2/5p1k/pp1p1bnp/2pPp1p1/4P1N1/2PBB1PP/PP1Q1P2/R4RK1 w - - 0 21,f2f4,81,-40,-121
r2q1r2/5p1k/pp1p1bnp/2pPp1p1/4PPb1/2PBB1PP/PP1Q4/R4RK1 w - - 0 22,h3g4,18,-41,-59
r2q1r2/4np1k/pp1p1b1p/2pPp1p1/4PPP1/2PBB1P1/PP1Q4/R4RK1 w - - 1 23,f4g5,338,298,-40
rnbqkbnr/pppppppp/8/8/8/8/PPPPPPPP/RNBQKBNR w KQkq - 0 1,e2e4,31,29,-2
rnbqkbnr/ppp1pppp/8/3p4/4P3/8/PPPP1PPP/RNBQKBNR w KQkq - 0 2,e4d5,59,65,6
rn3rk1/pp2bppp/2p1pn2/8/2B5/5Q2/PPPP1PPP/R1B1R1K1 w - - 4 12,d2d4,673,662,-11
r4rk1/p2n1ppp/4pb2/1pp5/3P4/1B3Q2/PPP2PPP/R3R1K1 w - - 0 16,c2c3,680,611,-69
r4rk1/p2n1ppp/4pb2/1p6/3p4/1BP2Q2/PP3PPP/R3R1K1 w - - 0 17,c3d4,641,583,-58
2r3k1/p4ppp/1b3n2/8/4p3/Q7/PP2BPPP/4R1K1 w - - 3 26,b2b4,560,495,-65
rnbqkbnr/pppppppp/8/8/8/8/PPPPPPPP/RNBQKBNR w KQkq - 0 1,e2e4,31,32,1
rnbqkbnr/ppp2ppp/4p3/3p4/4P3/5N2/PPPP1PPP/RNBQKB1R w KQkq - 0 3,e4d5,19,13,-6
rnbqkbnr/ppp2ppp/8/3p4/8/5N2/PPPP1PPP/RNBQKB1R w KQkq - 0 4,b2b3,8,-42,-50
rn1qk2r/ppp2ppp/4bn2/2bp4/8/1P1B1N2/PBPP1PPP/RN1QK2R w KQkq - 5 7,h2h3,-24,-67,43
r2qr1k1/ppp2ppp/3b4/3n4/N1QB4/1P3b1P/P1PP1PP1/R4RK1 w - - 0 18,g2f3,-533,-792,259
rnbqkbnr/pppppppp/8/8/8/8/PPPPPPPP/RNBQKBNR w KQkq - 0 1,e2e4,35,28,-7
rnbqkb1r/pppp2pp/5n2/4Np2/4P3/8/PPPP1PPP/RNBQKB1R w KQkq - 1 4,d2d4,129,33,-96
r3kb1r/ppp4p/3q1np1/3pnbB1/3Pp3/2N5/PPP1BPPP/R2QK2R w KQkq - 0 12,d4e5,59,-73,-132
rnbqkbnr/pppppppp/8/8/8/8/PPPPPPPP/RNBQKBNR w KQkq - 0 1,e2e4,31,32,1
r1bqkbnr/pppp1ppp/2n5/4p3/4P3/5N2/PPPP1PPP/RNBQKB1R w KQkq - 2 3,d2d4,30,28,-2
r1bk1b1r/ppp2ppp/2p2n2/8/4P3/8/PPP2PPP/RNB1KB1R w KQ - 0 7,e4e5,37,-7,-44
r1bk1b1r/ppp2ppp/2p5/4P3/8/2n5/PPP2PPP/R1B1KB1R w KQ - 0 9,b2c3,2,3,1
r2k1b1r/ppp2ppp/2p1b3/4P3/8/2PB4/P1P2PPP/R1B1K2R w KQ - 3 11,f2f4,17,25,8
r3k2r/ppp1b1pp/2p1b3/4Pp2/5P2/2PB4/PBP3PP/3R1RK1 w - - 4 15,a2a3,-19,-40,21
r3k2r/ppp1b2p/2p1b3/4Pp2/5Pp1/P1PB4/2P3PP/2BR1RK1 w - - 0 17,g2g3,-28,-303,275
r3k2r/ppp1b3/2p1b3/4Pp1p/5Pp1/P1PB2P1/2P4P/2BR1RK1 w - - 0 18,h2h4,-109,-106,-3
r3k2r/ppp5/2p5/2bbPp1p/5PpP/P1PB2P1/2P4K/2BR1R2 w - - 3 20,c3c4,310,-20,-330
5r2/ppp1k3/2p5/2r1P2p/5PpP/P5P1/2P1R2K/5R2 w - - 0 28,f4f5,-1,-17,16
5r2/ppp1k3/2p5/r3PP1p/6pP/P5P1/2P1R2K/5R2 w - - 1 29,f5f6,-7,-202,195
4kr2/ppp5/2p2P2/r3P2p/6pP/P5P1/2P1R2K/5R2 w - - 1 30,e5e6,360,267,-93
4kr2/ppp5/2p1PP2/7p/6pP/r5P1/2P1R2K/5R2 w - - 0 31,e6e7,685,487,-198
4k3/ppp1r3/2p2P2/7p/6pP/r5P1/2PR3K/5R2 w - - 0 33,f6e7,480,524,44
rnbqkbnr/pppppppp/8/8/8/8/PPPPPPPP/RNBQKBNR w KQkq - 0 1,e2e4,28,33,5
rnbqkb1r/pppp1ppp/5n2/4p3/2B1P3/8/PPPP1PPP/RNBQK1NR w KQkq - 2 3,d2d3,-7,4,11
rnbqkb1r/pppp1pp1/5n1p/4p3/2B1P3/3P4/PPP2PPP/RNBQK1NR w KQkq - 0 4,a2a3,19,-46,-65
rnbqkb1r/ppp2pp1/3p1n1p/4p3/2B1P3/P2P4/1PP2PPP/RNBQK1NR w KQkq - 0 5,h2h3,34,-6,-40
rn2kb1r/pp3pp1/2ppqn1p/4p3/4P3/P1NP1Q1P/1PP2PP1/R1B1K1NR w KQkq - 0 9,b2b4,3,-26,-29
rn2kb1r/p4pp1/2ppqn1p/1p2p3/1P2P3/P1NP1Q1P/2P2PP1/R1B1K1NR w KQkq - 0 10,a3a4,35,-23,-58
rn2kb1r/5pp1/p1ppqn1p/1p2p3/PP2P3/2NP1Q1P/2P2PP1/R1B1K1NR w KQkq - 0 11,a4b5,100,95,-5
rnq1kb1r/5pp1/p1pp1n1p/1P2p3/1P2P3/2NP1Q1P/2P2PP1/R1B1K1NR w KQkq - 1 12,b5c6,138,19,-119
rn2k2r/1q2bpp1/p2p3p/3np3/1P2P3/3P1Q1P/2PBNPP1/R3K2R w KQkq - 0 16,e4d5,249,243,-6
r3k2r/1q1nbpp1/p2p3p/3Pp3/1P6/3P1Q1P/2PBNPP1/R3K2R w KQkq - 1 17,c2c4,266,247,-19
r4rk1/3qbpp1/p2p1n1p/3Pp3/1PP5/3P1QNP/3B1PP1/R4RK1 w - - 5 20,d3d4,392,338,-54
1r3rk1/2q2pp1/p2p3p/3P2n1/1PPB2Q1/7P/5PP1/2RR2K1 w - - 3 28,h3h4,299,260,-39
1r3rk1/2q3p1/3p3p/p2P1p2/1PPBn2P/1Q6/5PP1/2RR2K1 w - - 0 31,b4b5,249,234,-15
1r3rk1/4q1p1/3p3p/pP1P1p2/2PBn2P/1Q6/5PP1/2RR2K1 w - - 1 32,g2g3,243,198,-45
1r3rk1/4q1p1/3p3p/pP1P4/2PBn2P/1Q4p1/5P2/2R1R1K1 w - - 0 34,f2g3,283,289,6
rnbqkbnr/pppppppp/8/8/8/8/PPPPPPPP/RNBQKBNR w KQkq - 0 1,c2c4,31,1,-30
rnbqkbnr/p2ppppp/1p6/2p5/2P5/2N5/PP1PPPPP/R1BQKBNR w KQkq - 0 3,d2d3,65,17,-48
rn1qkbnr/pb1ppppp/1p6/2p5/2P5/2NP4/PP2PPPP/R1BQKBNR w KQkq - 1 4,e2e4,6,-5,-11
rn2kbnr/pbqppppp/1p6/2p5/2P1P3/2NP4/PP3PPP/R1BQKBNR w KQkq - 1 5,f2f4,22,40,18
rn2kb1r/pbqppppp/1p6/2p4n/2P1PP2/2NP1N2/PP4PP/R1BQKB1R w KQkq - 3 7,e4e5,158,129,-29
rn2kb1r/pbq1pppp/1p1p4/2p1P2n/2P2P2/2NP1N2/PP4PP/R1BQKB1R w KQkq - 0 8,e5d6,264,109,-155
rnbqkbnr/pppppppp/8/8/8/8/PPPPPPPP/RNBQKBNR w KQkq - 0 1,c2c4,28,1,-27
rnbqkb1r/pppppp1p/5np1/8/2P5/2N5/PP1PPPPP/R1BQKBNR w KQkq - 0 3,d2d4,45,49,4
rnbqkb1r/ppp1pp1p/3p1np1/8/2PP4/2N5/PP2PPPP/R1BQKBNR w KQkq - 0 4,e2e4,55,48,-7
r2q1rk1/2p2p1p/ppnppbp1/8/2PPP3/4BB2/PP3PPP/1R1Q1RK1 w - - 0 13,b2b3,412,47,-365
1r1q1rk1/2p2p1p/1pnppbp1/p7/2PPP3/1P2B3/P3BPPP/1R1Q1RK1 w - - 0 15,f2f4,66,10,-56
1r1q1rk1/2p2p1p/1pnp1bp1/p3p3/2PPPP2/1P2B3/P3B1PP/1R1Q1RK1 w - - 0 16,d4d5,17,-32,-49
1r1q1rk1/2p2p1p/1p1p1bp1/p2Pp3/2PnPP2/1P2B3/P3B1PP/1R1Q1RK1 w - - 1 17,f4f5,97,30,-67
1r1q1rk1/2p2p1p/1p1p2p1/p2PpPb1/2P1P3/1P2B3/P3Q1PP/1R3RK1 w - - 1 19,f5g6,150,8,-142
1r4k1/2p1q2p/1p1p2p1/p2Pp3/2P1P3/1P2Q3/P5PP/5RK1 w - - 2 23,a2a4,9,0,-9
6k1/2p4p/1p1p2pq/p2Pp3/P1P1P3/1P3Q2/6PP/6K1 w - - 2 26,h2h3,-13,-10,-3
rnbqkbnr/pppppppp/8/8/8/8/PPPPPPPP/RNBQKBNR w KQkq - 0 1,d2d4,28,27,-1
rnbqkbnr/ppp1pppp/8/3p4/3P4/8/PPP1PPPP/RNBQKBNR w KQkq - 0 2,c2c4,22,24,2
rnbqkb1r/ppp1pppp/5n2/3p4/2PP4/8/PP2PPPP/RNBQKBNR w KQkq - 1 3,e2e3,45,-2,-47
rnbqk2r/ppp2ppp/4pn2/3p4/2PP4/2b1PN2/PP3PPP/R1BQKB1R w KQkq - 0 6,b2c3,32,44,12
rnbq1rk1/pp3ppp/2p1pn2/8/2BP4/2PQPN2/P4PPP/R1B1K2R w KQ - 0 9,e3e4,179,144,-35
r1bq1rk1/pp1n1ppp/2p1pn2/8/2BPP3/2PQ1N2/P4PPP/R1B1K2R w KQ - 1 10,e4e5,195,169,-26
rnbqkbnr/pppppppp/8/8/8/8/PPPPPPPP/RNBQKBNR w KQkq - 0 1,e2e4,23,31,8
rnbqkbnr/pppp1ppp/4p3/8/4P3/8/PPPP1PPP/RNBQKBNR w KQkq - 0 2,d2d4,40,47,7
rnbqkbnr/ppp2ppp/4p3/3p4/3PP3/8/PPP2PPP/RNBQKBNR w KQkq - 0 3,e4e5,47,24,-23
rnbqkbnr/pp3ppp/4p3/2ppP3/3P4/8/PPP2PPP/RNBQKBNR w KQkq - 0 4,c2c3,14,25,11
r3k1nr/1p2b1pp/1pb1p3/2ppp3/3P4/2P1B3/PP2NPPP/RN3RK1 w kq - 0 12,d4e5,-119,-108,-11
2kr2n1/1p1bb1pr/1p2p1Np/2ppP3/8/2P1B3/PP1N1PPP/R4RK1 w - - 6 16,a2a4,149,97,-52
3r2n1/1pkb2pr/1p2p1Np/2ppP3/P7/2P1b3/RP1N1PPP/R5K1 w - - 0 19,f2e3,112,66,-46
3r2n1/1pkb2pr/1p2p2p/2ppP3/P4N2/2P1P3/RP1N2PP/R5K1 w - - 3 21,b2b4,62,10,-52
3r2n1/1pkb2pr/1p2p2p/3pP3/PPp2N2/2P1P3/R2N2PP/R5K1 w - - 0 22,a4a5,147,49,-98
3r4/1pk4r/2b1p2p/R2pP1p1/1Pp5/2P1P3/3N2PP/R5K1 w - - 0 27,h2h3,106,37,-69
8/1pk5/2b4R/4P3/1Ppp4/6R1/4K3/2r5 w - - 2 41,e5e6,-44,-360,316
rnbqkbnr/pppppppp/8/8/8/8/PPPPPPPP/RNBQKBNR w KQkq - 0 1,e2e4,31,30,-1
rnbqkbnr/pppp1ppp/8/4p3/4P3/8/PPPP1PPP/RNBQKBNR w KQkq - 0 2,f2f4,29,-59,-88
r1b1kbnr/ppp3pp/2np1q2/1B3p2/4Pp2/2N2N2/PPPP2PP/R1BQ1RK1 w kq - 2 7,d2d4,325,268,-57
r3kbnr/pppb2pp/2np1q2/1B3p2/3PPp2/2N2N2/PPP3PP/R1BQ1RK1 w kq - 1 8,e4e5,305,242,-63
r3kbnr/ppp3pp/2b2q2/4pp2/3P1p2/2N2N2/PPP3PP/R1BQ1RK1 w kq - 0 10,d4e5,-35,-59,24
r3k2r/ppp1n1pp/2b3q1/2b1PpN1/5B2/2N5/PPP3PP/R2Q1R1K w kq - 3 14,a2a3,-63,-151,88
r4rk1/ppp1n1p1/2b3qp/2b1Pp2/5B2/P1N2N2/1PP3PP/R2Q1R1K w - - 2 16,b2b4,-94,-125,31
r4rk1/ppp1n1p1/1bb3qp/4Pp2/1P3B2/P1N2N2/2P3PP/R2Q1R1K w - - 1 17,b4b5,-114,-116,2
rnbqkbnr/pppppppp/8/8/8/8/PPPPPPPP/RNBQKBNR w KQkq - 0 1,e2e4,30,29,-1
rnbqk1nr/ppp1bppp/3p4/4p3/2B1P3/5N2/PPPP1PPP/RNBQK2R w KQkq - 2 4,h2h3,29,14,-15
rnbqk1nr/pp2bppp/2pp4/4p3/2B1P3/5N1P/PPPP1PP1/RNBQK2R w KQkq - 0 5,c2c3,39,13,-26
r1b1k2r/ppqnbppp/2pp1n2/4p3/4P3/2P2N1P/PPBP1PP1/RNBQK2R w KQkq - 5 8,d2d3,26,-10,-36
r3k2r/1pq1bppn/2ppbn1p/p3p3/4P3/1NPPBN1P/PPBQ1PP1/R3K2R w KQkq - 0 13,a2a4,-1,-26,25
r2r2k1/1pq1bppn/2p1bn1p/p3p3/P3p3/2PPB2P/1PBQ1PPN/R1N2RK1 w - - 0 17,d3d4,-226,-393,167
r2r2k1/1pq1bppn/2p1bn1p/p7/P2pp3/2P1B2P/1PBQ1PPN/R1N2RK1 w - - 0 18,c3d4,-402,-377,-25
r2r2k1/1pq2pp1/5n1p/p5n1/P1bBp3/2b1Q2P/1PB2PPN/R2R2K1 w - - 0 24,b2c3,-166,-218,52
r2r2k1/1p3pp1/7p/p2n2n1/P1bBp3/2P3qP/2B2PPN/R2R2K1 w - - 0 26,f2g3,-223,-252,29
r2r2k1/1p4p1/7p/p2n1pn1/P1bBp3/2P3PP/2B3PN/R2R2K1 w - - 0 27,h3h4,-123,-245,122
r2r2k1/1p4p1/4n2p/p2n1p2/P1bBp2P/2P3P1/2B3PN/R2R2K1 w - - 1 28,g3g4,-264,-285,21
r2r2k1/1p6/4n1pp/p2n1p2/P1bBp1PP/2P5/2B3PN/R2R2K1 w - - 0 29,g4f5,-263,-256,-7
r2r2k1/1p6/4n2p/p2n1p2/P1bBp2P/2P5/2B3PN/R2R2K1 w - - 0 30,g2g4,-278,-287,9
r2r2k1/1p6/4n2p/p2n1p2/P2Bp1PP/2P5/2B1b2N/R2R2K1 w - - 1 31,g4f5,-123,-323,200
rnbqkbnr/pppppppp/8/8/8/8/PPPPPPPP/RNBQKBNR w KQkq - 0 1,g2g3,30,5,-25
rnbqkbnr/pp2pppp/8/2pp4/8/6P1/PPPPPPBP/RNBQK1NR w KQkq - 0 3,b2b3,8,-48,-56
r1bqkbnr/pp3ppp/2n5/2ppp3/8/1P4P1/PBPPPPBP/RN1QK1NR w KQkq - 0 5,e2e3,-76,-84,8
r1bqkb1r/pp3ppp/2n2n2/2ppp3/8/1P2P1P1/PBPP1PBP/RN1QK1NR w KQkq - 1 6,d2d3,-82,-81,-1
r1bqk2r/pp3ppp/2nb1n2/2ppp3/8/1P1PP1P1/PBP2PBP/RN1QK1NR w KQkq - 1 7,h2h3,-79,-112,33
r1bq1rk1/1p3ppp/2nb1n2/p1ppp3/8/1P1PP1PP/PBP1NPB1/RN1QK2R w KQ - 0 9,a2a3,-45,-83,38
r1bq1rk1/1p3ppp/2nb1n2/2ppp3/p7/PP1PP1PP/1BP1NPB1/RN1QK2R w KQ - 0 10,b3a4,-89,-83,-6
5rk1/1p1q1ppp/2nbbn2/2ppp3/r7/P2PP1PP/1BP1NPBK/RN1Q1R2 w - - 0 13,c2c4,-77,-57,-20
5rk1/1p1q1ppp/r1nbbn2/2ppp3/2P5/P2PP1PP/1B2NPBK/RN1Q1R2 w - - 1 14,c4d5,-46,-56,10
5rk1/1p1q1ppp/r1nb1n2/2pbp3/8/P2PP1PP/1B2NPBK/RN1Q1R2 w - - 0 15,e3e4,-59,-113,54
5rk1/1p1q1ppp/r2bb3/3np3/3pP3/P2P2PP/1B3PBK/R2Q1R2 w - - 0 19,e4d5,-161,-189,28
5rk1/1p1q1ppp/r2b2b1/3Pp3/3p4/P2P2PP/5PBK/R1BQ1R2 w - - 3 21,f2f4,-67,-68,1
5rk1/1R3ppp/8/3P4/3pbR2/r1qP2PP/8/3Q3K w - - 0 28,d3e4,-367,-502,135
5rk1/1R3ppp/8/3P4/4P1R1/3pr2q/8/3Q2K1 w - - 0 33,d5d6,-431,-528,97
rnbqkbnr/pppppppp/8/8/8/8/PPPPPPPP/RNBQKBNR w KQkq - 0 1,e2e4,30,30,0
rnbqkbnr/ppp2ppp/8/4p3/4N3/8/PPPP1PPP/R1BQKBNR w KQkq - 0 4,d2d3,49,-52,-101
rnbqk1nr/ppp2ppp/8/4p3/1b2N3/3P4/PPP2PPP/R1BQKBNR w KQkq - 1 5,c2c3,8,3,-5
rnbqk1nr/ppp2ppp/8/b3p3/4N3/2PP4/PP3PPP/R1BQKBNR w KQkq - 1 6,f2f4,114,44,-70
rn3rk1/ppp2ppp/4b3/b5B1/4q3/2PP3N/PP4PP/R3KB1R w KQ - 0 13,d3e4,-100,-125,25
4r1k1/ppp2ppp/8/6b1/4P3/2P2n2/PP4PP/3R1RK1 w - - 0 21,g2f3,322,297,-25
rnbqkbnr/pppppppp/8/8/8/8/PPPPPPPP/RNBQKBNR w KQkq - 0 1,e2e4,31,31,0
rnbqkbnr/pp3ppp/2p5/3pp3/2B1P3/5N2/PPPP1PPP/RNBQK2R w KQkq - 0 4,e4d5,11,-23,-34
rnbqkb1r/pp3ppp/5n2/3p4/4p3/1B3N2/PPPPQPPP/RNB1K2R w KQkq - 2 7,d2d3,-17,-12,-5
rn1qkb1r/pp3ppp/5n2/3p4/4p1b1/1B1P1N2/PPP1QPPP/RNB1K2R w KQkq - 1 8,h2h3,172,74,-98
rn1qkb1r/pp3ppp/5n2/3p3b/4p3/1B1P1N1P/PPP1QPP1/RNB1K2R w KQkq - 1 9,g2g4,157,99,-58
rn1q1rk1/pp3ppp/5nb1/2bp2N1/6P1/1B1p3P/PPP1QP2/RNB1R1K1 w - - 0 13,c2d3,-245,-243,-2
6k1/1B3pp1/6bp/6b1/6P1/3n1K2/P3R3/8 w - - 1 36,a2a4,-66,-125,59
4R3/1B3ppk/6b1/6bp/P5P1/3n1K2/8/8 w - - 2 38,g4h5,-52,-138,86
rnbqkbnr/pppppppp/8/8/8/8/PPPPPPPP/RNBQKBNR w KQkq - 0 1,c2c4,31,16,-15
rnbqkbnr/pppp2pp/8/4pp2/2P5/2N5/PP1PPPPP/R1BQKBNR w KQkq - 0 3,d2d3,27,24,-3
rnbqkbnr/ppp3pp/3p4/4p3/2P2p2/2NP1N2/PP2PPPP/R1BQKB1R w KQkq - 0 5,e2e3,147,71,-76
N2k1bnr/pp4pp/2np1q2/2p1p3/2P4N/3PB2b/PP2BPPP/R2Q1RK1 w - - 3 13,g2h3,559,455,-104
N2k1bnr/pp4pp/2np4/2p1pq2/2P5/3PB3/PP3PBP/R2Q1RK1 w - - 2 16,f2f4,468,468,0
N2k1b1r/pp4pp/2np1n2/2p1pq2/2P2P2/3PB3/PP4BP/R2Q1RK1 w - - 1 17,f4e5,427,472,45
rnbqkbnr/pppppppp/8/8/8/8/PPPPPPPP/RNBQKBNR w KQkq - 0 1,d2d4,32,17,-15
rnbqkbnr/pp2pppp/2p5/3p4/3P4/5N2/PPP1PPPP/RNBQKB1R w KQkq - 0 3,g2g3,20,11,-9
rn1qkb1r/pp2pppp/2p2n2/3p1b2/3P4/5NP1/PPP1PPBP/RNBQK2R w KQkq - 3 5,h2h3,11,-17,-28
r2qk2r/pp1n2pp/2pbpnp1/3p4/3P4/6PP/PPPNPPB1/R1BQ1RK1 w kq - 0 10,c2c4,137,155,18
r2qk2r/p2n2pp/1ppbpnp1/3p4/2PP4/6PP/PP1NPPB1/R1BQ1RK1 w kq - 0 11,a2a3,213,132,-81
r2q1rk1/p2n2pp/1ppbpnp1/3p4/2PP4/P5PP/1P1NPPB1/R1BQ1RK1 w - - 1 12,e2e4,136,136,0
1r3rk1/p1b1q1pp/1p2pnp1/8/2PP4/P5PP/1P3PB1/R1BQ1RK1 w - - 3 17,d4d5,317,205,-112
5rk1/p1brq1pp/1p2pnp1/3P4/2P5/PQ2B1PP/1P3PB1/R4RK1 w - - 7 21,d5e6,264,276,12
5rk1/p1br2p1/1p3qpp/8/2P5/PQ4PP/1P3PB1/R3R1K1 w - - 0 25,c4c5,164,12,-152
5r2/p1br2pk/1p3qpp/2P5/8/PQ4PP/1P3PB1/R3R1K1 w - - 1 26,c5c6,34,-330,-364
rnbqkbnr/pppppppp/8/8/8/8/PPPPPPPP/RNBQKBNR w KQkq - 0 1,d2d3,31,-19,-50
rnbqkbnr/pppp1ppp/8/4p3/8/3P4/PPP1PPPP/RNBQKBNR w KQkq - 0 2,e2e4,-12,-8,-4
rnbqkbnr/pp1p1ppp/8/2p1p3/4P3/3P4/PPP2PPP/RNBQKBNR w KQkq - 0 3,c2c3,19,-7,-26
rnbqkbnr/pp3ppp/3p4/2p1p3/4P3/2PP4/PP3PPP/RNBQKBNR w KQkq - 0 4,d3d4,20,23,3
rnbqkbnr/pp3ppp/3p4/4p3/3pP3/2P5/PP3PPP/RNBQKBNR w KQkq - 0 5,c3d4,36,46,10
rnb1kbnr/pp3ppp/3p4/q7/3pP3/8/PP1N1PPP/R1BQKBNR w KQkq - 0 7,a2a3,25,-1,-26
r1b1kbnr/pp3ppp/2np4/q7/3pP3/P7/1P1N1PPP/R1BQKBNR w KQkq - 1 8,b2b3,-2,-149,147
r1b1kb1r/pp3ppp/2np1n2/q7/3pP3/PP6/3N1PPP/R1BQKBNR w KQkq - 1 9,f2f3,-90,-233,143
r1b2rk1/pp2bppp/2np1n2/q7/3pP3/PP3P2/1B1N2PP/R2QKBNR w KQ - 3 11,b3b4,-252,-252,0
r1b2rk1/pp2bppp/2np1n2/7q/1P1pP3/P4P2/1B1N2PP/R2QKBNR w KQ - 1 12,g2g4,-226,-483,257
r4rk1/p3bppp/Bp3n2/3p2q1/1P2P1P1/P4PB1/3N3P/R2QK1NR w - - 0 21,e4e5,575,580,5
r4rk1/p4ppp/Bp6/6q1/1b4P1/PN3QB1/7P/R3K1NR w - - 0 25,a3b4,721,750,29
rnbqkbnr/pppppppp/8/8/8/8/PPPPPPPP/RNBQKBNR w KQkq - 0 1,e2e4,31,31,0
rnb1k1nr/1p1p1p1p/pq3b2/8/4P3/6Q1/PPPP1PPP/RNB1KBNR w KQkq - 3 10,d2d3,424,0,-424
rnb1k1nr/7p/pp1p1p2/8/4P3/3P1N2/P1P2PPP/1N2KB1R w Kkq - 0 21,d3d4,-453,-474,21
rnbqkbnr/pppp1ppp/4p3/8/8/5N2/PPPPPPPP/RNBQKB1R w KQkq - 0 2,e2e4,23,23,0
rnbqkb1r/ppp2ppp/4pn2/3p4/4P3/2N2N2/PPPP1PPP/R1BQKB1R w KQkq - 2 4,e4e5,33,14,-19
rnbqkb1r/pppn1ppp/4p3/3pP3/8/2N2N2/PPPP1PPP/R1BQKB1R w KQkq - 1 5,d2d4,16,8,-8
r2qkb1r/1p1b1ppp/p1n1p3/2ppP3/3P4/5N2/PPP1NPPP/R1BQK2R w KQkq - 2 9,c2c3,8,-20,-28
r2qkb1r/1p1b1ppp/p1n1p3/3pP3/3p4/2P2N2/PP2NPPP/R1BQK2R w KQkq - 0 10,c3d4,9,-16,-25
r2q1rk1/1p1b1pp1/p1n1p2p/3pP3/1b1P4/5N2/PP1BNPPP/R2Q1RK1 w - - 0 13,a2a3,18,-50,-68
2r3k1/1p1bbpp1/pq2p2p/n2pP3/3P4/P3BN2/1P1QNPPP/5RK1 w - - 0 18,b2b4,-140,-220,80
2r3k1/1p1b1pp1/p3p2p/3pP3/qbnP1B2/P2Q1N2/4NPPP/R5K1 w - - 0 22,g2g4,-301,-428,127
2r3k1/1p3pp1/p3p2p/1b1p4/Nb1P1BP1/P2n1N2/5P1P/R5K1 w - - 0 25,a3b4,-459,-444,-15
rnbqkbnr/pppppppp/8/8/8/8/PPPPPPPP/RNBQKBNR w KQkq - 0 1,g2g3,35,6,-29
rnbqkbnr/pp2pppp/8/2pp4/8/6P1/PPPPPPBP/RNBQK1NR w KQkq - 0 3,b2b3,14,-36,-50
r1bqkbnr/pp3ppp/2n5/2ppp3/8/1P4P1/PBPPPPBP/RN1QK1NR w KQkq - 0 5,e2e3,-71,-86,15
r1bqkb1r/pp3ppp/2n2n2/2ppp3/8/1P2P1P1/PBPP1PBP/RN1QK1NR w KQkq - 1 6,h2h3,-83,-98,15
r1bqk2r/pp3ppp/2nb1n2/2ppp3/8/1P2P1PP/PBPP1PB1/RN1QK1NR w KQkq - 1 7,d2d3,-102,-109,7
3r1rk1/pp1q1ppp/2nbbn2/2ppp3/8/1P1PP1PP/PBP1NPBK/RN1Q1R2 w - - 7 11,a2a3,-107,-122,15
3r1rk1/pp1q1pp1/2nbbn2/2ppp3/7p/PP1PP1PP/1BPNNPBK/R2Q1R2 w - - 0 13,g3g4,-85,-123,38
3r1rk1/pp1q1pp1/2n1bn2/2pp4/4pbPp/PP1PP2P/1BPN1PBK/R2Q1R2 w - - 0 15,e3f4,-138,-137,-1
3r1rk1/pp3pp1/2nqbn2/2pp4/4pPPp/PP1P3P/1BPN1PBK/R2Q1R2 w - - 1 16,d3e4,-119,-326,207
5rk1/pp3pp1/4b3/2p5/5nPp/PP5P/2P2PB1/R2N3K w - - 1 24,f2f3,-108,-278,170
3r2k1/pp3pp1/4b3/2p5/6Pp/PP3P1P/2P3K1/R2N4 w - - 1 26,c2c4,-70,-228,158
6k1/p4pp1/4b3/2p5/2p3Pp/PP2NP1P/3r4/R5K1 w - - 0 29,b3c4,-110,-100,-10
6k1/p4pp1/4b3/2p5/2P3Pp/P1r1NP1P/5K2/R7 w - - 3 31,f3f4,-57,-130,73
rnbqkbnr/pppppppp/8/8/8/8/PPPPPPPP/RNBQKBNR w KQkq - 0 1,e2e4,33,31,-2
rnbqkbnr/ppp1pppp/8/3p4/4P3/8/PPPP1PPP/RNBQKBNR w KQkq - 0 2,e4d5,60,62,2
rn1qkbnr/pp2pppp/2p5/5b2/2B5/2N2N2/PPPP1PPP/R1BQK2R w KQkq - 2 6,d2d3,152,27,-125
rn1qkb1r/pp3pp1/2p1pn1p/5b2/2B2B2/2NP1N2/PPPQ1PPP/R3K2R w KQkq - 2 9,h2h3,-10,-21,11
2kr1b1r/pp1n1pp1/2p1pn1p/q4b2/2B2B2/2NP1N1P/PPPQ1PP1/1K1R3R w - - 5 12,g2g4,264,145,-119
2kr1bbr/pp3pp1/2p1p2p/3nN3/6P1/1B1P3P/PPPB1P2/1K1RR3 w - - 2 18,f2f4,71,43,-28
1k1r1bbr/pp2npp1/2p1p2p/4N3/5PP1/1B1PB2P/PPP5/1K1RR3 w - - 3 20,f4f5,106,50,-56
1k1r1bbr/pp2n1p1/2p2p1p/4pP2/2N3P1/1B1PB2P/PPP5/1K1RR3 w - - 0 22,d3d4,84,95,11
1k4br/pp4p1/2p2p1p/3n1P2/1b1B2P1/1B2N2P/PPP5/1K2R3 w - - 3 26,c2c3,58,40,-18
1kr5/1p6/1p3R2/3p1P2/6p1/2P4P/PP6/1K6 w - - 0 34,h3g4,495,535,40
5R2/1pk5/1pr5/3p1P2/6P1/2P5/PP6/1K6 w - - 3 36,g4g5,581,611,30
8/3k4/1pp5/3p1PP1/8/2P5/PP6/1K6 w - - 0 41,g5g6,454,473,19
8/8/1p3kP1/2pp1P2/8/2PK4/PP6/8 w - - 0 44,b2b4,488,539,51
8/6k1/1p4P1/2pp1P2/1P6/2PK4/P7/8 w - - 1 45,a2a4,638,654,16
8/8/1p3kP1/2pp1P2/PP6/2PK4/8/8 w - - 1 46,b4c5,683,703,20
8/8/5kP1/2pp1P2/P7/2PK4/8/8 w - - 0 47,a4a5,704,712,8
rnbqkbnr/pppppppp/8/8/8/8/PPPPPPPP/RNBQKBNR w KQkq - 0 1,e2e4,34,30,-4
rn1qkbnr/pbpppp1p/1p4p1/8/4P3/2N2N2/PPPP1PPP/R1BQKB1R w KQkq - 0 4,d2d4,122,118,-4
rn1qk2r/pbppppbp/1p3np1/8/3PPB2/2N2N2/PPP2PPP/R2QKB1R w KQkq - 3 6,e4e5,137,115,-22
rn1qk2r/p1ppppbp/1p4p1/3bP3/3P1B2/5N2/PPP2PPP/R2QKB1R w KQkq - 0 8,c2c4,148,123,-25
rn2qrk1/pbp2p1p/1p2p1p1/4b3/2PP4/5N2/PPB2PPP/R2Q1RK1 w - - 0 15,d4e5,49,-9,-58
5rk1/pbp2p1p/1pn1p1p1/4P3/BqP5/5N2/PP2QPPP/3R2K1 w - - 1 20,a2a3,3,-387,-390
5rk1/pbp2p1p/1p2p1p1/4n1N1/q1P5/P7/1P2QPPP/3R2K1 w - - 0 22,g2g3,-434,-656,222
rnbqkbnr/pppppppp/8/8/8/8/PPPPPPPP/RNBQKBNR w KQkq - 0 1,e2e4,32,29,-3
rnbqkbnr/pppp1ppp/4p3/8/4P3/8/PPPP1PPP/RNBQKBNR w KQkq - 0 2,f2f4,35,-13,-48
rnbqkbnr/ppp2ppp/4p3/3p4/4PP2/8/PPPP2PP/RNBQKBNR w KQkq - 0 3,e4d5,-8,-63,55
rnb1kbnr/ppp2ppp/5q2/3p4/5P2/5N2/PPPP2PP/RNBQKB1R w KQkq - 2 5,d2d4,30,-1,-31
r1b1k2r/6p1/p2b3p/2ppNp2/3P1P2/2N1B3/PPP3PP/R2Q2K1 w kq - 3 20,d4c5,1043,918,-125
rnbqkbnr/pppppppp/8/8/8/8/PPPPPPPP/RNBQKBNR w KQkq - 0 1,e2e4,32,26,-6
rnbqkbnr/pppp1ppp/8/4p3/4P3/8/PPPP1PPP/RNBQKBNR w KQkq - 0 2,d2d4,28,-9,-37
r1bq1rk1/p1p1bpp1/2pp1n1p/8/4P3/4QN2/PPP2PPP/RNBR2K1 w - - 0 10,e4e5,-51,-67,16
r2q1rk1/p1p1bp2/2ppb2p/3nP3/4Q3/5N2/PPP2PPP/RN1R2K1 w - - 0 13,h2h4,-228,-343,115
r2q1r1k/p1p1bp2/2ppb2p/3nP3/4Q2P/5N2/PPP2PP1/RN1R2K1 w - - 1 14,g2g4,-285,-556,271
r2q2rk/p1p1bp2/2ppb2p/3nP3/4Q1PP/5N2/PPP2P2/RN1R2K1 w - - 1 15,g4g5,-536,-530,-6
r2q2rk/p1p1bp2/2ppb3/3nP1p1/4Q2P/5N2/PPP2P2/RN1R2K1 w - - 0 16,h4g5,-547,-562,15
r2q2rk/p1p2p2/2p5/3np3/3NQbb1/8/PPP1KP2/RN1R4 w - - 2 20,f2f3,-627,-671,44
r5r1/p1p2k2/2p5/4p3/5b2/2nK1b2/PPP5/5R2 w - - 0 29,b2c3,-909,-1090,181
r5r1/p1p2k2/2p5/3bp3/5b2/2PK4/P1P5/5R2 w - - 1 30,c3c4,-911,-998,87
rnbqkbnr/pppppppp/8/8/8/8/PPPPPPPP/RNBQKBNR w KQkq - 0 1,e2e4,30,36,6
rnbqkbnr/ppp1pppp/8/3p4/4P3/8/PPPP1PPP/RNBQKBNR w KQkq - 0 2,e4d5,63,69,6
rnbqkbnr/1pp2pp1/p3p2p/8/2B5/2N2N2/PPPP1PPP/R1BQ1RK1 w kq - 0 7,d2d4,89,94,5
3qkb1r/r2n1pp1/4p2p/pQN5/1n1P4/8/PPP2PPP/R1B2RK1 w k - 2 16,d4d5,-195,-484,289
3qk2r/r2n1pp1/4p2p/pQbP4/1n6/8/PPP2PPP/R1B2RK1 w k - 0 17,d5e6,-521,-502,-19
rnbqkbnr/pppppppp/8/8/8/8/PPPPPPPP/RNBQKBNR w KQkq - 0 1,e2e4,35,31,-4
rn1qkbnr/pbpppppp/1p6/8/4P3/2N5/PPPP1PPP/R1BQKBNR w KQkq - 2 3,d2d4,84,87,3
rn1qkbnr/pbpppp1p/1p4p1/8/3PP3/2N5/PPP2PPP/R1BQKBNR w KQkq - 0 4,b2b3,131,73,-58
rn1q1rk1/pbpp1pbp/1p2pnp1/8/3PP3/1PNQ4/PBP2PPP/2KR1BNR w - - 0 8,e4e5,73,66,-7
rn1q1rk1/p1pp1pbp/1p2p1p1/3bP3/3P4/1P1Q4/PBP2PPP/2KR1BNR w - - 0 10,c2c4,63,39,-24
rn1q1rk1/1bpp1p1p/1p2p1pb/p3P3/2PP4/1P1Q3N/PB3PPP/1K1R1B1R w - - 0 13,f2f4,6,-6,-12
rnbqkbnr/pppppppp/8/8/8/8/PPPPPPPP/RNBQKBNR w KQkq - 0 1,e2e4,32,33,1
rnbqkbnr/pppp1ppp/8/4p3/4P3/8/PPPP1PPP/RNBQKBNR w KQkq - 0 2,f2f4,39,-56,-95
rnbqkbnr/ppp2ppp/3p4/4p3/4PP2/8/PPPP2PP/RNBQKBNR w KQkq - 0 3,f4f5,19,-416,-435
rnbqkb1r/ppp2ppp/3p1n2/4pP2/4P3/8/PPPP2PP/RNBQKBNR w KQkq - 1 4,d2d3,-84,-84,0
r1bqkb1r/pp3pp1/3p1n1p/2p2P2/3pP3/3P4/PPP1N1PP/R1BQKB1R w KQkq - 0 9,c2c3,84,18,-66
r2qk2r/p2bbpp1/3p1n1p/1pp2P2/4P3/2NP4/PP2B1PP/R1BQ1RK1 w kq - 0 13,a2a3,19,-24,-43
r2qk2r/p2bbpp1/3p1n1p/2p2P2/1p2P3/P1NP4/1P2B1PP/R1BQ1RK1 w kq - 0 14,a3b4,-46,-34,-12
r2qk2r/p2bbpp1/3p3p/3n1P2/1p2P3/3P4/1P2B1PP/R1BQ1RK1 w kq - 0 16,e4d5,-221,-207,-14
r3r2k/5pp1/1q1p3p/pbbP1P2/1p2BB2/1Q1P2R1/1P4PP/R6K w - - 8 25,f5f6,216,205,-11
r3r2k/5pp1/1q1p1P1p/pb1P4/1p1bBB2/1Q1P2R1/1P4PP/R6K w - - 1 26,f6g7,257,101,-156
rnbqkbnr/pppppppp/8/8/8/8/PPPPPPPP/RNBQKBNR w KQkq - 0 1,d2d4,32,20,-12
rnbqkbnr/ppp1pppp/8/3p4/3P4/8/PPP1PPPP/RNBQKBNR w KQkq - 0 2,c2c4,20,18,-2
rnbqkbnr/ppp1pppp/8/8/2pP4/8/PP2PPPP/RNBQKBNR w KQkq - 0 3,e2e4,26,25,-1
rnbqkb1r/ppp2pp1/4pn1p/8/2BPP3/2N5/PP3PPP/R1BQK1NR w KQkq - 2 6,a2a3,131,85,-46
r1bq1rk1/pppnb1pn/4p2p/5p2/2BPP3/P1N1BN2/1P1Q1PPP/R4RK1 w - - 0 11,e4f5,418,295,-123
r1b1q2k/ppp1b1p1/5n1p/4N3/3P4/P1N1B3/1P1Q1PPP/R4RK1 w - - 2 16,f2f4,724,654,-70
r3q2k/ppp1b1p1/5n1p/4Nb2/3P1P2/P1N1B3/1P1Q2PP/R4RK1 w - - 1 17,h2h3,665,616,-49
rnbqkbnr/pppppppp/8/8/8/8/PPPPPPPP/RNBQKBNR w KQkq - 0 1,e2e4,30,32,2
rnb1k1nr/ppp1qppp/8/1N2N3/1b1pP3/8/PPPP1PPP/R1BQKB1R w KQkq - 1 6,f2f4,166,130,-36
r3k1nr/p5pp/n1N5/1p2Nb2/1b2pP2/1p6/PPPP2PP/R1B2K1R w kq - 0 17,a2b3,-56,-58,2
r3k1nr/p5pp/R1N5/1pb1Nb2/5P2/1P2p3/1PPP2PP/2B2K1R w kq - 0 19,d2e3,317,284,-33
4k2r/r3n1pp/4R3/1pb1N3/5P2/1P2P3/1Pb3PP/2B2K1R w k - 0 22,g2g4,-351,-519,168
6k1/r3n1pp/4R3/1pb1N3/5PP1/1P2P3/1Pb4P/3rBK1R w - - 5 25,h2h4,-417,-563,146
6k1/r3n1pp/4R3/1pb1N3/4bPPP/1P2P3/1P3K2/3rB2R w - - 3 27,f4f5,-377,-496,119
6k1/4K2p/6p1/8/7P/1p3r2/8/8 w - - 0 46,h4h5,-974,-1008,34
6k1/4K2p/6p1/7P/8/5r2/1p6/8 w - - 0 47,h5g6,-964,-946,-18
6k1/4K2p/6P1/8/8/5r2/8/1q6 w - - 0 48,g6h7,-991,-1063,72
rnbqkbnr/pppppppp/8/8/8/8/PPPPPPPP/RNBQKBNR w KQkq - 0 1,d2d4,32,23,-9
rn1qkbnr/1pp1pppp/p7/3p1b2/3P1B2/2N5/PPP1PPPP/R2QKBNR w KQkq - 0 4,e2e3,23,32,9
r2qkbnr/1pp1pppp/p1n5/3p1b2/3P1B2/2N1P3/PPP2PPP/R2QKBNR w KQkq - 1 5,a2a3,9,1,-8
2kr1bnr/1ppqpppp/p1n5/3p4/3P1B2/P1NQP3/1PP2PPP/R3K1NR w KQ - 1 8,b2b4,111,128,17
2kr1bnr/1ppqp1pp/p1n2p2/3p4/1P1P1B2/P1NQP3/2P2PPP/R3K1NR w KQ - 0 9,b4b5,153,152,-1
2kr1bnr/nppqp1pp/p4p2/1P1p4/3P1B2/P1NQP3/2P2PPP/R3K1NR w KQ - 1 10,b5a6,263,279,16
rnbqkbnr/pppppppp/8/8/8/8/PPPPPPPP/RNBQKBNR w KQkq - 0 1,d2d4,32,27,-5
rnbqkbnr/ppp2ppp/4p3/3p4/3P4/2N5/PPP1PPPP/R1BQKBNR w KQkq - 0 3,a2a3,18,-16,-34
b2q1b1r/p2k1ppp/1pn1pn2/3p4/3P1B2/P4N2/1PP1PPPP/R2QKB1R w KQ - 2 9,e2e3,454,432,-22
b7/2k5/Bp1bprp1/n2p3p/3P4/P3P3/1PP1QPPP/2KR3R w - - 2 20,f2f4,803,774,-29
8/2k5/Bpbbprp1/n2p3p/3P1P2/P3P3/1PP1Q1PP/2KR3R w - - 1 21,g2g4,782,714,-68
1Q6/3bb3/Bpk1prp1/n2p4/3P1P2/P3P3/1PP4P/2KR3R w - - 7 26,b2b4,894,10000,9106
Q7/2kb4/Bp1bprp1/n2p4/1P1P1P2/P3P3/2P4P/2KR3R w - - 3 28,b4a5,804,856,52
8/1Q1bk3/B2bprp1/p2p4/3P1P2/P3P3/1KP4P/3R3R w - - 4 31,h2h4,993,894,-99
5r2/1Q1bk3/B2bp1p1/p2p4/3P1P1P/P3P3/1KP5/3R3R w - - 1 32,h4h5,935,870,-65
1r6/1Q1bk3/B2bp1p1/p2p3P/3P1P2/P3P3/1KP5/3R3R w - - 1 33,h5h6,929,798,-131
8/1B1b1k2/3bp1pP/p2p4/3P1P2/P3P3/1KP5/3R3R w - - 1 35,h6h7,854,988,134
8/1B1b2kP/3bp1p1/p2p4/3P1P2/P3P3/1KP5/3R3R w - - 1 36,h7h8q,10000,10000,0
rnbqkbnr/pppppppp/8/8/8/8/PPPPPPPP/RNBQKBNR w KQkq - 0 1,e2e4,31,28,-3
rnbqkbnr/pppppp1p/6p1/8/4P3/8/PPPP1PPP/RNBQKBNR w KQkq - 0 2,d2d4,62,67,5
rnbq1rk1/ppppppbp/5np1/8/3PP3/2N2N2/PPP2PPP/R1BQKB1R w KQ - 5 5,h2h3,170,21,-149
rnbq1rk1/pppp1pbp/4pnp1/8/3PP3/2N2N1P/PPP2PP1/R1BQKB1R w KQ - 0 6,e4e5,162,119,-43
rnbq1rk1/pppp1pbp/6p1/3pP3/3P4/5N1P/PPP2PP1/R1BQKB1R w KQ - 0 8,c2c4,118,19,-99
rnbq1rk1/ppp2pbp/3p2p1/3pP3/2PP4/5N1P/PP3PP1/R1BQKB1R w KQ - 0 9,c4d5,43,8,-35
rnbq1rk1/ppp2pbp/6p1/3Pp3/3P4/5N1P/PP3PP1/R1BQKB1R w KQ - 0 10,d4e5,29,18,-11
rnb2rk1/p1pq1pbp/1p4p1/3PP1B1/8/5N1P/PP3PP1/R2QKB1R w KQ - 2 12,a2a4,202,116,-86
rnb2rk1/p2q1pbp/1pp3p1/3PP1B1/P7/5N1P/1P3PP1/R2QKB1R w KQ - 0 13,b2b3,161,8,-153
rnbqkbnr/pppppppp/8/8/8/8/PPPPPPPP/RNBQKBNR w KQkq - 0 1,e2e4,25,29,4
r1bqkbnr/pppp1pp1/2n4p/4p3/2B1P3/5N2/PPPP1PPP/RNBQK2R w KQkq - 0 4,c2c3,87,51,-36
r1b1k1nr/ppbpqpp1/2p4p/4p3/2Q1P3/2P2N2/PP1P1PPP/RNB1R1K1 w kq - 2 10,d2d4,-27,-18,-9
r1b1k1nr/ppb1qpp1/2pp3p/4p3/2QPP3/2P2N2/PP3PPP/RNB1R1K1 w kq - 0 11,d4d5,-16,-75,59
r3k2r/ppbbqpp1/2pp1n1p/3Pp3/2Q1P3/2P2N2/PP1B1PPP/RN2R1K1 w kq - 3 13,b2b4,-81,-144,63
r4rk1/ppbbqpp1/2pp1n1p/3Pp3/1PQ1P3/2P2N2/P2B1PPP/RN2R1K1 w - - 1 14,b4b5,-125,-209,84
r4rk1/1pbbqpp1/p2p1n1p/1PpPp3/4P3/2PQ1N2/P2B1PPP/RN2R1K1 w - - 0 16,c3c4,-115,-160,45
r4rk1/1pbbqpp1/3p1n1p/1ppPp3/2P1P3/3Q1N2/P2B1PPP/RN2R1K1 w - - 0 17,c4b5,-177,-184,7
r4rk1/1p1bqpp1/1b1p1n1p/1PpPp3/4P3/3Q1N2/P2B1PPP/RN2R1K1 w - - 1 18,a2a4,-118,-144,26
1q1r2k1/rp3pp1/1N3n1p/1b1Pp3/P2pP3/5N2/2R2PPP/R5K1 w - - 0 28,a4a5,-587,-650,63
3r2k1/1p3pp1/5n1p/r2q4/4p3/2R1R3/3p1PPP/2N3K1 w - - 0 38,h2h3,-1114,-1230,116
rnbqkbnr/pppppppp/8/8/8/8/PPPPPPPP/RNBQKBNR w KQkq - 0 1,d2d4,25,28,3
rnbqkbnr/ppp1pppp/8/3p4/3P4/8/PPP1PPPP/RNBQKBNR w KQkq - 0 2,c2c4,30,30,0
rnbqkbnr/ppp2ppp/4p3/3p4/2PP4/8/PP2PPPP/RNBQKBNR w KQkq - 0 3,a2a3,29,-3,-32
rnbqkb1r/ppp2ppp/4pn2/8/2pP4/P1N5/1P2PPPP/R1BQKBNR w KQkq - 2 5,e2e4,-2,3,5
rnbqk2r/ppp1bppp/5n2/4p3/2BPP3/P1N5/1P3PPP/R1BQK1NR w KQkq - 0 7,d4d5,66,64,-2
rnbqk2r/pp2bppp/2p2n2/3Pp3/2B1P3/P1N5/1P3PPP/R1BQK1NR w KQkq - 0 8,h2h3,75,52,-23
rnbqk2r/pp2bppp/5n2/3pp3/2B1P3/P1N4P/1P3PP1/R1BQK1NR w KQkq - 0 9,e4d5,51,46,-5
rnb2rk1/ppq2ppp/3b1n2/3P4/2B1p3/P1N4P/1P3PPN/R1BQ1RK1 w - - 2 13,g2g3,-376,-428,52
rnbqkbnr/pppppppp/8/8/8/8/PPPPPPPP/RNBQKBNR w KQkq - 0 1,e2e4,28,25,-3
rnb1k2r/ppppnppp/5q2/2b1p3/2B1P3/5N2/PPPP1PPP/RNBQ1RK1 w kq - 6 5,c2c3,92,86,-6
rnb2rk1/ppppnppp/8/2b1q3/2B1P3/2P5/PP1P1PPP/RNBQ1RK1 w - - 0 7,d2d4,58,51,-7
rnb2rk1/ppppnppp/8/4q3/2BbP3/2P5/PP3PPP/RNBQ1RK1 w - - 0 8,c3d4,65,105,40
r4r1k/p1p3p1/1pQp1n2/5bpp/3P4/6B1/PP3PPP/R4RK1 w - - 0 21,h2h3,552,441,-111
r4r1k/p1p3p1/1pQp1n2/5b2/3P2pp/7P/PP3PPB/R4RK1 w - - 0 23,h3g4,484,434,-50
rnbqkbnr/pppppppp/8/8/8/8/PPPPPPPP/RNBQKBNR w KQkq - 0 1,e2e4,26,29,3
r1bqkb1r/pppp1p1p/2n2np1/4p3/2B1P3/5Q2/PPPP1PPP/RNB1K1NR w KQkq - 2 5,d2d3,-29,-92,63
r2qk2r/ppp1bp1p/3p1np1/4p1B1/2BnP1b1/2NP4/PPP2PPP/R2QK1NR w KQkq - 6 9,f2f3,-33,0,33
1r1qk2r/3bbp2/p2p2pp/1ppBp3/3nP2B/3P1P2/PPP1N1PP/R2Q1RK1 w k - 1 16,c2c3,50,-313,-363
1r1qk2r/3b1p2/p2p2pp/1ppBp3/4P2b/2PP1P2/PP2Q1PP/R4RK1 w k - 0 18,g2g3,-340,-426,86
1r1qk2r/3b1p2/p2p1bpp/1ppBp3/4P3/2PP1PP1/PP2Q2P/R4RK1 w k - 1 19,d3d4,-404,-472,68
1r1qk2r/3b1p2/p2p1bpp/1p1Bp3/3pP3/2P2PP1/PP2Q2P/R4RK1 w k - 0 20,c3c4,-488,-602,114
5rk1/3bqp2/Q2p1bpp/3Bp3/3pP3/5PP1/PP5P/2R3K1 w - - 1 25,f3f4,-365,-451,86
5rk1/3bqp2/Q2p1bpp/3B4/3pPp2/6P1/PP5P/2R3K1 w - - 0 26,g3f4,-440,-530,90
5rk1/3bqp2/Q2p2pp/3B4/3pPP1b/8/PP5P/2R3K1 w - - 1 27,e4e5,-358,-540,182
8/2q3k1/3pp1pp/4P3/3p1r1b/Q7/PP5P/3R2K1 w - - 0 32,e5d6,-584,-704,120
rnbqkbnr/pppppppp/8/8/8/8/PPPPPPPP/RNBQKBNR w KQkq - 0 1,e2e4,36,27,-9
rnbqkbnr/ppp2ppp/3p4/4p3/4P3/5N2/PPPP1PPP/RNBQKB1R w KQkq - 0 3,d2d4,41,43,2
r1bqkbnr/ppp2ppp/2np4/4p3/3PP3/5N2/PPP2PPP/RNBQKB1R w KQkq - 1 4,d4e5,78,39,-39
rnbqkbnr/pppppppp/8/8/8/8/PPPPPPPP/RNBQKBNR w KQkq - 0 1,e2e4,34,33,-1
r1bqkb1r/pppppppp/2n2n2/8/4P3/2N5/PPPP1PPP/R1BQKBNR w KQkq - 3 3,d2d4,89,88,-1
r1bqkb1r/ppp1pppp/2np1n2/8/3PP3/2N5/PPP2PPP/R1BQKBNR w KQkq - 0 4,h2h3,79,52,-27
r1bqkb1r/1ppnpppp/p1np4/6B1/3PP3/2N4P/PPP2PP1/R2QKBNR w KQkq - 2 6,a2a3,145,115,-30
r1bqkb1r/1pp1pp2/p1np1n2/6pp/3PP3/P1N3BP/1PP1BPP1/R2QK1NR w KQkq - 0 10,e4e5,173,185,12
r1bqkb1r/1ppnpp2/p1np4/4P1pp/3P4/P1N3BP/1PP1BPP1/R2QK1NR w KQkq - 1 11,f2f4,244,35,-209
r1bqkb1r/1ppnpp2/p1n5/4p1p1/3P1P1p/P1N4P/1PP1B1PB/R2QK1NR w KQkq - 0 13,f4e5,266,271,5
r1bqkb1r/1pp1pp2/pnn5/4P3/3P2pp/P1N2N1P/1PP1B1PB/R2QK2R w KQkq - 0 15,h3g4,202,173,-29
r2qkb2/1pp2p2/p1n1p3/3nP3/3P3N/P7/1PP1N1P1/R2QK1B1 w Qq - 0 20,g2g3,118,30,-88
2kr4/1pp2p2/p1n1p3/4Pn1q/3PNb2/P2Q2P1/1PP2B2/1K1R4 w - - 0 30,g3f4,-43,-39,-4
8/1k3p2/1p2p3/p1p1P3/2R2P2/P1N2q2/KPP5/8 w - - 2 43,b2b3,0,0,0
8/5p2/2k1p3/p1p1P3/1p2RP2/PPN2q2/1KP5/8 w - - 0 46,a3b4,-497,-538,41
8/5p2/2k1p3/2p1P3/5q2/1PR5/1KP5/8 w - - 0 49,b3b4,-500,-588,88
rnbqkbnr/pppppppp/8/8/8/8/PPPPPPPP/RNBQKBNR w KQkq - 0 1,e2e4,36,31,-5
rnbqk1nr/ppppppbp/6p1/8/4P3/2N5/PPPP1PPP/R1BQKBNR w KQkq - 2 3,b2b3,63,-40,-103
rnbq1rk1/4ppbp/2pp1np1/1p6/p3P3/1P1N1Q2/PBPP1PPP/2KR1BNR w - - 0 11,b3b4,-323,-419,96
rnbq1rk1/4ppbp/3p1np1/1pp5/pP2P3/3N1Q2/PBPP1PPP/2KR1BNR w - - 0 12,b4c5,35,-314,-349
rnbqkbnr/pppppppp/8/8/8/8/PPPPPPPP/RNBQKBNR w KQkq - 0 1,g2g3,32,11,-21
r1bqkbnr/p1pppppp/1pn5/8/8/6P1/PPPPPPBP/RNBQK1NR w KQkq - 0 3,c2c3,78,33,-45
r2qkbnr/1bp2ppp/ppn1p3/3p4/8/NQP2NP1/PP1PPPBP/R1B1K2R w KQkq - 0 7,d2d4,-23,-56,33
r2q1rk1/1bp2ppp/ppn1pb2/3p4/3P4/N1P2NP1/PPQ1PPBP/R3K2R w KQ - 2 11,h2h4,-16,-35,19
r2qr1k1/1bp2ppp/ppn1pb2/3p4/3P3P/N1P2NP1/PPQ1PPB1/R3K2R w KQ - 1 12,g3g4,-14,-81,67
r2qr1k1/1bp2ppp/ppn2b2/3pp3/3P2PP/N1P2N2/PPQ1PPB1/R3K2R w KQ - 0 13,g4g5,-59,-105,46
r2qr1k1/1bp1bppp/ppn5/3pp1P1/3P3P/N1P2N2/PPQ1PPB1/R3K2R w KQ - 1 14,d4e5,-115,-121,6
r2qr1k1/1bp2ppp/ppn5/3pP1P1/7P/b1P2N2/PPQ1PPB1/R3K2R w KQ - 0 15,b2a3,-100,-109,9
r5k1/1bp1qppp/pp6/3pr1P1/7P/P1P5/P1Q1PPB1/3RK2R w K - 2 18,c3c4,-122,-112,-10
4r1k1/1bp1qppp/pp6/3pr1P1/2P4P/P7/P1Q1PPB1/3RK2R w K - 1 19,e2e3,-122,-123,1
4r1k1/1Bp1qppp/pp6/4r1P1/2P4P/P3p3/P1Q2P2/3RK2R w K - 0 21,f2f3,165,205,40
5r2/2p2ppk/p7/1pr3P1/2P4P/5P2/P3R3/3K3R w - - 0 30,c4b5,-50,-57,7
5r2/2p2ppk/p7/1r4P1/7P/5P2/P3R3/3K3R w - - 0 31,a2a4,-21,-610,589
rnbqkbnr/pppppppp/8/8/8/8/PPPPPPPP/RNBQKBNR w KQkq - 0 1,e2e4,31,35,4
rnbqkbnr/pp2pppp/3p4/2p5/4P3/5N2/PPPP1PPP/RNBQKB1R w KQkq - 0 3,c2c3,39,7,-32
rnbqkb1r/pp2pppp/3p1n2/2p5/4P3/2P2N2/PP1P1PPP/RNBQKB1R w KQkq - 1 4,d2d3,9,-16,-25
r1b4r/p3k3/3pp2p/1pp1npp1/8/1B1P2N1/PP1N1PPP/R3R1K1 w - - 2 17,a2a3,159,124,-35
rnbqkbnr/pppppppp/8/8/8/8/PPPPPPPP/RNBQKBNR w KQkq - 0 1,e2e4,30,33,3
rnbqkbnr/pppp1ppp/8/4p3/4P3/8/PPPP1PPP/RNBQKBNR w KQkq - 0 2,f2f4,32,-38,-70
rnb1kbnr/pppp1ppp/8/4p3/4PP1q/8/PPPP2PP/RNBQKBNR w KQkq - 1 3,g2g3,82,80,-2
rnb1kbnr/pppp1ppp/5q2/8/4Pp2/5NP1/PPPP3P/RNBQKB1R w KQkq - 0 5,e4e5,76,39,-37
rnb1kbnr/pppp1ppp/8/4Pq2/5p2/5NP1/PPPP3P/RNBQKB1R w KQkq - 1 6,d2d4,136,128,-8
rnb1kb1r/ppp3pp/5p1n/3pP3/3P1B2/2N2NP1/PPP1B2P/R3K2R w KQkq - 1 11,e5f6,520,399,-121
1r6/p6p/2p5/3p4/3P2k1/6P1/PPP4P/2KR1R2 w - - 2 26,h2h3,804,677,-127
rnbqkbnr/pppppppp/8/8/8/8/PPPPPPPP/RNBQKBNR w KQkq - 0 1,e2e4,29,29,0
r1bqkbnr/pppp1ppp/2n5/4p3/4P3/5N2/PPPP1PPP/RNBQKB1R w KQkq - 2 3,d2d4,28,28,0
r1bqkbnr/ppp2ppp/2n5/3pp3/3PP3/5N2/PPP2PPP/RNBQKB1R w KQkq - 0 4,d4e5,99,29,-70
3rkbnr/p1p2ppp/2p5/4P3/4P3/5b2/PPP2PPP/RNB1K2R w KQk - 0 9,g2f3,367,359,-8
8/p3kp1p/7p/2p1P3/2N1P3/2b2P2/P1P1KP1P/8 w - - 3 23,a2a4,491,481,-10
8/p4p1p/4k2p/2p1P3/P1N1P3/2b2P2/2P1KP1P/8 w - - 1 24,a4a5,499,373,-126
8/p4p1p/4k2p/P1p1b3/2N1P3/5P2/2P1KP1P/8 w - - 0 25,a5a6,373,156,-217
8/p4p1p/P6p/2p1k3/4P3/4KP2/2P2P2/8 w - - 0 28,c2c4,211,290,79
8/p6p/P6p/2p1kp2/2P1P3/4KP2/5P2/8 w - - 0 29,e4f5,432,-504,-936
8/p6p/P6p/2p2k2/2P5/4KP2/5P2/8 w - - 0 30,f3f4,-630,-631,1
8/p7/P7/2p4K/2Pk4/8/5P2/8 w - - 1 36,f2f4,424,515,91
8/p7/P7/2p4K/2k2P2/8/8/8 w - - 0 37,f4f5,511,514,3
8/p7/P7/2pk1P1K/8/8/8/8 w - - 1 38,f5f6,547,564,17
8/p7/P3kPK1/8/2p5/8/8/8 w - - 0 40,f6f7,644,661,17
rnbqkbnr/pppppppp/8/8/8/8/PPPPPPPP/RNBQKBNR w KQkq - 0 1,d2d4,29,19,-10
rnbqkbnr/pppp1ppp/4p3/8/3P4/8/PPP1PPPP/RNBQKBNR w KQkq - 0 2,a2a3,41,0,-41
rnbqkb1r/pppp1ppp/4pn2/8/3P4/P7/1PP1PPPP/RNBQKBNR w KQkq - 1 3,c2c4,1,3,2
rn1qkb1r/pbpp1ppp/1p2pn2/8/2PP4/P1N5/1P2PPPP/R1BQKBNR w KQkq - 2 5,b2b4,38,-10,-48
rn1qkb1r/pbp2ppp/1p2pn2/3p4/1PPP4/P1N5/4PPPP/R1BQKBNR w KQkq - 0 6,c4c5,2,-27,-29
rn1qkb1r/1bp2ppp/1p2pn2/2Pp4/1p1P4/P1N5/1B2PPPP/R2QKBNR w KQkq - 0 8,a3b4,-5,1,6
rn1qkb1r/1bp2ppp/4pn2/2pp4/1P1P4/2N5/1B2PPPP/R2QKBNR w KQkq - 0 9,b4c5,39,-21,-60
r2qkb1r/1bp2ppp/2n1pn2/2Pp4/3P4/2N5/1B2PPPP/R2QKBNR w KQkq - 1 10,e2e3,30,36,6
3q2k1/6pp/1Np1pr2/2P2p2/2QPb2b/4P3/5PPP/B4RK1 w - - 3 24,g2g3,166,166,0
R7/6p1/2p1pbk1/2P2p2/3Pb2p/2B1P1P1/4KP1P/8 w - - 0 34,f2f3,388,380,-8
7R/6p1/2p1pbk1/2Pb1p2/3P4/2B1PPp1/4K2P/8 w - - 0 36,h2g3,368,374,6
8/2R5/2p1pbk1/2Pb1pp1/3P4/2B1PPP1/4K3/8 w - - 2 39,f3f4,375,254,-121
rnbqkbnr/pppppppp/8/8/8/8/PPPPPPPP/RNBQKBNR w KQkq - 0 1,e2e4,33,28,-5
rnbqkbnr/pppppp1p/6p1/8/4P3/8/PPPP1PPP/RNBQKBNR w KQkq - 0 2,d2d4,68,68,0
rnbqk1nr/ppppppbp/6p1/8/3PP3/8/PPP2PPP/RNBQKBNR w KQkq - 1 3,e4e5,67,-19,-86
rnbqkbnr/pppppppp/8/8/8/8/PPPPPPPP/RNBQKBNR w KQkq - 0 1,e2e4,29,29,0
rnbqkbnr/pppppp1p/6p1/8/4P3/8/PPPP1PPP/RNBQKBNR w KQkq - 0 2,d2d4,66,68,2
rnbqk1nr/ppppppbp/6p1/8/3PP3/8/PPP2PPP/RNBQKBNR w KQkq - 1 3,e4e5,64,-20,-84
rnbqk1nr/ppp2pbp/3pp1p1/4P3/3P4/2N5/PPP2PPP/R1BQKBNR w KQkq - 0 5,f2f4,73,87,14
rnbqk1nr/ppp2pbp/4p1p1/4p3/3P1P2/2N5/PPP3PP/R1BQKBNR w KQkq - 0 6,f4e5,117,89,-28
rn1q1rk1/pb2npbp/1p2p1p1/2p1P1B1/2BP4/2N2N2/PPP3PP/R2Q1RK1 w - - 0 11,d4c5,158,58,-100
5rk1/pr2npbp/2n1p1p1/4P1B1/2B5/5N2/PPP3PP/3R1RK1 w - - 0 16,b2b3,50,54,4
5rk1/pr3pbp/2n1p1p1/4PnB1/2B5/1P3N2/P1P3PP/3R1RK1 w - - 1 17,a2a3,145,61,-84
rnbqkbnr/pppppppp/8/8/8/8/PPPPPPPP/RNBQKBNR w KQkq - 0 1,d2d4,32,22,-10
rnbqkbnr/ppp1pppp/8/3p4/3P4/8/PPP1PPPP/RNBQKBNR w KQkq - 0 2,c2c4,29,33,4
rnbqkb1r/ppp1pppp/5n2/3p4/2PP4/8/PP2PPPP/RNBQKBNR w KQkq - 1 3,e2e3,61,6,-55
r1bqkb1r/ppp1pppp/2n2n2/3p4/2PP4/4P3/PP3PPP/RNBQKBNR w KQkq - 1 4,a2a3,52,23,-29
r2qkb1r/ppp2ppp/2n1pn2/3p1b2/2PP4/P1N1P3/1P3PPP/R1BQKBNR w KQkq - 0 6,b2b4,28,28,0
r2qkb1r/1pp2ppp/p1n1pn2/3p1b2/1PPP4/P1N1P3/5PPP/R1BQKBNR w KQkq - 0 7,b4b5,37,-214,-251
r2qkb1r/1pp2ppp/2n1pn2/1p1p1b2/2PP4/P1N1P3/5PPP/R1BQKBNR w KQkq - 0 8,c4b5,-133,-305,172
r2qkb1r/1pp2ppp/4pn2/nP1p1b2/3P4/P1N1P3/5PPP/R1BQKBNR w KQkq - 1 9,a3a4,-87,-123,36
r2q1rk1/1p4pp/5p2/1B2pb2/P2P4/2B1P3/5PPP/R3R1K1 w - - 0 20,d4e5,-391,-395,4
r4r1k/1p4pp/8/1B1q1b2/P2B4/4P3/5PPP/R3R1K1 w - - 3 23,f2f3,-380,-416,36
5r1k/1p1r2pp/6q1/8/P2B4/4PP2/4BKPP/2R5 w - - 0 31,a4a5,-511,-523,12
5r1k/1p1r2p1/6qp/P7/3B4/4PP2/4BKPP/2R5 w - - 0 32,a5a6,-495,-513,18
1q5k/6p1/7p/8/3B4/4PPK1/r5PP/8 w - - 2 46,f3f4,-721,-791,70
7k/r3q1p1/7p/3K4/5P2/4P3/7P/8 w - - 2 55,e3e4,-894,-10000,9106
rnbqkbnr/pppppppp/8/8/8/8/PPPPPPPP/RNBQKBNR w KQkq - 0 1,d2d4,32,31,-1
rnbqkbnr/ppp1pppp/8/3p4/3P4/8/PPP1PPPP/RNBQKBNR w KQkq - 0 2,c2c4,31,28,-3
r1bqkbnr/ppp1pppp/2n5/3p4/2PP4/8/PP2PPPP/RNBQKBNR w KQkq - 1 3,c4d5,56,37,-19
r1b1kbnr/ppp1pppp/2n5/3q4/3P4/8/PP2PPPP/RNBQKBNR w KQkq - 0 4,e2e3,42,39,-3
r1b1k1nr/ppp2ppp/2n5/3qp3/3P4/2b1P3/PP1B1PPP/R2QKBNR w KQkq - 0 7,b2c3,26,54,28
r1b1k1nr/ppp2ppp/2n5/3q4/3p4/2P1P3/P2B1PPP/R2QKBNR w KQkq - 0 8,c3d4,88,95,7
r4rk1/ppp2ppp/3q1n2/8/3n4/1Q2PB2/P2B1PPP/2R1K2R w K - 0 14,e3d4,431,397,-34
rnbqkbnr/pppppppp/8/8/8/8/PPPPPPPP/RNBQKBNR w KQkq - 0 1,e2e4,32,30,-2
rn1qkb1r/ppp1p1pp/3p1p1n/8/2B1P1b1/2N2N2/PPPP1PPP/R1BQK2R w KQkq - 2 5,d2d3,257,182,-75
r2qkb1r/ppp1p1pp/n2p1p1n/8/2B1P1b1/2NP1N2/PPP2PPP/R1BQK2R w KQkq - 1 6,h2h3,333,241,-92
r3kb1r/ppp1q2p/3p1p2/2n1pnpb/2B1P3/2NP2BP/PPPQ1PP1/R3K2R w KQkq - 0 12,e4f5,51,64,13
6r1/Q1pk3p/1p1p3b/2n1pP1b/6p1/3P2BP/PPP2PP1/R4RK1 w - - 0 20,h3h4,585,688,103
6r1/Q1pk3p/1p1p3b/2n2P1b/4p1pP/3P2B1/PPP2PP1/R4RK1 w - - 0 21,d3e4,752,763,11
4r3/Q1pk3p/1p1p3b/5P1b/6pP/6n1/PPP2PP1/3RR1K1 w - - 0 24,f2g3,742,748,6
8/3k3p/3p4/1pp2P2/6QP/6P1/bPP3PK/3R4 w - - 0 30,f5f6,1024,1205,181
rnbqkbnr/pppppppp/8/8/8/8/PPPPPPPP/RNBQKBNR w KQkq - 0 1,e2e4,29,26,-3
rnbqkbnr/pppppp1p/6p1/8/4P3/8/PPPP1PPP/RNBQKBNR w KQkq - 0 2,d2d4,65,68,3
rnbqk1nr/pppp1pbp/4p1p1/8/3PP3/5N2/PPP2PPP/RNBQKB1R w KQkq - 0 4,c2c4,85,60,-25
rnbqk2r/p3npbp/1pp1p1p1/3p4/2PPP3/2NB1N2/PP3PPP/R1BQ1RK1 w kq - 0 8,c4d5,157,160,3
rnbqk2r/p3npbp/1p2p1p1/3p4/3PP3/2NB1N2/PP3PPP/R1BQ1RK1 w kq - 0 9,e4e5,160,161,1
2r2rk1/p3q1bp/1p2ppp1/3pP3/8/3B2Q1/PP3PPP/R4RK1 w - - 0 17,e5f6,-203,-181,-22
2r2rk1/p3q1bp/1p2p1p1/3p4/8/3B2Q1/PP3PPP/1R3RK1 w - - 2 19,h2h4,-105,-184,79
2r2rk1/p3q1bp/1p4p1/3pp3/7P/3B2Q1/PP3PP1/1R3RK1 w - - 0 20,h4h5,-181,-236,55
rnbqkbnr/pppppppp/8/8/8/8/PPPPPPPP/RNBQKBNR w KQkq - 0 1,d2d4,33,27,-6
2rqkbnr/ppp1pppp/2n5/1N1p1b2/3P1B2/8/PPP1PPPP/R2QKBNR w KQk - 6 5,a2a3,-16,-34,18
2rqkbnr/ppp1p1pp/2n2p2/1N1p1b2/3P1B2/P7/1PP1PPPP/R2QKBNR w KQk - 0 6,e2e3,22,-2,-24
2rqkbnr/ppp3pp/2n2p2/1N1ppb2/3P1B2/P3P3/1PP2PPP/R2QKBNR w KQk - 0 7,d4e5,22,-10,-32
2r1kbnr/ppp3pp/2n5/1N1ppbq1/8/P3P1B1/1PP2PPP/R2QKBNR w KQk - 2 9,h2h4,240,101,-139
2r1kbnr/ppp3pp/2n3q1/1N1ppb2/7P/P3P1B1/1PP1BPP1/R2QK1NR w KQk - 3 11,h4h5,469,137,-332
2r1kbnr/ppp4p/2n2q2/1N1ppbpP/7B/P3P3/1PP1BPP1/R2QK1NR w KQk g6 0 13,h5g6,191,199,8
rnbqkbnr/pppppppp/8/8/8/8/PPPPPPPP/RNBQKBNR w KQkq - 0 1,e2e4,30,28,-2
rnbqkbnr/ppp2ppp/3pp3/8/2B1P3/8/PPPP1PPP/RNBQK1NR w KQkq - 0 3,d2d3,16,-12,-28
rnbqkbnr/pp3ppp/2p1p3/8/4p3/1B1P1N2/PPP2PPP/RNBQK2R w KQkq - 0 6,d3e4,-11,-12,1
rnb2rk1/pp3ppp/2p1pn2/2b5/4P3/1B3N2/PPPN1PPP/R1BK1R2 w - - 5 10,h2h3,0,-39,-39
rnbr2k1/p4ppp/2p1pn2/1pb5/4P3/1B3N1P/PPPNKPP1/R1B2R2 w - - 0 12,a2a3,-19,-63,44
rn1r2k1/p4ppp/b1p1pn2/1pb5/4P3/PB3N1P/1PPNKPP1/R1B2R2 w - - 1 13,c2c4,-23,-91,68
r2r2k1/p2n1ppp/2p1p3/2b5/2N1nB2/P4N1P/1P2KPP1/R4R2 w - - 2 17,b2b4,-13,-113,100
6k1/5ppp/1b2p3/p7/1P6/5N1P/2rBKPP1/1n6 w - - 0 28,b4a5,-667,-701,34
rnbqkbnr/pppppppp/8/8/8/8/PPPPPPPP/RNBQKBNR w KQkq - 0 1,e2e4,27,29,2
rnbqkbnr/p1pppppp/1p6/8/4P3/8/PPPP1PPP/RNBQKBNR w KQkq - 0 2,d2d4,95,92,-3
rn1qkbnr/pbpppppp/1p6/8/3PP3/8/PPP2PPP/RNBQKBNR w KQkq - 1 3,d4d5,86,41,-45
rn1qkbnr/pbpp1ppp/1p2p3/3P4/4P3/8/PPP2PPP/RNBQKBNR w KQkq - 0 4,c2c4,43,39,-4
rn1qkbnr/pbpp1ppp/1p6/3p4/2P1P3/8/PP3PPP/RNBQKBNR w KQkq - 0 5,c4d5,54,61,7
rn2k2r/pbpp1p1p/1p3np1/3P4/3NP3/2N5/PP3PPP/R3KB1R w KQkq - 1 12,f2f3,148,123,-25
bn3rk1/5p1p/1p1p1np1/3P4/4P3/p1N2P2/PP4PP/1K1R1B1R w - - 0 18,b2a3,585,529,-56
r5k1/5p1p/1pb2np1/3P4/n3P3/P4P2/P1K3PP/3R1B1R w - - 0 25,d5c6,571,554,-17
2r3k1/2n2p1p/1pP3p1/1Bn5/4P3/P4P2/PK4PP/2R4R w - - 7 29,a3a4,543,573,30
2r3k1/5p1p/1pP3p1/1nn5/P3P3/5P2/PK4PP/2R4R w - - 0 30,a4b5,579,569,-10
2r2k2/5p1p/1pP3p1/1P6/4P3/1K3P2/P5PP/2R5 w - - 1 33,a2a4,575,572,-3
2r5/5p1p/1pP1k1p1/1P6/PK2P3/5P2/6PP/2R5 w - - 3 35,a4a5,583,569,-14
4r3/1K3p1p/2Pk2p1/1P6/4P3/5P2/6PP/2R5 w - - 7 40,c6c7,804,840,36
1K2r3/2P2p1p/3k2p1/1P6/4P3/5P2/6PP/2R5 w - - 3 42,c7c8q,891,917,26
rnbqkbnr/pppppppp/8/8/8/8/PPPPPPPP/RNBQKBNR w KQkq - 0 1,e2e4,27,28,1
rnb1k1nr/ppppqppp/8/2b1N3/4P3/8/PPPP1PPP/RNBQKB1R w KQkq - 1 4,d2d3,205,-272,-477
rnbr2k1/ppp2ppp/5n2/4q3/4p3/3PB3/PPP1BPPP/RN1Q1RK1 w - - 4 10,f2f4,54,-175,-229
rnbr2k1/ppp2ppp/2q2n2/8/4pP2/2NPB3/PPP1B1PP/R2Q1RK1 w - - 3 12,a2a3,106,19,-87
rn1r2k1/pbp2ppp/1pq2n2/8/4pP2/P1NPB3/1PP1B1PP/R3QRK1 w - - 2 14,d3e4,263,258,-5
rnbqkbnr/pppppppp/8/8/8/8/PPPPPPPP/RNBQKBNR w KQkq - 0 1,e2e4,31,31,0
rnbqkbnr/ppp2ppp/3p4/4p3/4P3/5N2/PPPP1PPP/RNBQKB1R w KQkq - 0 3,d2d4,48,57,9
2kr1b1r/ppp2ppp/3p1n2/8/4PB2/2N2n2/PPP2PPP/R4RK1 w - - 0 12,g2f3,-55,-64,9
2kr1b1r/ppp2p2/3p1n1p/8/4P1p1/2N1BP2/PPP2P1P/R2R2K1 w - - 0 15,f3f4,129,-29,-158
2kr1br1/ppp2p2/3p1n1p/8/4PPp1/2N1B3/PPP2P1P/R2R2K1 w - - 1 16,b2b4,-11,-101,90
2kr1br1/ppp2p2/3p1n2/7p/1P2PPp1/2N1B3/P1P2P1P/R2R2K1 w - - 0 17,a2a4,-32,-42,10
2kr1br1/ppp2p2/3p1n2/8/PP2PPpp/2N1B3/2P2P1P/R2R2K1 w - - 0 18,b4b5,23,-49,-72
2kr1br1/ppp2p2/3p1n2/1P6/P3PP1p/2N1B1p1/2P2P1P/R2R2K1 w - - 0 19,f2g3,36,-47,-83
2kr1br1/ppp2p2/3p1n2/1P6/P3PP2/2N1B1p1/2P4P/R2R2K1 w - - 0 20,h2g3,-43,-75,32
2kr2r1/pp2bp2/3p4/1Pp5/P2BPPn1/2N3P1/2P3K1/R2R4 w - c6 0 23,b5c6,247,281,34
8/B1k1bp1r/2p5/3p4/P3PP2/2N3P1/2P3K1/R7 w - - 3 31,e4d5,646,663,17
8/k3Np1r/8/8/P4P2/6P1/2P3K1/R7 w - - 0 34,a4a5,669,666,-3
8/1k2Np1r/8/P7/5P2/6P1/2P3K1/R7 w - - 1 35,a5a6,671,665,-6
8/2k1Np1r/P7/8/5P2/6P1/2P3K1/R7 w - - 1 36,a6a7,751,793,42
8/P2kNp1r/8/8/5P2/6P1/2P3K1/R7 w - - 1 37,a7a8q,1048,10000,8952
8/1Q3pkr/R7/8/5P2/6P1/2P3K1/8 w - - 4 40,c2c4,10000,811,-9189
8/1Q3p2/7k/8/2P2P2/6P1/6K1/8 w - - 0 42,c4c5,884,1024,140
8/1Q3p2/6k1/2P5/5P2/6P1/6K1/8 w - - 1 43,c5c6,10000,10000,0
8/1Q6/2P2pk1/8/5P2/6P1/6K1/8 w - - 0 44,c6c7,10000,10000,0
8/1QP5/6k1/5p2/5P2/6P1/6K1/8 w - - 0 45,c7c8q,10000,10000,0
rnbqkbnr/pppppppp/8/8/8/8/PPPPPPPP/RNBQKBNR w KQkq - 0 1,d2d4,30,21,-9
rnbqkbnr/ppp1ppp1/7p/3p4/3P4/2N5/PPP1PPPP/R1BQKBNR w KQkq - 0 3,e2e4,46,45,-1
r1bqkb1r/ppp1ppp1/2n2n1p/3p4/3PP3/2NB4/PPP2PPP/R1BQK1NR w KQkq - 3 5,e4e5,137,123,-14
rnbqkbnr/pppppppp/8/8/8/8/PPPPPPPP/RNBQKBNR w KQkq - 0 1,d2d4,31,18,-13
rnbqkbnr/ppp1pppp/8/3p4/3P4/8/PPP1PPPP/RNBQKBNR w KQkq - 0 2,c2c4,21,23,2
r1bqkbnr/ppp1pppp/2n5/8/2pP4/2N5/PP2PPPP/R1BQKBNR w KQkq - 0 4,d4d5,99,92,-7
r1bqkbnr/ppp1pppp/8/3P4/1np5/2N5/PP2PPPP/R1BQKBNR w KQkq - 1 5,e2e4,337,55,-282
r4rk1/ppp2ppp/5n2/2bPp3/1nB1P3/2N5/PP3PPP/3R1RK1 w - - 2 14,a2a3,-479,-470,-9
r4rk1/ppp2ppp/5n2/2bPp3/4P3/PBN1n3/1P3PPP/3R1RK1 w - - 3 16,f2e3,-319,-322,3
r4rk1/ppp2ppp/8/3Pp3/4P1n1/PBN1b3/1P4PP/3R1R1K w - - 2 18,g2g3,-213,-389,176
rnbqkbnr/pppppppp/8/8/8/8/PPPPPPPP/RNBQKBNR w KQkq - 0 1,e2e4,31,32,1
r1bqkbnr/pppp1ppp/2n5/4p3/4P3/8/PPPPBPPP/RNBQK1NR w KQkq - 2 3,d2d3,-10,-19,9
r1bqkbnr/ppp2ppp/2np4/4p3/4P3/3P4/PPP1BPPP/RNBQK1NR w KQkq - 0 4,h2h3,15,-3,-18
r2qk2r/ppp1bp2/2npbn1p/4p1p1/4P3/3PB2P/PPP1BPPN/RN1Q1RK1 w kq - 2 9,c2c3,-4,-71,67
2kr3r/pppqbp2/2npbn1p/4p1p1/4P3/2PPB2P/PP1NBPPN/R2Q1RK1 w - - 3 11,b2b4,57,83,26
2kr3r/pppqbp2/2n1bn1p/4p1p1/1P1pP3/2PPBB1P/P2N1PPN/R2Q1RK1 w - - 0 13,c3d4,-361,-452,91
1k1r3r/ppp1bp2/4bn1p/4p1p1/1P1qP3/3P3P/P2NBPPN/R2Q1RK1 w - - 2 16,a2a3,-133,-156,23
1k5r/ppp1bpr1/4qn2/4p2p/1P2P3/P2P3P/4BPPN/R2Q1R1K w - - 2 21,f2f4,57,-5,-62
rnbqkbnr/pppppppp/8/8/8/8/PPPPPPPP/RNBQKBNR w KQkq - 0 1,c2c4,33,12,-21
rnbqk1nr/ppppppbp/6p1/8/2P5/2N5/PP1PPPPP/R1BQKBNR w KQkq - 2 3,d2d4,44,45,1
rnbqk1nr/pppp1pbp/4p1p1/8/2PP4/2N5/PP2PPPP/R1BQKBNR w KQkq - 0 4,e2e4,82,70,-12
rnbqk1nr/ppp2pbp/3pp1p1/8/2PPP3/2N5/PP3PPP/R1BQKBNR w KQkq - 0 5,f2f4,92,69,-23
r1b1k1nr/pp1n1pbp/1qppp1p1/8/2PPPP2/2N2N2/PP2B1PP/R1BQK2R w KQkq - 4 8,a2a3,213,159,-54
r1b1k1nr/1p1n1pbp/1qpp2p1/p3p3/2PPPP2/P1N1BN2/1P2B1PP/R2QK2R w KQkq - 0 10,f4e5,317,229,-88
r1b1k1nr/1p1n1pbp/1qp3p1/p3p3/2PPP3/P1N1BN2/1P2B1PP/R2QK2R w KQkq - 0 11,c4c5,204,233,29
3r1rk1/1R3p1p/Q1p2np1/p3n3/4P3/P3R3/6PP/6K1 w - - 3 23,h2h3,307,224,-83
3r2k1/1R3p1p/2Q3p1/7n/4Pn2/P1K4P/8/8 w - - 3 31,a3a4,409,370,-39
rnbqkbnr/pppppppp/8/8/8/8/PPPPPPPP/RNBQKBNR w KQkq - 0 1,e2e4,28,35,7
rnbqkbnr/pppp1ppp/8/4p3/4P3/8/PPPP1PPP/RNBQKBNR w KQkq - 0 2,d2d4,40,-2,-42
r3r3/pkp2ppp/1p6/8/4p3/2B3n1/PPPR1PPP/3R2K1 w - - 0 18,h2g3,491,490,-1
r3r3/pkp5/1p3B2/5p1p/4p1p1/6P1/PPP1RPP1/4R1K1 w - - 0 22,f2f3,453,351,-102
4r3/pkp5/1p2r3/5p1p/4p1p1/2B2PP1/PPP1R1P1/4R1K1 w - - 3 24,f3e4,453,444,-9
4r3/1k6/1p2r3/p1p4p/4pBp1/6P1/PPP1R1P1/4R1K1 w - - 0 27,c2c4,439,405,-34
4r3/1k6/1p2r3/2p4p/p1P1pBp1/6P1/PP2R1P1/4R1K1 w - - 0 28,b2b3,405,366,-39
4r3/8/2k1r3/1pp4p/2P1p1p1/BP4P1/P3R1P1/4R1K1 w - - 1 31,c4b5,441,447,6
2r5/8/8/1kp1r2p/4p1p1/BP4P1/P1R3P1/2R3K1 w - - 4 34,b3b4,440,339,-101
8/8/8/5K2/8/4k1P1/6P1/8 w - - 3 52,g3g4,712,665,-47
8/8/8/5K2/6P1/8/5kP1/8 w - - 1 53,g4g5,663,653,-10
8/8/8/5KP1/8/8/6k1/8 w - - 0 54,g5g6,651,651,0
8/8/6P1/5K2/8/7k/8/8 w - - 1 55,g6g7,635,613,-22
8/6P1/8/5K2/7k/8/8/8 w - - 1 56,g7g8q,10000,10000,0
rnbqkbnr/pppppppp/8/8/8/8/PPPPPPPP/RNBQKBNR w KQkq - 0 1,e2e4,39,38,-1
rnbqkbnr/pppppppp/8/8/8/8/PPPPPPPP/RNBQKBNR w KQkq - 0 1,e2e4,35,35,0
rnbqk1nr/pppp1ppp/8/2b1p3/4P3/5N2/PPPP1PPP/RNBQKB1R w KQkq - 2 3,d2d4,182,9,-173
r1b1k2r/ppp2ppp/7n/2bp4/1n1NP2q/2N1B3/PPPQ1PPP/2KR1B1R w kq - 0 9,e4d5,519,364,-155
r3k2r/ppp2ppp/7n/2bP1b2/1n1N3q/2N1B3/PPPQ1PPP/2KR1B1R w kq - 1 10,g2g3,676,488,-188
r3k2r/ppp2ppp/6qn/2bP1b2/1n1N4/2N1B1P1/PPPQBP1P/2KR3R w kq - 3 12,a2a3,721,367,-354
r3k2r/p1p2ppp/1p4qn/3P4/8/P1N1n1P1/1P1QBP1P/2KR3R w kq - 0 16,f2e3,663,591,-72
1k1r3r/p4ppp/Bpp3qn/3P4/8/P1N1P1P1/1P4QP/2KR3R w - - 0 19,d5c6,598,585,-13
1k5r/p2R1ppp/BpP3qn/8/8/P1N1P1P1/1P4QP/2K5 w - - 3 22,c6c7,10000,10000,0
rnbqkbnr/pppppppp/8/8/8/8/PPPPPPPP/RNBQKBNR w KQkq - 0 1,e2e4,38,32,-6
rnbqkbnr/p1pp1ppp/1p2p3/8/4P3/2N5/PPPP1PPP/R1BQKBNR w KQkq - 0 3,g2g3,84,35,-49
rn1qk1nr/pbpp1p1p/1p2p1p1/8/4P3/2b2NP1/PPPP1PBP/R1BQ1RK1 w kq - 0 7,b2c3,153,125,-28
rn1qk2r/p1pp1p1p/1p2pnp1/8/4b3/2P2NP1/PBPP1PBP/R2Q1RK1 w kq - 2 9,d2d3,106,52,-54
r2qk2r/p1pp1p1p/1pn1pnp1/8/8/2PP1BP1/PBP2P1P/R2Q1RK1 w kq - 1 11,d3d4,111,-29,-140
r3k2r/p1ppqp1p/1pn1pnp1/8/3P4/2P2BP1/PBP2P1P/R2Q1RK1 w kq - 1 12,c3c4,318,197,-121
2kr3r/p1ppqp1p/1pn1pnp1/8/2PP4/5BP1/PBP2P1P/R2Q1RK1 w - - 1 13,d4d5,213,229,16
2kr3r/p1ppqp1p/1pn2np1/3p4/2P5/5BP1/PBP2P1P/R2Q1RK1 w - - 0 14,c4d5,433,220,-213
rnbqkbnr/pppppppp/8/8/8/8/PPPPPPPP/RNBQKBNR w KQkq - 0 1,d2d4,34,21,-13
rnbqkbnr/p1pppppp/1p6/8/3P4/8/PPP1PPPP/RNBQKBNR w KQkq - 0 2,e2e4,94,92,-2
rn1qk2r/pbp1npbp/1p1pp1p1/8/3PPB2/2N2N2/PPP1BPPP/R2Q1RK1 w kq - 0 8,e4e5,68,19,-49
rn2k2r/pb2qpbp/1pp1p1p1/3pP3/3P4/N2B2B1/PPP2PPP/R2Q1RK1 w kq - 2 14,c2c4,67,89,22
r3k2r/pb1nqpbp/1pp1p1p1/3pP3/2PP4/N2B2B1/PP3PPP/R2Q1RK1 w kq - 1 15,c4d5,157,152,-5
2kr3r/pb1nqpbp/1pp3p1/3pP3/3P4/3B2B1/PPN2PPP/R2Q1RK1 w - - 2 17,a2a3,280,219,-61
2kr3r/pb1nq1bp/1pp2pp1/3pP3/3P4/P2B2B1/1PN2PPP/R2Q1RK1 w - - 0 18,e5f6,308,184,-124
2k2r2/pb3r2/1p6/3p4/3N2Rp/P7/1P3PPP/R5K1 w - - 1 30,f2f3,325,354,29
8/1k6/p7/1p1p4/3r3p/P4P2/1P2K1PP/R7 w - - 0 37,b2b4,372,155,-217
8/1k6/p7/1p6/1P5p/r4P2/1R2K1PP/8 w - - 10 46,f3f4,170,135,-35
8/1k6/p7/1p6/1P3P1p/2r5/1R2K1PP/8 w - - 1 47,f4f5,212,244,32
8/8/1k6/pp3P2/1P5p/2r5/3RK1PP/8 w - - 0 49,b4a5,217,213,-4
8/8/8/3R1P2/kp5p/5K2/2r3PP/8 w - - 2 53,f5f6,186,225,39
8/2r5/5PK1/8/3R3p/kp6/6PP/8 w - - 0 58,f6f7,400,394,-6
8/5K2/8/8/7p/8/kp4PP/3R4 w - - 2 61,g2g4,585,645,60
8/5K2/8/8/8/6p1/kp5P/3R4 w - - 0 62,h2g3,645,641,-4
8/5K2/8/8/8/6P1/8/1k6 w - - 0 64,g3g4,642,645,3
rnbqkbnr/pppppppp/8/8/8/8/PPPPPPPP/RNBQKBNR w KQkq - 0 1,e2e4,34,34,0
rnbqkbnr/pppp1ppp/8/4p3/4P3/8/PPPP1PPP/RNBQKBNR w KQkq - 0 2,d2d4,32,0,-32
rnbqkbnr/pppp1ppp/8/8/3pP3/8/PPP2PPP/RNBQKBNR w KQkq - 0 3,c2c3,-2,-66,64
r1b1kbnr/1ppp2pp/2n2p2/p7/1qB1P3/5N2/PBQN1PPP/R4RK1 w kq - 2 10,a2a3,270,243,-27
r1b1kbnr/1ppp2pp/1qn2p2/p7/2B1P3/P4N2/1BQN1PPP/R4RK1 w kq - 1 11,e4e5,301,319,18
r1b1k1nr/1pppb1pp/1qn2p2/p3P3/2B5/P4N2/1BQN1PPP/R4RK1 w kq - 1 12,e5f6,367,254,-113
r1bk1r2/1pp1b2p/1qnp1p2/p7/2B5/P4N2/1BQ1RPPP/R5K1 w - - 0 17,h2h3,241,191,-50
r2k2r1/1pp1b2p/2qp4/p3p3/8/P1BQ3P/4RPP1/4R1K1 w - - 3 24,g2g3,147,147,0
r2k2r1/1ppqb2p/3p4/p3p3/8/P1BQ2PP/4RP2/4R1K1 w - - 1 25,h3h4,132,-28,-160
3b4/3k4/2pp4/pp5p/6rP/P5P1/3R1P1K/4R3 w - - 0 36,f2f3,142,-61,-203
3b4/3k4/3p1r2/p1p4p/1p5P/P3RPPK/8/4R3 w - - 0 40,a3b4,-144,-144,0
3b4/3k4/3p1r2/2p4p/1p5P/4RPPK/8/4R3 w - - 0 41,g3g4,-175,-185,10
3b4/3k4/3p1r2/2p5/1p4pP/4RP1K/8/4R3 w - - 0 42,f3g4,-80,-97,17
3b4/3k4/3p4/2p5/1p3rPP/4R2K/8/4R3 w - - 1 43,g4g5,114,21,-93
3b4/3k4/8/2pp2P1/1p3r1P/4R2K/8/4R3 w - - 0 44,g5g6,227,-89,-316
8/8/1b1R1KP1/1k6/1pp5/3p4/6r1/8 w - - 0 54,g6g7,-668,-739,71
8/5KP1/1b1R4/1k6/1p6/2p5/3p2r1/8 w - - 0 56,g7g8q,-759,-802,43
rnbqkbnr/pppppppp/8/8/8/8/PPPPPPPP/RNBQKBNR w KQkq - 0 1,d2d4,34,24,-10
rnbqkbnr/ppp1pppp/8/3p4/3P4/8/PPP1PPPP/RNBQKBNR w KQkq - 0 2,e2e3,24,10,-14
rnb1kb1r/p4ppp/2p1pn2/qp1p4/3P4/1B2P3/PPPN1PPP/R1BQK1NR w KQkq - 4 7,c2c3,-13,-8,-5
rnb1kb1r/p4ppp/2p1pn2/q2p4/1p1P4/1BP1P3/PP1N1PPP/R1BQK1NR w KQkq - 0 8,c3c4,10,19,9
r1b1kb1r/p2n1ppp/4p3/q1p5/1pPPp3/1B2P3/PP1BNPPP/R2QK2R w KQkq - 0 12,d4d5,249,-14,-263
r3kb1r/p2n1ppp/q7/2p5/1p2p3/4P3/PP2NPPP/R1BQK2R w KQkq - 0 16,b2b3,-152,-200,48
r3k2r/p2n1ppp/3b3q/2p5/1p2p3/1P2P3/PB2NPPP/R2Q1RK1 w kq - 5 19,g2g3,31,-15,-46
rnbqkbnr/pppppppp/8/8/8/8/PPPPPPPP/RNBQKBNR w KQkq - 0 1,d2d4,36,25,-11
rnbqkbnr/ppp1pppp/8/3p4/3P4/8/PPP1PPPP/RNBQKBNR w KQkq - 0 2,c2c4,21,24,3
rnbqkbnr/ppp2ppp/4p3/3p4/2PP4/8/PP2PPPP/RNBQKBNR w KQkq - 0 3,a2a3,33,0,-33
rnbqkb1r/p1p2ppp/1p2pn2/3p4/2PP4/P4N2/1P2PPPP/RNBQKB1R w KQkq - 0 5,e2e3,39,7,-32
r2qkb1r/pbpn1ppp/1p2pn2/3p4/2PP4/P1N1PN2/1P3PPP/R1BQKB1R w KQkq - 3 7,b2b4,-8,-20,12
r2qkb1r/pb1n1ppp/1p2pn2/2pp4/1PPP4/P1N1PN2/5PPP/R1BQKB1R w KQkq - 0 8,b4c5,15,-10,-25
r2qkb1r/pb1n1ppp/4pn2/2pp4/2PP4/P1N1PN2/5PPP/R1BQKB1R w KQkq - 0 9,c4d5,17,-16,-33
5rk1/p2qbppp/4p3/8/3N4/P2QPb2/1B3PPP/5RK1 w - - 0 20,g2f3,303,355,52
3r2k1/p5pp/3qpp2/8/8/P1Q1PP2/1B3P1P/5RK1 w - - 0 24,e3e4,412,395,-17
3r2k1/p5p1/4pp2/7p/4P2q/P3QP2/1B3P1P/5R1K w - - 0 27,f3f4,423,426,3
3r4/p4kp1/4pp2/7p/4PP2/P5q1/1B3P1P/5R1K w - - 0 29,f2g3,461,432,-29
6r1/p4kp1/4pp2/7p/4PP2/P5P1/1B5P/5R1K w - - 1 30,e4e5,492,459,-33
6r1/R7/4p1k1/4Pp1p/5p2/P5P1/1B5P/7K w - - 0 34,g3f4,376,364,-12
8/6r1/4p2k/4Pp2/5P1p/P4K2/1B5P/8 w - - 0 39,a3a4,-328,-393,65
8/6r1/4p3/4Pp1k/P4P1p/5K2/1B5P/8 w - - 1 40,a4a5,-336,-361,25
8/r7/4p3/P3Pp1k/5P1p/5K2/3B3P/8 w - - 5 43,h2h3,-305,-251,-54
8/3r4/1K2p1k1/P3Pp2/5P1p/7P/8/4B3 w - - 11 49,a5a6,361,391,30
rnbqkbnr/pppppppp/8/8/8/8/PPPPPPPP/RNBQKBNR w KQkq - 0 1,g2g3,46,13,-33
r1bqkbnr/pppp1ppp/2n5/4p3/8/6P1/PPPPPPBP/RNBQK1NR w KQkq - 2 3,b2b3,27,-59,-86
r2qkbnr/ppp2ppp/2np4/4pb2/8/1P4P1/PBPPPPBP/RN1QK1NR w KQkq - 2 5,e2e4,59,49,-10
r2qkb1r/ppp2ppp/2np1n2/4pb2/4P3/1P4P1/PBPP1PBP/RN1QK1NR w KQkq - 1 6,e4f5,461,426,-35
r3kb1r/pppq1ppp/2np1n2/4pP2/8/1P4P1/PBPP1PBP/RN1QK1NR w KQkq - 1 7,g3g4,441,340,-101
2krq2r/ppp1bppp/2np4/4pP2/8/1P3Q1B/PBPP1P1P/RN2K1NR w KQ - 5 11,f5f6,762,706,-56
1k1rq2r/ppp1bppp/2np1P2/4p3/8/1P3Q1B/PBPP1P1P/RN2K1NR w KQ - 1 12,f6e7,689,687,-2
1k1r1r2/ppp3pp/2np1q2/4p3/6Q1/1P5B/PBPP1P1P/RN2K1NR w KQ - 3 16,f2f3,626,647,21
rnbqkbnr/pppppppp/8/8/8/8/PPPPPPPP/RNBQKBNR w KQkq - 0 1,g2g3,29,10,-19
r1bqkbnr/pppp1ppp/2n5/4p3/8/6P1/PPPPPPBP/RNBQK1NR w KQkq - 2 3,f2f3,27,-147,-174
r1bqkbnr/ppp2ppp/2np4/4p3/8/5PP1/PPPPP1BP/RNBQK1NR w KQkq - 0 4,d2d3,-80,-89,9
r2qkbnr/ppp2ppp/2npb3/4p3/8/3P1PP1/PPP1P1BP/RNBQK1NR w KQkq - 1 5,b2b3,-58,-164,106
r3kb1r/ppp1qppp/2npbn2/4p3/8/1P1P1PP1/PBP1P1BP/RN1QK1NR w KQkq - 3 7,h2h4,-119,-248,129
r3nrk1/pppq1pbp/2npb1p1/1N6/4p2P/1P1P1PP1/P1PBP1B1/R2QK1NR w KQ - 0 13,f3e4,-175,-185,10
rnbqkbnr/pppppppp/8/8/8/8/PPPPPPPP/RNBQKBNR w KQkq - 0 1,e2e4,26,24,-2
r1bqkbnr/1ppp1pp1/p1n4p/4p3/2B1P3/5N2/PPPP1PPP/RNBQ1RK1 w kq - 0 5,d2d4,111,93,-18
r1bqk1nr/1ppp1pp1/p6p/2b1n3/3NP3/1B6/PPP2PPP/RNBQ1RK1 w kq - 3 8,f2f4,85,108,23
r1bqk1nr/1ppp1pp1/p5np/2b5/3NPP2/1B6/PPP3PP/RNBQ1RK1 w kq - 1 9,f4f5,127,63,-64
r1bqk1nr/1pppnpp1/p6p/2b2P2/3NP3/1B6/PPP3PP/RNBQ1RK1 w kq - 1 10,e4e5,230,-52,-282
r1bqk1nr/1pp1npp1/p2p3p/2b1PP2/3N4/1B6/PPP3PP/RNBQ1RK1 w kq - 0 11,f5f6,184,23,-161
r1bqk1nr/1pp2pp1/p1np1P1p/2b1P3/3N4/1B6/PPP3PP/RNBQ1RK1 w kq - 1 12,f6g7,382,334,-48
r1bqk1n1/1pp2pPr/p1np3p/2b1P3/3N4/1B6/PPP3PP/RNBQ1RK1 w q - 1 13,e5d6,373,-194,-567
r1b3n1/2pk4/p1n1p2p/1p6/3b2r1/B7/PPP3PP/RN2R2K w - - 0 24,h2h3,-635,-641,6
r1b3n1/2pk2r1/p1n1p2p/1p6/3b4/B6P/PPP3P1/RN2R2K w - - 1 25,c2c3,-596,-616,20
r3k1n1/2p5/p3p2p/np1b4/8/B1P4P/PP1r4/4R1K1 w - - 2 33,b2b4,-986,-1038,52
rnbqkbnr/pppppppp/8/8/8/8/PPPPPPPP/RNBQKBNR w KQkq - 0 1,g2g3,23,7,-16
r1bqkbnr/pppp1ppp/2n5/4p3/8/6P1/PPPPPPBP/RNBQK1NR w KQkq - 2 3,b2b3,23,-67,-90
r1bqkbnr/ppp2ppp/2np4/4p3/8/1P4P1/P1PPPPBP/RNBQK1NR w KQkq - 0 4,d2d3,24,-21,-45
r2qkbnr/ppp2ppp/2np4/4pb2/8/1P1P2P1/P1P1PPBP/RNBQK1NR w KQkq - 1 5,e2e4,45,32,-13
r3kbnr/ppp2ppp/2np1q2/4pb2/4P3/1P1P2P1/P1P2PBP/RNBQK1NR w KQkq - 1 6,e4f5,449,424,-25
r3kb1r/ppp2ppp/2np1nq1/4p3/8/1P1P2PB/P1P1QP1P/RNB1K1NR w KQkq - 4 9,f2f3,416,271,-145
r3k2r/ppp1bppp/2np1nq1/4p3/8/1P1P1PPB/P1P1Q2P/RNB1K1NR w KQkq - 1 10,g3g4,278,105,-173
r4rk1/ppp1bppp/2np1nq1/4p3/6P1/1P1P1P1B/P1P1Q2P/RNB1K1NR w KQ - 1 11,g4g5,123,108,-15
r4rk1/ppp2ppp/2np2q1/4p1n1/6B1/1P1P1P2/P1P2Q1P/RN2K1NR w KQ - 0 16,h2h4,56,65,9
r4rk1/ppp3pp/2np2q1/4ppn1/6BP/1P1P1P2/P1P2Q2/RN2K1NR w KQ - 0 17,h4h5,64,-370,-434
r4rk1/pp3qpp/3p3n/2p1p2P/3nNpB1/1P1P1P2/P1PK1Q2/R5NR w - - 6 24,c2c3,190,156,-34
rnbqkbnr/pppppppp/8/8/8/8/PPPPPPPP/RNBQKBNR w KQkq - 0 1,e2e4,28,25,-3
rnbqkbnr/ppp1pppp/8/3p4/4P3/8/PPPP1PPP/RNBQKBNR w KQkq - 0 2,e4e5,61,-3,-64
rnbqkbnr/ppp2ppp/4p3/3pP3/8/8/PPPP1PPP/RNBQKBNR w KQkq - 0 3,d2d4,33,37,4
rnbqk1nr/pp3ppp/4p3/2ppP3/1b1P4/2N5/PPP2PPP/R1BQKBNR w KQkq - 0 5,d4c5,79,35,-44
rnb1k1nr/pp3ppp/4p3/q1bpP3/8/2N2N2/PPP2PPP/R1BQKB1R w KQkq - 2 7,a2a3,59,51,-8
r1b1k1nr/pp3ppp/2n1p3/q1bpP3/8/P1N2N2/1PP2PPP/R1BQKB1R w KQkq - 1 8,b2b4,87,-51,-138
3r1knr/2qb2pp/p3p3/2p1Pp2/8/P2QB3/2P2PPP/RR4K1 w - f6 0 22,e5f6,-272,-348,76
rnbqkbnr/pppppppp/8/8/8/8/PPPPPPPP/RNBQKBNR w KQkq - 0 1,e2e4,29,27,-2
r1bqkbnr/pp1p1ppp/2n1p3/2p4Q/4P3/5N2/PPPP1PPP/RNB1KB1R w KQkq - 2 4,d2d3,-28,-88,60
r1bq1rk1/pp1pbppp/2n1p2B/2p5/4P3/3P1Nn1/PPP1BPPP/RN2K2R w KQ - 0 9,h2g3,-730,-745,15
r1bq1rk1/pp1p1p1p/2n1p2p/2p3b1/4P3/2NP1NP1/PPP1BPP1/R3K2R w KQ - 2 11,g3g4,-668,-717,49
r1bq1rk1/pp3p1p/2n1p2p/2pp2b1/4P1P1/2NP1N2/PPP1BPP1/R3K2R w KQ - 0 12,e4e5,-683,-780,97
r1b2rk1/ppN2p1p/4p2p/2pp2b1/6P1/3P1n2/PPP1BPP1/R3K2R w KQ - 0 15,g2f3,-212,-284,72
1rb2rk1/ppN2p1p/4p2p/2pp2b1/6P1/3P1P2/PPP1BP2/R3K2R w KQ - 1 16,c2c4,-284,-418,134
1rb2rk1/ppN2p1p/4p2p/2p3b1/2Pp2P1/3P1P2/PP2BP2/R3K2R w KQ - 0 17,a2a4,-123,-433,310
1r3rk1/ppNb1p1p/4p2p/2p3b1/P1Pp2P1/3P1P2/1P2BP2/R3K2R w KQ - 1 18,b2b3,-270,-443,173
2r2rk1/1pNb1p1p/p3p2p/2p3b1/P1Pp2P1/1P1P1P2/4BP2/R4RK1 w - - 2 20,f3f4,-437,-510,73
2r2rk1/1p1b1p1p/4p2p/1pp5/P1Pp1bP1/1P1P4/4BP2/R4RK1 w - - 0 22,c4b5,-430,-482,52
2r2rk1/1p1b1p1p/7p/1Pp1p3/P2p1bP1/1P1P4/4BP2/R4RK1 w - - 0 23,f2f3,-489,-554,65
2r2r1k/1p1b3p/7p/1Pp1pp2/P2p2P1/1P1P1P2/4B3/2R3K1 w - - 0 26,b3b4,-607,-745,138
2r2r1k/1p1b3p/7p/1P2p3/Pp1p2p1/3P1P2/4B3/1R4K1 w - - 0 28,f3g4,-709,-711,2
6rk/1p5p/7p/1P2p3/PR1p1rb1/3P4/8/5BK1 w - - 2 31,a4a5,-723,-886,163
6rk/1p5p/7p/PP2p3/1R1p1r2/3P4/7K/5b2 w - - 0 33,a5a6,-10000,-10000,0
rnbqkbnr/pppppppp/8/8/8/8/PPPPPPPP/RNBQKBNR w KQkq - 0 1,d2d4,24,22,-2
rnbqkbnr/ppp1pppp/8/3p4/3P4/8/PPP1PPPP/RNBQKBNR w KQkq - 0 2,a2a3,23,6,-17
rnbqkbnr/ppp2ppp/4p3/3p4/3P4/P7/1PP1PPPP/RNBQKBNR w KQkq - 0 3,b2b4,2,-27,-29
rnbqkb1r/ppp2pp1/4pn1p/3p4/1P1P4/P7/1BP1PPPP/RN1QKBNR w KQkq - 2 5,h2h3,2,-40,-42
rnbqk2r/ppp1bpp1/4pn1p/3p4/1P1P4/P6P/1BP1PPP1/RN1QKBNR w KQkq - 1 6,e2e3,-15,-17,2
r1bq1rk1/pppnbpp1/4pn1p/3p4/1P1P4/P3PN1P/1BP2PP1/RN1QKB1R w KQ - 3 8,c2c4,-2,-6,4
r1bq1rk1/1p4pn/pnp1pb1p/3p1p2/1PPP4/P1N1PN1P/1BQ1BPP1/1R3RK1 w - - 4 14,c4c5,129,103,-26
r1bq1rk1/1p1n2pn/p1p1pb1p/2Pp1p2/1P1P4/P1N1PN1P/1BQ1BPP1/1R3RK1 w - - 1 15,a3a4,110,81,-29
r1bq1rk1/1p1n2p1/p1p1p2p/2Pp1pb1/PP1P4/2N1P2P/1BQ1BPP1/1R3RK1 w - - 0 17,b4b5,68,80,12
r1bq1rk1/1p1nb1p1/p1p1p2p/1PPp1p2/P2P4/2N1P2P/1BQ1BPP1/1R3RK1 w - - 1 18,b5c6,100,68,-32
r1bq1rk1/4b1p1/p1p1pn1p/2Pp1p2/P2P4/2NBP2P/1BQ2PP1/1R3RK1 w - - 2 20,f2f3,128,112,-16
r1bq1rk1/4b1pn/p1p1p2p/2Pp1p2/P2P4/2NBPP1P/1BQ3P1/1R3RK1 w - - 1 21,e3e4,158,37,-121
r1bq1rk1/6pn/p1p1p2p/2Pp1pb1/P2PP3/2NB1P1P/1BQ3P1/1R3RK1 w - - 1 22,e4f5,155,85,-70
r1bq1rk1/6pn/p1p4p/2Pp1pb1/P2P4/2NB1P1P/1BQ3P1/1R3RK1 w - - 0 23,f3f4,83,19,-64
r1bq1rk1/6p1/p1p4p/2Pp1B1n/P2P1P1b/7P/1BQ3P1/1R1N1RK1 w - - 1 26,g2g4,-7,-260,253
r2q1rk1/6p1/p1p4p/2Pp1b1n/P2P1PPb/7P/1BQ5/1R1N1RK1 w - - 0 27,g4f5,-290,-279,-11
rnbqkbnr/pppppppp/8/8/8/8/PPPPPPPP/RNBQKBNR w KQkq - 0 1,e2e3,21,2,-19
rnbqkbnr/pppp1ppp/8/4p3/8/4P3/PPPP1PPP/RNBQKBNR w KQkq - 0 2,g2g3,22,-53,-75
r1bqkbnr/p1pp1ppp/1pn5/4p3/8/4P1P1/PPPP1PBP/RNBQK1NR w KQkq - 2 4,b2b3,84,20,-64
1r1qk2r/1bpp1ppp/ppn2n2/4p3/1b6/1PN1P1P1/PBPP1PBP/R2QK1NR w KQk - 2 9,h2h4,47,-33,-80
1r1qk2r/1bp2ppp/ppn2n2/3pp3/1b5P/1PN1P1P1/PBPP1PB1/R2QK1NR w KQk - 0 10,g3g4,-28,-40,12
1r2k2r/1bpq1ppp/ppn2n2/3pp3/1b4PP/1PN1P3/PBPP1PB1/R2QK1NR w KQk - 1 11,g4g5,111,112,1
1r3r1k/2Q4p/pp4p1/2b1p1P1/3pb1qP/1P2P3/PB1PNP2/R3K3 w Q - 1 24,e3d4,-434,-484,50
4rrk1/7p/pp4p1/6P1/3Qb2P/1P6/P2PqP2/2KR4 w - - 0 29,h4h5,-777,-1173,396
rnbqkbnr/pppppppp/8/8/8/8/PPPPPPPP/RNBQKBNR w KQkq - 0 1,e2e4,20,22,2
rnbqkbnr/ppp1pppp/3p4/8/4P3/8/PPPP1PPP/RNBQKBNR w KQkq - 0 2,f2f4,43,9,-34
r1bqkb1r/ppp1pppp/2np1n2/8/4PP2/2N5/PPPP2PP/R1BQKBNR w KQkq - 3 4,h2h3,52,-10,-62
r1bqkb1r/ppp2ppp/2np1n2/4p3/4PP2/2N4P/PPPP2P1/R1BQKBNR w KQkq - 0 5,f4e5,-12,-10,-2
r2q1rk1/ppp2ppp/3bbn2/n3p3/4P3/2N2N1P/PPPPB1P1/R1BQ1RK1 w - - 8 10,d2d4,18,-15,-33
2r1r1k1/ppp4p/3n4/5p2/4n1p1/5R1P/PPP3PB/4R2K w - - 0 24,h3g4,-591,-640,49
5rk1/ppp5/8/5n1p/3r2p1/8/PPP3PK/4R1B1 w - - 11 34,c2c3,-548,-925,377
rnbqkbnr/pppppppp/8/8/8/8/PPPPPPPP/RNBQKBNR w KQkq - 0 1,e2e4,20,21,1
rnbqkb1r/pppppppp/5n2/8/4P3/8/PPPP1PPP/RNBQKBNR w KQkq - 1 2,e4e5,126,115,-11
rnbqkb1r/pppppppp/8/3nP3/8/8/PPPP1PPP/RNBQKBNR w KQkq - 1 3,d2d4,65,59,-6
rnbqkb1r/ppp1pppp/3p4/3nP3/3P4/8/PPP2PPP/RNBQKBNR w KQkq - 0 4,c2c4,63,57,-6
rnbqkb1r/ppp1pppp/1n1p4/4P3/2PP4/8/PP3PPP/RNBQKBNR w KQkq - 1 5,f2f4,66,73,7
rn1qkb1r/ppp1pppp/1n1p2b1/4P3/2PP1P2/3B4/PP4PP/RNBQK1NR w KQkq - 3 7,f4f5,292,310,18
rn1qkb1r/ppp1pppp/3p2b1/4PP2/2nP4/3B4/PP4PP/RNBQK1NR w KQkq - 0 8,f5g6,557,577,20
rn1qkb1r/ppp1pppp/3p2P1/4n3/3P4/3B4/PP4PP/RNBQK1NR w KQkq - 0 9,d4e5,637,618,-19
rn1qkb1r/ppp1ppp1/3p2p1/4P3/8/3B4/PP4PP/RNBQK1NR w KQkq - 0 10,e5e6,612,623,11
rnbqkbnr/pppppppp/8/8/8/8/PPPPPPPP/RNBQKBNR w KQkq - 0 1,e2e4,21,18,-3
rnbqkbnr/ppp1pppp/8/3p4/4P3/8/PPPP1PPP/RNBQKBNR w KQkq - 0 2,e4d5,62,72,10
rnbqkbnr/ppp1pppp/8/8/8/2N5/PPPP1PPP/R1BQKBNR w KQkq - 2 4,b2b4,68,-22,-90
rnbqkbnr/ppp2ppp/4p3/8/1P6/2N5/P1PP1PPP/R1BQKBNR w KQkq - 0 5,a2a3,-3,6,9
rnbqkb1r/1pp2pp1/p3pn1p/8/1P6/P1N2N2/1BPP1PPP/R2QKB1R w KQkq - 0 8,d2d4,23,25,2
rnbq1rk1/5ppn/p1p1p2p/1pb1N3/1P1P4/P2B4/1BP2PPP/R2Q1RK1 w - - 0 14,d4c5,316,309,-7
rnb1q1k1/6pn/p1p1pr1p/1pP1Np2/1P6/P2B2Q1/1BP2PPP/R4RK1 w - - 2 17,f2f4,390,376,-14
r1b1q1k1/6p1/p1p1pnrp/1pP1Bp2/1P3P2/P2B1Q2/2P3PP/3R1RK1 w - - 3 21,c2c4,290,248,-42
r3q1k1/1b4p1/p1pRp1rp/2P1np2/1PB2P2/P4Q2/6PP/3R2K1 w - - 0 25,f4e5,353,342,-11
1r4k1/1b2q1p1/p1pRp1rp/2P1Pp2/1PB5/P7/4Q1PP/3R2K1 w - - 3 27,a3a4,354,188,-166
1rb3k1/4q1p1/p1pRp1rp/2P1Pp2/PPB5/8/4Q1PP/3R2K1 w - - 1 28,b4b5,202,8,-194
1rb3k1/4q1p1/2pRp1rp/1pP1Pp2/P1B5/8/4Q1PP/3R2K1 w - - 0 29,a4b5,-19,-26,7
4r1k1/6p1/R3p1rp/2P1Ppq1/8/8/4Q1PP/3R2K1 w - - 0 33,c5c6,27,-16,-43
rnbqkbnr/pppppppp/8/8/8/8/PPPPPPPP/RNBQKBNR w KQkq - 0 1,e2e4,18,31,13
rnbqkbnr/ppp1pppp/8/3p4/4P3/8/PPPP1PPP/RNBQKBNR w KQkq - 0 2,d2d3,70,-6,-76
rnbqkbnr/ppp1pppp/8/8/4p3/3P4/PPP2PPP/RNBQKBNR w KQkq - 0 3,d3e4,-12,-18,6
rnb1kbnr/ppp2ppp/8/4p3/4P3/8/PPP2PPP/RNBK1BNR w kq - 0 5,f2f3,-12,-16,4
rnb1k2r/pp3ppp/2p2b2/4p3/4P3/2N2P2/PPP3PP/R2K1BNR w kq - 0 9,a2a4,-71,-89,18
rn1r2k1/pp3ppp/2p1bb2/4p3/P1B1P3/2N2P2/1PP1K1PP/R5NR w - - 5 12,b2b3,21,-238,-259
rn1r2k1/pp3ppp/2p2b2/4p3/P1b1P3/1PN2P2/2P1K1PP/R5NR w - - 0 13,b3c4,-234,-251,17
r2r2k1/p4pp1/1pp1nb1p/4p3/P1P1P3/2NN1P2/2P1K1PP/1R5R w - - 4 18,g2g3,-140,-308,168
r5k1/p4pp1/1pp2b1p/4p3/P1PrP3/2NN1nP1/2P4P/1RK4R w - - 2 21,c4c5,-344,-382,38
rnbqkbnr/pppppppp/8/8/8/8/PPPPPPPP/RNBQKBNR w KQkq - 0 1,e2e4,29,27,-2
r1bqkbnr/pppp1ppp/2n5/4p3/4P3/5N2/PPPP1PPP/RNBQKB1R w KQkq - 2 3,d2d4,38,28,-10
r1bqkbnr/ppp2ppp/2n5/3pp3/3PP3/5N2/PPP2PPP/RNBQKB1R w KQkq - 0 4,d4e5,102,22,-80
1rb2b1r/ppN5/5pkp/4p3/2B1P3/8/PPP2PPP/2KR3R w - - 3 15,h2h4,407,326,-81
1r3b1r/ppN5/5pkp/4p3/2B1P1bP/8/PPP2PP1/2KR3R w - - 1 16,f2f3,386,377,-9
1r3b1r/ppN5/5pkp/4p2b/2B1P2P/5P2/PPP3P1/2KR3R w - - 1 17,g2g4,656,630,-26
1r5r/ppN5/5pkp/2b1p2b/2B1P1PP/5P2/PPP5/2KR3R w - - 1 18,g4h5,990,1048,58
2r5/8/6kp/pp2p3/3bP1NP/3B1P2/PPP3r1/1K1R3R w - - 0 29,h4h5,556,524,-32
8/8/8/pp2p3/3bP1k1/3B1r2/PPP5/1K5R w - - 0 36,a2a3,330,127,-203
8/8/8/p3p3/3bP3/p4k2/1PP5/1K5R w - - 0 39,b2a3,290,217,-73
8/8/8/p3p3/3bk3/P7/2P5/1K5R w - - 0 40,c2c4,240,0,-240
8/8/8/p3p3/2P1k3/P1b5/8/1K5R w - - 1 41,c4c5,419,450,31
8/8/8/p1Pkp3/5b2/P7/2R5/1K6 w - - 5 44,c5c6,545,553,8
8/8/2P5/p2k4/4pb2/P7/2R5/1K6 w - - 0 45,c6c7,556,564,8
8/8/8/8/1K6/P4R2/8/k7 w - - 3 61,a3a4,1114,1150,36
8/8/8/8/PK6/5R2/k7/8 w - - 1 62,a4a5,10000,10000,0
rnbqkbnr/pppppppp/8/8/8/8/PPPPPPPP/RNBQKBNR w KQkq - 0 1,e2e4,25,34,9
r1bqk1nr/pppp1ppp/2n5/2b1p3/2B1P3/5N2/PPPP1PPP/RNBQK2R w KQkq - 4 4,d2d3,19,15,-4
r1bqk2r/pppp1ppp/2n2n2/2b1p3/2B1P3/3P1N2/PPP2PPP/RNBQK2R w KQkq - 1 5,c2c3,12,15,3
r1bqk2r/ppp2ppp/2np1n2/2b1p3/2B1P3/2PP1N2/PP3PPP/RNBQK2R w KQkq - 0 6,a2a4,9,14,5
r2qk2r/ppp2ppp/2np1n2/2b1p3/P1B1P1b1/2PP1N2/1P3PPP/RNBQK2R w KQkq - 1 7,b2b4,286,297,11
r2qk2r/ppp2ppp/3p1n2/2b1p3/PnB1P1b1/2PP1N2/5PPP/RNBQK2R w KQkq - 0 8,c3b4,295,300,5
r2q1rk1/pp3ppp/2p2n2/6Bb/P2pp3/1Q1P4/B4PPP/R2N1RK1 w - - 0 17,d3e4,366,375,9
r2q1rk1/pp3ppp/2p2n2/6B1/P3P3/1Q1p4/B3bPPP/R2NR1K1 w - - 0 19,e4e5,401,300,-101
r4rk1/p4ppp/2p5/1p2q3/P7/1QRpB3/B3bPPP/4R1K1 w - - 0 24,a4b5,242,237,-5
rnbqkbnr/pppppppp/8/8/8/8/PPPPPPPP/RNBQKBNR w KQkq - 0 1,e2e4,33,32,-1
r1bqkbnr/pp1p1ppp/2n1p3/2p4Q/2B1P3/8/PPPP1PPP/RNB1K1NR w KQkq - 0 4,d2d3,-129,-154,25
r1bqkb1r/pp3ppp/2n1pn2/2pp4/2B1P3/3P4/PPP2PPP/RNBQK1NR w KQkq - 0 6,e4d5,-146,-141,-5
r1bq1rk1/p4ppp/2pb1n2/2pp2B1/8/3P4/PPP2PPP/RN1QK1NR w KQ - 0 10,h2h3,-253,-304,51
r3r1k1/p2q1pp1/b1pb1n1p/3p4/3N4/2Np3P/PPPB1PP1/R2Q1RK1 w - - 0 16,c2d3,-347,-389,42
r3r1k1/p4p2/5n1p/3p1q2/2p5/2b4P/PP1Q1PP1/R3R1K1 w - - 0 25,b2c3,-470,-504,34
r7/p5k1/5p1p/3p1q2/2pQn3/2P4P/P4PP1/R5K1 w - - 0 29,g2g4,-332,-500,168
2r5/p7/5k1p/3np3/2p1R1P1/3p3P/P2K1P2/8 w - - 6 37,a2a4,-694,-801,107
2r5/p7/4k2p/3np3/P1p1R1P1/3p3P/3K1P2/8 w - - 1 38,a4a5,-759,-806,47
2r5/8/p3k2p/P2np3/2p1R1P1/3p3P/3K1P2/8 w - - 0 39,f2f3,-752,-821,69
rnbqkbnr/pppppppp/8/8/8/8/PPPPPPPP/RNBQKBNR w KQkq - 0 1,d2d4,35,19,-16
rnbqkbnr/ppp1pppp/8/3p4/3P4/8/PPP1PPPP/RNBQKBNR w KQkq - 0 2,e2e3,21,5,-16
rn2kb1r/pp2pppp/2pq1n2/3p4/3Pb3/2N1PN2/PPP1BPPP/R1BQ1RK1 w kq - 8 7,h2h3,88,1,-87
r3kb1r/pp1npppp/2pq1n2/3p4/3Pb3/2N1PN1P/PPP1BPP1/R1BQ1RK1 w kq - 1 8,a2a4,56,-1,-57
r3kb1r/pp1n1ppp/2pq1n2/3pp3/P2Pb3/2N1PN1P/1PP1BPP1/R1BQ1RK1 w kq - 0 9,d4e5,82,31,-51
r3k2r/pp3ppp/2p2n2/4b3/P3p3/4P2P/1PP1BPP1/R1B2RK1 w kq - 0 13,c2c3,19,-26,-45
2kr3r/pp3ppp/2p2n2/4b3/P3p3/2P1P2P/1P2BPP1/R1B2RK1 w - - 1 14,f2f4,-18,-8,-10
2kr4/ppb2ppp/2p5/8/P3pPn1/2P1P2P/1P4P1/R1B3K1 w - - 0 18,h3g4,-237,-224,-13
8/pp3ppp/1bp1k3/8/P3pPP1/2P1P3/1P3KP1/R1B4r w - - 11 24,b2b3,-91,-102,11
3b4/1p3ppp/2p1k3/p7/P3pPPr/1PP1P1K1/1B4P1/R7 w - - 4 27,g4g5,417,32,-385
3b4/1p3ppp/2p1k3/p5Pr/P3pP2/1PP1P1K1/1B4P1/R7 w - - 1 28,c3c4,31,34,3
rnbqkbnr/pppppppp/8/8/8/8/PPPPPPPP/RNBQKBNR w KQkq - 0 1,e2e4,29,28,-1
rnbqkbnr/pppp1ppp/8/4p3/4P3/8/PPPP1PPP/RNBQKBNR w KQkq - 0 2,f2f4,29,-28,-57
rnbqk1nr/ppp2ppp/3p4/2b1p3/4PP2/5N2/PPPP2PP/RNBQKB1R w KQkq - 0 4,f4e5,-15,-4,-11
rnbqk1nr/ppp2ppp/8/2b1p3/4P3/5N2/PPPP2PP/RNBQKB1R w KQkq - 0 5,c2c3,-5,-2,-3
r1bqk1nr/ppp2ppp/2n5/2b1p3/4P3/2P2N2/PP1P2PP/RNBQKB1R w KQkq - 1 6,d2d4,-8,-77,69
r1bqk1nr/ppp2ppp/2n5/2b5/3pP3/2P2N2/PP4PP/RNBQKB1R w KQkq - 0 7,c3d4,-82,-214,132
2kr2nr/pp3ppp/2p5/8/4PB2/2R5/PP4PP/R5K1 w - - 0 16,e4e5,4,-56,-60
2k1r3/pp1r1p2/2p4p/4P1p1/5n2/2B2R2/PP3RPP/6K1 w - - 8 25,g2g3,-105,-360,255
2k5/p2r1p2/1p2r2p/2p1PRp1/8/2B3P1/PP3K1P/8 w - - 0 30,a2a3,-371,-380,9
8/pk1r1p2/1p2r2p/2p1PRp1/8/P1B3P1/1P3K1P/8 w - - 1 31,h2h4,-368,-348,-20
8/pk1r1p2/1p2r2p/2p1PR2/7p/P1B3P1/1P3K2/8 w - - 0 32,g3h4,-378,-373,-5
8/1k1r1p2/p3r2p/1pp1PR2/7P/P1B2K2/1P6/8 w - - 0 34,h4h5,-359,-366,7
8/3r1p2/1k2r2p/p1p1P2P/1p2KR2/P1B5/1P6/8 w - - 0 37,a3b4,-428,-435,7
8/5p2/4r2p/1kp1P2P/1p2K3/8/1P3B2/8 w - - 5 43,b2b3,-455,-568,113
8/5p2/4r2p/1k2P2P/1pp1K3/1P6/5B2/8 w - - 0 44,b3c4,-611,-609,-2
rnbqkbnr/pppppppp/8/8/8/8/PPPPPPPP/RNBQKBNR w KQkq - 0 1,e2e4,29,29,0
rnbqkbnr/pp1p1ppp/4p3/2p5/2B1P3/8/PPPP1PPP/RNBQK1NR w KQkq - 0 3,c2c3,1,-27,-28
rnbqkbnr/1p1p1ppp/p3p3/2p5/2B1P3/2P5/PP1P1PPP/RNBQK1NR w KQkq - 0 4,a2a3,20,-16,-36
rnbqkbnr/3p1ppp/p7/1pp1p3/4P3/P1P5/BP1P1PPP/RNBQK1NR w KQkq - 0 6,d2d3,139,58,-81
rnbqkb1r/3p1pp1/p4n1p/1pp1p3/4P3/P1PPB3/BP3PPP/RN1QK1NR w KQkq - 2 8,h2h3,103,-5,-108
r2qkb1r/1b3pp1/p1n2n2/1p2p1N1/2ppP3/P1PP3P/BP1N1PP1/R2Q1RK1 w kq - 0 14,d3c4,-163,-163,0
r2qkb1r/1b3pp1/p1n5/1p2p1Nn/2PpP3/P1P4P/BP1N1PP1/R2Q1RK1 w kq - 1 15,c4b5,74,-153,-227
r3kb1r/1b3pp1/p1n5/1P2p1qn/3pP3/P1P4P/BP1N1PP1/R2Q1RK1 w kq - 0 16,b5c6,-117,-442,325
r3kb1r/5pp1/p4n2/4p1q1/3pb3/P1P4P/BP3PP1/1R1Q1RK1 w kq - 2 21,g2g3,-512,-1098,586
r4b2/6p1/p5k1/4p1q1/8/P1p3PQ/1P3P2/1R4K1 w - - 0 27,b2c3,-247,-268,21
rnbqkbnr/pppppppp/8/8/8/8/PPPPPPPP/RNBQKBNR w KQkq - 0 1,e2e4,25,26,1
r1b1kb1r/pppp1ppp/5n2/1B6/3pP3/8/PPPP1PPP/RNB1K2R w KQkq - 0 7,d2d3,20,23,3
r1b1k2r/pppp1pp1/3b1n1p/1B6/3pPB2/3P4/PPP2PPP/RN2K2R w KQkq - 2 9,e4e5,196,5,-191
r1b1k3/pppp1pp1/5n2/1B6/3p4/N2P4/PPPB1PPb/R3K3 w Qq - 0 14,g2g3,13,14,1
5k2/5p2/5Rp1/1b6/3p4/3P4/PPP5/1K6 w - - 0 35,a2a4,388,330,-58
5k2/5p2/5Rp1/8/b2p4/3P4/1PP5/1K6 w - - 0 36,b2b3,365,337,-28
8/8/4k3/5p1b/3R1K2/1P1P4/2P5/8 w - - 3 45,b3b4,588,697,109
8/8/4k3/5p2/1P1R1K2/3P4/2P5/3b4 w - - 1 46,c2c3,690,738,48
8/8/4k3/5p2/1P1R1K2/1bPP4/8/8 w - - 1 47,c3c4,726,776,50
8/8/1k6/3RK3/1PP5/3P4/8/1b6 w - - 7 56,b4b5,605,609,4
2k5/8/3R4/1P2K3/2P5/3P4/8/1b6 w - - 3 58,c4c5,615,636,21
8/2k5/3R4/1PP1K3/8/3P4/8/1b6 w - - 1 59,b5b6,689,807,118
8/1k6/1P1R4/2P1K3/8/3P4/8/1b6 w - - 1 60,d3d4,827,707,-120
8/2R5/1P6/1kP1K3/3P4/8/b7/8 w - - 5 63,b6b7,901,957,56
8/1PR5/8/1kPbK3/3P4/8/8/8 w - - 1 64,b7b8q,10000,1150,-8850
rnbqkbnr/ppp1pppp/8/3p4/8/5N2/PPPPPPPP/RNBQKB1R w KQkq - 0 2,d2d4,19,19,0
rnbqkbnr/ppp3pp/4p3/3p1p2/3P4/2N2N2/PPP1PPPP/R1BQKB1R w KQkq - 0 4,h2h3,29,-8,-37
rnbqk1nr/ppp3pp/3bp3/3p1p2/3P4/2N2N1P/PPP1PPP1/R1BQKB1R w KQkq - 1 5,g2g4,45,-11,-56
rnbqk2r/ppp3pp/3bpn2/3p1p2/3P2P1/2N2N1P/PPP1PP2/R1BQKB1R w KQkq - 1 6,g4f5,6,-4,-10
rnbq1r1k/ppp5/3b1p1p/3N4/3P1p2/5N1P/PPPQPP2/R3KBR1 w Q - 0 12,e2e3,467,355,-112
rnbqkbnr/pppppppp/8/8/8/8/PPPPPPPP/RNBQKBNR w KQkq - 0 1,e2e3,28,13,-15
rnbqkb1r/pppppppp/5n2/8/8/4P3/PPPP1PPP/RNBQKBNR w KQkq - 1 2,d2d4,15,15,0
rnbqkb1r/pppp1ppp/4pn2/8/3P4/4P3/PPP2PPP/RNBQKBNR w KQkq - 0 3,c2c4,12,12,0
rnbqkb1r/pp1p1ppp/4pn2/2p5/2PP4/4P3/PP3PPP/RNBQKBNR w KQkq - 0 4,d4c5,36,-8,-44
rnbqk2r/pp1p1ppp/4pn2/2b5/2P5/4P3/PP3PPP/RNBQKBNR w KQkq - 0 5,a2a3,-1,5,6
r1bqk2r/pp1p1ppp/2n1pn2/2b5/2P5/P3P3/1P3PPP/RNBQKBNR w KQkq - 1 6,b2b4,35,39,4
r1bqk2r/pp1p1ppp/1bn1pn2/8/1PP5/P3P3/5PPP/RNBQKBNR w KQkq - 1 7,c4c5,56,26,-30
r1bqk2r/ppbp1ppp/2n1pn2/2P5/1P6/P3P3/5PPP/RNBQKBNR w KQkq - 1 8,b4b5,10,-30,-40
r1bqk2r/ppbp1ppp/4pn2/1PP1n3/8/P3P3/5PPP/RNBQKBNR w KQkq - 1 9,a3a4,-48,-90,42
r1bq1rk1/ppbp1ppp/4pn2/1PP1n3/P7/4P3/5PPP/RNBQKBNR w KQ - 1 10,f2f4,-43,-157,114
r1bq1rk1/p2p1ppp/1p2p1n1/bPPn4/P4P2/2N1P3/1B1Q2PP/R3KBNR w KQ - 0 14,c5b6,-219,-305,86
r4rk1/1b1pqppp/1p2p1n1/bP1n4/P4P2/2N1P3/1B1QN1PP/2R1KB1R w K - 4 17,g2g3,-287,-528,241
rnbqkbnr/pppppppp/8/8/8/8/PPPPPPPP/RNBQKBNR w KQkq - 0 1,c2c3,26,1,-25
rnbqkbnr/pppppp1p/6p1/8/8/2P5/PP1PPPPP/RNBQKBNR w KQkq - 0 2,e2e3,32,-7,-39
rnbq1rk1/ppp2pbp/4pnp1/3p4/8/2PBP3/PPQP1PPP/RNB1K1NR w KQ - 0 7,b2b3,-149,-224,75
rn1q1rk1/3b1pbp/p3pnp1/1ppp4/8/NPPBP3/PBQP1PPP/2KR2NR w - - 0 11,f2f4,-364,-395,31
r2q1rk1/3b1pbp/p1n1pnp1/1p1p4/2p2P2/NPP1P3/PBQPB1PP/2KR2NR w - - 2 13,b3b4,-412,-561,149
rnbqkbnr/pppppppp/8/8/8/8/PPPPPPPP/RNBQKBNR w KQkq - 0 1,e2e4,26,28,2
rnbqkbnr/pppp1ppp/8/4p3/4P3/8/PPPP1PPP/RNBQKBNR w KQkq - 0 2,d2d3,23,-14,-37
rnbqkbnr/ppp2ppp/8/3pp3/4P3/3P4/PPP2PPP/RNBQKBNR w KQkq - 0 3,e4d5,-8,4,12
r1bqk2r/ppp1bppp/2n2n2/4p3/8/2NPBN2/PPP2PPP/R2QKB1R w KQkq - 8 8,h2h3,-9,-57,48
r1bq1rk1/ppp2ppp/2n2n2/8/1b2p3/2NP1N1P/PPPBBPP1/R2QK2R w KQ - 0 11,d3e4,76,0,-76
r1bqr1k1/ppp2ppp/8/8/1n6/5N1P/PPPNBPP1/R2Q1RK1 w - - 1 15,c2c3,487,449,-38
rnbqkbnr/pppppppp/8/8/8/8/PPPPPPPP/RNBQKBNR w KQkq - 0 1,g2g3,38,4,-34
rnbqkbnr/pp2pppp/8/2pp4/8/6P1/PPPPPPBP/RNBQK1NR w KQkq - 0 3,b2b3,19,-34,-53
r1bqkbnr/pp3ppp/2n5/2ppp3/8/1P4P1/PBPPPPBP/RN1QK1NR w KQkq - 0 5,e2e3,-83,-95,12
r1bqkb1r/pp3ppp/2n2n2/2ppp3/8/1P2P1P1/PBPP1PBP/RN1QK1NR w KQkq - 1 6,h2h3,-89,-102,13
r2qkb1r/pp3ppp/2n1bn2/2ppp3/8/1P2P1PP/PBPP1PB1/RN1QK1NR w KQkq - 1 7,d2d3,-105,-95,-10
r3k2r/pp1q1ppp/2nbbn2/2ppp3/8/1P1PP1PP/PBP1NPB1/RN1QK2R w KQkq - 3 9,a2a3,-129,-134,5
1k1rr3/1pq1b2p/p1n1bn2/2ppp1p1/N4p2/PP1PP1PP/1BPNQPB1/1K1R3R w - - 0 20,g3g4,-67,-156,89
1k1rr3/1pq1b3/p1n1bn2/2ppp1pp/N4pP1/PP1PP2P/1BPNQPB1/1K1R3R w - - 0 21,e3e4,-89,-386,297
1k1rr3/1pq1b3/p1n1bn2/2ppp1p1/N3Ppp1/PP1P3P/1BPNQPB1/1K1R3R w - - 0 22,h3g4,-296,-307,11
1k1rr3/2q1b3/p1n2n2/2p1p3/p2pP1p1/PP1P1p2/KBPN1P2/3RQ2R w - - 0 29,b3a4,-528,-526,-2
rnbqkbnr/pppppppp/8/8/8/8/PPPPPPPP/RNBQKBNR w KQkq - 0 1,e2e4,36,29,-7
rnbqkbnr/pppp1ppp/8/4p3/4P3/8/PPPP1PPP/RNBQKBNR w KQkq - 0 2,f2f4,24,-45,-69
r1bqk1nr/pppp1ppp/2n5/2b5/2B1Pp2/5N2/PPPP2PP/RNBQK2R w KQkq - 2 5,d2d4,58,-43,-101
r1bqk1nr/pppp1ppp/1bn5/8/2BPPp2/5N2/PPP3PP/RNBQK2R w KQkq - 1 6,c2c3,127,33,-94
r1bqk2r/ppp1nppp/1bnp4/8/2BPPB2/2P2N2/PP4PP/RN1QK2R w KQkq - 1 8,b2b4,188,24,-164
r1b1qr1k/ppp2ppp/1bnp2n1/6B1/1PBPP3/1QP2N2/P2N2PP/R3K2R w KQ - 7 12,h2h4,33,-57,-90
r1b1qr1k/ppp3pp/1bnp1pn1/6B1/1PBPP2P/1QP2N2/P2N2P1/R3K2R w KQ - 0 13,h4h5,-67,-78,11
r1b1qr1k/1pp1n1pp/1bnp1p2/7P/1pBPPB2/1QP2N2/P2N2P1/2KR3R w - - 0 16,c3b4,-149,-119,-30
r3qr1k/1pp1n1pp/1bnp1p2/7P/1PBPPBb1/1Q3N2/P2N2P1/2KR3R w - - 1 17,d4d5,-28,-108,80
r4r1k/qp2n1pp/2pp1p2/3P3P/1PB1PB2/5N2/PQ4P1/2KR4 w - - 0 24,g2g4,402,271,-131
r4r1k/qp2n1pp/3p1p2/3p3P/1PB1PBP1/5N2/PQ6/2KR4 w - - 0 25,e4d5,288,-223,-511
r1n2r1k/qp4pp/3p1p2/3P3P/1PB2BP1/5N2/PQ6/2KR4 w - - 1 26,h5h6,371,258,-113
rnbqkbnr/pppppppp/8/8/8/8/PPPPPPPP/RNBQKBNR w KQkq - 0 1,e2e4,22,32,10
rnbqkbnr/pp1ppppp/8/2p5/4P3/8/PPPP1PPP/RNBQKBNR w KQkq - 0 2,f2f4,33,-10,-43
r1bqkbnr/pp3ppp/2n1p3/2pp4/2B1PP2/5N2/PPPP2PP/RNBQK2R w KQkq - 0 5,e4d5,-79,-112,33
r1bqk2r/pp3ppp/2nb1n2/2pp4/5P2/2N2N2/PPPPB1PP/R1BQK2R w KQkq - 4 8,d2d4,-208,-182,-26
rnbqkbnr/pppppppp/8/8/8/8/PPPPPPPP/RNBQKBNR w KQkq - 0 1,e2e4,33,33,0
rnbqk2r/pppp1ppp/3b1n2/4N3/4P3/8/PPPP1PPP/RNBQKB1R w KQkq - 1 4,d2d4,172,177,5
r1bqr1k1/pppp1p1p/6p1/4b1BB/3n4/6Q1/PPP2PPP/RN3RK1 w - - 0 13,f2f4,-92,-228,136
r1bqr1k1/pppp1p1p/5bpB/7B/5P2/6Q1/PPn3PP/RN3RK1 w - - 0 15,f4f5,-329,-297,-32
r1bqr1k1/ppp2p1p/3p1bpB/5P1B/8/6Q1/PPn3PP/RN3RK1 w - - 0 16,f5g6,92,84,-8
5q1k/p6r/1p1p2Q1/1NpBb3/8/8/PP4PP/R6K w - - 2 31,g2g3,414,447,33
rnbqkbnr/pppppppp/8/8/8/8/PPPPPPPP/RNBQKBNR w KQkq - 0 1,e2e4,25,23,-2
rnbqkbnr/pppp1ppp/4p3/8/4P3/8/PPPP1PPP/RNBQKBNR w KQkq - 0 2,f2f4,34,-12,-46
rnbqkbnr/p4ppp/1p1pp3/2p5/4PP2/5N2/PPPPB1PP/RNBQK2R w KQkq - 0 5,d2d3,87,17,-70
rn1qkbnr/pb3ppp/1p1pp3/2p5/4PP2/3P1N2/PPP1B1PP/RNBQK2R w KQkq - 1 6,c2c4,33,15,-18
rn1qk2r/pb3ppp/1p1pp3/2p5/2P1PP1b/2NPQN2/PP2B1PP/R3K2R w KQkq - 1 11,g2g3,7,1,-6
rn1qk2r/pb3ppp/1p1ppb2/2p5/2P1PP2/2NPQNP1/PP2B2P/2KR3R w kq - 3 13,h2h4,136,-20,-156
rn1qk2r/pb3ppp/3ppb2/1pp5/2P1PP1P/2NPQNP1/PP2B3/2KR3R w kq - 0 14,g3g4,118,-62,-180
rn1qk2r/pb3ppp/3pp3/1pp5/2P1PPPP/2bPQN2/PP2B3/2KR3R w kq - 0 15,b2c3,-62,-77,15
rn2k2r/pb3ppp/3pp3/2p5/2p1PPPP/2PP1N2/PK2B3/3R3R w kq - 0 19,d3d4,-69,-156,87
rn2k2r/p4ppp/3pp3/2p5/2pPbPPP/2P2N2/PK2B3/3R3R w kq - 0 20,d4c5,-146,-272,126
r3k2r/p2n1ppp/4p3/2p5/2B2PPP/2P5/PK6/7R w kq - 1 24,g4g5,-632,-646,14
r4rk1/p2n1ppp/4p3/2p3P1/2B2P1P/2P5/PK6/7R w - - 1 25,h4h5,-643,-652,9
1r5k/p5pp/8/2r3PP/2p1BP2/2P5/P1K5/7R w - - 2 32,g5g6,-83,-251,168
rnbqkbnr/pppppppp/8/8/8/8/PPPPPPPP/RNBQKBNR w KQkq - 0 1,d2d4,22,22,0
rnbqkbnr/ppp1pppp/8/3p4/3P4/8/PPP1PPPP/RNBQKBNR w KQkq - 0 2,c2c4,23,25,2
r1bqkbnr/ppp1pppp/2n5/3p4/2PP4/8/PP2PPPP/RNBQKBNR w KQkq - 1 3,g2g3,63,5,-58
r1bqkbnr/ppp2ppp/2n5/3pp3/2PP4/6P1/PP2PP1P/RNBQKBNR w KQkq - 0 4,d4e5,73,73,0
r1bqkbnr/ppp2ppp/2n5/4P3/2Pp4/6P1/PP2PP1P/RNBQKBNR w KQkq - 0 5,e2e3,112,-85,-197
r1bqk1nr/ppp2ppp/2n5/4P3/1bP5/4p1P1/PP1B1P1P/RN1QKBNR w KQkq - 0 7,f2e3,-99,-103,4
r4rk1/p1pb2pp/2p2n2/4Q3/1qP5/4PNP1/PP1N3P/2KR3R w - - 1 16,a2a3,16,26,10
1r3rk1/p1pb2pp/2p2n2/8/q1P5/P1Q1PNP1/1P1N3P/2KR3R w - - 3 18,h2h3,142,86,-56
1r3rk1/p1p3pp/2p2n2/5b2/q1P5/P1Q1PNPP/1P1N4/2KR3R w - - 1 19,g3g4,148,125,-23
6k1/p1pN2pp/2p5/8/q1P1b1P1/P1r1P2P/1P6/2K2R2 w - - 0 25,b2c3,-10000,-10000,0
rnbqkbnr/pppppppp/8/8/8/8/PPPPPPPP/RNBQKBNR w KQkq - 0 1,e2e4,26,24,-2
rnbqkbnr/pppp1ppp/8/4p3/4P3/8/PPPP1PPP/RNBQKBNR w KQkq - 0 2,d2d4,22,-6,-28
r1b1k2r/ppbpnppp/2p2q2/8/B3P3/2NQB3/PPP2PPP/R4RK1 w kq - 8 12,f2f4,129,105,-24
r1b1k2r/ppbpnpp1/2p2q1p/8/B3PP2/2NQB3/PPP3PP/R4RK1 w kq - 0 13,e4e5,247,264,17
r1b1k2r/1pbpnpp1/2p4p/p3Pq2/B3NP2/3QB3/PPP3PP/R4RK1 w kq - 0 15,c2c4,301,326,25
r3k2r/2bpnpp1/bpp1q2p/p3P3/2P1NP2/3QB3/PPB3PP/2R2RK1 w kq - 4 18,b2b3,260,304,44
1k1r3r/2bpnpp1/bppNq2p/p3P3/2P2P2/1P1QB3/P1B3PP/2R2RK1 w - - 3 20,a2a3,223,152,-71
1k1r3r/2bpnp2/bppNq1pp/p3P3/2P2P2/PP1QB3/2B3PP/2R2RK1 w - - 0 21,b3b4,246,163,-83
1k1r3r/3pnp2/bppbq1pp/p3P3/1PP2P2/P2QB3/2B3PP/2R2RK1 w - - 0 22,e5d6,209,141,-68
rnbqkbnr/pppppppp/8/8/8/8/PPPPPPPP/RNBQKBNR w KQkq - 0 1,e2e4,25,22,-3
rnbqkbnr/pppp1ppp/8/4p3/4P3/8/PPPP1PPP/RNBQKBNR w KQkq - 0 2,d2d3,22,-8,-30
r1bqk1nr/pppp1ppp/2n5/2b1p3/4P3/3P1N2/PPP2PPP/RNBQKB1R w KQkq - 3 4,c2c3,78,4,-74
r1bqk1nr/p1pp1ppp/2n5/1pb1p3/4P3/2PP1N2/PP3PPP/RNBQKB1R w KQkq - 0 5,b2b4,213,78,-135
r1bqk1nr/p1pp1ppp/1bn5/1p2p3/1P2P3/2PP1N2/P4PPP/RNBQKB1R w KQkq - 1 6,d3d4,82,83,1
r1bqk1nr/p1pp1ppp/1bn5/1p6/1P1pP3/2P2N2/P4PPP/RNBQKB1R w KQkq - 0 7,c3d4,60,-1,-61
r1bqk2r/p1p2ppp/1bnp1n2/1p6/1P1PP3/2N2N2/P4PPP/R1BQKB1R w KQkq - 0 9,d4d5,230,91,-139
rnbqkbnr/pppppppp/8/8/8/8/PPPPPPPP/RNBQKBNR w KQkq - 0 1,e2e4,26,24,-2
rnb1kb1r/pp1pnppp/2p2q2/4p3/2B1P3/5N2/PPPP1PPP/RNBQ1RK1 w kq - 0 5,d2d4,257,284,27
rnb1kb1r/pp1pnppp/2p2q2/8/2BpP3/5N2/PPP2PPP/RNBQ1RK1 w kq - 0 6,c2c3,372,148,-224
rnb1kb1r/p2pnppp/2p2q2/1p6/4P3/1Bp2N2/PP3PPP/RNBQ1RK1 w kq - 0 8,b2c3,398,245,-153
rn2kb1r/p3nppp/b1p2q2/1p1p2N1/4P3/1BP5/P4PPP/RNBQ1RK1 w kq - 0 10,e4d5,429,477,48
4R3/5ppk/b7/6p1/8/8/P1pN1PPP/qrB3K1 w - - 0 23,h2h4,-1012,-10000,8988
rnbqkbnr/pppppppp/8/8/8/8/PPPPPPPP/RNBQKBNR w KQkq - 0 1,d2d4,23,21,-2
rnbqkb1r/pppppppp/5n2/8/3P4/8/PPP1PPPP/RNBQKBNR w KQkq - 1 2,c2c4,20,20,0
rnbqkb1r/pppp1ppp/4pn2/8/2PP4/8/PP2PPPP/RNBQKBNR w KQkq - 0 3,e2e3,21,3,-18
rnbqkb1r/pp3ppp/4pn2/2pp4/2PP4/4PN2/PP3PPP/RNBQKB1R w KQkq - 0 5,d4c5,14,7,-7
rnbqk2r/pp3ppp/4pn2/2bp4/2P5/4PN2/PP3PPP/RNBQKB1R w KQkq - 0 6,c4d5,10,1,-9
r4rk1/1b3ppp/p1n1pn2/1pb5/8/2N1PN2/PP3PPP/R1BBK2R w KQ - 4 13,a2a3,-56,-91,35
r4rk1/1b3ppp/p1n1pn2/2b5/1p6/P1N1PN2/1P3PPP/R1BBK2R w KQ - 0 14,a3b4,-10,-12,2
rnbqkbnr/pppppppp/8/8/8/8/PPPPPPPP/RNBQKBNR w KQkq - 0 1,e2e4,24,26,2
rnbqkbnr/pp1ppppp/8/2p5/4P3/8/PPPP1PPP/RNBQKBNR w KQkq - 0 2,c2c4,28,2,-26
rnbqkbnr/pp1p1ppp/4p3/2p5/2P1P3/8/PP1P1PPP/RNBQKBNR w KQkq - 0 3,d2d3,28,-22,-50
r1bqkbnr/pp1p1ppp/2n1p3/2p5/2P1P3/3P4/PP3PPP/RNBQKBNR w KQkq - 1 4,a2a3,-19,-29,10
r1bqkbnr/pp3ppp/2n1p3/2pp4/2P1P3/P2P4/1P3PPP/RNBQKBNR w KQkq - 0 5,c4d5,-35,-32,-3
r2qkb1r/pp1b1ppp/2n2n2/2p5/3pPN2/P2P4/1P1Q1PPP/R1B1KBNR w KQkq - 6 10,b2b4,-94,-188,94
r2qk2r/pp1bbppp/2n2n2/2p5/1P1pPN2/P2P4/3Q1PPP/R1B1KBNR w KQkq - 1 11,b4c5,-55,-57,2
r2qk2r/pp1b1ppp/2n2n2/2b5/3pPN2/P2P4/3Q1PPP/R1B1KBNR w KQkq - 0 12,a3a4,-64,-656,592
r3k2r/p4ppp/5n2/1p6/b2qP3/K2P4/4B1PP/2R5 w kq - 0 25,e4e5,-1051,-1076,25
r3k2r/p4ppp/3q4/1p1n4/b7/3P1B2/K5PP/2R5 w kq - 4 28,g2g3,-958,-1229,271
r4rk1/p4ppp/3q4/1p1n4/b7/3P1BP1/K6P/2R5 w - - 1 29,d3d4,-1041,-1199,158
4r1k1/p4ppp/8/1p6/b7/2q3P1/K2n3P/8 w - - 4 38,g3g4,-10000,-10000,0
6k1/p4ppp/8/1p6/b5P1/2q5/K2nr2P/8 w - - 1 39,h2h4,-10000,-10000,0
rnbqkbnr/pppppppp/8/8/8/8/PPPPPPPP/RNBQKBNR w KQkq - 0 1,d2d4,29,24,-5
rn1qkb1r/ppp1pppp/5n2/3p1b2/3P1B2/5N2/PPP1PPPP/RN1QKB1R w KQkq - 4 4,e2e3,24,13,-11
rn1qkb1r/ppp2pp1/4pn1p/3p4/3P1Bb1/3BPN2/PPPN1PPP/R2QK2R w KQkq - 0 7,h2h3,62,54,-8
rn1qkb1r/ppp2pp1/4pn1p/3p3b/3P1B2/3BPN1P/PPPN1PP1/R2QK2R w KQkq - 1 8,c2c4,127,65,-62
rn1qk2r/ppp2pp1/4pn1p/3p4/2PP1B2/3BPb1P/PP1Q1PP1/R4RK1 w kq - 0 11,g2f3,61,67,6
rn1q1k1r/ppp2pp1/4pn1p/3p4/2PP1B2/3BPP1P/PP1Q1P2/R4RK1 w - - 1 12,c4c5,327,96,-231
r2q3r/ppp2pk1/4pn1p/2Ppn1p1/3P4/3BPP1P/PP1Q1P1K/R5R1 w - - 0 16,d4e5,45,44,-1
r2q3r/pp1n1pk1/2p1p2p/2PpP1p1/8/2QBPP1P/PP3P1K/R5R1 w - - 0 18,f3f4,39,41,2
r2q3r/pp1n2k1/2p1pp1p/2PpP1p1/5P2/2QBP2P/PP3P1K/R5R1 w - - 0 19,e5f6,40,33,-7
r6r/pp1n4/2p1pk1p/2Pp2p1/5P2/3BP2P/PP3P1K/R5R1 w - - 0 21,f4g5,-118,-152,34
r6r/pp1n4/2p1pk2/2Pp2p1/8/3BP2P/PP3P1K/R5R1 w - - 0 22,b2b4,-145,-251,106
r6r/1p6/2p2k2/2Pp2p1/pP2p1B1/4P1KP/P4P2/1R6 w - - 0 30,a2a3,-297,-290,-7
7r/1p6/1rp2k2/2Pp2p1/pP2p1B1/P3P1KP/5P2/5R2 w - - 3 32,c5b6,470,450,-20
8/1p6/1Pp5/3k2p1/1P1pp1B1/P3P1KP/5P2/8 w - - 0 39,e3d4,622,601,-21
8/1B6/1P6/6p1/1p1kp3/P5KP/5P2/8 w - - 0 42,a3b4,723,765,42
8/1B6/1P6/6p1/1P1k4/4p1KP/5P2/8 w - - 0 43,f2e3,811,825,14
rnbqkbnr/pppppppp/8/8/8/8/PPPPPPPP/RNBQKBNR w KQkq - 0 1,d2d4,32,22,-10
rnbqkbnr/pppppp1p/6p1/8/3P4/8/PPP1PPPP/RNBQKBNR w KQkq - 0 2,c2c4,60,35,-25
rnbqk1nr/ppppppbp/6p1/8/2PP4/8/PP2PPPP/RNBQKBNR w KQkq - 1 3,e2e4,48,49,1
rn1qk1nr/pbppppbp/1p4p1/8/2PPP3/2N5/PP3PPP/R1BQKBNR w KQkq - 2 5,f2f3,121,82,-39
r2qk1nr/1bpn1pb1/pp1pp1pp/8/2PPP3/2NBBP2/PP1QN1PP/1K1R3R w kq - 2 12,g2g4,203,175,-28
r3k1nr/1bpnqpb1/pp1pp1pp/8/2PPP1P1/2NBBP2/PP1QN2P/1K1R3R w kq - 1 13,d4d5,186,125,-61
2kr2nr/1bpnqpb1/pp1pp1pp/3P4/2P1P1P1/2NBBP2/PP1QN2P/1K1R3R w - - 1 14,f3f4,212,99,-113
1k1r3r/1bpnqpb1/pp1ppnpp/3P4/2P1PPP1/2NBB3/PP1QN2P/1K1RR3 w - - 3 16,h2h3,125,111,-14
1k1r3r/1bpnqpb1/pp1p1npp/3p4/2P1PPP1/2NBB2P/PP1QN3/1K1RR3 w - - 0 17,c4d5,137,95,-42
3r3r/kbpnqpb1/p2p2pp/2pP4/4PPP1/2NB2NP/PPQ5/1K1RR3 w - - 4 21,f4f5,32,-160,-192
1r5r/kbp1q3/p2p1p1p/3nbPp1/2p1P1P1/Q5NP/PPB1N3/1K1RR3 w - - 0 30,e4d5,140,130,-10
rnbqkbnr/pppppppp/8/8/8/8/PPPPPPPP/RNBQKBNR w KQkq - 0 1,e2e4,30,24,-6
rnbqkbnr/ppp2ppp/3p4/4p3/4P3/5N2/PPPP1PPP/RNBQKB1R w KQkq - 0 3,d2d4,51,51,0
r1bqkbnr/pppn1ppp/3p4/4p3/3PP3/5N2/PPP2PPP/RNBQKB1R w KQkq - 1 4,d4e5,73,16,-57
r1bqkbnr/pppn1ppp/8/4p3/4P3/5N2/PPP2PPP/RNBQKB1R w KQkq - 0 5,c2c4,9,-35,-44
r1bq1rk1/pppnbpp1/5n1p/4p3/2P1P3/2N2N2/PP2BPPP/R1BQ1RK1 w - - 6 9,b2b3,16,-14,-30
r1bR4/pp3kpn/2p2p1p/2n5/1bP1Pp2/1PN5/P1Q1BPPP/5RK1 w - - 2 23,e4e5,719,743,24
rnbqkbnr/pppppppp/8/8/8/8/PPPPPPPP/RNBQKBNR w KQkq - 0 1,d2d3,32,-14,-46
rnbqkbnr/pppp1ppp/4p3/8/8/3P4/PPP1PPPP/RNBQKBNR w KQkq - 0 2,c2c4,-1,-14,13
rnbqkbnr/p1pp1ppp/1p2p3/8/2P5/3P4/PP2PPPP/RNBQKBNR w KQkq - 0 3,b2b3,16,2,-14
rn1qkbnr/pbpp2pp/1p2pp2/8/2P5/1P1P4/PB2PPPP/RN1QKBNR w KQkq - 0 5,f2f3,58,-47,-105
rn1qk1nr/pbpp2pp/1p1bpp2/8/2P5/1P1P1P2/PB2P1PP/RN1QKBNR w KQkq - 1 6,e2e4,33,17,-16
rn1qk2r/pbppn1pp/1p1bpp2/8/2P1P3/1P1P1P2/PB4PP/RN1QKBNR w KQkq - 1 7,d3d4,38,43,5
rn1q1rk1/pbppn1pp/1p1bpp2/8/2PPP3/1P3P2/PB4PP/RN1QKBNR w KQ - 1 8,f3f4,53,-214,-267
rn1q1rk1/pbppn1pp/1p1b1p2/4p3/2PPPP2/1P6/PB4PP/RN1QKBNR w KQ - 0 9,d4d5,-56,-88,32
rn1q1rk1/pbpp2pp/1p3pn1/2bPp3/2P1PP2/1P6/PB2N1PP/RN1QKB1R w KQ - 3 11,f4f5,80,73,-7
rn1q1rk1/pbppn1pp/1p3p2/2bPpP2/2P1P3/1P6/PB2N1PP/RN1QKB1R w KQ - 1 12,h2h4,105,20,-85
rn1q1rk1/pbp1n1pp/1p1p1p2/2bPpP2/2P1P2P/1P6/PB2N1P1/RN1QKB1R w KQ - 0 13,g2g4,82,49,-33
rn1q1rk1/pb2n1pp/1p1p1p2/2bppP2/2P1P1PP/1P6/P3N3/RNBQKB1R w KQ - 0 15,c4d5,11,29,18
rn1q1rk1/pb2n1pp/3p1p2/1pbPpP2/4P1PP/1P6/P3N3/RNBQKB1R w KQ - 0 16,a2a3,24,-20,-44
rn1q1rk1/p3n1pp/b2p1p2/1pbPpP2/4P1PP/PP6/4N3/RNBQKB1R w KQ - 1 17,b3b4,120,124,4
r2q1rk1/p3n1pp/bn1p1p2/1p1PpP2/1P1bP1PP/P1N5/R3N3/2BQKB1R w K - 5 20,g4g5,303,215,-88
r2q1rk1/p3n1pp/b2p1p2/1p1PpPP1/1PnbP2P/P1N5/R3N3/2BQKB1R w K - 1 21,g5f6,289,197,-92
rnbqkbnr/pppppppp/8/8/8/8/PPPPPPPP/RNBQKBNR w KQkq - 0 1,d2d4,32,22,-10
r1bqkbnr/pppp1ppp/2n5/4p3/3P4/5N2/PPP1PPPP/RNBQKB1R w KQkq - 0 3,d4d5,133,145,12
r1b1k1nr/pppp1ppp/8/3n1q2/8/b7/PPP1PPPP/R1BQKBNR w KQkq - 0 8,b2a3,-153,-153,0
rnbqkbnr/pppppppp/8/8/8/8/PPPPPPPP/RNBQKBNR w KQkq - 0 1,e2e4,31,30,-1
rnbqkbnr/ppp2ppp/4p3/8/4N3/8/PPPP1PPP/R1BQKBNR w KQkq - 0 4,d2d3,47,1,-46
rnbqk1nr/ppp1bppp/4p3/8/4N3/3P4/PPP2PPP/R1BQKBNR w KQkq - 1 5,h2h3,18,-17,-35
rnb2rk1/pp2bppp/2p1pn2/q7/4NB2/3P1Q1P/PPP1BPP1/R3K1NR w KQ - 2 9,c2c3,-16,-73,57
r1b1rbk1/pp1n1ppp/2p1p3/q5B1/4n3/2PP2QP/PP2BPP1/R3K1NR w KQ - 0 13,d3e4,-46,-44,-2
r1b1rbk1/pp3pp1/2p2np1/6B1/4p3/2P4P/PP2BPPN/3R1RK1 w - - 0 22,f2f3,-142,-266,124
r3rbk1/pp3pp1/2p2np1/6B1/6b1/2P1pP1P/PP2B1P1/3R1RK1 w - - 0 24,f3g4,-161,-138,-23
3r1bk1/pp3p2/2p2pp1/8/6P1/2P1p2P/PP2B1P1/5RK1 w - - 0 27,g2g3,3,-344,-347
8/pp3pk1/2p2pp1/2b5/6P1/2P1pKPP/PP1rB3/5R2 w - - 5 30,b2b4,-42,-45,3
8/pp3pk1/1bp2pp1/8/1P4P1/2P1pKPP/P2rB3/5R2 w - - 1 31,a2a4,-22,-23,1
8/1p3pk1/1bp2pp1/p7/PP4P1/2P1pKPP/3rB3/5R2 w - - 0 32,b4a5,-10,-32,22
8/4kp2/1p4p1/bKpB1p2/P5P1/6PP/8/8 w - - 0 41,g4f5,0,0,0
8/4kp2/1p6/bKpB1p2/P7/6PP/8/8 w - - 0 42,h3h4,0,0,0
8/4k3/1p3p2/bKpB1p2/P6P/6P1/8/8 w - - 0 43,h4h5,7,6,-1
5k2/8/1p2Bp2/bKp4P/P4p2/6P1/8/8 w - - 0 45,g3f4,0,0,0
8/6k1/1p2Bp2/bKp4P/P4P2/8/8/8 w - - 1 46,f4f5,0,0,0
rnbqkbnr/pppppppp/8/8/8/8/PPPPPPPP/RNBQKBNR w KQkq - 0 1,e2e4,36,36,0
rnbqkbnr/1p1p1ppp/p3p3/2p5/2B1P3/5Q2/PPPP1PPP/RNB1K1NR w KQkq - 0 4,a2a3,-53,-53,0
rn1qkbnr/1b1p1ppp/p3p3/1pp5/4P3/P4Q2/BPPP1PPP/RNB1K1NR w KQkq - 2 6,d2d3,-50,-46,-4
rn1qkbnr/1b1p1pp1/p3p2p/1pp5/4P3/P2P1Q2/BPP2PPP/RNB1K1NR w KQkq - 0 7,c2c4,-26,-62,36
rn1qkb1r/1b1p1pp1/p3pn1p/1pp5/2P1P3/P2P1Q2/BP3PPP/RNB1K1NR w KQkq - 1 8,h2h3,-81,-116,35
r4rk1/1b4p1/pq2pp1p/2b5/3pP3/P2Q3P/1P1BNPP1/1R3RK1 w - - 3 23,f2f3,24,-57,-81
r4rk1/1b4p1/pq2p2p/2b5/3ppB2/P2Q1P1P/1P2N1P1/1R3RK1 w - - 0 25,f3e4,-196,-189,-7
4rrk1/1b4p1/1q5p/p1b1p3/3pP3/P2Q3P/1P1BN1P1/1R3R1K w - - 0 28,b2b4,-67,-89,22
4rrk1/1b4p1/1q5p/2b1p3/1p1pP3/P2Q3P/3BN1P1/1R3R1K w - - 0 29,a3b4,-88,-90,2
4r1k1/1b2b3/7p/4p1pN/1P1pq3/6QP/3B2P1/5R1K w - - 0 34,h3h4,-66,-342,276
rnbqkbnr/pppppppp/8/8/8/8/PPPPPPPP/RNBQKBNR w KQkq - 0 1,d2d4,32,24,-8
rnbqkb1r/pppppppp/5n2/8/3P4/8/PPP1PPPP/RNBQKBNR w KQkq - 1 2,c2c4,20,19,-1
rnbqkb1r/pp1p1ppp/4pn2/2p5/2PP4/2N5/PP2PPPP/R1BQKBNR w KQkq - 0 4,e2e3,98,13,-85
rnbqkb1r/pp3ppp/4pn2/2pp4/2PP4/2N1P3/PP3PPP/R1BQKBNR w KQkq - 0 5,c4d5,17,-8,-25
rnbqkb1r/pp3ppp/4p3/8/3N4/2n1P3/PP3PPP/R1BQKB1R w KQkq - 0 8,b2c3,-39,-49,10
rn3rk1/pp1qbppp/4p3/8/3N4/2P1P3/P4PPP/R1BQ1RK1 w - - 2 12,a2a4,-28,-46,18
r4rk1/pq3ppp/1p2p3/4n3/P2N4/R1P1P3/4QPPP/1R4K1 w - - 2 17,a4a5,-8,-3,-5
r1r3k1/pq3ppp/1p2p3/P3n3/3N4/R1P1P3/4QPPP/1R4K1 w - - 1 18,a5b6,-3,-13,10
r5k1/1q3ppp/1p2p3/4n3/3N4/2P1P3/4QPPP/1R4K1 w - - 0 20,h2h3,-9,-7,-2
2r3k1/1q3pp1/1p2p1np/1Q6/3N4/1RP1P2P/5PP1/6K1 w - - 4 23,c3c4,6,-35,-41
8/8/6pp/R4pk1/2r1p3/4P1KP/5PP1/8 w - - 6 34,h3h4,5,2,-3
rnbqkbnr/pppppppp/8/8/8/8/PPPPPPPP/RNBQKBNR w KQkq - 0 1,e2e4,38,30,-8
r1bqkbnr/pppppppp/2n5/8/4P3/8/PPPP1PPP/RNBQKBNR w KQkq - 1 2,d2d4,40,45,5
r1bqkbnr/pppp1ppp/2n5/4p3/3PP3/8/PPP2PPP/RNBQKBNR w KQkq - 0 3,d4e5,77,65,-12
r1bqkbnr/pppp1ppp/8/4n3/4P3/8/PPP2PPP/RNBQKBNR w KQkq - 0 4,f2f4,68,69,1
r1bqk1nr/pppp1ppp/6n1/8/1b2PP2/4B3/PPP3PP/RN1QKBNR w KQkq - 3 6,c2c3,114,95,-19
r1bqk1nr/1ppp1ppp/1p4n1/8/4PP2/2P5/PP1N2PP/R2QKBNR w KQkq - 0 9,g2g3,9,-4,-13
4rrk1/1p1q1ppp/1ppp1nn1/8/2B1PPb1/1QP2NP1/PP1N1R1P/4R1K1 w - - 0 16,a2a4,80,-8,-88
4rrk1/1p1q1ppp/1pp2nn1/3p4/P1B1PPb1/1QP2NP1/1P1N1R1P/4R1K1 w - - 0 17,e4d5,-20,-21,1
4r1k1/1p3ppp/1Q3nn1/3p4/P3bP2/2P3P1/1P5P/3B1NK1 w - - 1 28,a4a5,383,349,-34
rnbqkbnr/pppppppp/8/8/8/8/PPPPPPPP/RNBQKBNR w KQkq - 0 1,e2e4,31,32,1
r1bqk1nr/pppp1ppp/2n5/2b1p3/2B1P3/5N2/PPPP1PPP/RNBQK2R w KQkq - 4 4,d2d3,18,17,-1
r1bqk2r/ppp2ppp/2np1n2/2b1p3/2B1P3/3P1N2/PPP2PPP/RNBQ1RK1 w kq - 0 6,c2c3,16,18,2
r1bqk2r/1pp2ppp/2np1n2/p1b1p3/2B1P3/2PP1N2/PP3PPP/RNBQ1RK1 w kq - 0 7,a2a4,21,13,-8
4rq2/bpp1n3/2kp1n1N/p3p3/P3P2Q/2PP1N2/1P3PPP/R4RK1 w - - 7 27,b2b4,443,343,-100
4rq2/bpp5/2kp1n1N/p3p1Q1/PP2Pn2/2PP1N2/5PPP/R4RK1 w - - 3 29,b4a5,375,306,-69
rnbqkbnr/pppppppp/8/8/8/8/PPPPPPPP/RNBQKBNR w KQkq - 0 1,e2e4,30,28,-2
r1bqkbnr/pppppppp/2n5/8/4P3/8/PPPP1PPP/RNBQKBNR w KQkq - 1 2,f2f4,49,-8,-57
r2qkbnr/ppp2pp1/2np4/4p2p/2B1PPb1/5N2/PPPP2PP/RNBQ1RK1 w kq - 2 6,h2h3,87,-32,-119
r2qkbnr/ppp2pp1/3p4/4p2p/2BnPPb1/5N1P/PPPP2P1/RNBQ1RK1 w kq - 1 7,h3g4,146,148,2
2k2br1/ppp1r1p1/3p4/8/4PR2/2N5/PPPPK1P1/R1B5 w - - 0 18,d2d3,558,530,-28
2k5/pp3R2/2p1r1r1/3p2pN/3bP1R1/3P4/PPP1K1P1/8 w - - 0 27,c2c3,257,249,-8
2k5/pp3R2/1bp1r1r1/6pN/4p1R1/2PP1K2/PP4P1/8 w - - 0 29,d3e4,195,158,-37
8/2k5/R1pr2r1/p5pN/4P1R1/2P2K2/PP4P1/8 w - - 3 33,e4e5,508,580,72
8/2k5/R1p3r1/p2rP1pN/4K1R1/2P5/PP4P1/8 w - - 3 35,c3c4,737,648,-89
8/2k5/R1p3r1/p1r1P1pN/2P1K1R1/8/PP4P1/8 w - - 1 36,b2b3,668,633,-35
rnbqkbnr/pppppppp/8/8/8/8/PPPPPPPP/RNBQKBNR w KQkq - 0 1,e2e4,33,26,-7
rnbqkbnr/pp1ppppp/8/2p5/4P3/8/PPPP1PPP/RNBQKBNR w KQkq - 0 2,a2a4,36,16,-20
3rk2r/3nq1bp/2Q2pp1/1Bp1p3/P3P3/8/1PPP1PPP/R1B1K2R w KQk - 2 17,a4a5,573,548,-25
1n1r1r1k/6bp/3q1pp1/P1p1p3/Q1B1P3/8/1PPP1PPP/R1B2RK1 w - - 7 21,a5a6,488,491,3
3r1r1k/6bp/P2q1pp1/2pBp3/Qn2P3/8/1PPP1PPP/R1B2RK1 w - - 3 23,c2c4,445,417,-28
3r1r1k/6bp/P2q1pp1/2pnp3/Q1P1P3/8/1P1P1PPP/R1B2RK1 w - - 0 24,e4d5,465,412,-53
r4r1k/6bp/P2q1pp1/2pPp3/Q1P5/8/1P1P1PPP/R1B2RK1 w - - 1 25,d2d3,416,432,16
7k/6bp/r4pp1/2pPp3/2P5/3P4/1P1B1PPP/5RK1 w - - 0 30,b2b4,399,336,-63
7k/1r4b1/5pp1/2BPp2p/2P5/3P4/5PPP/R5K1 w - - 0 34,h2h4,433,413,-20
8/1r4bk/5pp1/2BPp2p/2P4P/3P4/5PP1/R5K1 w - - 1 35,g2g3,441,424,-17
R7/1r4b1/6pk/2BPpp1p/2P4P/3P2P1/5P2/6K1 w - - 2 37,d5d6,469,460,-9
8/8/1B1P1bpk/5p1p/2P1p2P/3P2P1/5P2/6K1 w - - 0 41,d3e4,608,614,6
8/8/1B1P1bpk/7p/2P1p2P/6P1/5P2/6K1 w - - 0 42,d6d7,626,652,26
8/3P4/1B3b1k/6pp/2P1p2P/6P1/5P2/6K1 w - - 0 43,h4g5,689,555,-134
8/3P4/1B5k/6bp/2P1p3/6P1/5P2/6K1 w - - 0 44,d7d8q,702,736,34
3B4/8/6k1/7p/2P1p3/6P1/5P2/6K1 w - - 1 46,c4c5,746,761,15
3B4/8/8/2P2k1p/4p3/6P1/5P2/6K1 w - - 1 47,c5c6,763,790,27
3B4/8/2P1k3/7p/4p3/6P1/5P2/6K1 w - - 1 48,c6c7,791,822,31
rnbqkbnr/pppppppp/8/8/8/8/PPPPPPPP/RNBQKBNR w KQkq - 0 1,e2e4,35,27,-8
r1bqkr2/pppp1p2/5b2/8/8/5N2/PPQP1PPP/RNB1KB1R w KQq - 1 10,d2d3,770,710,-60
r1b1k1r1/ppp1qp2/3p1b1B/8/8/3P1N2/PPQ1BPPP/RN2K2R w KQq - 2 13,h2h3,713,668,-45
4k3/p4p2/3pb3/8/8/3P1N1P/P3BP2/2b1K3 w - - 0 28,d3d4,5,-35,-40
8/p3kp2/3p4/1B3bN1/3P4/8/P4P2/2b1K3 w - - 4 31,d4d5,-25,-558,533
rnbqkbnr/pppppppp/8/8/8/8/PPPPPPPP/RNBQKBNR w KQkq - 0 1,e2e4,28,21,-7
rnbqkbnr/p1pp1ppp/1p2p3/8/4P3/2N5/PPPP1PPP/R1BQKBNR w KQkq - 0 3,g2g3,74,26,-48
rn1qk1nr/pbpp1ppp/1p2p3/8/4P3/2b2NP1/PPPP1PBP/R1BQK2R w KQkq - 0 6,b2c3,-81,-91,10
rn1qk2r/p1pp1ppp/1p2pn2/8/4b3/2P2NP1/PBPP1PBP/R2QK2R w KQkq - 2 8,d2d3,-74,-109,35
r2qk2r/p1pp1pp1/1pn1pn2/7p/8/2PP1BP1/PBP2P1P/R2Q1RK1 w kq - 0 11,d3d4,22,-91,-113
r2qk2r/p1pp1pp1/1pn1pn2/8/3P3p/2P2BP1/PBP2P1P/R2Q1RK1 w kq - 0 12,g3g4,24,-108,-132
r2qk2r/p1pp1pp1/1pn1pn2/8/3P2P1/2P2B1p/PBP2P1P/R2Q1RK1 w kq - 0 13,c3c4,33,8,-25
2kr3r/p1ppqpp1/1pn1pn2/8/2PP2P1/5B1p/PBP2P1P/R2QR1K1 w - - 3 15,d4d5,-6,-102,96
2kr4/p1ppqpp1/1p2pn2/n2P4/2P3Pr/5B1p/PBP1QP1P/R3R1K1 w - - 3 17,d5e6,-147,-176,29
rnbqkbnr/pppppppp/8/8/8/8/PPPPPPPP/RNBQKBNR w KQkq - 0 1,e2e4,21,19,-2
r1bqkb1r/1ppp1ppp/p1n5/4p3/B3n3/5N2/PPPP1PPP/RNBQ1RK1 w kq - 0 6,d2d4,41,36,-5
r1bqkb1r/2p2ppp/p1n5/1p1pp3/3Pn3/1B3N2/PPP2PPP/RNBQ1RK1 w kq - 0 8,d4e5,33,47,14
r2qk2r/2p1bppp/p1n1b3/1p1pP3/4n3/1B3N2/PPPN1PPP/R1BQ1RK1 w kq - 3 10,c2c3,38,35,-3
r2qk2r/2p1bppp/p1n1b3/1pn1P3/3p4/2P2N2/PPBN1PPP/R1BQ1RK1 w kq - 0 12,c3d4,38,18,-20
6k1/2p1bppp/p3b3/1pnrP3/8/4BN2/PP2BPPP/2R3K1 w - - 3 20,b2b4,183,26,-157
6k1/2R2ppp/p3b3/1p1rP3/1b6/3nBN2/P3BPPP/6K1 w - - 0 22,h2h3,29,-11,-40
rnbqkbnr/pppppppp/8/8/8/8/PPPPPPPP/RNBQKBNR w KQkq - 0 1,e2e4,21,21,0
r2qkb1r/ppp2pp1/2npbn1p/3Np3/2B1P3/5N2/PPPP1PPP/R1BQ1RK1 w kq - 2 7,d2d3,68,33,-35
2kr3r/ppp2q2/3p1n1p/4p3/3nP1p1/3P2Q1/PPP2PPP/R1B2RK1 w - - 2 16,c2c3,-475,-770,295
2kr3r/ppp2q2/3p1n1p/4p3/4P1p1/2PP2n1/PP3PPP/R1B2R1K w - - 0 18,f2g3,-742,-745,3
2kr3r/ppp5/3p1nqp/4p3/4P1p1/2PP2P1/PP4PP/R1B2R1K w - - 1 19,a2a4,-696,-732,36
2kr3r/1pp5/p2p1nqp/4p3/P3P1p1/2PP2P1/1P4PP/R1B2R1K w - - 0 20,b2b4,-713,-750,37
2kr3r/1pp5/p2p1nq1/4p2p/PP2P1p1/2PP2P1/6PP/R1B2R1K w - - 0 21,b4b5,-655,-691,36
2kr3r/1pp5/3p1nq1/pP2p2p/P3P1p1/2PP2P1/6PP/R1B2R1K w - - 0 22,b5b6,-678,-707,29
2kr3r/1p6/1p1p1nq1/p3p2p/P3P1p1/2PP2P1/6PP/R1B2R1K w - - 0 23,c3c4,-666,-720,54
2kr3r/1p6/1p1p1nq1/p3p3/P1P1P1p1/B2P2p1/6PP/R4R1K w - - 0 25,h2h3,-817,-874,57
2kr3r/1p6/1p1p1nq1/p3p3/P1P1P3/B2P2pp/6P1/R4R1K w - - 0 26,g2h3,-928,-10000,9072
rnbqkbnr/pppppppp/8/8/8/8/PPPPPPPP/RNBQKBNR w KQkq - 0 1,d2d4,17,19,2
rnbqkbnr/ppp1pppp/8/3p4/3P4/8/PPP1PPPP/RNBQKBNR w KQkq - 0 2,c2c4,22,21,-1
rnbqkbnr/ppp1pppp/8/8/2pP4/8/PP2PPPP/RNBQKBNR w KQkq - 0 3,e2e4,26,25,-1
r1bqkbnr/ppp1pppp/2n5/8/2pPP3/8/PP3PPP/RNBQKBNR w KQkq - 1 4,d4d5,60,42,-18
r1bqkbnr/ppp1pppp/8/3Pn3/2p1P3/8/PP3PPP/RNBQKBNR w KQkq - 1 5,f2f4,33,-3,-36
r1b1kbnr/ppp2ppp/3q4/3Pp3/4PP2/2NQ4/PP4PP/R1B1K1NR w KQkq e6 0 9,f4e5,265,258,-7
r1b1k2r/pp3ppp/3p1n2/3P3q/4P3/2NQ1N2/PP4PP/R4RK1 w kq - 0 14,b2b4,233,74,-159
r4rk1/p4ppp/1p1p1n2/1Q1P3q/1P2P1b1/2N5/P2N2PP/R4RK1 w - - 0 17,a2a4,45,-20,-65
5r2/6kp/1pNp2p1/3P1p2/PPr1P3/8/4R1PP/R5K1 w - - 0 28,e4e5,543,555,12
5r2/6kp/1pN3p1/3PR3/PPr2p2/8/6PP/R5K1 w - - 0 30,a4a5,530,502,-28
5r2/R6p/2N3pk/3PR3/1Pr5/5p2/6PP/6K1 w - - 2 33,g2f3,398,381,-17
8/8/2N3k1/3P2pp/1P6/3K2r1/7P/8 w - - 0 43,h2g3,549,562,13
8/8/2N3k1/3P2p1/1P5p/3K2P1/8/8 w - - 0 44,g3h4,543,542,-1
8/8/2N3k1/3P4/1P5p/3K4/8/8 w - - 0 45,d5d6,579,578,-1
8/8/2NP4/6k1/1P5p/3K4/8/8 w - - 1 46,d6d7,733,811,78
8/3P4/2N5/6k1/1P6/3K3p/8/8 w - - 0 47,d7d8q,846,917,71
8/8/2N5/8/1P6/3K1k2/7p/6Q1 w - - 0 50,b4b5,1017,-380,-1397
rnbqkbnr/pppppppp/8/8/8/8/PPPPPPPP/RNBQKBNR w KQkq - 0 1,e2e4,28,26,-2
rnbqkbnr/pp2pppp/2p5/3p4/4P3/5Q2/PPPP1PPP/RNB1KBNR w KQkq - 0 3,c2c3,-16,-60,44
rnbqkbnr/ppp1pppp/8/3p4/8/5N2/PPPPPPPP/RNBQKB1R w KQkq - 0 2,d2d4,18,21,3
rnbqkbnr/ppp2ppp/4p3/3p4/3P4/5N2/PPP1PPPP/RNBQKB1R w KQkq - 0 3,b2b3,26,9,-17
rnbqkbnr/p1p2ppp/4p3/1p1p4/3P4/1P3N2/P1P1PPPP/RNBQKB1R w KQkq - 0 4,a2a4,42,11,-31
rnbqkbnr/p1p2ppp/4p3/3p4/Pp1P4/1P3N2/2P1PPPP/RNBQKB1R w KQkq - 0 5,c2c4,18,-10,-28
rnbqkbnr/p1p2ppp/4p3/8/PppP4/1P3N2/4PPPP/RNBQKB1R w KQkq - 0 6,b3c4,-5,-13,8
rnbqkbnr/p4ppp/4p3/2p5/PpPP4/5N2/4PPPP/RNBQKB1R w KQkq - 0 7,e2e3,-30,-19,-11
Q7/5p2/1k6/2n5/8/4q3/7P/3K1B2 w - - 13 47,h2h4,0,-2,-2
Q7/5p2/1k6/8/7P/1n2q3/8/3K1B2 w - - 1 48,h4h5,8,-10000,-10008
rnbqkbnr/pppppppp/8/8/8/8/PPPPPPPP/RNBQKBNR w KQkq - 0 1,e2e4,22,28,6
r1bqkbnr/pp1p1ppp/2n1p3/2p5/2B1P3/5Q2/PPPP1PPP/RNB1K1NR w KQkq - 2 4,c2c3,-83,-97,14
r1bqkb1r/pp3ppp/4pn2/2pp4/2Q1P3/2P2N2/PP1P1PPP/RNB1K2R w KQkq - 0 8,e4d5,-98,-101,3
r1bqk2r/pp2bppp/5n2/2pp4/8/2P2N2/PP1PQPPP/RNB1K2R w KQkq - 2 10,d2d4,-78,-75,-3
r2q1rk1/pp3ppp/3b1n2/3p4/3N2b1/2P3Q1/PP3PPP/RNB1K2R w KQ - 5 14,f2f4,-207,-396,189
4r1k1/pp3ppp/8/3p1b2/5Pn1/N1P1r3/PP4PP/R5KR w - - 4 22,g2g3,-813,-1034,221
4r1k1/pp3ppp/8/3p4/4bPn1/N1P1r1P1/PP5P/R5KR w - - 1 23,h2h3,-681,-10000,9319
6k1/pp3ppp/8/3p4/5P2/N1P1K1PP/rP6/8 w - - 0 29,c3c4,-500,-587,87
6k1/pp3ppp/8/3p4/2P2P2/N3K1PP/1r6/8 w - - 0 30,c4d5,-602,-664,62
5k2/pp3ppp/8/3PK3/5P2/r5PP/8/8 w - - 2 33,d5d6,-733,-858,125
4k3/pp3ppp/3P4/4K3/5P2/r5PP/8/8 w - - 1 34,f4f5,-852,-864,12
4k3/pp3ppp/3P4/4KP2/8/6rP/8/8 w - - 0 35,f5f6,-801,-919,118
4k3/1p4Kp/3P4/p4p2/8/3r4/8/8 w - - 0 40,d6d7,-750,-827,77
rnbqkbnr/pppppppp/8/8/8/8/PPPPPPPP/RNBQKBNR w KQkq - 0 1,e2e4,22,21,-1
r1bqkb1r/pppp1ppp/2n3n1/1B2p3/4P3/5N2/PPPP1PPP/RNBQ1RK1 w kq - 6 5,c2c3,46,36,-10
r1bqk2r/2ppbppp/p5n1/np2p3/4P3/2P2N2/PPBP1PPP/RNBQ1RK1 w kq - 4 9,d2d4,70,56,-14
r1bqk2r/2ppbppp/p5n1/np6/3pP3/2P2N2/PPB2PPP/RNBQ1RK1 w kq - 0 10,c3d4,83,77,-6
r1bq1rk1/3pbppp/p5n1/npp5/3PP3/2N2N2/PPB2PPP/R1BQ1RK1 w - - 0 12,d4c5,89,106,17
1b3r1k/r6p/3p1q2/pp1BpNp1/n3P1Q1/8/PP3PPP/3R1RK1 w - - 2 33,b2b3,264,89,-175
1b3r1k/7p/r2p1q2/p2RpNp1/1p2P1Q1/1P6/P4PPP/3R2K1 w - - 2 37,f2f3,341,127,-214
rnbqkbnr/pppppppp/8/8/8/8/PPPPPPPP/RNBQKBNR w KQkq - 0 1,e2e3,22,10,-12
rnbqkbnr/ppp1pppp/8/3p4/8/4P3/PPPP1PPP/RNBQKBNR w KQkq - 0 2,e3e4,9,-133,-142
rn2kbnr/pbp2ppp/1p2p3/8/2q5/2N3N1/PPPP2PP/R1BQ2KR w kq - 0 11,d2d4,-640,-660,20
rn2kbnr/pb3ppp/1p2p3/2p5/2qP4/2N3N1/PPP3PP/R1BQ2KR w kq - 0 12,b2b3,-547,-845,298
r5nr/p4kpp/1pb2p2/2n1pN2/3p4/BP6/P1P3PP/4RK1R w - - 5 23,b3b4,-596,-595,-1
r5nr/p4kpp/1pb1np2/4pN2/1P1p4/B7/P1P3PP/4RK1R w - - 1 24,b4b5,-559,-588,29
r5nr/p5pp/1p1Nnpk1/1P1bp3/3p4/B7/P1P3PP/4RK1R w - - 3 26,h2h4,-600,-594,-6
r6r/p5pk/1p1Nnp2/1P1bp2p/3p2nP/B5R1/P1P3P1/4R1K1 w - - 6 30,c2c3,-594,-666,72
r6r/p5pk/1p1Nnp2/1P2p2p/3p2nP/B1P3R1/b5P1/4R1K1 w - - 0 31,c3d4,-603,-679,76
rnbqkbnr/pppppppp/8/8/8/8/PPPPPPPP/RNBQKBNR w KQkq - 0 1,d2d4,25,23,-2
rnbqkbnr/pppp1ppp/4p3/8/3P4/8/PPP1PPPP/RNBQKBNR w KQkq - 0 2,a2a3,51,-2,-53
rnbqkbnr/ppp2ppp/4p3/3p4/3P4/P7/1PP1PPPP/RNBQKBNR w KQkq - 0 3,c2c4,-6,-19,13
rnbqkbnr/1pp2ppp/p3p3/8/2pP4/P1N5/1P2PPPP/R1BQKBNR w KQkq - 0 5,e2e3,-76,-61,-15
rnbqkbnr/1p3ppp/p3p3/2p5/2pP4/P1N1P3/1P3PPP/R1BQKBNR w KQkq - 0 6,d4c5,-22,-19,-3
r1b4r/4kppp/p1n1pn2/1pb5/8/P1N1PN2/1P2BPPP/R1B2RK1 w - - 4 12,b2b4,8,0,-8
r2r4/1b2kpp1/pbn1pn1p/1p6/1P6/P1B1PN2/4BPPP/R2N1RK1 w - - 4 16,a3a4,-10,-11,1
r2r4/1b2kpp1/pbn1p2p/8/RP2n3/2B1PN2/4BPPP/3N1RK1 w - - 1 18,b4b5,78,-11,-89
8/4kp2/bN2p2p/8/3Bn3/1p2P3/4rPPP/5RK1 w - - 1 26,f2f3,-202,-255,53
8/5p2/bN2pk1p/2B2n2/8/1p2PP2/4r1PP/1R4K1 w - - 5 29,e3e4,-18,-187,169
8/3N1pk1/4p2p/2B2n2/4P3/3b1P2/1p2r1PP/3R2K1 w - - 0 32,e4f5,-35,-12,-23
8/3N1pk1/4p2p/2B2P2/8/5P2/3r2PP/1b3K2 w - - 2 35,f5e6,-40,-40,0
rnbqkbnr/pppppppp/8/8/8/8/PPPPPPPP/RNBQKBNR w KQkq - 0 1,e2e4,24,33,9
rnbqkbnr/pppp1ppp/8/4p3/4P3/8/PPPP1PPP/RNBQKBNR w KQkq - 0 2,f2f4,37,-35,-72
r2qkbnr/ppp2ppp/2np4/1B6/4Ppb1/5N2/PPPP2PP/RNBQ1RK1 w kq - 0 6,d2d4,74,55,-19
r2qk1nr/2p1bppp/p1pp4/8/3PPBb1/5N2/PPP3PP/RN1Q1RK1 w kq - 1 9,h2h3,86,82,-4
r2q1rk1/2p1bppp/p1pp1n2/7b/3PPB2/5N1P/PPPN2P1/R3QRK1 w - - 5 12,e4e5,5,-52,-57
r2q1rk1/2p1b1pp/p1p2p2/4N2b/1n1P4/7P/PPPN2PB/2R1QRK1 w - - 0 16,a2a3,-55,-227,172
r4qk1/2p1b1pp/p1p5/3nB2b/3P4/P6P/1PPN2P1/2R1Q1K1 w - - 1 19,c2c4,-328,-413,85
4r1k1/4bqpp/p1p2n2/4B2b/2PP4/P6P/1P1N2P1/2R1Q1K1 w - - 3 22,c4c5,-376,-382,6
4r1k1/6pp/p1p2bq1/2PnB2b/3P4/P6P/1P3NP1/2R1Q1K1 w - - 5 25,g2g4,-447,-486,39
4r1k1/6pp/p1p3q1/2Pnb2b/3P2P1/P6P/1P3N2/2R1Q1K1 w - - 0 26,d4e5,-486,-491,5
rnbqkbnr/pppppppp/8/8/8/8/PPPPPPPP/RNBQKBNR w KQkq - 0 1,d2d4,37,23,-14
rnbqkbnr/ppp1pppp/8/3p4/3P4/8/PPP1PPPP/RNBQKBNR w KQkq - 0 2,e2e3,22,9,-13
r1bqkb1r/ppp1pppp/2n2n2/3p4/3P4/4PN2/PPP2PPP/RNBQKB1R w KQkq - 3 4,g2g3,59,-18,-77
r2qk2r/ppp2ppp/2nbp3/3p4/3Pn1b1/4PNP1/PPPN1PBP/R1BQ1RK1 w kq - 4 8,b2b3,13,-67,-80
r4rk1/ppp2ppp/2nbpq2/3p4/3Pn1b1/1P2PNP1/PBPN1PBP/R2Q1RK1 w - - 3 10,c2c4,-22,-521,499
r4rk1/ppp2ppp/2nbp3/3p4/2PP4/1P2PqP1/PBQ2P1P/R4RK1 w - - 0 14,c4c5,-512,-557,45
r4rk1/ppp1bppp/2n1p3/2Pp4/3P4/1P2PqP1/PBQ2P1P/R4RK1 w - - 1 15,a2a3,-535,-551,16
3r1rk1/ppp1bppp/2n1p3/2Pp4/3P4/PP2PqP1/1BQ2P1P/R4RK1 w - - 1 16,b3b4,-491,-483,-8
1n3rk1/Qp1rbppp/2p1p3/2Pp4/1P1P4/P3PqP1/1B3P1P/R4RK1 w - - 1 19,a3a4,-458,-452,-6
1n3rk1/Qp1rbpp1/2p1p3/2Pp3p/PP1P4/4PqP1/1B3P1P/R4RK1 w - - 0 20,b4b5,-456,-501,45
1n3rk1/Qp1rbpp1/4p3/1pPp3p/P2P4/4PqP1/1B3P1P/R4RK1 w - - 0 21,a4b5,-361,-373,12
1n3rk1/Qp1rbpp1/4p3/1PPp4/3P3p/4PqP1/1B3P1P/R4RK1 w - - 0 22,b5b6,-372,-10000,9628
rnbqkbnr/pppppppp/8/8/8/8/PPPPPPPP/RNBQKBNR w KQkq - 0 1,e2e4,21,28,7
r1bqkbnr/pppp2pp/2n5/1B2pp2/4P3/5N2/PPPP1PPP/RNBQK2R w KQkq - 0 4,d2d3,64,45,-19
r1bqkbnr/pppp2pp/2n5/1B2p3/4p3/3P1N2/PPP2PPP/RNBQK2R w KQkq - 0 5,d3e4,39,34,-5
r2qk2r/ppp3pp/2np1n2/2b1p3/2B1P1b1/2N2N2/PPP2PPP/R1BQ1RK1 w kq - 2 9,h2h3,45,58,13
r3k2r/ppp3p1/2np1q1p/2b1p2b/2B1P3/2N2N1P/PPP2PP1/R2Q1RK1 w kq - 0 12,g2g4,116,-96,-212
r3k2r/pppq2p1/2np2bp/2bNp3/2B1P1P1/5N1P/PPP1QP2/R4RK1 w kq - 5 15,a2a3,102,-77,-179
2kr3r/pppq2p1/2np2bp/2bNp3/2B1P1P1/P4N1P/1PP1QP2/R4RK1 w - - 1 16,b2b4,139,137,-2
2kr3r/pppq2p1/2np2bp/3Np3/1PBbP1P1/P4N1P/2P1QP2/R4RK1 w - - 1 17,c2c3,212,188,-24
2kr3r/pppq2p1/1bnp2bp/3Np3/1PB1P1P1/P1P2N1P/4QP2/R4RK1 w - - 1 18,a3a4,181,188,7
2kr3r/pppq1bp1/1bnp4/3Np2p/PPB1P1PN/2P4P/4QP2/R4RK1 w - - 2 20,a4a5,196,225,29
2kr3r/pppq1bp1/1bnp4/P2Np3/1PB1P1pN/2P4P/4QP2/R4RK1 w - - 0 21,a5b6,263,220,-43
rnbqkbnr/pppppppp/8/8/8/8/PPPPPPPP/RNBQKBNR w KQkq - 0 1,e2e4,27,28,1
rnbqkbnr/pp2pppp/3p4/2p5/4P3/5N2/PPPP1PPP/RNBQKB1R w KQkq - 0 3,h2h3,56,11,-45
rnbqkbnr/pp2pp1p/3p2p1/2p5/4P3/5N1P/PPPP1PP1/RNBQKB1R w KQkq - 0 4,d2d4,24,27,3
rnbqkb1r/pp2pp1p/3p1np1/8/3QP3/5N1P/PPP2PP1/RNB1KB1R w KQkq - 1 6,e4e5,26,22,-4
3r3r/1bknp1bp/p4pp1/1p2n3/5B2/1B3N1P/PPP2PP1/R3R1K1 w - - 2 18,c2c4,-382,-462,80
7r/k5bp/p5p1/3rn3/1R6/7P/PP3PP1/4R1K1 w - - 0 28,f2f4,-541,-550,9
1k6/6bp/p5p1/3rn3/5P2/7P/PP4P1/4R1K1 w - - 0 30,f4e5,-450,-456,6
1k6/7p/p5p1/3rb3/8/7P/PP4P1/4R1K1 w - - 0 31,b2b3,-437,-445,8
rnbqkbnr/pppppppp/8/8/8/8/PPPPPPPP/RNBQKBNR w KQkq - 0 1,e2e4,30,27,-3
rnbqkbnr/p1pppppp/1p6/8/4P3/8/PPPP1PPP/RNBQKBNR w KQkq - 0 2,d2d4,99,100,1
rn1qkbnr/pbpppppp/1p6/8/3PP3/8/PPP2PPP/RNBQKBNR w KQkq - 1 3,d4d5,85,52,-33
rn1qk1nr/pb1pppbp/1pp3p1/3P4/2B1P3/5N2/PPP2PPP/RNBQK2R w KQkq - 0 6,d5c6,65,-15,-80
2rqk1nr/p2pppbp/1pn3p1/3Q4/4P3/5N2/PPP2PPP/RNB2RK1 w k - 3 10,c2c3,-26,-54,28
4r1k1/5pb1/1p3q1p/p1rp1Np1/4p3/2P4R/PP1Q1PPP/4R1K1 w - - 2 33,g2g4,-125,-122,-3
4rbk1/5p2/1p3q1p/p1rp1Np1/4p1P1/2P4R/PP1Q1P1P/4R1K1 w - - 1 34,a2a3,-65,-78,13
5bk1/5p2/1p3q1p/3p1rpR/p1r1p1P1/P1P4R/1P1Q1P1P/6K1 w - - 0 38,g4f5,-177,-154,-23
rnbqkbnr/ppp1pppp/8/3p4/8/5N2/PPPPPPPP/RNBQKB1R w KQkq - 0 2,d2d4,22,18,-4
r1bqkbnr/ppp1pppp/2n5/3p4/3P4/5N2/PPP1PPPP/RNBQKB1R w KQkq - 1 3,e2e3,40,40,0
r2qkbnr/ppp2ppp/2n5/3pp3/3P4/4PB2/PPP2PPP/RNBQK2R w KQkq - 0 6,d4e5,96,147,51
3r2k1/p1p1qppp/3b3r/8/8/4PQ2/PPP2PPP/R1BR2K1 w - - 3 18,g2g3,230,236,6
3r2k1/p1p2ppp/3b1r2/4q3/8/4P1P1/PPP2PQP/R1BR2K1 w - - 3 20,e3e4,239,192,-47
3r2k1/p1p2ppp/3br3/3q4/4P3/6P1/PPP2PQP/R1B3K1 w - - 0 22,e4d5,392,390,-2
3r2k1/p1p2ppp/8/2bP4/8/6P1/PPP2P1P/R1B2K2 w - - 1 25,c2c4,409,409,0
3r2k1/p1p2ppp/8/3P4/1bP5/6P1/PP3P1P/R1B2K2 w - - 1 26,a2a3,433,443,10
3r2k1/p1p2ppp/8/b2P4/2P5/P5P1/1P3P1P/R1B2K2 w - - 1 27,b2b4,550,527,-23
3r2k1/p1p2ppp/1b6/3P4/1PP5/P5P1/5P1P/R1B2K2 w - - 1 28,c4c5,551,560,9
6k1/p1p2ppp/1b6/2Pr4/1P6/P5P1/5P1P/R1B2K2 w - - 0 29,c5b6,547,536,-11
8/3R1p2/1p4kp/2p3p1/1P6/P5P1/1B2KP1r/8 w - - 0 38,b4c5,538,463,-75
8/8/5p1p/1R4pk/8/P5P1/1B2KP2/1r6 w - - 3 43,a3a4,537,551,14
8/8/7p/1R3ppk/P7/6P1/1B2KP2/1r6 w - - 0 44,a4a5,617,651,34
8/8/7B/r4pp1/6k1/6P1/4KP2/8 w - - 0 47,f2f3,-375,-497,122
8/6B1/8/5ppk/8/4KPP1/6r1/8 w - - 5 50,g3g4,-303,-468,165
8/6B1/8/6pk/6p1/4KP2/6r1/8 w - - 0 51,f3g4,-498,-495,-3
rnbqkbnr/pppppppp/8/8/8/8/PPPPPPPP/RNBQKBNR w KQkq - 0 1,e2e4,33,30,-3
rnbqkbnr/pppp1ppp/8/4p3/4P3/8/PPPP1PPP/RNBQKBNR w KQkq - 0 2,d2d3,30,-15,-45
rnb1k1nr/pppp1ppp/5q2/4p3/1b2P3/3P1N2/PPP1QPPP/RNB1KB1R w KQkq - 5 5,c2c3,110,107,-3
rnb1k1nr/pppp1ppp/5q2/2b1p3/4P3/2PP1N2/PP2QPPP/RNB1KB1R w KQkq - 1 6,b2b4,182,84,-98
rnb1k2r/pppp1ppp/1b3q1n/4p3/1P2P3/2PP1N2/PB2QPPP/RN2KB1R w KQkq - 3 8,d3d4,77,108,31
rnb1k2r/pppp1ppp/1b3q1n/8/1P1pP3/2P2N2/PB2QPPP/RN2KB1R w KQkq - 0 9,c3d4,103,106,3
r1b1k2r/pppp1ppp/1bn2q1n/8/1P1PP3/5N2/PB2QPPP/RN2KB1R w KQkq - 1 10,d4d5,125,32,-93
rnbqkbnr/pppppppp/8/8/8/8/PPPPPPPP/RNBQKBNR w KQkq - 0 1,d2d4,32,21,-11
rnbqkbnr/ppp1pppp/8/3p4/3P4/8/PPP1PPPP/RNBQKBNR w KQkq - 0 2,c2c4,23,23,0
rnbqkbnr/ppp2ppp/4p3/8/2pP4/2N5/PP2PPPP/R1BQKBNR w KQkq - 0 4,e2e4,74,61,-13
rnbqk1nr/1pp2ppp/p3p3/8/1bBPP3/2N5/PP3PPP/R1BQK1NR w KQkq - 1 6,a2a3,131,132,1
rnbqk1nr/1pp2ppp/p3p3/8/2BPP3/P1b5/1P3PPP/R1BQK1NR w KQkq - 0 7,b2c3,126,138,12
rn1q1rk1/1bp2ppp/p3pn2/1p4B1/3PP3/PBPQ4/5PPP/R3K1NR w KQ - 2 11,e4e5,247,274,27
rn1q1rk1/2p2ppp/p3pn2/1p2P1B1/3P4/PBPQ4/5PbP/R3K1NR w KQ - 0 12,e5f6,381,130,-251
rn3rk1/2pq1ppp/p3pP2/1p4B1/3P4/PBPQ4/5PbP/R3K1NR w KQ - 1 13,f6g7,308,257,-51
rnbqkbnr/pppppppp/8/8/8/8/PPPPPPPP/RNBQKBNR w KQkq - 0 1,e2e4,31,28,-3
rnbqkbnr/ppp1pppp/8/3p4/4P3/8/PPPP1PPP/RNBQKBNR w KQkq - 0 2,e4e5,63,3,-60
1r1qkbnr/ppp1pppp/8/8/3p4/5Q2/PPPP1PPP/RNB2RK1 w k - 1 9,d2d3,-128,-100,-28
1r1q1k1r/ppp1bpp1/5p1p/8/3pQ3/3P4/PPP2PPP/RN2R1K1 w - - 4 14,c2c3,-92,-164,72
1r1q1k1r/ppp2pp1/5p1p/2b5/3pQ3/2PP4/PP3PPP/RN2R1K1 w - - 1 15,b2b4,-125,-135,10
1r1q1k1r/ppp2pp1/1b3p1p/8/1P1pQ3/2PP4/P4PPP/RN2R1K1 w - - 1 16,a2a4,-49,-111,62
1r1q1k1r/pp3pp1/1b3p1p/2p5/PP1pQ3/2PP4/5PPP/RN2R1K1 w - - 0 17,a4a5,24,40,16
1r1q1k1r/ppb2pp1/5p1p/P1p5/1P1pQ3/2PP4/5PPP/RN2R1K1 w - - 1 18,b4c5,44,43,-1
1r3k1r/pp3pp1/5p1p/2qN4/4Q3/3P4/5PPP/4R1K1 w - - 0 22,h2h3,-201,-271,70
rnbqkbnr/pppppppp/8/8/8/8/PPPPPPPP/RNBQKBNR w KQkq - 0 1,d2d4,32,22,-10
rnbqkbnr/pp1ppppp/2p5/8/3P4/8/PPP1PPPP/RNBQKBNR w KQkq - 0 2,c2c4,40,34,-6
rnbqkb1r/pp2pppp/2p2n2/3p4/2PP4/5N2/PP2PPPP/RNBQKB1R w KQkq - 0 4,e2e3,34,24,-10
rnbqkb1r/pp3ppp/2p1pn2/3p4/2PP4/4PN2/PP3PPP/RNBQKB1R w KQkq - 0 5,c4d5,27,-16,-43
r1bqk2r/pp3ppp/2n1pn2/1B1p4/Q2P4/2b1PN2/PP3PPP/R1B1K2R w KQkq - 0 9,b2c3,18,15,-3
r4rk1/1pqb1ppp/p1n1pn2/3p4/3P4/2PBPN2/P1Q2PPP/1RB2RK1 w - - 4 14,e3e4,43,4,-39
r4rk1/1pqb1ppp/p3p3/3n4/1n1PB3/2P2N2/PBQ2PPP/1R3RK1 w - - 3 17,c3b4,437,413,-24
2r2rk1/1p3ppp/p3p3/1b6/3P4/1B3N2/PR3PPP/3R2K1 w - - 1 23,d4d5,402,410,8
2r2rk1/1p3ppp/p7/1b1p4/8/1B3N2/PR3PPP/3R2K1 w - - 0 24,h2h3,394,353,-41
rnbqkbnr/pppppppp/8/8/8/8/PPPPPPPP/RNBQKBNR w KQkq - 0 1,b2b3,30,-34,-64
r1bqkbnr/pppp1ppp/2n5/4p3/8/1P6/PBPPPPPP/RN1QKBNR w KQkq - 2 3,e2e4,-28,-65,37
r1bqkb1r/pppp1ppp/2n2n2/4p3/4P3/1P6/PBPP1PPP/RN1QKBNR w KQkq - 1 4,d2d3,-60,-102,42
r1bqk2r/pppp1ppp/2n2n2/2b1p3/4P3/1P1P4/PBP2PPP/RN1QKBNR w KQkq - 1 5,g2g3,-79,-164,85
r1bqk2r/ppp2ppp/2np4/2b1p3/4P3/1P1P2n1/PBP1Q1BP/RN2K1N1 w Qkq - 0 10,h2g3,-678,-701,23
2r2r1k/pp4p1/2pp1q1p/8/3p4/1P1P2P1/PKP3Q1/7R w - - 0 28,g3g4,-593,-638,45
6k1/pp4p1/2pp1r1p/8/3p2P1/1P1P4/PKP4r/2R5 w - - 0 36,a2a4,-791,-798,7
6k1/pp4p1/2pp3p/8/P2p2P1/1P1P4/1KP2r1r/2R5 w - - 1 37,g4g5,-798,-848,50
8/p7/1kp3R1/3p4/P2p4/1P1P2p1/1KP2r1r/8 w - - 0 49,a4a5,-799,-825,26
rnbqkbnr/pppppppp/8/8/8/8/PPPPPPPP/RNBQKBNR w KQkq - 0 1,e2e4,29,26,-3
rnbqkbnr/pp1ppppp/8/2p5/4P3/8/PPPP1PPP/RNBQKBNR w KQkq - 0 2,d2d4,28,2,-26
rnbqkbnr/pp1p1ppp/4p3/2p5/3PP3/8/PPP2PPP/RNBQKBNR w KQkq - 0 3,d4d5,70,63,-7
rnbqkbnr/pp1p1ppp/8/2pPp3/4P3/8/PPP2PPP/RNBQKBNR w KQkq - 0 4,c2c4,154,116,-38
rnbqkbnr/pp3ppp/3p4/2pPp3/2P1P3/8/PP3PPP/RNBQKBNR w KQkq - 0 5,h2h3,122,123,1
rnbqkb1r/pp3ppp/3p1n2/2pPp3/2P1P3/7P/PP3PP1/RNBQKBNR w KQkq - 1 6,f2f3,133,42,-91
r1bqkb1r/3n1ppp/p2p1n2/2pPp3/1pP1P3/4BP1P/PP1NN1P1/R2QKB1R w KQkq - 0 10,b2b3,100,63,-37
r1bqkb1r/3n1ppp/3p1n2/p1pPp3/1pP1P3/1P2BP1P/P2NN1P1/R2QKB1R w KQkq - 0 11,g2g4,61,14,-47
r1b2rk1/3n1p1p/1n1p2p1/2pPp3/1pP1P1Pq/pP3PNP/P2Q1RB1/R4NK1 w - - 2 22,f3f4,-22,-78,56
4r1k1/r7/b4pq1/2pPnNpp/1pP1P1P1/pP2R1QP/P5B1/5R1K w - - 0 36,g4h5,254,235,-19
rnbqkbnr/pppppppp/8/8/8/8/PPPPPPPP/RNBQKBNR w KQkq - 0 1,d2d4,27,25,-2
rnbqkbnr/ppp1pppp/8/3p4/3P4/8/PPP1PPPP/RNBQKBNR w KQkq - 0 2,c2c4,21,22,1
rnbqkbnr/ppp1pppp/8/8/2pP4/8/PP2PPPP/RNBQKBNR w KQkq - 0 3,e2e4,40,31,-9
r1bqkbnr/ppp1pppp/2n5/8/2pPP3/8/PP3PPP/RNBQKBNR w KQkq - 1 4,d4d5,69,32,-37
r1bqkbnr/ppp1pppp/8/3Pn3/2p1P3/8/PP3PPP/RNBQKBNR w KQkq - 1 5,f2f4,22,-20,-42
r2qkbnr/ppp1pppp/8/3P4/4PPb1/3Q4/PP4PP/RNB1K1NR w KQkq - 1 8,h2h3,178,86,-92
r2qkbnr/1ppbpppp/p7/3P4/4PP2/2NQ3P/PP4P1/R1B1K1NR w KQkq - 0 10,b2b4,185,-18,-203
r2qkbnr/1ppbpp1p/p5p1/3P4/1P2PP2/2NQ3P/P5P1/R1B1K1NR w KQkq - 0 11,a2a4,179,44,-135
r2q1rk1/1ppbppbp/p4np1/3P4/PP2PP2/2NQ1N1P/1B4P1/R3K2R w KQ - 5 14,e4e5,124,164,40
7k/r4pb1/4p3/1RN1P2p/P2N1K2/7P/6P1/8 w - - 3 38,g2g3,601,551,-50
8/r4pk1/4p2b/1RN1P2p/P2NK3/6PP/8/8 w - - 3 40,h3h4,585,578,-7
8/2r2pk1/4p2b/1RN1P2p/P2NK2P/6P1/8/8 w - - 1 41,a4a5,848,571,-277
8/2r2p2/4p1kb/PRN1P2p/3NK2P/6P1/8/8 w - - 1 42,a5a6,601,583,-18
2r5/1R1Nbp2/P3p1k1/4P2p/3NK2P/6P1/8/8 w - - 5 45,a6a7,683,690,7
8/PR6/4p1k1/2r1Pp1p/3N3P/3K2P1/8/8 w - - 0 48,a7a8q,10000,10000,0
rnbqkbnr/pppppppp/8/8/8/8/PPPPPPPP/RNBQKBNR w KQkq - 0 1,e2e4,26,30,4
rnbqkbnr/ppp2ppp/3p4/4p3/4P3/5N2/PPPP1PPP/RNBQKB1R w KQkq - 0 3,d2d4,38,47,9
rnbqkbnr/ppp3pp/3p4/4pp2/3PP3/5N2/PPP2PPP/RNBQKB1R w KQkq - 0 4,d4e5,180,121,-59
rnb1kbnr/ppp1q1pp/3p4/4P1N1/4p3/8/PPP2PPP/RNBQKB1R w KQkq - 2 6,e5d6,316,191,-125
2k2b1r/pp4p1/1q1p4/3Qn2p/4N3/8/PPP2PPP/R3R1K1 w - - 2 17,b2b3,531,517,-14
rnbqkbnr/pppppppp/8/8/8/8/PPPPPPPP/RNBQKBNR w KQkq - 0 1,e2e4,30,28,-2
rnbqkbnr/pp1ppppp/2p5/8/4P3/8/PPPP1PPP/RNBQKBNR w KQkq - 0 2,d2d4,47,35,-12
rn2k2r/pp3pp1/2pbpq1p/8/3P4/3Q1NN1/PPP2PPP/R4RK1 w kq - 0 12,c2c3,67,19,-48
r4rk1/pp1n1pp1/2p1pq1p/4b3/3P4/2PQ2N1/PP3PPP/R3R1K1 w - - 0 15,d4e5,-138,-147,9
3r1rk1/pp3pp1/2p1p2p/8/2n5/2P3N1/PP3PPP/3RR1K1 w - - 1 22,b2b3,-236,-244,8
3r2k1/pp3pp1/2p1p2p/8/8/1PP3N1/Pn3PPP/4R1K1 w - - 0 24,f2f3,-254,-263,9
8/p1k5/1pp1p2p/4npp1/8/1PP1KPN1/P5PP/8 w - - 0 34,f3f4,-228,-385,157
8/p1k5/1pp1p2p/5pp1/3K1P2/1PP3N1/P5Pn/8 w - - 0 36,f4g5,-362,-359,-3
8/p3k3/1pp1p3/4Kp2/6p1/1PP3N1/P5Pn/8 w - - 2 40,a2a4,-196,-229,33
8/4k3/ppp1p3/4Kp2/P5p1/1PP3N1/6Pn/8 w - - 0 41,b3b4,-213,-226,13
8/4k3/p1p1p3/1p2Kp2/PP4p1/2P3N1/6Pn/8 w - - 0 42,a4b5,-225,-241,16
8/8/p7/1p1kp3/1P4p1/2P2p2/4N1Pn/4K3 w - - 0 48,g2f3,-458,-514,56
8/8/p7/1p2k3/1P2p3/2P2pN1/3K3n/8 w - - 2 51,c3c4,-550,-615,65
8/8/p7/8/1P2pk2/5p2/5K2/2q5 w - - 2 57,b4b5,-10000,-10000,0
8/8/p7/1P6/4p3/4qpk1/8/5K2 w - - 3 59,b5a6,-10000,-10000,0
rnbqkbnr/pppppppp/8/8/8/8/PPPPPPPP/RNBQKBNR w KQkq - 0 1,e2e4,31,30,-1
r1bqkb1r/pppp1pp1/5n1p/4p3/2B1P3/2N2Q2/PPPP1PPP/R1B2RK1 w kq - 0 7,h2h3,136,75,-61
r1bqkb1r/pp1p1pp1/2p2n1p/4p3/2B1P3/2N2Q1P/PPPP1PP1/R1B2RK1 w kq - 0 8,d2d3,51,38,-13
r1bq1rk1/pp1pbpp1/2p2n1p/4p3/2B1P3/2NPBQ1P/PPP2PP1/R4RK1 w - - 3 10,d3d4,68,77,9
r1bq1rk1/pp2bpp1/2p2n1p/3p4/2BBP3/2N2Q1P/PPP2PP1/R4RK1 w - - 0 12,e4d5,186,193,7
r1b2rk1/pp1qbpp1/7p/3B4/3B4/5Q1P/PPP2PP1/R4RK1 w - - 1 15,c2c3,329,261,-68
1r3rk1/pb3pp1/1pq4p/2b5/3B4/1BP4P/PP2QPP1/3RR1K1 w - - 6 20,f2f3,237,186,-51
8/p7/1p4pk/5b1p/2B2R2/2P2P1P/PP4PK/8 w - - 2 35,h3h4,791,788,-3
8/p7/1p5k/5bpp/2B2R1P/2P2P2/PP4PK/8 w - - 0 36,h4g5,909,773,-136
8/p7/1p6/5bk1/2BR3p/2P2P2/PP4PK/8 w - - 0 38,g2g4,792,758,-34
1R6/8/pp6/8/6Pp/2P2k2/PP5K/8 w - - 0 44,g4g5,794,834,40
1R6/8/p7/1p4P1/7p/2P2k2/PP5K/8 w - - 0 45,g5g6,885,942,57
1R6/8/p5P1/1p6/8/2P2k1p/PP5K/8 w - - 0 46,g6g7,991,10000,9009
rnbqkbnr/pppppppp/8/8/8/8/PPPPPPPP/RNBQKBNR w KQkq - 0 1,d2d4,31,21,-10
rnbqkbnr/ppp1pppp/8/3p4/3P4/8/PPP1PPPP/RNBQKBNR w KQkq - 0 2,c2c4,21,25,4
rnbqkbnr/ppp2ppp/4p3/8/2pP4/2N5/PP2PPPP/R1BQKBNR w KQkq - 0 4,e2e4,39,58,19
rn1qk2r/1bp2ppp/p3pn2/1p6/1b1PP3/1BNQ1N2/PP3PPP/R1B2RK1 w kq - 8 10,e4e5,154,159,5
rn1qk2r/1bp2ppp/p3pn2/1p2P3/3P4/1BbQ1N2/PP3PPP/R1B2RK1 w kq - 0 11,b2c3,356,208,-148
rn2k2r/1bpq1ppp/p3p3/1p1nP1B1/3P4/1BPQ1N2/P4PPP/R4RK1 w kq - 3 13,c3c4,119,57,-62
r3k2r/1bpq1ppp/4p3/p2nP1B1/1nBP4/1Q3N2/P4PPP/1R3RK1 w kq - 0 17,a2a3,59,54,-5
r5k1/2pq1pp1/n3p2p/p3P3/2BP4/P3nN2/2Q2PPP/1R4K1 w - - 0 23,f2e3,595,584,-11
6k1/3q1pp1/r3p2p/p3P3/3p4/P2QPN2/6PP/1R4K1 w - - 0 26,e3d4,10000,437,-9563
1R6/6pk/2N1pp1p/4P3/p7/P7/5KPP/8 w - - 0 33,h2h3,816,806,-10
1R6/7k/4p2p/4N1p1/p7/P6P/5KP1/8 w - - 0 35,g2g4,886,852,-34
rnbqkbnr/pppppppp/8/8/8/8/PPPPPPPP/RNBQKBNR w KQkq - 0 1,e2e4,31,28,-3
r1bqkbnr/1p1p1ppp/p1n1p3/2p3N1/2B1P3/8/PPPP1PPP/RNBQK2R w KQkq - 0 5,d2d3,-73,-70,-3
r1b1kb1r/1p1p1pp1/pqn1pn1p/2p5/4P3/1B1P1N2/PPPB1PPP/RN1QK2R w KQkq - 6 9,h2h3,-11,-19,8
r1b1kb1B/1pqp1p2/p1n1p2p/2p5/4Pnp1/1B1PQN1P/PPPN1PP1/R4RK1 w q - 0 16,h3g4,526,525,-1
r1b1kb1B/2qp1p2/p1n1p2p/1pp5/4PnP1/1B1PQN2/PPPN1PP1/R4RK1 w q - 0 17,c2c4,590,498,-92
r1b1kb1B/2qp1p2/p1n1p2p/2p5/1pP1PnP1/1B1PQN2/PP1N1PP1/R4RK1 w q - 0 18,a2a3,637,465,-172
r3kb1B/1bqp1p2/p1n1p2p/2p5/1pP1PnP1/PB1PQN2/1P1N1PP1/R4RK1 w q - 1 19,g2g3,519,479,-40
2k3r1/1bqp1p2/p1nbpB2/2p4p/1pP1P1P1/PB1PQNPK/1P1N1P2/R6R w - - 0 24,e4e5,823,393,-430
2k3r1/3p1p2/p3p3/2p1q3/1pP5/PB1P2P1/1P3PK1/R6R w - - 0 30,a3b4,-229,-223,-6
2k3r1/3p1p2/p3p3/2p5/1PPq4/1B1P2P1/5PK1/1R5R w - - 2 32,b4c5,-284,-319,35
2k4r/3p1p2/p3p3/2P5/2P1q3/1B4P1/5P2/1R1R2K1 w - - 4 35,f2f3,-10000,-10000,0
rnbqkbnr/pppppppp/8/8/8/8/PPPPPPPP/RNBQKBNR w KQkq - 0 1,e2e4,31,30,-1
rnbqkbnr/pppp1ppp/8/4p3/4P3/8/PPPP1PPP/RNBQKBNR w KQkq - 0 2,d2d3,23,-8,-31
rnbqkb1r/pppp1ppp/5n2/4p3/4P3/3P4/PPP2PPP/RNBQKBNR w KQkq - 1 3,h2h3,-6,-26,20
rnbqk2r/ppp2pp1/3p1n1p/2b1p3/4P3/3P1N1P/PPP1BPP1/RNBQK2R w KQkq - 0 6,a2a3,-3,-20,17
rnbq1rk1/1pp3pn/p2p3p/2b1pp2/4P3/P2P3P/1PP1BPPN/RNBQ1R1K w - - 0 10,e4f5,-30,-30,0
r2q1rk1/1pp3pn/p1np3p/2b1pb2/6B1/P2P3P/1PP2PPN/RNBQ1R1K w - - 2 12,c2c3,-15,-88,73
2r5/1pp5/p1npk2p/3Npp2/8/P1PP3P/1P2Q1P1/R1B4K w - - 4 24,c3c4,840,847,7
rnbqkbnr/pppppppp/8/8/8/8/PPPPPPPP/RNBQKBNR w KQkq - 0 1,e2e3,26,14,-12
rnbqkbnr/pppp1ppp/8/4p3/8/4P3/PPPP1PPP/RNBQKBNR w KQkq - 0 2,d2d4,15,15,0
rnbqkbnr/pp3ppp/2p5/3p4/3PpN2/4P3/PPP2PPP/RNBQKB1R w KQkq - 0 5,g2g3,-32,-94,62
rn1qkbnr/p4p1p/2p5/1p1p2p1/3Pp1b1/2N1P1P1/PPP1NP1P/R1BQKB1R w KQkq - 0 8,b2b4,-158,-331,173
r2qk2r/p4p1p/n1p2n2/1p1p2p1/1b1Pp1b1/2N1P1P1/P1PBNPBP/R2QK2R w KQkq - 2 11,a2a3,-143,-223,80
r2qk2r/p4p2/n1pb1n2/1p1p2pp/3Pp1b1/P1N1P1P1/2PBNPBP/R2Q1RK1 w kq - 0 13,h2h4,-140,-368,228
r2qk2r/p4p2/n1pb1n2/1p1p3p/3Pp1bp/P1N1P1P1/2PBNPB1/R2Q1RK1 w kq - 0 14,g3h4,-357,-488,131
r2qk1r1/p4p2/n1pb1n2/1p1p3p/3Pp1bP/P1N1P3/2PBNPB1/R2Q1RK1 w q - 1 15,f2f4,-529,-602,73
rnbqkbnr/pppppppp/8/8/8/8/PPPPPPPP/RNBQKBNR w KQkq - 0 1,e2e4,25,23,-2
rnbqkbnr/pp1ppppp/8/2p5/4P3/8/PPPP1PPP/RNBQKBNR w KQkq - 0 2,d2d4,32,18,-14
r1bq1rk1/p4ppp/1p3n2/3pp3/4P3/3BQ3/PPP2PPP/RN3RK1 w - - 0 13,e4d5,96,95,-1
r1b2rk1/p4ppp/1p3q2/3np3/8/3B2Q1/PPP2PPP/RN3RK1 w - - 2 15,c2c3,-11,-72,61
4R3/p4ppk/1p5p/8/5n2/N1P5/Pr3PPP/6K1 w - - 1 26,g2g3,-250,-296,46
8/5pp1/1pN2k1p/8/8/6P1/5P1P/5K2 w - - 3 33,f2f4,342,277,-65
8/5p2/7p/1pk3p1/1N3P2/2K3P1/7P/8 w - - 0 38,f4g5,338,328,-10
8/5p2/8/1pk3p1/1N6/2K3P1/7P/8 w - - 0 39,h2h4,364,368,4
8/5p2/8/1pk5/1N5p/2K3P1/8/8 w - - 0 40,g3h4,398,478,80
rnbqkbnr/pppppppp/8/8/8/8/PPPPPPPP/RNBQKBNR w KQkq - 0 1,e2e4,25,28,3
rnbqkbnr/ppp1pppp/3p4/8/4P3/8/PPPP1PPP/RNBQKBNR w KQkq - 0 2,d2d4,33,35,2
r1bq1rk1/ppp2pbp/2np1pp1/8/2BPP3/5N2/PPP2PPP/RN1Q1RK1 w - - 6 8,a2a3,-18,-28,10
r1bq1rk1/ppp2pbp/2np2p1/5p2/2BPP3/P4N2/1PP2PPP/RN1Q1RK1 w - - 0 9,e4f5,-26,-22,-4
r4rk1/ppp2pbp/3p2p1/5b2/2Bn3q/P7/NP3PPP/2RQ1RK1 w - - 2 14,g2g3,-670,-727,57
r4rk1/ppp2pbp/3p2p1/5b2/2Bn2q1/P5P1/NP3P1P/2RQ1RK1 w - - 1 15,f2f3,-692,-701,9
rnbqkbnr/pppppppp/8/8/8/8/PPPPPPPP/RNBQKBNR w KQkq - 0 1,e2e4,22,29,7
rnbqkbnr/ppp1ppp1/8/3p3p/4P3/5N2/PPPP1PPP/RNBQKB1R w KQkq - 0 3,e4d5,160,159,-1
rnb1kbnr/p1p1ppp1/1p2q3/7p/8/2N2N2/PPPPBPPP/R1BQK2R w KQkq - 0 6,d2d4,311,284,-27
r3kbnr/p1pqppp1/1p6/4n2p/3P4/2N1B3/PPP1QPPP/2KR3R w kq - 0 11,d4e5,363,344,-19
rnbqkbnr/pppppppp/8/8/8/8/PPPPPPPP/RNBQKBNR w KQkq - 0 1,d2d4,29,23,-6
rnbqkbnr/ppp1pppp/8/3p4/3P4/8/PPP1PPPP/RNBQKBNR w KQkq - 0 2,c2c4,24,24,0
rnbqkbnr/pp4pp/2p1p3/3p1p2/2PP4/2N2N2/PP2PPPP/R1BQKB1R w KQkq - 0 5,c4d5,96,63,-33
rnbqkb1r/pp4pp/2p2n2/3pNp2/3P4/2N5/PP2PPPP/R1BQKB1R w KQkq - 2 7,e2e3,14,-12,-26
rnbqk2r/pp4pp/2pb1n2/3pNp2/3P4/2N1P3/PP3PPP/R1BQKB1R w KQkq - 1 8,f2f4,10,2,-8
rn1q1rk1/pp4pp/2pbbn2/3pNp2/3P1P2/2NBP3/PP4PP/R1BQK2R w KQ - 3 10,h2h3,5,-21,-26
r2q1rk1/pp4pp/2pbb3/3pn3/3PpP2/4P2P/PP2B1P1/R1BQ1RK1 w - - 0 14,d4e5,0,18,18
r2q1rk1/pp4pp/2p1b3/2bpP3/4pP2/4P2P/PP2B1P1/R1BQ1RK1 w - - 1 15,a2a3,-10,-61,51
3r1rk1/pp4pp/1qp1b3/2bpP3/4pP2/P3P2P/1P1QB1P1/R1B2RK1 w - - 3 17,b2b4,89,62,-27
3r1rk1/1pq1b1pp/2p1b3/3pP3/1p1BpP2/P3P2P/3QB1P1/2R2RK1 w - - 0 21,a3b4,120,144,24
r4rk1/1pq1b1pp/2p1b3/3pP3/1P1BpP2/4P2P/3QB1P1/2R2RK1 w - - 1 22,b4b5,156,89,-67
r4rk1/3qb1pp/1p2b3/1Pp1P3/3ppP2/2B1P2P/3QB1P1/2R2RK1 w - - 0 26,e3d4,-191,-280,89
5rk1/6pp/1p2b3/1Pb1P3/3qpP2/7P/4Q1P1/2R2R1K w - - 2 31,g2g4,-298,-498,200
rnbqkbnr/pppppppp/8/8/8/8/PPPPPPPP/RNBQKBNR w KQkq - 0 1,e2e4,32,31,-1
rnbqkbnr/pp1ppppp/2p5/8/4P3/8/PPPP1PPP/RNBQKBNR w KQkq - 0 2,d2d4,43,39,-4
rnbqkbnr/5pp1/p1p1p2p/1p1p4/3PP3/1BN2N2/PPP2PPP/R1BQK2R w KQkq - 0 7,a2a3,94,86,-8
rn1qkbnr/1b3pp1/p1p1p2p/1p1p4/3PP3/PBN2N2/1PP2PPP/R1BQK2R w KQkq - 1 8,e4d5,89,45,-44
r2qkbnr/1b1n1pp1/p3p2p/1p1p4/3P1B2/PBN2N2/1PP2PPP/R2QK2R w KQkq - 2 10,h2h3,17,17,0
3rk2r/1b1n1p2/1q2pb1p/1N1p2p1/1p1P4/PB5P/1PP1QPP1/3R1RK1 w k - 0 22,a3b4,-361,-363,2
3rk2r/1b1nbp2/1q2p2p/1N1p2p1/1P1P4/1B5P/1PP1QPP1/3R1RK1 w k - 1 23,f2f4,-282,-320,38
3rk2r/3n1p2/bq2p2p/1N1p2p1/Bb1P1P2/7P/1PP1Q1P1/3R1RK1 w k - 0 25,c2c3,-224,-254,30
3rk1r1/3nbp2/bq2p2p/1N1p2p1/B2P1P2/2P4P/1P2Q1P1/R4RK1 w - - 3 27,f4f5,-181,-188,7
3rk1r1/3n1pb1/bq2p2p/1N1p1PpQ/B2P4/2P4P/1P4P1/R4RK1 w - - 3 29,f5e6,732,746,14
rnbqkbnr/pppppppp/8/8/8/8/PPPPPPPP/RNBQKBNR w KQkq - 0 1,e2e4,29,24,-5
rnbqkb1r/pppp1ppp/5n2/4p3/2B1P3/8/PPPP1PPP/RNBQK1NR w KQkq - 2 3,d2d3,-3,5,8
rnbqk2r/pppp1ppp/5n2/2b1p3/2B1P3/3P4/PPP2PPP/RNBQK1NR w KQkq - 1 4,h2h3,13,-16,-29
r2qk2r/ppp3pp/2nppn2/2b1p3/4P3/3P1N1P/PPP2PP1/RNBQ1RK1 w kq - 0 8,c2c3,11,17,6
6r1/pppk4/2npp3/2b1p3/4Pp1q/2PP1QrP/PP1N1PP1/RN3R1K w - - 7 20,f2g3,321,356,35
6r1/pppk3q/2npp3/2b1p3/4Pp2/2PP1QPP/PP1N2P1/RN3R1K w - - 1 21,g3f4,430,435,5
6r1/pppk3q/3pp3/2b1n3/4PQ2/2PP3P/PP1N2P1/RN3R1K w - - 1 23,d3d4,483,529,46
6r1/pppk3q/3pp3/2b5/3PPQn1/2P4P/PP1N2P1/RN3R1K w - - 1 24,d4c5,712,632,-80
6r1/pppk3q/3pp3/2P1n3/4PQ2/2P4P/PP1N2P1/RN3R1K w - - 1 25,c5d6,624,610,-14
6r1/pp3R2/2k1p3/4p3/4P1n1/2P4P/PP4P1/RN5K w - - 1 30,h3g4,746,783,37
2r5/4k3/4p3/8/R3P3/2PN1R2/PP3KP1/8 w - - 3 44,e4e5,921,924,3
rnbqkbnr/pppppppp/8/8/8/8/PPPPPPPP/RNBQKBNR w KQkq - 0 1,e2e4,34,24,-10
r1bqkb1r/pppp1ppp/2n2n2/4p3/4P3/2N2N2/PPPP1PPP/R1BQKB1R w KQkq - 4 4,d2d3,14,-20,-34
r1bqkb1r/ppp2ppp/2n2n2/3pp3/4P3/2NP1N2/PPP2PPP/R1BQKB1R w KQkq - 0 5,e4d5,-22,-19,-3
r1b1k2r/ppp2ppp/2n5/3qp3/1b6/3P1N2/PPP1BPPP/R1BQK2R w KQkq - 2 8,c2c3,-4,-1,-3
r1b2rk1/ppp2ppp/2n5/b2qp3/8/2PP1N2/PP2BPPP/R1BQ1RK1 w - - 3 10,b2b4,217,213,-4
r1b2rk1/ppp2ppp/1bn5/3qp3/1P6/2PP1N2/P3BPPP/R1BQ1RK1 w - - 1 11,c3c4,348,332,-16
r1b2rk1/ppp2ppp/1bn1q3/4p3/1PP5/3P1N2/P3BPPP/R1BQ1RK1 w - - 1 12,c4c5,331,324,-7
r1b2rk1/ppp2ppp/1b2q3/2P1p3/1n6/3P1N2/P3BPPP/R1BQ1RK1 w - - 0 13,c5b6,314,314,0
r1b2rk1/1pp2ppp/1p2q3/4p3/1n6/3P1N2/P3BPPP/R1BQ1RK1 w - - 0 14,a2a3,320,301,-19
r1b2rk1/1pp2ppp/1pn1q3/8/8/P2P1B2/5PPP/1RBQ1RK1 w - - 1 17,d3d4,-85,-44,-41
r1br2k1/1pp2ppp/1pn1q3/8/3P4/P4B2/5PPP/1RBQ1RK1 w - - 1 18,d4d5,14,5,-9
rnbqkbnr/pppppppp/8/8/8/8/PPPPPPPP/RNBQKBNR w KQkq - 0 1,e2e4,27,25,-2
r1bqkbnr/pppppppp/2n5/8/4P3/8/PPPP1PPP/RNBQKBNR w KQkq - 1 2,d2d4,48,45,-3
r1bqkbnr/ppp1pppp/2n5/3p4/3PP3/8/PPP2PPP/RNBQKBNR w KQkq - 0 3,e4e5,48,46,-2
r3kbnr/pppqpppp/2n5/1B1pPb2/3P4/8/PPP2PPP/RNBQK1NR w KQkq - 3 5,f2f3,56,-21,-77
r3kbnr/pppq1ppp/2n1p3/1B1pPb2/3P4/5P2/PPP3PP/RNBQK1NR w KQkq - 0 6,g2g4,2,-86,-88
r3kbnr/pppq1ppp/2n1p1b1/1B1pP3/3P2P1/5P2/PPP4P/RNBQK1NR w KQkq - 1 7,h2h4,-80,-110,30
r3kbnr/pppq2pp/2n1ppb1/1B1pP3/3P2PP/5P2/PPP5/RNBQK1NR w KQkq - 0 8,h4h5,22,25,3
r3kbnr/pppq1bpp/2n1pp2/1B1pP2P/3P2P1/5P2/PPP5/RNBQK1NR w KQkq - 1 9,f3f4,15,5,-10
r3kb1r/1ppqnb1p/p1n1ppp1/3pP2P/3P1PP1/3B1N2/PPP5/RNBQK2R w KQkq - 0 12,h5h6,351,150,-201
r3kb1r/1ppqnb1p/p1n1pp1P/3pP1p1/3P1PP1/3B1N2/PPP5/RNBQK2R w KQkq - 0 13,f4g5,300,-22,-322
rnbqkbnr/pppppppp/8/8/8/8/PPPPPPPP/RNBQKBNR w KQkq - 0 1,d2d4,25,22,-3
rnbqkb1r/ppp1pppp/3p1n2/8/3P4/2N5/PPP1PPPP/R1BQKBNR w KQkq - 2 3,d4d5,36,1,-35
rnbqkb1r/pp2pppp/3p1n2/2pP4/8/2N5/PPP1PPPP/R1BQKBNR w KQkq c6 0 4,e2e4,61,72,11
r1bqkb1r/pp2pppp/3p1n2/2pPn3/4P3/2N2N2/PPP2PPP/R1BQKB1R w KQkq - 3 6,h2h3,201,75,-126
r1b2b1r/1p2pkpp/p2p1n2/3P4/1qp1P3/2NB3P/PPP2PP1/R1BQK2R w KQ - 0 12,a2a3,355,340,-15
6r1/5q2/Q2p1b1k/1p1Pp3/2p1P1p1/P6P/1PP2PP1/3R1RK1 w - - 0 34,h3g4,361,306,-55
6r1/5q2/Q2p3k/1p1Pp1b1/2p1P1P1/P7/1PP2PP1/3R1RK1 w - - 1 35,g2g3,622,389,-233
5k2/8/7r/1p1P4/2p1P1P1/P5P1/1PP2P2/3R1RK1 w - - 0 42,d5d6,907,921,14
4k3/8/3P3r/1p6/2p1P1P1/P5P1/1PP2P2/3R1RK1 w - - 1 43,d6d7,942,985,43
3k4/3P4/7r/1p6/2p1P1P1/P5P1/1PP2P2/3R1RK1 w - - 1 44,e4e5,978,924,-54
3k4/3Pr3/8/1p2P3/2p3P1/P5P1/1PP2P2/3RR1K1 w - - 3 46,e5e6,1061,1289,228
3k4/3Pr3/4P3/8/1pp3P1/P5P1/1PP2P2/3RR1K1 w - - 0 47,a3b4,1390,10000,8610
3k4/3Pr3/4P3/8/1P4P1/2p3P1/1PP2P2/3RR1K1 w - - 0 48,b2c3,10000,10000,0
3k4/R7/4P3/8/1P4P1/2P3P1/2P2P2/4R1K1 w - - 3 51,f2f4,10000,10000,0
4k3/R7/4P3/8/1P3PP1/2P3P1/2P5/4R1K1 w - - 1 52,f4f5,10000,10000,0
3k4/R7/4P3/5P2/1P4P1/2P3P1/2P5/4R1K1 w - - 1 53,f5f6,10000,10000,0
4k3/R7/4PP2/8/1P4P1/2P3P1/2P5/4R1K1 w - - 1 54,f6f7,10000,10000,0
5k2/R4P2/4P3/8/1P4P1/2P3P1/2P5/4R1K1 w - - 1 55,e6e7,10000,10000,0
8/R3Pk2/8/8/1P4P1/2P3P1/2P5/4R1K1 w - - 0 56,e7e8q,10000,10000,0
rnbqkbnr/pppppppp/8/8/8/8/PPPPPPPP/RNBQKBNR w KQkq - 0 1,e2e4,24,24,0
rnbqkb1r/pppppppp/5n2/8/4P3/8/PPPP1PPP/RNBQKBNR w KQkq - 1 2,e4e5,70,66,-4
rnbqkb1r/pppppppp/8/3nP3/8/8/PPPP1PPP/RNBQKBNR w KQkq - 1 3,c2c4,75,62,-13
rnbqkb1r/pppppppp/8/4P3/2P2n2/8/PP1P1PPP/RNBQKBNR w KQkq - 1 4,d2d4,221,211,-10
rnbqk2r/pp1pbppp/2p1p1n1/4P3/2PP4/2NB1N2/PP3PPP/R1BQK2R w KQkq - 0 8,h2h4,267,289,22
rnb2rk1/pp2q1p1/2p1p1Q1/3pP3/1bPP3P/2N2N2/PP1B1PP1/R3K2R w KQ d6 0 14,c4c5,839,434,-405
rn3rk1/pp1bq1p1/2p1p1Q1/2PpP3/1b1P3P/2N2N2/PP1B1PP1/R3K2R w KQ - 1 15,a2a3,899,431,-468
r3brk1/pp1nq1p1/2p1p3/2PpP3/3P2QP/P1B2N2/1P3PP1/R3K2R w KQ - 3 18,h4h5,366,367,1
r3b2k/pp2qrp1/2p3n1/2PpP2P/3P2Q1/P1B5/1P3PP1/R3K2R w KQ - 0 23,h5g6,1083,1231,148
rnbqkbnr/pppppppp/8/8/8/8/PPPPPPPP/RNBQKBNR w KQkq - 0 1,d2d4,31,26,-5
rnbqkbnr/pp3ppp/4p3/2pp4/3P1B2/2N5/PPP1PPPP/R2QKBNR w KQkq - 0 4,e2e3,5,-19,-24
rnbqk2r/pp2bpp1/4pn1p/3p4/2pP1B2/2N1PN2/PPP1BPPP/R2Q1RK1 w kq - 2 8,b2b3,120,14,-106
rnbqk2r/pp2bpp1/4pn1p/3p4/3P1B2/1pN1PN2/P1P1BPPP/R2Q1RK1 w kq - 0 9,c2b3,134,29,-105
rnbqkbnr/pppppppp/8/8/8/8/PPPPPPPP/RNBQKBNR w KQkq - 0 1,e2e4,32,26,-6
r1bqkbnr/pppp1ppp/2n5/4p3/4P3/5N2/PPPP1PPP/RNBQKB1R w KQkq - 2 3,d2d4,23,34,11
r1bqkbnr/ppp2ppp/3p4/8/3QP3/8/PPP2PPP/RNB1KB1R w KQkq - 0 6,e4e5,131,-13,-144
r4r2/pp4pp/1k3p2/2p1p3/B2n4/4B3/PPPR1PPP/2KR4 w - - 4 20,c2c3,575,550,-25
rnbqkbnr/pppppppp/8/8/8/8/PPPPPPPP/RNBQKBNR w KQkq - 0 1,d2d4,26,18,-8
rnbqkbnr/ppp1pppp/8/3p4/3P4/8/PPP1PPPP/RNBQKBNR w KQkq - 0 2,c2c3,23,19,-4
rn1qkb1r/ppp2ppp/4pn2/3p1b2/3P4/2P2N2/PP1NPPPP/R1BQKB1R w KQkq - 2 5,g2g3,12,-42,-54
r4rk1/pp1qbpp1/2p1pn1p/3p1b2/3P4/2P3P1/PP1NPPBP/R1BQR1K1 w - - 0 11,e2e4,11,3,-8
r4r2/pp3ppk/2p1pb1p/3q4/3P2Q1/2P3P1/PP3P1P/R1B1R1K1 w - - 5 17,b2b3,0,-18,-18
5r2/pp3ppk/4pb1p/3r4/3p4/1PP3P1/PB3P1P/R3R1K1 w - - 0 22,c3d4,-117,-116,-1
8/ppRr1pp1/4p1kp/8/3r4/1P4P1/P4P1P/2R3K1 w - - 6 27,a2a4,-130,-253,123
8/1p4p1/p3ppkp/8/Pr6/1PR3P1/5P1P/6K1 w - - 0 31,h2h4,-232,-232,0
8/1p4p1/p3p1kp/5p2/Pr5P/1PR3P1/5P2/6K1 w - - 0 32,f2f4,-186,-220,34
8/1p6/p3pk1p/5pp1/Pr3P1P/1P2R1P1/8/6K1 w - - 0 34,h4g5,-155,-171,16
8/1p6/p3pk2/5pp1/Pr3P2/1P2R1P1/8/6K1 w - - 0 35,f4g5,-180,-179,-1
8/1p6/p7/4ppk1/Pr6/1PR2KP1/8/8 w - - 2 39,a4a5,-337,-386,49
8/1p3R2/p1k5/4Kp2/8/4prP1/8/8 w - - 0 57,g3g4,-448,-629,181
rnbqkbnr/pppppppp/8/8/8/8/PPPPPPPP/RNBQKBNR w KQkq - 0 1,e2e4,27,26,-1
r1bqkb1r/pppp1ppp/2n2n2/4p3/2B1P3/5Q2/PPPP1PPP/RNB1K1NR w KQkq - 4 4,d2d3,-26,-121,95
r1bqkb1r/ppp2ppp/3p1n2/4p3/2BnP3/3P4/PPP2PPP/RNBQK1NR w KQkq - 0 6,c2c3,10,16,6
r2qkb1r/ppp2ppp/2np1n2/4p3/2B1P1b1/2PP1N2/PP3PPP/RNBQK2R w KQkq - 3 8,h2h3,94,48,-46
r2qkb1r/ppp2ppp/2np1n2/4p2b/2B1P3/2PP1N1P/PP3PP1/RNBQK2R w KQkq - 1 9,g2g4,64,32,-32
r2qk2r/ppp1bpp1/2np1nbp/4p3/2B1P1P1/2PP1N1P/PP3P2/RNBQK2R w KQkq - 2 12,g4g5,-12,-201,189
r3k2r/pppqnpp1/3p2b1/4p2n/2B1P3/2PP3P/PP3P2/RN1QK1NR w KQkq - 0 16,a2a4,-311,-400,89
r3k2r/pppqnpp1/3p2b1/4p3/P1B1Pn2/2PP3P/1P3P2/RN1QK1NR w KQkq - 1 17,h3h4,-401,-453,52
rnbqkbnr/pppppppp/8/8/8/8/PPPPPPPP/RNBQKBNR w KQkq - 0 1,e2e4,26,26,0
rnbqkbnr/pp1ppppp/8/2p5/4P3/8/PPPP1PPP/RNBQKBNR w KQkq - 0 2,d2d4,29,13,-16
r1b1kb1r/pp1ppppp/2n5/qB1Q4/8/1n6/PPP2PPP/RN2K1NR w KQkq - 2 9,c2c3,-587,-580,-7
3r1rk1/5ppp/p1b1p3/1p1p4/5bN1/2PB1N2/PP3PPP/4R1K1 w - - 9 22,g2g3,-412,-435,23
3rr1k1/5ppN/p1bbp2p/1p1p4/6N1/2PB2P1/PP3P1P/4R1K1 w - - 2 25,b2b3,-436,-532,96
3rr1k1/5ppN/2bbp2p/pp1p4/6N1/1PPB2P1/P4P1P/4R1K1 w - - 0 26,c3c4,-436,-431,-5
3rr1k1/5ppN/2bbp2p/p2p4/2p3N1/1P1B2P1/P4P1P/4R1K1 w - - 0 27,b3c4,-486,-500,14
4r3/5k2/2bbp2p/p4p2/2p5/6P1/P1B2P1P/4R1K1 w - - 0 32,f2f3,-613,-683,70
4r3/8/2bbpk1p/p4p2/2p5/5PP1/P1B4P/4R1K1 w - - 1 33,g3g4,-647,-693,46
4r3/8/2bbpk1p/p7/2p3p1/5P2/P1B4P/4R1K1 w - - 0 34,f3g4,-673,-677,4
4r3/8/3bp2p/p2b2k1/2p3P1/8/P1B4P/5RK1 w - - 3 36,h2h3,-653,-683,30
4r3/8/3b3p/p2bp2R/2p3P1/6kP/P1B5/6K1 w - - 4 39,g4g5,-583,-933,350
6b1/8/3b4/p3pB1k/2p5/8/P6K/8 w - - 0 45,a2a4,-631,-673,42
rnbqkbnr/pppppppp/8/8/8/8/PPPPPPPP/RNBQKBNR w KQkq - 0 1,e2e4,28,28,0
r1bqkbnr/pp1ppppp/2n5/2p5/4P3/5N2/PPPP1PPP/RNBQKB1R w KQkq - 2 3,c2c4,32,1,-31
r1bqkbnr/pp1p1ppp/2n1p3/2p5/2P1P3/5N2/PP1P1PPP/RNBQKB1R w KQkq - 0 4,d2d4,19,18,-1
r1n2rk1/1b3ppp/pq2p3/2pp4/2PnP3/2NB2Q1/PPN2PPP/1R2K2R w K - 0 16,c4d5,-22,-14,-8
r1n2rk1/1b3ppp/pq6/2pp4/3nP3/2NB2Q1/PPN2PPP/1R2K2R w K - 0 17,e4d5,2,-29,-31
r3r1k1/1b3ppp/pq1n4/3P4/2p5/2N1nBQ1/PP1K1PPP/1R5R w - - 0 22,f2e3,-380,-374,-6
rnbqkbnr/pppppppp/8/8/8/8/PPPPPPPP/RNBQKBNR w KQkq - 0 1,e2e4,29,26,-3
rnbqkbnr/ppp2ppp/4p3/3p4/4P3/5N2/PPPP1PPP/RNBQKB1R w KQkq - 0 3,e4d5,20,22,2
rnbqkb1r/ppp2ppp/5n2/3p4/8/2N2N2/PPPP1PPP/R1BQKB1R w KQkq - 2 5,d2d4,9,15,6
r1bqr1k1/pp3ppp/5n2/3pn1B1/1bpP4/2N5/PPPQBPPP/2KR3R w - - 0 13,d4e5,-22,-35,13
r1bq2k1/pp3ppp/5n2/3pr1B1/1bp5/2N5/PPPQBPPP/2KR3R w - - 0 14,f2f4,-20,-245,225
r1bq2k1/pp3ppp/5n2/3pr1B1/2p2P2/2b5/PPPQB1PP/2KR3R w - - 0 15,f4e5,-302,-476,174
r1bq2k1/pp3p2/5n1p/3pP1p1/2p4B/8/PPPRB1PP/2K4R w - - 0 18,e5f6,-509,-501,-8
r5k1/pp3p2/4bP1p/q2p4/2p4p/8/PPPRB1PP/1K3R2 w - - 4 21,c2c3,-492,-555,63
3r2k1/p4p2/4bP1p/q2p4/1pp4p/2P2B2/PP1R2PP/1K1R4 w - - 0 24,c3b4,-605,-618,13
rnbqkbnr/pppppppp/8/8/8/8/PPPPPPPP/RNBQKBNR w KQkq - 0 1,d2d4,32,23,-9
rnbqkbnr/pp1ppppp/8/2p5/3P4/8/PPP1PPPP/RNBQKBNR w KQkq - 0 2,d4c5,82,27,-55
rnbqkbnr/pp1p1ppp/4p3/2P5/8/8/PPP1PPPP/RNBQKBNR w KQkq - 0 3,b2b4,21,-31,-52
r1bqkbnr/pp1p1ppp/4p3/2P5/1n6/8/PBP1PPPP/RN1QKBNR w KQkq - 0 5,a2a3,-66,-179,113
r1b1kbnr/pp1p1ppp/4p3/q1P5/1n6/P7/1BP1PPPP/RN1QKBNR w KQkq - 1 6,a3b4,355,327,-28
r1b1kbnr/pp1p1ppp/4p3/2P5/2q5/2B5/2P1PPPP/RN1QKBNR w KQkq - 2 8,e2e3,398,361,-37
rnbqkbnr/pppppppp/8/8/8/8/PPPPPPPP/RNBQKBNR w KQkq - 0 1,d2d4,32,20,-12
rnbqkb1r/1pp1ppp1/p4n1p/3p4/3P1B2/2N2N2/PPP1PPPP/R2QKB1R w KQkq - 0 5,e2e3,33,-1,-34
r2qkb1r/1pp1ppp1/p1n2n1p/3p4/3P1Bb1/2N1PN2/PPP1BPPP/R2QK2R w KQkq - 3 7,h2h3,42,24,-18
r2qkb1r/1pp1ppp1/p1n2n1p/3p3b/3P1B2/2N1PN1P/PPP1BPP1/R2QK2R w KQkq - 1 8,g2g4,68,63,-5
rq2kb1r/2p2pp1/p1p1pn1p/3p4/N2P1BP1/4P2P/PPP1QP2/R3K2R w KQq - 2 15,b2b3,20,25,5
rq2k2r/2p2pp1/p1p1pn1p/3pb3/N2P2P1/1P2P2P/P1P1QP2/R3K2R w KQq - 0 17,d4e5,-99,-88,-11
r4k1r/2pn1pp1/p1p1p3/1q1pP2p/N5P1/1PQ1P2P/PKP2P2/R6R w - - 0 24,f2f4,-16,-119,103
r6r/2pn1pk1/p1p1p1p1/1q1pP2p/N2Q1PP1/1P2P2P/PKP5/R6R w - - 2 26,c2c4,86,3,-83
r6r/2pn1pk1/p1p1p1p1/3pP2p/NqPQ1PP1/1P2P2P/PK6/R6R w - - 1 27,g4h5,140,10,-130
r7/2pn1pk1/p1p1p1p1/3pP2r/NqPQ1P2/1P2P2P/PK6/R6R w - - 0 28,c4d5,15,8,-7
r7/2pn1pk1/p1p1p1p1/3PP2r/N2q1P2/1P2P2P/PK6/R6R w - - 0 29,e3d4,6,7,1
rnbqkbnr/pppppppp/8/8/8/8/PPPPPPPP/RNBQKBNR w KQkq - 0 1,d2d4,31,22,-9
rnbqkbnr/ppp1pppp/8/3p4/3P4/8/PPP1PPPP/RNBQKBNR w KQkq - 0 2,f2f4,22,-43,-65
rnbqkbnr/ppp2ppp/4p3/3p4/3P1P2/8/PPP1P1PP/RNBQKBNR w KQkq - 0 3,e2e3,-22,-23,1
r2qkbnr/pb3ppp/1pp1p3/3pn3/3P1P2/3BP3/PPP3PP/RNBQ1RK1 w kq - 0 8,f4e5,89,88,-1
r3kbnr/pb4pp/1pp1pp1q/3pP3/3P4/3BP3/PPP3PP/RNBQ1RK1 w kq - 0 11,e3e4,277,294,17
rnbqkbnr/pppppppp/8/8/8/8/PPPPPPPP/RNBQKBNR w KQkq - 0 1,e2e4,35,34,-1
rnbqkbnr/pppp1ppp/8/4p3/4P3/8/PPPP1PPP/RNBQKBNR w KQkq - 0 2,d2d3,28,-4,-32
rnbqkb1r/ppp2pp1/3p1n1p/4p3/4P3/3P4/PPP1QPPP/RNB1KBNR w KQkq - 2 5,g2g3,-36,-42,6
r2qkb1r/pp1n1pp1/3p1n1p/2p1p3/4P3/3P2P1/PPP1QP1P/RNB1K1NR w KQkq - 0 8,f2f3,41,-26,-67
r2qkb1r/pp3pp1/1n1p1n1p/2p1p3/4P3/3P1PP1/PPP1Q2P/RNB1K1NR w KQkq - 1 9,b2b3,56,7,-49
r2qk2r/pp2bpp1/1n1p1n1p/2p1p3/4P3/1P1P1PP1/P1P1Q2P/RNB1K1NR w KQkq - 1 10,a2a4,74,30,-44
r2qk2r/1p1nbpp1/3p1n1p/p1p1p3/P3P3/NP1P1PP1/2P1Q2P/R1B1K1NR w KQkq - 2 12,g3g4,152,39,-113
r3k2r/1p1nbpp1/1q1p1n1p/p1p1p3/P3P1P1/NP1P1P2/1BP1QK1P/R5NR w kq - 5 15,h2h4,60,-63,-123
r3k2r/1p1nbpp1/1q3n1p/p1ppp3/P3P1PP/NP1P1P2/1BP1QK2/R5NR w kq - 0 16,e4d5,2,-105,-107
4rrk1/1p3p2/7p/pNbn1p2/P5PP/1P3PK1/2P1N3/4R2R w - - 2 32,g4f5,124,51,-73
7k/1p3p2/3b3p/p2N1P2/P6P/1P3K2/2r5/8 w - - 0 43,h4h5,-630,-640,10
7k/1p3p2/3b3p/p2N1P1P/P6K/1r6/8/8 w - - 0 47,f5f6,-763,-763,0
rnbqkbnr/pppppppp/8/8/8/8/PPPPPPPP/RNBQKBNR w KQkq - 0 1,d2d4,26,23,-3
rnbqkb1r/pppppppp/5n2/8/3P4/8/PPP1PPPP/RNBQKBNR w KQkq - 1 2,c2c4,24,22,-2
rnbqkb1r/ppp2ppp/4pn2/3p4/2PP4/2N5/PP2PPPP/R1BQKBNR w KQkq - 0 4,c4c5,24,-48,-72
rnbqkb1r/p1p2ppp/1p2pn2/2Pp4/3P4/2N5/PP2PPPP/R1BQKBNR w KQkq - 0 5,b2b4,-51,-147,96
rnbqkb1r/2p2ppp/1p2pn2/p1Pp4/1P1P4/2N5/P3PPPP/R1BQKBNR w KQkq - 0 6,b4a5,-137,-250,113
5rk1/2pb1ppp/2n1pq2/2R5/3p4/5N2/r3PPPP/3QKB1R w - - 0 20,e2e3,-474,-508,34
rnbqkbnr/pppppppp/8/8/8/8/PPPPPPPP/RNBQKBNR w KQkq - 0 1,e2e4,29,32,3
rnbqkbnr/ppp1pppp/8/3p4/4P3/8/PPPP1PPP/RNBQKBNR w KQkq - 0 2,e4d5,60,71,11
rnbqkb1r/ppp1pppp/5n2/3P4/8/8/PPPP1PPP/RNBQKBNR w KQkq - 1 3,c2c4,82,32,-50
r1bqkb1r/pppnpppp/5n2/3P4/2P5/8/PP1P1PPP/RNBQKBNR w KQkq - 1 4,d2d4,194,169,-25
r1bqkb1r/ppp1pppp/1n3n2/3P4/2PP4/8/PP3PPP/RNBQKBNR w KQkq - 1 5,c4c5,167,20,-147
2kr1b1r/2p5/p1b2p2/2P4p/3P2p1/2N3R1/PP1R1P1P/2K5 w - - 0 26,h2h4,-529,-579,50
2kr4/2p5/2b2p2/p1P4p/3r2pP/1KN3R1/PP3P2/8 w - - 0 31,a2a3,-742,-759,17
rnbqkbnr/pppppppp/8/8/8/8/PPPPPPPP/RNBQKBNR w KQkq - 0 1,c2c4,27,1,-26
rnbqkbnr/pp1p1ppp/4p3/2p5/2P5/2N5/PP1PPPPP/R1BQKBNR w KQkq - 0 3,e2e4,23,18,-5
r2qkbnr/1b1p1ppp/ppn1p3/2p5/2P1P3/2N2N2/PP1PBPPP/R1BQ1RK1 w kq - 2 7,d2d3,58,7,-51
r2qkb1r/1b1p1ppp/ppn1p1n1/2p5/2P1P3/2NPBN2/PP2BPPP/R2Q1RK1 w kq - 3 9,h2h3,45,26,-19
r2q1rk1/1b1p1ppp/ppnbp1n1/2p5/2P1P3/2NPB2P/PP2BPPN/R2Q1RK1 w - - 3 11,f2f4,-54,-48,-6
r2q1rk1/1b1p1ppp/ppnb2n1/2p1p3/2P1PP2/2NPB2P/PP2B1PN/R2Q1RK1 w - - 0 12,f4f5,158,189,31
r2q1rk1/3pnppp/pp1b4/2pbpPB1/2PnP3/3P3P/PP2B1PN/R2Q1RK1 w - - 0 15,c4d5,125,109,-16
r2q1rk1/3pn1pp/p2b1p2/1ppPpP2/3nP3/3PB2P/PP2B1PN/R2Q1RK1 w - - 0 17,b2b3,93,42,-51
r4rk1/3pn1pp/pq1b1p2/1p1PpP2/2pnP3/1P1P1N1P/P2BB1P1/R2Q1RK1 w - - 0 22,b3c4,-15,-479,464
r4rk1/3pn1pp/1q1b1p2/p2PpP2/1pP1P3/3P3P/P2QB1P1/1R3R1K w - - 0 26,a2a3,-454,-450,-4
r4rk1/3pn1pp/1q1b1p2/p2PpP2/2P1P3/Pp1P3P/3QB1P1/1R3R1K w - - 0 27,a3a4,-442,-498,56
1r3r1k/4n2p/3p1pp1/pR1PpP2/PbP1P3/3P1B1P/2R3P1/7K w - - 0 36,g2g4,-319,-305,-14
5r1k/4n2p/3p1pp1/pr1PpP2/PbP1P1P1/3P1B1P/2R5/7K w - - 0 37,c4b5,-331,-322,-9
2n2r1k/7p/2Rp1p2/pP1Ppp2/Pb2P1P1/3P1B1P/8/7K w - - 0 39,g4f5,-37,-159,122
2n2r2/6kp/2Rp1p2/pP1PpP2/Pb2P3/3P1B1P/8/7K w - - 1 40,b5b6,5,6,1
8/8/3p4/3PpP2/1b2P1Bp/3P2kP/r7/5K2 w - - 0 65,f5f6,-10000,-10000,0
r7/8/3pBP2/3Pp3/1b2P2p/3P1k1P/8/6K1 w - - 5 68,f6f7,-674,-10000,9326
4B2r/5P2/3p3b/3Pp3/4P2p/2KP2kP/8/8 w - - 15 76,d3d4,-379,-389,10
4Bb1r/5P2/3p4/3P4/3KP2p/6kP/8/8 w - - 1 78,e4e5,-382,-470,88
4B2r/4KP2/3p4/3Pb3/8/6kp/8/8 w - - 0 83,f7f8q,-656,-712,56
rnbqkbnr/pppppppp/8/8/8/8/PPPPPPPP/RNBQKBNR w KQkq - 0 1,d2d4,27,22,-5
rnbqkbnr/pp1ppppp/8/2p5/3P4/8/PPP1PPPP/RNBQKBNR w KQkq - 0 2,e2e3,82,18,-64
r2qkb1r/p4ppp/2p2n2/3p4/4p3/4P3/PPPN1PPP/R1BQ1RK1 w kq - 2 12,c2c4,3,-5,-8
r2qk2r/p4ppp/2pb1n2/3p4/2P1p3/4P3/PP1N1PPP/R1BQ1RK1 w kq - 1 13,c4d5,-1,-3,2
r2q1rk1/p4ppp/3b1n2/3p4/4p3/1N2P3/PP3PPP/R1BQ1RK1 w - - 2 15,g2g3,-11,-99,88
r3r1k1/p1q2ppp/3b1n2/3p4/3Np3/4P1P1/PP3P1P/R1BQ1RK1 w - - 3 17,b2b3,7,-69,-76
rnbqkbnr/pppppppp/8/8/8/8/PPPPPPPP/RNBQKBNR w KQkq - 0 1,e2e4,25,27,2
rnbqk1nr/p1pp1pbp/1p2p1p1/8/2B1P3/5Q1N/PPPP1PPP/RNB1K2R w KQkq - 0 5,d2d3,-42,-71,29
rn1qk2r/pb1p1pbp/1pp1p1pn/6N1/2B1P3/3P1Q2/PPP2PPP/RNB2RK1 w kq - 0 8,c2c3,90,6,-84
rn1qk2r/pb3pbp/1pp1p1pn/3p2N1/2B1P3/2PP1Q2/PP3PPP/RNB2RK1 w kq - 0 9,e4d5,61,-32,-93
r2qk2r/p4p1p/1p2p1pb/3p1nN1/5Q2/N1P5/PP3PPP/2R2RK1 w kq - 3 17,h2h4,-263,-402,139
r5k1/p6p/1p2prp1/1N1p1p2/8/2P5/PP3PP1/2R3K1 w - - 0 24,a2a4,-420,-473,53
2N5/p4k1p/1p4p1/4pp2/P7/2P5/1P1r1PP1/2R3K1 w - - 1 29,b2b4,334,345,11
2N5/5k1p/1p4p1/p3pp2/PP6/2P5/3r1PP1/2R3K1 w - - 0 30,b4b5,518,519,1
8/4k2p/1N4p1/pP2pp2/P7/r1P5/5PP1/3R2K1 w - - 3 33,c3c4,580,606,26
8/4k2p/1N4p1/pP3p2/P1P1p3/r7/5PP1/3R2K1 w - - 0 34,c4c5,588,632,44
8/4k2p/1N4p1/pPP2p2/P3p3/2r5/5PP1/3R2K1 w - - 1 35,c5c6,850,628,-222
4k3/3R4/1NP3p1/pP3p1p/P3p3/2r5/5PP1/6K1 w - - 2 37,c6c7,674,730,56
rnbqkbnr/pppppppp/8/8/8/8/PPPPPPPP/RNBQKBNR w KQkq - 0 1,e2e4,26,25,-1
r1bqkbnr/ppp2ppp/2np4/4p3/2B1P3/5N2/PPPP1PPP/RNBQK2R w KQkq - 0 4,d2d3,42,35,-7
r1bqk2r/ppp1nppp/3p4/4p3/2n1P3/3P1N2/PPP2PPP/R1BQK2R w KQkq - 0 8,d3c4,-100,-104,4
r2qk2r/ppp2pp1/3pb1np/4p3/2P1P3/5N2/PPP2PPP/R1BQK2R w KQkq - 2 11,b2b3,-113,-118,5
1k1r3r/pppq2p1/3p2np/4p3/1QP1P1b1/1P3p2/P1PB1PPP/R3NRK1 w - - 0 18,g2g3,-327,-327,0
1k1r3r/pppq2p1/3p2n1/4p3/1QP1P1bp/1P1N1pP1/P1PB1P1P/R4RK1 w - - 0 20,a2a4,-304,-388,84
1k1r3r/pppq2p1/3p2n1/4p3/PQP1P1b1/1P1N1pp1/2PB1P1P/R4RK1 w - - 0 21,f2g3,-263,-257,-6
1k5r/p1pq2p1/1p1p4/4p3/PQP1P1b1/1P1NBpPr/2P2RnP/R5K1 w - - 2 26,a4a5,-455,-619,164
rnbqkbnr/pppppppp/8/8/8/8/PPPPPPPP/RNBQKBNR w KQkq - 0 1,e2e3,25,19,-6
r1bq1rk1/pp3ppp/2p2n2/2bpp1N1/1n6/2N1PQ2/PP1P1PPP/1RBK1B1R w - - 2 11,h2h4,-510,-813,303
r2q1rk1/pp3ppp/2p5/2bpp1N1/6nP/2NBP3/PP1P1PP1/1RBK3R w - - 0 14,f2f3,-450,-668,218
r2qr1k1/pp3ppN/2p5/2bpp3/7P/2NBPP2/PPKP2P1/1RB4n w - - 1 17,f3f4,-711,-783,72
r2qr1k1/pp3ppN/2p5/2bp4/5p1P/2NBP3/PPKP2P1/1RB4n w - - 0 18,e3f4,-748,-754,6
r3r1k1/pp3ppN/2p5/2bp4/5P1q/2NB4/PPKP2P1/1RB4n w - - 0 19,b2b3,-726,-750,24
r3r1k1/pp3ppN/2p5/2bp4/5P2/1PNB4/PBKP2q1/5R1n w - - 0 22,f4f5,-651,-694,43
r3r1k1/pp3ppN/2p5/2bp1P2/8/1PNB4/PBKP1nq1/5R2 w - - 1 23,f5f6,-767,-817,50
rnbqkbnr/pppppppp/8/8/8/8/PPPPPPPP/RNBQKBNR w KQkq - 0 1,e2e4,31,33,2
r1bqkb1r/pppp1pp1/2n2n1p/4p3/2B1P3/5N2/PPPP1PPP/RNBQ1RK1 w kq - 2 5,d2d3,75,26,-49
r2qkb1r/ppp2pp1/2np1n1p/4p3/2B1P1b1/2NP1N2/PPP2PPP/R1BQ1RK1 w kq - 2 7,h2h3,63,62,-1
r2q1rk1/1pp1bpp1/p2p1n1p/4p3/2B1P3/2NPB2P/PP2QPP1/R5K1 w - - 0 14,d3d4,-274,-269,-5
1r1q1rk1/2p1bpp1/p2p1n1p/1p1Bp3/3PP3/2N1B2P/PP2QPP1/R5K1 w - - 2 16,d4e5,-204,-266,62
6k1/5pp1/7p/1N2p3/4Pb2/7P/1PR1QPPK/1q6 w - - 5 29,g2g3,654,638,-16
rnbqkbnr/pppppppp/8/8/8/8/PPPPPPPP/RNBQKBNR w KQkq - 0 1,d2d4,36,23,-13
rnbqkbnr/pppp1ppp/8/4p3/3P4/8/PPP1PPPP/RNBQKBNR w KQkq - 0 2,d4e5,135,136,1
rnbqkbnr/ppp2ppp/3p4/4P3/8/8/PPP1PPPP/RNBQKBNR w KQkq - 0 3,e5d6,167,99,-68
r1bq1rk1/ppp2ppp/2nb1n2/6B1/8/2N2N2/PPP1PPPP/R2QKB1R w KQ - 6 7,e2e3,122,108,-14
r4rk1/1pp2pp1/p1n1bq1p/8/1b6/2NBPN2/PPPQ1PPP/R4RK1 w - - 4 12,a2a3,91,81,-10
r4rk1/1pp2pp1/p1n1bq1p/b7/8/P1NBPN2/1PPQ1PPP/R4RK1 w - - 1 13,b2b4,156,152,-4
r4rk1/1pp1qpp1/pbn1b2p/8/1P2N3/P2BPN2/2PQ1PPP/R4RK1 w - - 3 15,b4b5,148,0,-148
3r2k1/2p1qpp1/2p4p/2b5/8/P3PN2/1QP2PPP/R5K1 w - - 0 24,a3a4,184,204,20
3r2k1/2p1qpp1/1bp4p/8/P7/4PN2/1QP2PPP/R5K1 w - - 1 25,a4a5,243,53,-190
3r2k1/b1p1qpp1/2p4p/P7/8/4PN2/1QP2PPP/R5K1 w - - 1 26,a5a6,347,285,-62
r5k1/b4pp1/PpN4p/8/8/4P3/2P2PPP/R5K1 w - - 1 30,h2h3,466,446,-20
6k1/5pp1/PbN4p/8/8/4P2P/2P2PP1/6K1 w - - 3 36,a6a7,655,676,21
5k2/N4pp1/7p/8/8/4P2P/2P2PP1/6K1 w - - 1 38,c2c4,680,638,-42
8/N3kpp1/7p/8/2P5/4P2P/5PP1/6K1 w - - 1 39,g2g4,644,547,-97
8/4kpp1/3N3p/4K3/6P1/4P2P/5P2/8 w - - 8 46,f2f4,663,638,-25
8/4k3/3N1p1p/3K2p1/5PP1/4P2P/8/8 w - - 0 48,f4g5,681,677,-4
rnbqkbnr/pppppppp/8/8/8/8/PPPPPPPP/RNBQKBNR w KQkq - 0 1,e2e4,38,41,3
rnbqkbnr/ppp2ppp/3p4/4p3/4P3/5N2/PPPP1PPP/RNBQKB1R w KQkq - 0 3,h2h3,43,21,-22
rn2kb1r/pp3pp1/2p5/4p1qp/4P3/2N2B1b/PPPP1PP1/R1BQ1RK1 w kq - 0 10,d2d3,-30,-53,23
rn2kb1r/pp3pp1/2p5/4p2p/4P2q/2NP1B1b/PPP2PP1/R1BQ1RK1 w kq - 1 11,g2h3,339,379,40
rnbqkbnr/pppppppp/8/8/8/8/PPPPPPPP/RNBQKBNR w KQkq - 0 1,e2e4,40,42,2
r1bqkbnr/ppp2ppp/2np4/1B2p3/4P3/5N2/PPPP1PPP/RNBQK2R w KQkq - 0 4,d2d4,54,49,-5
r2qkbnr/pppb1ppp/2np4/1B2p3/3PP3/5N2/PPP2PPP/RNBQK2R w KQkq - 1 5,d4e5,78,22,-56
r2qk2r/pp1n1ppp/3p1b2/2pn4/4P3/4BN2/PPP2PPP/R2QR1K1 w kq - 0 12,e4d5,59,13,-46
r2q1rk1/pp1n1ppp/3p1b2/2pP4/8/4BN2/PPP2PPP/R2QR1K1 w - - 1 13,c2c4,9,-30,-39
r2q1rk1/p2n1ppp/1p1p4/2pP4/2P5/8/P2N1PPP/1R1QR1K1 w - - 0 17,a2a4,-68,-125,57
1r3rk1/p2q1pp1/1p1p3p/2pPn2Q/P1P5/7R/3N1PPP/4R1K1 w - - 0 21,f2f4,79,56,-23
1r3rk1/p2q1pp1/1p1p2np/2pP3Q/P1P2P2/7R/3N2PP/4R1K1 w - - 1 22,f4f5,61,-339,-400
rnbqkbnr/pppppppp/8/8/8/8/PPPPPPPP/RNBQKBNR w KQkq - 0 1,e2e4,42,38,-4
rnbqkbnr/ppp1pppp/8/3p4/4P3/8/PPPP1PPP/RNBQKBNR w KQkq - 0 2,e4d5,80,68,-12
rnbqkbnr/ppp1pppp/8/8/8/2N5/PPPP1PPP/R1BQKBNR w KQkq - 2 4,d2d4,74,76,2
r1bqkbnr/3n1pp1/p1p1p2p/1p6/3P1B2/2NB1N2/PPP2PPP/R2QR1K1 w kq - 0 10,d4d5,402,257,-145
q4bnr/1b1nkpp1/p3p2p/1p6/5B2/3B1N2/PPP2PPP/R2QR1K1 w - - 0 14,c2c4,397,414,17
q4bnr/3nkpp1/p1b1p2p/1p6/2P2B2/3B1N2/PP3PPP/R2QR1K1 w - - 1 15,c4b5,541,544,3
q4bnr/3nkpp1/2b1p2p/1p6/5B2/3B1N2/PP3PPP/R2QR1K1 w - - 0 16,b2b3,542,387,-155
q4b1r/3nkpp1/2b1pn1p/1p6/5B2/1P1B1N2/P4PPP/R2QR1K1 w - - 1 17,a2a4,446,421,-25
1n3b1r/4kpp1/2b1p2p/1p1n4/P7/1P1B1N2/5PPP/R2QR1K1 w - - 0 20,a4b5,899,911,12
rnbqkbnr/pppppppp/8/8/8/8/PPPPPPPP/RNBQKBNR w KQkq - 0 1,e2e4,31,33,2
rnbqkbnr/pppp1ppp/4p3/8/4P3/8/PPPP1PPP/RNBQKBNR w KQkq - 0 2,f2f4,42,-14,-56
rnbqk2r/ppppbppp/4p2n/8/4PP2/5N2/PPPP2PP/RNBQKB1R w KQkq - 3 4,d2d4,-12,10,22
rnbq1rk1/pppp1ppp/4p2n/8/3PPP1b/3B1N2/PPP3PP/RNBQK2R w KQ - 3 6,g2g3,95,68,-27
rnbq1rk1/ppp1bppp/4p2n/3p4/3PPP2/3B1NP1/PPP4P/RNBQ1RK1 w - - 0 8,b2b3,27,-53,-80
r1bq1rk1/pp2bppp/2n1p2n/2pp4/3PPP2/1P1B1NP1/PBP4P/RN1Q1RK1 w - - 2 10,c2c3,-41,-66,25
r1bq1rk1/pp2bppp/2n1p3/3p4/3pPPn1/1PPB1NP1/PB2Q2P/RN3RK1 w - - 0 12,c3d4,-54,-61,7
r1bq1rk1/p3bppp/1p2p3/8/1n1PNP2/1P3NP1/PB2Q2P/R2R2K1 w - - 2 17,a2a3,-199,-242,43
2rq1rk1/p3bppp/bp2p3/4N3/3P1P2/PPN3P1/1Q5P/R2R2K1 w - - 3 23,b3b4,-171,-171,0
2rq1rk1/p4ppp/bp2pb2/4N3/1P1P1P2/P1N3P1/1Q5P/R2R2K1 w - - 1 24,b4b5,-101,-181,80
2rq1rk1/pb3ppp/1p2pb2/1P2N3/3P1P2/P1N3P1/1Q5P/R2R2K1 w - - 1 25,a3a4,-162,-192,30
5rk1/pb3ppp/1p2pb2/1P1qN3/P2P1P2/2Q3P1/7P/R2R2K1 w - - 1 27,h2h4,4,-10000,-10004
rnbqkbnr/pppppppp/8/8/8/8/PPPPPPPP/RNBQKBNR w KQkq - 0 1,e2e4,33,34,1
r1bqkbnr/pppp1ppp/2n5/4p3/2B1P3/8/PPPP1PPP/RNBQK1NR w KQkq - 2 3,c2c3,21,0,-21
r1b1k1nr/ppppqppp/2n5/2b1p3/2B1P3/2P2Q2/PP1P1PPP/RNB1K1NR w KQkq - 3 5,b2b4,4,20,16
r1b1k1nr/ppppqppp/1bn5/4p3/1PB1P3/2P2Q2/P2P1PPP/RNB1K1NR w KQkq - 1 6,a2a4,18,17,-1
r1b1k1nr/1pppqppp/1bn5/p3p3/PPB1P3/2P2Q2/3P1PPP/RNB1K1NR w KQkq - 0 7,b4b5,20,23,3
r3k1nr/npp1qppp/1b1p4/pP2p3/P1B1P3/B1P2Q1b/3P1PPP/RN2K2R w KQkq - 0 10,g2h3,83,-91,-174
1k3r1r/npp1qpRp/1b1p1n2/pP2pQ2/P1B1P3/B1P4P/3P1P1P/RN2K3 w Q - 3 14,d2d3,-11,0,11
1k3r2/npp5/1b1p3q/pP2p3/P1B1pn2/B1PP1Q1P/2KN1P1P/3R4 w - - 0 24,d3e4,-13,-179,166
8/kp6/4R3/pP2p3/P1Kbn3/7r/8/8 w - - 2 43,b5b6,-705,-703,-2
rnbqkbnr/pppppppp/8/8/8/8/PPPPPPPP/RNBQKBNR w KQkq - 0 1,e2e4,34,33,-1
rnbqkbnr/pp1ppppp/2p5/8/4P3/8/PPPP1PPP/RNBQKBNR w KQkq - 0 2,d2d4,71,42,-29
rnbqkbnr/pp2pppp/2p5/3p4/3PP3/8/PPP2PPP/RNBQKBNR w KQkq - 0 3,e4d5,43,22,-21
rnbqkbnr/pp2pppp/8/3p4/3P4/8/PPP2PPP/RNBQKBNR w KQkq - 0 4,c2c4,22,24,2
r2qkb1r/pp2pppp/2n2n2/3p4/2PP2b1/2N2N2/PP3PPP/R1BQKB1R w KQkq - 5 7,c4c5,18,-72,-90
r2qk2r/pp2bppp/2n1pn2/2Pp4/3P2b1/2N2N2/PP2BPPP/R1BQK2R w KQkq - 2 9,h2h3,-4,-10,6
5rk1/p4pp1/1p1bpnp1/2Pp4/N2P4/7P/PP3PP1/R3K2R w KQ - 0 22,c5d6,587,563,-24
6k1/p4pp1/1p1rp1p1/3p4/N2Pn3/7P/PP3PP1/2R2RK1 w - - 2 25,f2f3,598,532,-66
6k1/p4pp1/1p1rp1p1/3p4/N1nP4/5P1P/PP4P1/2RR2K1 w - - 3 27,b2b3,564,566,2
8/2R2Rpk/4p3/p2p1np1/N7/1P3P1P/P2r2P1/6K1 w - - 2 37,g2g4,400,362,-38
rnbqkbnr/pppppppp/8/8/8/8/PPPPPPPP/RNBQKBNR w KQkq - 0 1,d2d4,34,25,-9
r1bqkb1r/ppp2ppp/2n1pn2/3p2B1/3P4/2N2N2/PPP1PPPP/R2QKB1R w KQkq - 2 5,a2a3,35,30,-5
r1bqk2r/ppp1bppp/2n1pn2/3p2B1/3P4/P1N2N2/1PP1PPPP/R2QKB1R w KQkq - 1 6,h2h4,33,15,-18
r1b2rk1/pppnqpp1/2n1p2p/3p4/3P3P/P1N2N2/1PPQPPP1/2KR1B1R w - - 2 10,e2e4,136,134,-2
r1br4/2p1q1pk/p1n1pn1p/1p3p2/3P3P/P1NBQNR1/1PP2PP1/2KR4 w - - 0 17,d4d5,118,-138,-256
r1b4k/2p3p1/p5Rp/1p2rp2/7P/P2B4/1PP2PP1/2KR4 w - - 0 25,f2f4,136,59,-77
5r1k/2p3p1/p5Bp/1p6/3R1PbP/P7/1PP3P1/2K5 w - - 3 29,h4h5,310,292,-18
5r1k/2p3p1/p3b1Bp/1p5P/3R1P2/P7/1PP3P1/2K5 w - - 1 30,g2g3,341,338,-3
5r1k/2p2bp1/p5Bp/1p5P/3R1P2/P5P1/1PP5/2K5 w - - 1 31,f4f5,431,350,-81
5r1k/2p3p1/p5bp/1p3P1P/3R4/P5P1/1PP5/2K5 w - - 0 32,f5g6,364,378,14
4r1k1/3R2p1/p5Pp/1pp4P/8/P5P1/1PPK4/8 w - - 0 35,c2c3,400,394,-6
rnbqkbnr/pppppppp/8/8/8/8/PPPPPPPP/RNBQKBNR w KQkq - 0 1,e2e4,33,33,0
rnbqkbnr/ppp1pppp/8/3p4/4P3/8/PPPP1PPP/RNBQKBNR w KQkq - 0 2,e4d5,67,70,3
rnbqkbnr/ppp1pppp/8/8/8/2N5/PPPP1PPP/R1BQKBNR w KQkq - 2 4,d2d4,67,78,11
r1bq1rk1/pp3pp1/3bpn1p/2p1N2n/3P4/2NB4/PPP1QPPP/R1B1R1K1 w - - 0 14,d4c5,283,348,65
r1b5/pp3ppk/4pn1p/7n/8/2b1B3/PPP2PPP/3Q2K1 w - - 0 21,b2c3,-88,-103,15
1rb5/p4p1k/1p2pnpp/8/8/2PQ4/P1P2PPP/6K1 w - - 0 25,h2h3,-26,-284,258
1r6/pb3p1k/1p2pnpp/8/8/2PQ3P/P1P2PP1/6K1 w - - 1 26,f2f3,12,-295,-307
8/pb3p1k/1p2pnpp/2r5/8/2PQ1P1P/P1P2KP1/8 w - - 3 28,g2g4,-368,-390,22
8/p4pk1/1p2pnpp/2rb4/3Q2P1/2P2P1P/P1P2K2/8 w - - 3 30,f3f4,-393,-435,42
rnbqkbnr/pppppppp/8/8/8/8/PPPPPPPP/RNBQKBNR w KQkq - 0 1,d2d4,25,26,1
rnbqkb1r/pppppppp/5n2/8/3P4/8/PPP1PPPP/RNBQKBNR w KQkq - 1 2,e2e3,22,10,-12
rnbq1rk1/p1p1bppp/1p2pn2/3p4/3P4/4PN2/PPPBBPPP/RN1Q1RK1 w - - 0 7,c2c4,-8,-16,8
rn1q1rk1/pbp1bppp/1p2pn2/3p4/2PP4/4PN2/PP1BBPPP/RN1Q1RK1 w - - 1 8,c4d5,-2,-3,1
rn1q1rk1/pbp1bppp/1p3n2/3p4/3P4/4PN2/PP1BBPPP/RN1Q1RK1 w - - 0 9,b2b3,-5,-32,27
r2q1rk1/1b1nbppp/pp3n2/2pp4/3P4/1PN1PN2/P3BPPP/R1BQ1RK1 w - - 0 12,d4c5,-21,-27,6
2rr2k1/1b2bppp/pq3n2/2pp4/8/1P2PN2/PB2BPPP/2RQ1RK1 w - - 2 17,a2a3,1,-42,-43
2rr2k1/1b2bppp/pq3n2/2p5/3p4/PP1QPN2/1BR1BPPP/5RK1 w - - 0 20,e3d4,-64,-221,157
2r2k2/2r2p1p/5p2/8/2B5/PP6/5PPP/4R1K1 w - - 2 31,a3a4,152,154,2
2r5/2r2pkp/5p2/8/P1B5/1P6/5PPP/4R1K1 w - - 1 32,g2g3,236,183,-53
3r4/2r2pkp/5p2/8/P1B5/1P4P1/5P1P/4R1K1 w - - 1 33,h2h4,265,152,-113
rnbqkbnr/pppppppp/8/8/8/8/PPPPPPPP/RNBQKBNR w KQkq - 0 1,e2e4,23,26,3
r1bqkbnr/pppp1pp1/2n4p/4p3/2B1P3/5N2/PPPP1PPP/RNBQK2R w KQkq - 0 4,d2d4,64,70,6
r1bqk1nr/pppp1pp1/2nb3p/4p3/2BPP3/5N2/PPP2PPP/RNBQK2R w KQkq - 1 5,d4e5,133,134,1
r1bq2nr/p1pp2p1/3k3p/1p2bQ2/4P3/8/PPPN1PPP/R1B1K2R w KQ - 0 11,c2c4,309,-233,-542
r1b3nr/p1pp2p1/3k1q1p/1p2bQ2/2P1P3/8/PP1N1PPP/R1B1K2R w KQ - 1 12,c4b5,-223,-328,105
r1b3nr/p1p1q1p1/3p2Np/kP3Q2/4P3/4B3/PP3PPP/R3K2R w KQ - 4 17,b5b6,1022,109,-913
r5nr/pbp1q1p1/1P1p2Np/k7/2Q1P3/4B3/PP3PPP/R3K2R w KQ - 5 20,b2b4,1263,10000,8737
r6r/pbp1n1p1/1P1p3p/8/kPQ1P3/4B3/P4PPP/R3K2R w KQ - 0 22,b4b5,10000,10000,0
r6r/pbp1n1p1/1P1p3p/kP6/2Q1P3/4B3/P4PPP/R3K2R w KQ - 1 23,a2a3,10000,1079,-8921
r6r/pb2n1p1/1P1p3p/kPp5/2Q1P3/P3B3/5PPP/R3K2R w KQ c6 0 24,b5c6,1077,1179,102
rnbqkbnr/pppppppp/8/8/8/8/PPPPPPPP/RNBQKBNR w KQkq - 0 1,e2e4,24,31,7
rnbqkb1r/ppp2ppp/5n2/3pp1N1/2B1P3/8/PPPP1PPP/RNBQK2R w KQkq - 0 5,e4d5,4,-15,-19
rnb1kb1r/ppp2pp1/5n1p/1NqPp1N1/2B5/8/PPPP1PPP/R1BQK2R w KQkq - 2 8,d2d4,182,-406,-588
rnb1kb1r/ppp2pp1/5n1p/1N1Pp1N1/2qP4/8/PPP2PPP/R1BQK2R w KQkq - 0 9,d4e5,-379,-410,31
rnb1kb1r/ppp2pp1/5n1p/3PP1N1/2q5/2N5/PPP2PPP/R1BQK2R w KQkq - 3 11,e5f6,-165,-143,-22
rnb1kb1r/ppp2pp1/5P2/3P2p1/2q5/2N5/PPP2PPP/R1BQK2R w KQkq - 0 12,f6g7,-129,-250,121
rn2k3/pbp3b1/5p2/1p1P4/5N1r/8/PPP2PPP/R3K2R w KQq - 0 18,g2g3,-415,-460,45
5N2/p7/3k4/1p6/8/6P1/r4PK1/8 w - - 0 46,g3g4,-477,-495,18
5N2/p7/3k4/8/1p4P1/8/r4PK1/8 w - - 0 47,g4g5,-510,-535,25
5N2/p7/3k4/6P1/8/1p6/r4PK1/8 w - - 0 48,g5g6,-703,-765,62
5N2/p7/3k2P1/8/8/1p6/4rPK1/8 w - - 1 49,g6g7,-216,-220,4
5N2/p5P1/3k4/8/8/8/1p2rPK1/8 w - - 0 50,g7g8q,-264,-253,-11
rnbqkbnr/pppppppp/8/8/8/8/PPPPPPPP/RNBQKBNR w KQkq - 0 1,d2d4,26,22,-4
rn1qkb1r/ppp1pppp/5n2/3p4/3P2b1/2N2N2/PPP1PPPP/R1BQKB1R w KQkq - 4 4,h2h3,40,-7,-47
r2qkb1r/ppp1pppp/2n2n2/3p3b/3P1B2/2N2N1P/PPP1PPP1/R2QKB1R w KQkq - 3 6,e2e3,35,-5,-40
r2qkb1r/ppp2ppp/2n1pn2/3p3b/3P1B2/2N1PN1P/PPP2PP1/R2QKB1R w KQkq - 0 7,a2a3,4,-17,-21
r2qk2r/ppp2ppp/2n1pn2/3p3b/3P1b2/P1N1PN1P/1PP1BPP1/R2QK2R w KQkq - 0 9,e3f4,-23,-26,3
r4rk1/ppp2pp1/3qpn1p/3pn3/3P1P2/P1N2B1P/1PP2PP1/R2QK2R w KQ - 0 13,f4e5,727,722,-5
r4rk1/pppn1pp1/3qp2p/3pP3/3P4/P1N2B1P/1PP2PP1/R2QK2R w KQ - 1 14,e5d6,1004,997,-7
r4rk1/pp3pp1/1n1pp2p/3p4/3P4/P1N2B1P/1PP2PP1/R2Q1RK1 w - - 2 16,b2b3,1060,1039,-21
r4rk1/1N3pp1/1n2p2p/3p4/3P4/Pp3B1P/2PQ1PP1/R4RK1 w - - 0 21,c2b3,928,942,14
rnbqkbnr/pppppppp/8/8/8/8/PPPPPPPP/RNBQKBNR w KQkq - 0 1,c2c4,20,4,-16
r1bqkbnr/pppp1ppp/2n5/4p3/2P5/2N5/PP1PPPPP/R1BQKBNR w KQkq - 2 3,g2g3,30,28,-2
r1bqk2r/pppp1ppp/2n2n2/2b1p3/2P5/2N3P1/PP1PPPBP/R1BQK1NR w KQkq - 3 5,a2a3,43,29,-14
r1bqk2r/1ppp1ppp/p1n2n2/2b1p3/2P5/P1N3P1/1P1PPPBP/R1BQK1NR w KQkq - 0 6,e2e3,29,28,-1
r2qk2r/1pp2ppp/p1npbn2/2b1p3/2P5/P1N1P1P1/1P1PNPBP/R1BQK2R w KQkq - 2 8,d2d3,331,49,-282
r3k2r/1ppq1pp1/p1npb3/2b1p2p/2P3n1/P1NPP1P1/1P1BNPBP/R2Q1RK1 w kq - 0 11,b2b4,77,63,-14
r3k2r/bppq1pp1/p1npb3/4p1N1/1PP3n1/P2PP1p1/3BNPBP/R2Q1RK1 w kq - 0 14,h2g3,-115,-180,65
2kr3r/bppq1pp1/p1npb3/4p1N1/1PP3n1/P2PP1P1/3BNPB1/R2Q1RK1 w - - 1 15,b4b5,12,12,0
2kr3r/bppq1pp1/2npb3/1p2p1N1/2P3n1/P2PP1P1/3BNPB1/R2Q1RK1 w - - 0 16,c4b5,30,26,-4
1k1r3r/b3n1p1/Qp2qp2/1P1pp3/6n1/P2PP1P1/4NPB1/R1R3K1 w - - 0 23,a3a4,-212,-302,90
1kr4r/b3n1p1/Qp2qp2/1P1pp3/P5n1/3PP1P1/4NPB1/R1R3K1 w - - 1 24,a4a5,-212,-172,-40
rnbqkbnr/pppppppp/8/8/8/8/PPPPPPPP/RNBQKBNR w KQkq - 0 1,e2e4,23,26,3
rnbqkbnr/ppp2pp1/3p3p/4p3/2B1P3/5N2/PPPP1PPP/RNBQK2R w KQkq - 0 4,h2h3,88,38,-50
r2qkb1r/pppb1pp1/2np1n1p/4p3/2B1P3/2N2N1P/PPPP1PP1/R1BQ1RK1 w kq - 5 7,d2d3,69,14,-55
r3kb1r/1ppb1pp1/p1np1q1p/3Bp3/4P3/3P1N1P/PPP2PP1/R1BQ1RK1 w kq - 1 10,a2a3,34,-53,-87
2kr1b1r/1ppb1pp1/p1np1q1p/3Bp3/4P3/P2P1N1P/1PP2PP1/R1BQ1RK1 w - - 1 11,b2b4,106,94,-12
2kr1b1r/1ppb2p1/p2p1p1p/3Bq3/1P1pP3/P2P3P/1BPQ1PP1/R4RK1 w - - 0 15,c2c3,359,263,-96
2kr3r/1ppbb1p1/p2p1p2/3B4/1P1BP1p1/P2P3P/5PP1/2R2RK1 w - - 0 20,h3g4,136,109,-27
2kr3r/1pp1b1p1/p2p1p2/3B4/1P1BP1b1/P2P4/5PP1/2R2RK1 w - - 0 21,f2f3,112,109,-3
2k4r/1p1bbB1r/p1pp1p2/6p1/1P1BP3/P2P1P2/2R2KP1/2R5 w - - 0 26,g2g4,19,-453,-472
2k5/1p1bbr2/p1pp1p2/6p1/1P1BP1P1/P2PKP1r/2R5/2R5 w - - 2 28,a3a4,-483,-496,13
2k5/1p1bbr2/p1pp1p2/6p1/PP1BP3/3PKP1r/5R2/2R5 w - - 2 30,b4b5,-493,-507,14
2k5/1p1bbr2/2pp1p2/1p4p1/P2BP3/3PKP1r/5R2/2R5 w - - 0 31,a4b5,-477,-478,1
3k4/1p1bbr2/2pp1p2/1P4p1/3BP3/3PKP1r/5R2/2R5 w - - 1 32,b5c6,-365,-475,110
8/1p1kbr2/1Bbp4/8/4p3/3PK3/R7/8 w - - 0 39,d3e4,-531,-544,13
rnbqkbnr/pppppppp/8/8/8/8/PPPPPPPP/RNBQKBNR w KQkq - 0 1,e2e4,30,31,1
rnbqkbnr/pp1ppppp/2p5/8/4P3/8/PPPP1PPP/RNBQKBNR w KQkq - 0 2,d2d4,36,36,0
rnbqkbnr/pp2pppp/2p5/3p4/3PP3/8/PPP2PPP/RNBQKBNR w KQkq - 0 3,e4e5,36,36,0
rnbqkbnr/pp2pppp/8/2ppP3/3P4/8/PPP2PPP/RNBQKBNR w KQkq - 0 4,c2c3,58,33,-25
r1bqkbnr/pp2pppp/2n5/2ppP3/3P4/2P5/PP3PPP/RNBQKBNR w KQkq - 1 5,f2f4,36,-29,-65
r1bqk2r/pp2ppb1/2n3pn/2ppP2p/3P1P2/2PB1N2/PP4PP/RNBQ1RK1 w kq - 2 9,a2a3,166,10,-156
rr4k1/4qpb1/2n1p1pn/p2pP1Np/1ppP1P2/P1P1N3/1PQB2PP/R4RK1 w - - 0 19,a3b4,56,-15,-71
5bk1/1q3p2/2n1p1pn/3pP1Np/Q1pP1P2/1pP1N3/1P1B2PP/6K1 w - - 1 26,h2h3,9,-6,-15
5bk1/1q2np2/4p1pn/3pP1Np/Q1pP1P2/1pP1N2P/1P1B2P1/6K1 w - - 1 27,g2g4,51,54,3
4Q3/1q3pk1/4pbpn/3pPnN1/2pP1P2/1pP4P/1P1B3K/8 w - - 0 32,e5f6,287,267,-20
6nQ/q3kp1N/4p1pn/3p4/2pP1P2/1pP4P/1P1B3K/8 w - - 8 37,f4f5,-15,0,15
rnbqkbnr/pppppppp/8/8/8/8/PPPPPPPP/RNBQKBNR w KQkq - 0 1,e2e4,28,33,5
r1bqk2r/pppp1ppp/2n2n2/2b1p3/2B1P3/5N2/PPPP1PPP/RNBQ1RK1 w kq - 6 5,d2d3,22,18,-4
r1bq1rk1/pppp1ppp/2n2n2/2b1p3/2B1P3/3P1N2/PPP2PPP/RNBQ1RK1 w - - 1 6,c2c3,18,22,4
r1bq1rk1/ppp2ppp/2np1n2/2b1p3/2B1P3/2PP1N2/PP3PPP/RNBQ1RK1 w - - 0 7,a2a4,25,12,-13
r1bq1rk1/1pp2ppp/p1np1n2/2b1p3/P1B1P3/2PP1N2/1P3PPP/RNBQ1RK1 w - - 0 8,b2b4,16,10,-6
r1bq1rk1/bpp2ppp/p1np1n2/4p3/PPB1P3/2PP1N2/5PPP/RNBQ1RK1 w - - 1 9,h2h3,8,14,6
r4rk1/1pp2ppp/p1npq3/4p2n/PP2P3/2PPbN1P/1Q3PP1/RN3RK1 w - - 0 15,f2e3,-53,-53,0
r4rk1/1pp3pp/p1np3q/4pp2/PP2P3/2PPPN1P/5QP1/RN3K2 w - - 0 19,e4f5,-313,-313,0
r5k1/1pp3pp/p1np3q/4pr2/PP6/2PPPN1P/5QP1/RN3K2 w - - 0 20,e3e4,-312,-378,66
5rk1/1pp1n1pp/p2p1r2/4p3/PP2P3/2PP1N1P/3NK1P1/R7 w - - 5 25,c3c4,-284,-335,51
5rk1/1pp3pp/p2p1rn1/4p3/PPP1P3/3P1N1P/3NK1P1/R7 w - - 1 26,b4b5,-285,-448,163
5rk1/1pp3pp/p2p1r2/1P2p3/P1P1P3/3n1N1P/3N2P1/R4K2 w - - 0 28,b5a6,-461,-481,20
5rk1/2p3pp/p2p1r2/2n1p3/P1P1P3/5N1P/3N2P1/1R3K2 w - - 2 30,a4a5,-488,-492,4
rnbqkbnr/pppppppp/8/8/8/8/PPPPPPPP/RNBQKBNR w KQkq - 0 1,e2e4,30,27,-3
rnbqkbnr/pppp1ppp/4p3/8/4P3/8/PPPP1PPP/RNBQKBNR w KQkq - 0 2,d2d4,34,32,-2
rnbqkb1r/pppp1ppp/4pn2/8/3PP3/8/PPP2PPP/RNBQKBNR w KQkq - 1 3,e4e5,119,116,-3
rnbqkb1r/pppp1ppp/4p3/3nP3/3P4/8/PPP2PPP/RNBQKBNR w KQkq - 1 4,c2c4,120,110,-10
rnbqkb1r/ppp1nppp/4p3/3pP1B1/2PP4/8/PP3PPP/RN1QKBNR w KQkq d6 0 6,c4d5,94,87,-7
r1b1k2r/ppp2ppp/2n1p3/q2nP3/1b1P4/2NQ1N2/PP1B1PPP/R3KB1R w KQkq - 8 11,a2a3,178,161,-17
r1b1k2r/p1p1bppp/1qn1p3/1N1nP3/3P4/P4N2/1P1B1PPP/RQ2KB1R w KQkq - 1 14,a3a4,65,20,-45
r1b1k2r/2p1bppp/pqn1p3/1N1nP3/P2P4/5N2/1P1B1PPP/RQ2KB1R w KQkq - 0 15,a4a5,87,85,-2
rnbqkbnr/pppppppp/8/8/8/8/PPPPPPPP/RNBQKBNR w KQkq - 0 1,e2e4,30,33,3
rnbk1b1r/pppp1Qpp/3n4/4q3/2B5/8/PPPP1PPP/RNB2RK1 w - - 3 8,f2f4,-318,-628,310
rnbk1b1r/pppp1Qpp/3n4/2q5/2B2P2/8/PPPP2PP/RNB2RK1 w - - 1 9,d2d4,-604,-584,-20
r1bk1b1r/ppp3pp/2n5/3N4/2nP1P2/8/PPP3PP/R1B2RK1 w - - 1 13,f4f5,-453,-457,4
r1b2b1r/pp1k2pp/8/2pN1PB1/2nn4/8/PPP3PP/3R1RK1 w - - 0 16,f5f6,-413,-452,39
r1b2b1r/pp4pp/2k2P2/2pN2B1/2nn4/8/PPP3PP/3R1RK1 w - - 1 17,f6g7,-464,-486,22
r1b4r/pp2N1bp/8/1kp3B1/2nn4/8/PPP3PP/3R1RK1 w - - 2 19,b2b4,-488,-636,148
r1b4r/pp2N1b1/7p/1kp3B1/1Pnn4/8/P1P3PP/3R1RK1 w - - 0 20,a2a4,-609,-656,47
rnbqkbnr/pppppppp/8/8/8/8/PPPPPPPP/RNBQKBNR w KQkq - 0 1,e2e4,35,39,4
rnbqkb1r/ppp1pppp/3p1n2/8/4P3/2N5/PPPP1PPP/R1BQKBNR w KQkq - 2 3,d2d3,51,-5,-56
r1bq1rk1/ppp1ppbp/2np1npB/8/4P3/2NP4/PPP2PPP/R1Q1KBNR w KQ - 6 7,g2g3,-18,-22,4
r2qnrk1/ppp1npbp/3pb1pB/4p3/4P3/2NP2P1/PPP1NPBP/R1Q2RK1 w - - 6 11,h2h3,35,22,-13
r2qnr2/ppp1n1kp/3pb1p1/4pp2/4P3/2NP2PP/PPP1NPB1/R1Q2RK1 w - - 0 13,f2f4,87,78,-9
r4r2/pp1qn1k1/2ppb1pp/4p3/4nP2/3P2PP/PPP1N1BK/R1Q2R2 w - - 0 19,d3e4,10,5,-5
5r2/pp1qnrk1/2p1b1pp/3pp3/4PP2/4Q1PP/PPP1N1BK/3R1R2 w - - 0 22,e4d5,243,212,-31
5r2/pp1qnr1k/4b1pp/3pQ3/5P2/6PP/PPP1N1BK/3R1R2 w - - 1 24,c2c4,284,300,16
5r2/pp1qn2k/4b1pp/3p3r/2P2P2/4Q1PP/PP2N1BK/3R1R2 w - - 3 26,h3h4,319,223,-96
5r2/pp1qn2k/4b2p/3p2pr/2P2P1P/4Q1P1/PP2N1BK/3R1R2 w - - 0 27,c4d5,382,349,-33
rnbqkbnr/pppppppp/8/8/8/8/PPPPPPPP/RNBQKBNR w KQkq - 0 1,e2e4,36,35,-1
rnbqkbnr/pppp1ppp/8/4p3/4P3/8/PPPP1PPP/RNBQKBNR w KQkq - 0 2,f2f4,38,-76,-114
rnbqkbnr/ppp2ppp/8/3pp3/4PP2/8/PPPP2PP/RNBQKBNR w KQkq - 0 3,e4d5,-19,-25,6
rnb1kbnr/ppp2ppp/8/8/5p2/5N2/PPPP2PP/RNB1KB1R w KQkq - 0 6,h2h3,-14,-107,93
rnb2rk1/ppp2ppp/3b1n2/8/2B2p2/5N1P/PPPP2P1/RNB2RK1 w - - 5 9,d2d4,-132,-143,11
r1b2rk1/ppp2ppp/2nb1n2/8/2BP1p2/5N1P/PPP3P1/RNB2RK1 w - - 1 10,c2c3,-118,-192,74
4rrk1/ppp3p1/3b3p/3nnp2/3P1p2/1NP4P/PP4P1/R1B2RK1 w - - 0 17,d4e5,-395,-361,-34
4rrk1/pNp3b1/7p/5pp1/5p2/2P1n2P/PP4P1/R1B1R1K1 w - - 3 21,a2a4,-307,-376,69
6k1/prp5/2N4p/5pp1/P4p2/2b4P/1Pn3P1/1RB3K1 w - - 2 26,b2b3,-266,-357,91
8/prp2k2/7p/6p1/P2n1p2/BPb4P/6P1/1R4K1 w - - 2 30,b3b4,-598,-701,103
8/R7/6kp/6p1/P4p2/4n2P/1r4P1/6K1 w - - 1 36,a4a5,-548,-627,79
rnbqkbnr/pppppppp/8/8/8/8/PPPPPPPP/RNBQKBNR w KQkq - 0 1,d2d4,37,17,-20
rnbqkbnr/pppp1ppp/8/4p3/3P4/8/PPP1PPPP/RNBQKBNR w KQkq - 0 2,e2e4,138,-4,-142
rnbqkbnr/ppp2ppp/3p4/4p3/3PP3/8/PPP2PPP/RNBQKBNR w KQkq - 0 3,f2f3,52,17,-35
r1bqkbnr/ppp2ppp/3p4/4p3/3nP3/5P1N/PPP3PP/RNBQKB1R w KQkq - 0 5,c2c3,-177,-181,4
r2q1rk1/ppp2pp1/2np1b1p/4p3/4P3/N1PQ1P1b/PP2B1PP/R3K2R w KQ - 0 13,g2h3,-374,-371,-3
r4rk1/1ppq1pp1/p1np3p/4p3/2N1P2b/2PQ1P1P/PP2B2P/R4KR1 w - - 6 17,f3f4,-278,-376,98
r4rk1/1Np2p2/p2p1Qpp/1p6/4P1R1/2P1b2P/PP3p1P/5K2 w - - 0 28,h3h4,334,238,-96
r4rk1/1Np2p2/p2p1Qp1/1p5p/4P1RP/2P1b3/PP3p1P/5K2 w - - 0 29,h2h3,301,-283,-584
r4rk1/1Np2p2/p2p1Qp1/1p6/4P1pP/2P1b2P/PP3p2/5K2 w - - 0 30,h3g4,-306,-321,15
r3r1k1/1Np2p2/p2p1Qp1/1p6/4P1PP/2P1b3/PP3p2/5K2 w - - 1 31,h4h5,-300,-309,9
r5k1/1Np2p2/p2p1Qp1/1p5P/4r1P1/2P1b3/PP3p2/5K2 w - - 0 32,h5g6,345,376,31
rnbqkbnr/pppppppp/8/8/8/8/PPPPPPPP/RNBQKBNR w KQkq - 0 1,d2d4,35,22,-13
r1bqkb1r/ppp1pppp/2n2n2/3p4/3P1B2/5N2/PPP1PPPP/RN1QKB1R w KQkq - 4 4,e2e3,35,37,2
r1bqkb1r/p1p1pppp/2p5/3p4/3P1n2/4PN2/PPP2PPP/RN1QK2R w KQkq - 0 7,e3f4,-16,-28,12
2k2q2/pbp2Q1p/2p1p3/3pN3/1b1P1P2/8/PPP2PKP/RN3R2 w - - 1 19,a2a3,1088,831,-257
rnbqkbnr/pppppppp/8/8/8/8/PPPPPPPP/RNBQKBNR w KQkq - 0 1,e2e3,33,14,-19
rnbqkbnr/pppp1ppp/8/4p3/8/4P3/PPPP1PPP/RNBQKBNR w KQkq - 0 2,c2c3,21,-48,-69
rnbqkbnr/pppp1ppp/8/8/4p3/2P1P3/PP1P1PPP/RNBQKBNR w KQkq - 0 3,a2a4,26,-44,-70
rnbqkbnr/ppp2ppp/8/3p4/P3p3/2P1P3/1P1P1PPP/RNBQKBNR w KQkq - 0 4,b2b4,-49,-95,46
rnbqkb1r/ppp2ppp/5n2/3p4/PP2p3/2P1P3/3P1PPP/RNBQKBNR w KQkq - 1 5,a4a5,-96,-112,16
r1bq1rk1/p2n1ppp/2pb1n2/P2p4/1P2p3/N1P1P3/1B1PBPPP/R2QK1NR w KQ - 6 10,c3c4,-72,-70,-2
r1bq1rk1/p4ppp/2pb1n2/P2pn3/1PP1p3/N3P3/1B1PBPPP/R2QK1NR w KQ - 1 11,c4d5,13,-127,-140
r1bq1rk1/p4ppp/3b1n2/P2pn3/1P2p3/N3P3/1B1PBPPP/R2QK1NR w KQ - 0 12,d2d3,-16,-306,290
r2q1rk1/p4ppp/3b1n2/P2pn3/1P2p1b1/N2PP3/1B2BPPP/R2QK1NR w KQ - 1 13,d3d4,-52,-615,563
r4rk1/p4ppp/5n2/q2p4/1b1Pp3/N2nP3/1B2QPPP/1R3KNR w - - 0 17,g2g3,-480,-558,78
r4rk1/p4ppp/5n2/3p4/3Pp3/q2nP1P1/4QP1P/1R3KNR w - - 0 19,f2f3,-548,-749,201
2Q5/p4pkp/5np1/3p4/3P3K/q3P1P1/1r3n1P/8 w - - 2 29,e3e4,-10000,-10000,0
2Q5/p4pkp/5np1/3p4/3Pn2K/q5P1/1r5P/8 w - - 0 30,g3g4,-10000,-10000,0
rnbqkbnr/pppppppp/8/8/8/8/PPPPPPPP/RNBQKBNR w KQkq - 0 1,e2e4,36,36,0
r1bqkbnr/pppp1ppp/2n5/4p3/4P3/5N2/PPPP1PPP/RNBQKB1R w KQkq - 2 3,c2c3,35,-14,-49
r1bqk1nr/pppp1ppp/2n5/2b1p3/4P3/2P2N2/PP1P1PPP/RNBQKB1R w KQkq - 1 4,d2d4,79,84,5
r1bqk1nr/pppp1ppp/2n5/2b5/3pP3/2P2N2/PP3PPP/RNBQKB1R w KQkq - 0 5,c3d4,85,94,9
r2qk2r/ppp2ppp/2np1n2/8/1b1PP1b1/2NB1N2/PP3PPP/R1BQ1RK1 w kq - 4 9,d4d5,155,50,-105
r2q1rk1/ppp2ppp/3p1n2/3Pn3/1b2P1b1/2N2N2/PP2BPPP/R1BQ1RK1 w - - 3 11,h2h3,88,-49,-137
r2q1rk1/ppp2ppp/3p1n2/3Pn3/1b2P3/2N2b1P/PP2BPP1/R1BQ1RK1 w - - 0 12,g2f3,-40,-156,116
r4rk1/ppp2pp1/3p2q1/3Pn1Bp/1b2P3/2N2PRP/PP2QP1K/R7 w - - 2 20,f3f4,330,316,-14
r4rk1/ppp2ppq/3p4/3Pn1Bp/1b2PP2/2N3RP/PP2QP1K/R7 w - - 1 21,f4e5,544,551,7
rnbqkbnr/pppppppp/8/8/8/8/PPPPPPPP/RNBQKBNR w KQkq - 0 1,e2e4,28,33,5
rnbqkbnr/pppp1ppp/8/4p3/4P3/8/PPPP1PPP/RNBQKBNR w KQkq - 0 2,c2c3,30,-32,-62
rnbqk1nr/pppp1ppp/3b4/4p3/4P3/2P5/PP1P1PPP/RNBQKBNR w KQkq - 1 3,d2d4,99,80,-19
r1bqk1nr/pppp1ppp/2nb4/4p3/3PP3/2P5/PP3PPP/RNBQKBNR w KQkq - 1 4,d4d5,80,59,-21
r1bqk1nr/pppp1ppp/3b4/n2Pp3/4P3/2P5/PP3PPP/RNBQKBNR w KQkq - 1 5,f2f4,350,172,-178
r1bqk1nr/pp1p1ppp/3b4/n2pp3/Q3PP2/2P5/PP4PP/RNB1KBNR w KQkq - 0 7,f4e5,81,63,-18
r1bqk1nr/pp1p1ppp/8/n2pb3/Q3P3/2P5/PP4PP/RNB1KBNR w KQkq - 0 8,e4d5,67,-5,-72
r1b1k2r/pp1pqppp/5n2/b2P4/8/N1P5/PP2B1PP/R1B1K1NR w KQkq - 2 12,b2b4,-489,-620,131
rnbqkbnr/pppppppp/8/8/8/8/PPPPPPPP/RNBQKBNR w KQkq - 0 1,e2e4,30,36,6
r1bqkbnr/1p1p1ppp/p1n5/2p1p3/2B1P3/5N2/PPPP1PPP/RNBQR1K1 w kq - 0 6,d2d3,143,64,-79
r1bqkbnr/1p3pp1/p1np3p/2pNp3/2B1P3/3PBN2/PPP2PPP/R2QR1K1 w kq - 4 10,c2c3,207,192,-15
r1bqkb1r/1p2npp1/p1np3p/2pNp3/2B1P3/2PPBN2/PP3PPP/R2QR1K1 w kq - 1 11,d3d4,251,249,-2
r2qkb1r/1p2npp1/p1np3p/2pNp3/2BPP1b1/2P1BN2/PP3PPP/R2QR1K1 w kq - 1 12,h2h3,337,148,-189
rnbqkbnr/pppppppp/8/8/8/8/PPPPPPPP/RNBQKBNR w KQkq - 0 1,e2e4,35,31,-4
r1bqkbnr/pppppppp/2n5/8/4P3/8/PPPP1PPP/RNBQKBNR w KQkq - 1 2,d2d4,38,42,4
r1bqkbnr/pppp1ppp/2n5/4p3/3PP3/8/PPP2PPP/RNBQKBNR w KQkq - 0 3,d4d5,63,58,-5
r1bqkbnr/pppp1ppp/8/3Pp3/3nP3/8/PPP2PPP/RNBQKBNR w KQkq - 1 4,c2c3,414,436,22
r1b1kb1r/2p4p/p2p1p1n/1p1Pp1p1/4P3/1BP2NB1/PP3PPP/RN1QK2R w KQkq - 2 12,h2h3,884,898,14
r1b1kbr1/2p4p/p2p1p1n/1p1Pp3/4P2N/1BP3Bp/PP1N1PP1/R2QK2R w KQq - 0 15,g2h3,880,891,11
2r5/1kp1Q2R/p2p1B2/1p1Pp3/4P3/1BP5/PP1N1P2/2K5 w - - 11 32,f2f4,1209,1142,-67
2r5/1kp1Q2R/p2p1B2/1p1P4/4Pp2/1BP5/PP1N4/2K5 w - - 0 33,e4e5,1181,1164,-17
rnbqkbnr/pppppppp/8/8/8/8/PPPPPPPP/RNBQKBNR w KQkq - 0 1,e2e4,38,37,-1
rnbqkb1r/ppp2ppp/3p4/2n1p3/2B5/5N2/PPPP1PPP/RNBQR1K1 w kq - 2 6,d2d4,99,96,-3
rnbqkb1r/ppp2ppp/3pn3/4p3/2BP4/5N2/PPP2PPP/RNBQR1K1 w kq - 1 7,d4e5,104,89,-15
4rrk1/1p3ppp/p1npn3/8/6N1/4B3/PPP2PPP/3RR1K1 w - - 0 17,f2f3,59,17,-42
rnbqkbnr/pppppppp/8/8/8/8/PPPPPPPP/RNBQKBNR w KQkq - 0 1,d2d4,38,22,-16
rnbqkbnr/ppp1pppp/8/3p4/3P4/8/PPP1PPPP/RNBQKBNR w KQkq - 0 2,e2e3,27,7,-20
rnbqkb1r/ppp2ppp/4pn2/3p4/3P4/4PN2/PPP2PPP/RNBQKB1R w KQkq - 2 4,g2g3,9,-12,-21
rnbqkb1r/1p3ppp/p3pn2/2pp4/3P4/4PNP1/PPP1BP1P/RNBQK2R w KQkq - 0 6,d4c5,-18,-50,32
rnbqk2r/1p3ppp/p3pn2/2bp4/8/4PNP1/PPP1BP1P/RNBQK2R w KQkq - 0 7,a2a3,-53,-55,2
rnbqk2r/5ppp/p3pn2/1pbp4/8/P3PNP1/1PP1BP1P/RNBQK2R w KQkq - 0 8,b2b4,-40,-57,17
rnbqkbnr/pppppppp/8/8/8/8/PPPPPPPP/RNBQKBNR w KQkq - 0 1,a2a4,33,-28,-61
rnbqkbnr/ppp1pppp/8/3p4/P7/8/1PPPPPPP/RNBQKBNR w KQkq - 0 2,d2d4,-15,-12,-3
r1bqkbnr/ppp1pppp/2n5/3p4/P2P4/8/1PP1PPPP/RNBQKBNR w KQkq - 1 3,e2e3,-4,-48,44
r2qkbnr/pppb1pp1/4p2p/1B1pn3/P2P4/4P3/1PP2PPP/RNBQK2R w KQkq - 0 7,d4e5,-103,-109,6
r2qkbnr/ppp2pp1/4p2p/1b1pP3/P7/4P3/1PP2PPP/RNBQK2R w KQkq - 0 8,a4b5,-103,-112,9
r4rk1/1p1qnpp1/1pp1p2p/1P1pP3/8/4P3/1PPBQPPP/R4RK1 w - - 0 15,b5c6,-37,-80,43
r4rk1/1p2npp1/1pq1p2p/3pP3/8/4P3/1PPBQPPP/R4RK1 w - - 0 16,c2c3,16,-83,-99
r4rk1/1p2npp1/2q1p2p/1p1pP3/8/2P1P3/1P1BQPPP/R4RK1 w - - 0 17,b2b4,-95,-217,122
5rk1/1p2npp1/r1q1p2p/1p1pP3/1P6/2P1P3/3BQPPP/R4RK1 w - - 1 18,h2h3,-104,-187,83
r5k1/1p3pp1/2q1p2p/1p1pn3/1P5Q/2P1P2P/3B1PP1/1R4K1 w - - 2 23,f2f4,-280,-395,115
6k1/1p3pp1/rq2p2p/1pQp1n2/1P3P2/2P1P2P/1B4PK/4R3 w - - 13 30,g2g4,-266,-299,33
6k1/1p3pp1/rq2p1np/1pQp4/1P3PP1/2P1P1KP/1B6/4R3 w - - 3 32,h3h4,-161,-244,83
3q2k1/1p3pp1/r3p1np/1pQp4/1P3PPP/2P1P1K1/1B6/4R3 w - - 1 33,g4g5,-264,-266,2
3q2k1/1p3pp1/r3p1n1/1pQp2p1/1P3P1P/2P1P1K1/1B6/4R3 w - - 0 34,h4g5,-237,-238,1
rnbqkbnr/pppppppp/8/8/8/8/PPPPPPPP/RNBQKBNR w KQkq - 0 1,e2e4,31,33,2
rnbqkbnr/pp2pppp/2p5/3p4/4P3/5N2/PPPP1PPP/RNBQKB1R w KQkq - 0 3,e4d5,25,20,-5
rnbqkbnr/pp2pppp/8/3p4/8/5N2/PPPP1PPP/RNBQKB1R w KQkq - 0 4,d2d4,16,12,-4
r2qkb1r/pp3ppp/2n1pn2/1B1p4/3P2b1/2N2N2/PPP2PPP/R1BQ1RK1 w kq - 0 8,h2h3,-26,-13,-13
r2q1rk1/1p3ppp/p1nbpn2/3p3b/B2P4/4BN1P/PPP2PP1/RN1Q1RK1 w - - 4 12,c2c3,-120,-200,80
1br2rk1/5ppp/p1nqpn2/1p1p4/3Pb3/1BP1BN1P/PP2QPP1/1N2RRK1 w - - 10 18,g2g3,-83,-81,-2
1br2rk1/5ppp/p2qpn2/1p2n3/3Pp3/2P1B1PP/PP2QP2/1N2RRK1 w - - 0 22,d4e5,-142,-135,-7
2r2rk1/5ppp/p3pn2/1p3q2/4pb2/2P3PP/PP1NQP2/4RRK1 w - - 0 25,g3f4,-400,-405,5
2r3k1/5ppp/p3p3/1p1r4/8/2P4P/PP2RPK1/5R2 w - - 3 31,f2f4,-263,-303,40
rnbqkbnr/1pp1pppp/p2p4/8/8/2N2N2/PPPPPPPP/R1BQKB1R w KQkq - 0 3,d2d4,68,70,2
rnbqkb1r/1pp1pppp/p2p1n2/8/3P4/2N2N2/PPP1PPPP/R1BQKB1R w KQkq - 1 4,e2e4,76,75,-1
rn1qkb1r/1pp1ppp1/p2p1n1p/8/3PP1b1/2N2N2/PPP1BPPP/R1BQK2R w KQkq - 0 6,h2h3,108,95,-13
rn1qkb1r/1pp1ppp1/p2p1n1p/7b/3PP3/2N2N1P/PPP1BPP1/R1BQK2R w KQkq - 1 7,g2g4,175,99,-76
rn1qkb1r/1pp1ppp1/p2p1nbp/8/3PP1P1/2N2N1P/PPP1BP2/R1BQK2R w KQkq - 1 8,h3h4,94,-91,-185
rnbqkbnr/ppp1pppp/8/3p4/8/5N2/PPPPPPPP/RNBQKB1R w KQkq - 0 2,d2d4,21,19,-2
r1bqkbnr/ppp2ppp/2n1p3/3p4/3P1B2/5N2/PPP1PPPP/RN1QKB1R w KQkq - 0 4,c2c3,51,38,-13
r1bqk2r/ppp2ppp/2nbpn2/3p4/3P1B2/2P2N2/PP1QPPPP/RN2KB1R w KQkq - 3 6,e2e3,2,-3,-5
r1bqk2r/ppp2ppp/2n1p3/3p4/3Pnb2/2P1PN2/PPQ2PPP/RN2KB1R w KQkq - 0 8,e3f4,27,37,10
rnbqkbnr/pppppppp/8/8/8/8/PPPPPPPP/RNBQKBNR w KQkq - 0 1,e2e4,33,30,-3
rnbqkbnr/pppp1ppp/8/4p3/4P3/8/PPPP1PPP/RNBQKBNR w KQkq - 0 2,f2f4,34,-79,-113
rnbqkbnr/ppp2ppp/8/3p4/4Pp2/5N2/PPPP2PP/RNBQKB1R w KQkq - 0 4,e4e5,-27,-207,180
rn1qkbnr/ppp2ppp/8/3pPb2/5p2/5N2/PPPP2PP/RNBQKB1R w KQkq - 1 5,d2d4,-59,-59,0
r2qkb1r/pp1nnppp/2p5/3pP3/3P1Bb1/3B1N2/PPP3PP/RN1Q1RK1 w kq - 5 9,h2h3,200,201,1
r2qkr2/pp2n3/2p2npb/3pP3/3P4/2NQ3P/PPP3P1/4RRK1 w - - 0 18,e5f6,570,577,7
rnbqkbnr/pppppppp/8/8/8/8/PPPPPPPP/RNBQKBNR w KQkq - 0 1,e2e4,30,34,4
r1bqkb1r/p1p2ppp/2pp1n2/4p3/4P3/5N2/PPPP1PPP/RNBQ1RK1 w kq - 2 6,d2d3,26,-13,-39
r2q1rk1/p1p1bpp1/2pp1n1p/4p3/4P1bB/3P1N2/PPPN1PPP/R2Q1RK1 w - - 2 10,c2c3,-18,-35,17
r4rk1/p1p1qppn/3p3p/2p1p3/Q3P1b1/2PP1N2/PP1N1PPP/R4RK1 w - - 0 13,d3d4,-34,-106,72
r4rk1/p1p1qppn/3p3p/4p3/Q2pP1b1/2P2N2/PP1N1PPP/R4RK1 w - - 0 14,c3d4,-70,-83,13
r4rk1/p1p2ppn/3p2qp/8/Q2NP3/7b/PP1N1PPP/R4RK1 w - - 5 18,g2g3,-293,-298,5
r4r2/p1p3pk/5npp/3p4/Q3P3/6P1/PP1N1P1P/5RK1 w - - 0 23,e4d5,605,537,-68
r7/p5pk/2p2rpp/Q7/8/6P1/PP3P1P/5RK1 w - - 0 27,f2f4,516,448,-68
1r6/p1r3pk/6pp/2p5/2Q2P2/6P1/PP5P/4R1K1 w - - 4 31,b2b3,527,479,-48
8/p5pk/6pp/3r4/5P2/1P2Q1P1/r6P/2R3K1 w - - 0 38,b3b4,349,349,0
8/p5pk/6pp/8/1P3P2/6P1/rr6/2R2KQ1 w - - 2 41,g3g4,259,83,-176
8/p5pk/6pp/8/1r3PP1/8/r7/2R2KQ1 w - - 0 42,g4g5,42,-95,-137
8/p5pk/6pp/6P1/8/8/r3r3/2RK2Q1 w - - 4 45,g5h6,-66,-10000,9934
rnbqkbnr/pppppppp/8/8/8/8/PPPPPPPP/RNBQKBNR w KQkq - 0 1,e2e4,27,28,1
rn1qkbnr/ppp3pp/3pp3/4p3/4P3/5N2/PPPP1PPP/RNBQK2R w KQkq - 0 5,d2d3,59,33,-26
r2qk1nr/ppp1b1pp/2npp3/4p3/4P3/3P1N2/PPP2PPP/RNBQ1RK1 w kq - 3 7,c2c3,36,34,-2
r3k2r/pppqb1pp/2nppn2/4p1N1/4P3/2PP4/PP3PPP/RNBQ1RK1 w kq - 3 9,f2f4,8,-63,-71
2kr3r/pppqb1p1/2np1n1p/4p3/4P3/2PPB2N/PP4PP/RN1Q1RK1 w - - 2 13,b2b4,-91,-181,90
2kr3r/pppqb3/2np1n1p/4p1p1/1P2P3/2PPB2N/P5PP/RN1Q1RK1 w - - 0 14,a2a4,-58,-153,95
2k2r1r/pppqb3/2np1n1p/4p1p1/PP2P3/2PPB2N/6PP/RN1Q1RK1 w - - 1 15,a4a5,-48,-57,9
1nk2r1r/1ppqb3/p2p1n1p/P3p1p1/1P2P3/2PPB2N/3N2PP/R2Q1RK1 w - - 2 17,c3c4,64,-63,-127
1nk3rr/1ppqb3/p2p3p/P3p1p1/1PP1P3/3PQ2N/3N2PP/R4RK1 w - - 1 20,b4b5,-30,-30,0
1nk3rr/1ppqb3/3p3p/Pp2p1p1/2P1P3/3PQ2N/3N2PP/R4RK1 w - - 0 21,c4b5,-30,-47,17
1nk3rr/1ppq4/3p4/PP2p1bp/4P1p1/3P4/3NQNPP/R4RK1 w - - 0 24,a5a6,365,334,-31
1nk3rr/2pq4/p2p4/1P2p1bp/4P1p1/3P4/3NQNPP/R4RK1 w - - 0 25,b5a6,390,311,-79
1nk3rr/2p5/P1qp4/4p1bp/4P1p1/3P4/3NQNPP/R4RK1 w - - 1 26,a6a7,477,460,-17
rnbqkbnr/pppppppp/8/8/8/8/PPPPPPPP/RNBQKBNR w KQkq - 0 1,e2e4,27,28,1
rnb1k2r/pppp1ppp/1b5n/2qNN2Q/4P3/8/PPPP1PPP/R1B1KB1R w KQkq - 3 7,d2d4,369,451,82
rnb1k2r/pppp1p1p/1b4pQ/3Nq3/2B5/4B3/PPP2PPP/R3K2R w KQkq - 0 11,f2f4,507,-89,-596
rnbqkbnr/pppppppp/8/8/8/8/PPPPPPPP/RNBQKBNR w KQkq - 0 1,d2d4,30,20,-10
rnbqkb1r/pppppppp/5n2/8/3P4/8/PPP1PPPP/RNBQKBNR w KQkq - 1 2,c2c4,22,19,-3
rnbqkb1r/pp1ppppp/5n2/2p5/2PP4/8/PP2PPPP/RNBQKBNR w KQkq - 0 3,d4c5,60,-4,-64
rnbqk2r/pp1p1ppp/5n2/2b1p3/2P5/2N5/PP2PPPP/R1BQKBNR w KQkq - 0 5,e2e3,25,20,-5
rnbqk2r/1p1p1ppp/5n2/p1b1p3/2P5/2N1P3/PP3PPP/R1BQKBNR w KQkq - 0 6,a2a3,22,30,8
r2q1rk1/1p3pp1/2n1bn1p/2bpp3/p1P5/P1NBP1N1/1PQB1PPP/R4RK1 w - - 0 13,c4d5,188,199,11
rnbqkbnr/pppppppp/8/8/8/8/PPPPPPPP/RNBQKBNR w KQkq - 0 1,e2e4,35,32,-3
rnbqkbnr/ppp1pppp/8/3p4/4P3/8/PPPP1PPP/RNBQKBNR w KQkq - 0 2,e4d5,71,68,-3
rnb1kbnr/ppp1pppp/8/q7/8/2N5/PPPP1PPP/R1BQKBNR w KQkq - 2 4,d2d4,100,86,-14
rn2kbnr/pppbpppp/8/q7/3P4/2N5/PPP2PPP/R1BQKBNR w KQkq - 1 5,b2b3,118,-420,-538
rnbqkbnr/pppppppp/8/8/8/8/PPPPPPPP/RNBQKBNR w KQkq - 0 1,d2d4,30,18,-12
rnbqkb1r/pppppppp/5n2/8/3P4/8/PPP1PPPP/RNBQKBNR w KQkq - 1 2,b2b3,19,-24,-43
rn1qkb1r/pb2pppp/1p1p1n2/8/3B4/1P3N2/P1PNPPPP/R2QKB1R w KQkq - 0 7,e2e4,-23,-32,9
r2q1rk1/p3bppp/1p1p4/4N3/4Q3/1P6/nBP2PPP/3R1RK1 w - - 0 16,c2c3,634,4,-630
r2q1r1k/4b1pp/1p1p1p2/p2Q4/6N1/1PP5/nB3PPP/3R1RK1 w - - 2 19,b3b4,288,-38,-326
4r2k/4b1pp/1pqp1p2/8/3Q2N1/8/5PPP/4R1K1 w - - 4 28,h2h3,-127,-200,73
rnbqkbnr/pppppppp/8/8/8/8/PPPPPPPP/RNBQKBNR w KQkq - 0 1,e2e4,27,35,8
rnbqkb1r/ppp1pp1p/3p1np1/8/4P3/2N2N2/PPPP1PPP/R1BQKB1R w KQkq - 0 4,d2d4,68,69,1
r1bq1rk1/ppp1ppbp/2np1np1/8/3PP3/2NB1N2/PPP2PPP/R1BQ1RK1 w - - 5 7,d4d5,36,43,7
r1bq1rk1/ppp1ppbp/5np1/3Pp3/4P3/2NB4/PPP2PPP/R1BQ1RK1 w - - 0 9,b2b3,45,8,-37
r1bq1rk1/pp2ppbp/2p2np1/3Pp3/4P3/1PNB4/P1P2PPP/R1BQ1RK1 w - - 0 10,d5c6,169,158,-11
r2q1rk1/p3ppbp/2p2np1/4p3/4P1b1/1P1B4/P1P1NPPP/R1BQ1RK1 w - - 2 12,f2f3,115,115,0
r4rk1/p3ppbp/1qp1bnp1/4p3/4P3/1P1B1P2/P1P1NRPP/R1BQ2K1 w - - 3 14,c2c4,133,24,-109
3r1rk1/p3ppbp/1qp1b1p1/4p2n/2P1P3/1PNB1P2/P4RPP/R1BQ2K1 w - - 3 16,g2g3,50,-352,-402
rnbqkbnr/pppppppp/8/8/8/8/PPPPPPPP/RNBQKBNR w KQkq - 0 1,e2e4,30,36,6
r1bqk1nr/ppp2ppp/2np4/2b1p3/2B1P3/2N2N2/PPPP1PPP/R1BQK2R w KQkq - 0 5,a2a3,23,4,-19
r2qk1nr/ppp2ppp/2np4/2b1p3/2B1P1b1/P1N2N2/1PPP1PPP/R1BQK2R w KQkq - 1 6,d2d3,29,-62,-91
r2q1knr/ppp3pp/3p4/2bBp3/4P1b1/P1NP1n2/1PP2PPP/R1BQK2R w KQ - 0 9,g2f3,86,53,-33
1r3k1r/p1p3pp/3p1n2/2bBp2b/4P2q/P1NP1P2/1PP1QP1P/R1B1K2R w KQ - 5 13,b2b4,140,-102,-242
1r3k1r/p1p3pp/3p4/3np2b/1P1bP2q/P1NP1P2/2PBQP1P/R3K2R w KQ - 0 15,e4d5,-118,-126,8
6r1/R7/3pk3/3qp3/1P2N3/P2P4/2PBK3/8 w - - 1 32,c2c4,-68,-367,299
8/R7/2qpk3/4p3/1PP1N3/P2PK3/3B2r1/8 w - - 3 34,b4b5,-200,-483,283
8/R7/1q1pk3/1P2p3/2P1N3/P2PK3/3B2r1/8 w - - 1 35,d3d4,-476,-609,133
8/8/4k3/1P2p3/1Bq5/P4K2/8/8 w - - 0 40,b5b6,-584,-601,17
rnbqkbnr/ppp1pppp/8/3p4/8/5N2/PPPPPPPP/RNBQKB1R w KQkq - 0 2,d2d4,18,17,-1
rnbqkbnr/ppp2ppp/4p3/3p4/3P4/5N2/PPP1PPPP/RNBQKB1R w KQkq - 0 3,e2e3,20,7,-13
r1bqkb1r/ppp2ppp/2n1p3/3p4/3P2n1/3BPN2/PPP2PPP/RNBQ1RK1 w kq - 5 6,h2h3,108,107,-1
r1bqk2r/ppp2pp1/2nbp3/3p3p/3P4/4P2P/PPP1BPPn/RNBQ1RK1 w kq - 0 9,g2g3,-413,-628,215
rnbqkbnr/pppppppp/8/8/8/8/PPPPPPPP/RNBQKBNR w KQkq - 0 1,e2e3,35,6,-29
r1bqkb1r/pp2pppp/2n2n2/1Bpp4/8/2N1PN2/PPPP1PPP/R1BQK2R w KQkq - 4 5,d2d4,-13,-21,8
r2qk2r/pp1b1ppp/2n2n2/1B1pp3/1b6/2N1PN2/PPP2PPP/R1BQ1RK1 w kq - 2 9,a2a3,131,-54,-185
r2qk2r/pp1b1ppp/2n2n2/1B1pp3/8/P1b1PN2/1PP2PPP/R1BQ1RK1 w kq - 0 10,b2c3,-63,-69,6
r2q1rk1/pp1b1ppp/2n2n2/1B1pp3/8/P1P1PN2/2P2PPP/R1BQ1RK1 w - - 1 11,c3c4,-20,-51,31
r2q1rk1/3b1ppp/p1p2n2/3pp3/2P5/P3PN2/2P2PPP/R1BQ1RK1 w - - 0 13,c4d5,72,-11,-83
r2q1rk1/5ppp/p3bn2/3pN3/8/P3P3/2P2PPP/R1BQ1RK1 w - - 1 15,a3a4,92,66,-26
rnbqkbnr/pppppppp/8/8/8/8/PPPPPPPP/RNBQKBNR w KQkq - 0 1,e2e4,31,27,-4
rnbqkbnr/pppp1ppp/8/4p3/4P3/8/PPPP1PPP/RNBQKBNR w KQkq - 0 2,d2d4,29,-15,-44
rnbqkb1r/pp1p1ppp/2p2n2/4p3/3PP3/2N5/PPP2PPP/R1BQKBNR w KQkq - 0 4,d4e5,331,331,0
rnb1kb1r/pp1p1pp1/2p5/5qBp/4P3/2NB4/PPP2PPP/R3K1NR w KQkq - 0 9,e4f5,549,549,0
rn2kb1r/6p1/2p1bp2/p2p1P1p/1p6/3BBN2/PPP2PPP/R3K2R w KQkq - 0 15,f5e6,625,614,-11
rn3b1r/5k2/5p2/1B1p2p1/pp1B3p/5N2/PPP2PPP/1K1RR3 w - - 0 22,c2c3,711,596,-115
1n2Bb1r/6k1/5p2/r2p2p1/pp1B3p/2P2N2/PP3PPP/1K1RR3 w - - 3 24,c3b4,647,563,-84
rnbqkbnr/pppppppp/8/8/8/8/PPPPPPPP/RNBQKBNR w KQkq - 0 1,e2e4,30,28,-2
r1bqk1nr/pppp1ppp/8/4n3/4P3/2N5/PPPP1KPP/R1BQ1B1R w kq - 0 6,d2d4,122,115,-7
2r2rk1/1p4pp/p2p2n1/3N1pq1/3PP1b1/3B2Q1/PPP2KPP/R4R2 w - - 0 18,e4f5,421,446,25
6k1/1p3npp/p2p4/8/8/8/Pr4PP/5R1K w - - 0 30,h2h3,-590,-661,71
rnbqkbnr/pppppppp/8/8/8/8/PPPPPPPP/RNBQKBNR w KQkq - 0 1,e2e4,32,27,-5
r1bqkbnr/pppppppp/2n5/8/4P3/8/PPPP1PPP/RNBQKBNR w KQkq - 1 2,d2d4,42,42,0
r1bqkbnr/ppp1pppp/2n5/3p4/3PP3/8/PPP2PPP/RNBQKBNR w KQkq - 0 3,e4e5,48,53,5
r2qkbnr/ppp1pppp/2n5/3pPb2/3P4/8/PPP2PPP/RNBQKBNR w KQkq - 1 4,c2c3,49,53,4
r2q1rk1/1pp1npbp/p1n1p1p1/3pP1B1/3P4/2PB1N2/PP3PPP/1R1QR1K1 w - - 0 11,h2h3,282,247,-35
r2q1r2/2p2pk1/p1n1pNp1/1p1pPn1p/3P4/2PB3P/PP3PP1/1R1QR1K1 w - - 2 17,g2g4,247,255,8
r2q2kr/2p2p2/p5p1/1p1pPp2/3P4/2P1R1QP/PP3P2/1R4K1 w - - 0 23,e5e6,62,77,15
r5kr/2p2p2/p3Pq2/1p1p2p1/3P1p2/2P2RQP/PP3P2/4R1K1 w - - 0 26,e6f7,133,7,-126
8/2p5/p7/1p3kp1/3P1p2/2P4P/PP1R1PK1/4r3 w - - 6 35,f2f3,0,-16,-16
8/8/p1p5/1p3kp1/3P1p2/2P2P1P/PP1R2K1/4r3 w - - 0 36,b2b3,-3,-1,-2
8/8/p1p1k3/1p4p1/3P1p2/1PP2P1P/P2R2K1/4r3 w - - 1 37,c3c4,-9,-9,0
8/8/p1p1k3/1p4p1/2PP1p2/1P2rP1P/P2R2K1/8 w - - 1 38,d4d5,3,6,3
8/8/p3k3/1p1p2p1/2P2p2/1P2rP1P/P2R2K1/8 w - - 0 39,c4d5,6,-24,-30
8/8/p2k4/1p1r2p1/5p2/1P3P1P/P2R2K1/8 w - - 0 42,h3h4,-86,-733,647
rnbqkbnr/pppppppp/8/8/8/8/PPPPPPPP/RNBQKBNR w KQkq - 0 1,e2e4,29,33,4
rnbqkb1r/pppp1ppp/5n2/4p3/2B1P3/8/PPPP1PPP/RNBQK1NR w KQkq - 2 3,d2d3,-9,-7,-2
rnbqkb1r/ppp2ppp/5n2/3pp3/2B1P3/3P4/PPP2PPP/RNBQK1NR w KQkq - 0 4,e4d5,41,34,-7
r3kb1r/ppp1qppp/8/8/2BnNpb1/3P1N2/PPP2PPP/R2QK2R w KQkq - 4 11,h2h3,-21,-180,159
r3kb1r/ppp1qppp/8/8/2BnNp2/3P1b1P/PPP2PP1/R2QK2R w KQkq - 0 12,g2f3,-134,-138,4
r3kb1r/ppp1q1pp/8/5p2/2BnNp2/3P1P1P/PPP2P2/R2QK2R w KQkq - 0 13,c2c3,-148,-165,17
rnbqkbnr/pppppppp/8/8/8/8/PPPPPPPP/RNBQKBNR w KQkq - 0 1,e2e4,32,32,0
rnbqkb1r/pp1ppppp/5n2/2p5/2B1P3/8/PPPP1PPP/RNBQK1NR w KQkq - 2 3,d2d3,15,-15,-30
rnb1kb1r/p2qpppp/3p1n2/2pN2B1/1p2P3/1B1P4/PPP2PPP/R2QK1NR w KQkq - 0 8,c2c3,217,162,-55
rn2kb1r/p2q1ppp/3p1p2/2p5/4P3/2pPB3/PP3PPP/R2QK1NR w KQkq - 0 13,b2c3,43,43,0
r3k2r/p2qbppp/3p1p2/2p1n3/4P3/2PPBN2/P4PPP/R2Q1RK1 w kq - 5 16,d3d4,43,13,-30
r3k2r/p2qbppp/3p1p2/8/2pPP3/2P1BQ2/P4PPP/R4RK1 w kq - 0 18,a2a4,208,78,-130
r3k2r/3qbppp/3p1p2/p7/P1pPP3/2P1BQ2/5PPP/R4RK1 w kq - 0 19,e4e5,215,76,-139
r4rk1/3qbppp/3p1p2/p3P3/P1pP4/2P1BQ2/5PPP/R4RK1 w - - 1 20,e5f6,60,73,13
1r4k1/3q1ppp/3p1b2/p7/P1pP4/2P1BQ2/5PPP/R5K1 w - - 0 23,g2g3,1,-16,-17
1r4k1/3q1p1p/3p1bp1/p7/P1pP4/2P1BQP1/5P1P/R5K1 w - - 0 24,h2h4,490,58,-432
rnbqkbnr/pppppppp/8/8/8/8/PPPPPPPP/RNBQKBNR w KQkq - 0 1,e2e4,21,29,8
r1bqkbnr/pp1ppppp/2n5/2p5/4P3/2N5/PPPP1PPP/R1BQKBNR w KQkq - 2 3,f2f4,27,-11,-38
r1bqkbnr/pp2p1pp/2np4/2p2p2/4PP2/2N2N2/PPPP2PP/R1BQKB1R w KQkq - 0 5,a2a3,104,-1,-105
r1bqk2r/pp2b1pp/2n2p2/2pp4/5P2/PB3N2/1PPP2PP/R1BQK2R w KQkq - 2 10,d2d3,-43,-36,-7
r2q1rk1/pp2b1pp/5p2/2pp4/5P2/Pn1P4/1PP2RPP/R1B1Q1K1 w - - 0 15,c2b3,-99,-86,-13
r4rk1/pp4pp/1q1b1p2/2p5/3p1P2/PP1P4/1P1BRQPP/R5K1 w - - 6 19,b3b4,-22,-29,7
r4rk1/pp4pp/1q1b1p2/8/1p1p1P2/P2P4/1P1BRQPP/R5K1 w - - 0 20,a3b4,-27,-29,2
4q2k/pp4p1/5p2/7p/5P2/8/1P4PP/3R3K w - - 0 34,g2g3,-640,-690,50
rnbqkbnr/pppppppp/8/8/8/8/PPPPPPPP/RNBQKBNR w KQkq - 0 1,e2e4,25,26,1
r1bqkbnr/pppp1ppp/2n5/4p3/4P3/5N2/PPPP1PPP/RNBQKB1R w KQkq - 2 3,d2d4,29,18,-11
r1bqk2r/ppp1bppp/2np1n2/4p3/3PP3/5N2/PPP1BPPP/RNBQ1RK1 w kq - 4 6,h2h3,47,-71,-118
rnbqkbnr/pppppppp/8/8/8/8/PPPPPPPP/RNBQKBNR w KQkq - 0 1,d2d4,27,21,-6
rnbqkb1r/pppppppp/5n2/8/3P4/8/PPP1PPPP/RNBQKBNR w KQkq - 1 2,e2e3,22,6,-16
rnbqkb1r/pppp1ppp/4pn2/8/3P4/4P3/PPP2PPP/RNBQKBNR w KQkq - 0 3,g2g3,6,-13,-19
rnbq1rk1/pp2bppp/2p1pn2/3p4/3P4/4P1P1/PPP1NPBP/RNBQ1RK1 w - - 0 7,b2b3,16,8,-8
1rbq1rk1/p2nbppp/1pp1pn2/3p4/3P4/1P2P1P1/PBPNNPBP/R2Q1RK1 w - - 2 10,c2c4,24,17,-7
1r1q1rk1/pb1nbppp/1pp1pn2/3p4/2PP4/1P2P1P1/PB1NNPBP/R2Q1RK1 w - - 1 11,c4d5,23,-7,-30
1r1q1rk1/pb1nbpp1/1p2pn1p/3p4/3P4/1P2P1P1/PB1NNPBP/1R1Q1RK1 w - - 0 13,a2a3,-29,-49,20
1r1q1rk1/pb1n1pp1/1p1bpn1p/3p4/3P4/PP2P1P1/1B1NNPBP/1R1Q1RK1 w - - 1 14,b3b4,-7,-40,33
5rk1/p2n1pp1/1p2pn1p/3p4/1P1P1b2/P2bP1P1/1B1N1PBP/4R1K1 w - - 0 23,e3f4,-52,-46,-6
rnbqkbnr/pppppppp/8/8/8/8/PPPPPPPP/RNBQKBNR w KQkq - 0 1,e2e4,26,27,1
rnbqkbnr/ppp2ppp/4p3/3p4/4P3/5N2/PPPP1PPP/RNBQKB1R w KQkq - 0 3,e4e5,16,17,1
rnbqkbnr/pp3ppp/4p3/2ppP3/8/5N2/PPPP1PPP/RNBQKB1R w KQkq - 0 4,d2d4,11,-15,-26
rnbqkbnr/pppppppp/8/8/8/8/PPPPPPPP/RNBQKBNR w KQkq - 0 1,e2e4,26,25,-1
rnbqkbnr/pppp1ppp/4p3/8/4P3/8/PPPP1PPP/RNBQKBNR w KQkq - 0 2,d2d4,31,28,-3
rnbqkbnr/ppp2ppp/4p3/3p4/3PP3/8/PPP2PPP/RNBQKBNR w KQkq - 0 3,e4e5,31,22,-9
rnbqkbnr/pp3ppp/4p3/2ppP3/3P4/8/PPP2PPP/RNBQKBNR w KQkq - 0 4,c2c3,23,25,2
r1bqkbnr/pp3ppp/2n1p3/2ppP3/3P4/2P5/PP3PPP/RNBQKBNR w KQkq - 1 5,b2b3,20,-83,-103
r1b1k1nr/pp4pp/1qn1p3/2bpPp2/3N4/1PP1B3/P4PPP/RN1QKB1R w KQkq f6 0 9,e5f6,9,-76,-85
r1b1k2r/pp4pp/1qn1pn2/2bp4/3N4/1PP1B3/P4PPP/RN1QKB1R w KQkq - 0 10,b3b4,-51,-52,1
r1b1k2r/pp4pp/4pn2/3p4/1P1q4/2P5/P4PPP/RN2KB1R w KQkq - 0 13,c3d4,-11,-3,-8
r1b2rk1/pp4pp/2n1p3/3p4/1P1P4/8/P3BPPP/RN3RK1 w - - 7 17,b4b5,-163,-257,94
rnbqkbnr/pppppppp/8/8/8/8/PPPPPPPP/RNBQKBNR w KQkq - 0 1,e2e4,25,28,3
rnbqkbnr/ppp1pppp/3p4/8/4P3/8/PPPP1PPP/RNBQKBNR w KQkq - 0 2,f2f4,52,14,-38
r1bqkb1r/pp2pppp/2np1n2/2p5/2B1PP2/5N2/PPPP2PP/RNBQK2R w KQkq - 4 5,d2d3,-1,1,2
r1bq1rk1/pp2ppbp/2np1np1/2p5/2B1PP2/2NP1N2/PPP3PP/R1BQ1RK1 w - - 4 8,e4e5,15,-149,-164
r1bq1rk1/pp2ppbp/2n2np1/2p1p3/2B2P2/2NP1N2/PPP3PP/R1BQ1RK1 w - - 0 9,f4e5,-159,-147,-12
r1bq1rk1/pp2ppbp/2n3p1/2p1n1N1/2B5/2NP4/PPP3PP/R1BQ1RK1 w - - 0 11,h2h3,-271,-365,94
r1bq1rk1/pp2ppbp/2n3p1/2p3N1/2n5/2NP3P/PPP3P1/R1BQ1RK1 w - - 0 12,d3c4,-364,-379,15
4r3/pp1b1k1p/2n3p1/2b1pp2/2P4B/7P/PPP3P1/R4R1K w - - 3 22,g2g4,-492,-472,-20
4r3/pp1b1k1p/2n3p1/2b2p2/2P1p1PB/7P/PPP5/R4R1K w - - 0 23,g4f5,-455,-458,3
4r3/pp1b1k1p/8/2b2p2/2Pnp2B/7P/PPP5/4RR1K w - - 2 25,c2c3,-457,-570,113
4r3/pp1b1k1p/8/2b2p2/2P1p2B/2P1n2P/PP2R3/5R1K w - - 3 27,b2b4,-457,-670,213
4r3/pp1b1k1p/8/2b2p2/1PP1p2B/2P4P/P3R3/5n1K w - - 0 28,b4c5,-745,-760,15
4r3/pp3k1p/8/2P5/3K3B/2P5/b7/8 w - - 0 35,c3c4,-652,-659,7
rnbqkbnr/pppppppp/8/8/8/8/PPPPPPPP/RNBQKBNR w KQkq - 0 1,e2e4,26,27,1
rnbqkbnr/ppp1pppp/8/3p4/4P3/8/PPPP1PPP/RNBQKBNR w KQkq - 0 2,e4e5,72,-16,-88
rnbqkbnr/ppp2ppp/4p3/3pP3/8/8/PPPP1PPP/RNBQKBNR w KQkq - 0 3,d2d4,21,22,1
rnbqk2r/ppp1npb1/4p1pp/3pP3/3P4/7N/PPP1QPPP/RNB1KB1R w KQkq - 2 7,c2c4,-41,-265,224
rnbqk2r/pp2npb1/4p1pp/2ppP3/2PP4/7N/PP2QPPP/RNB1KB1R w KQkq - 0 8,d4c5,-168,-171,3
r1bqk2r/pp2npb1/2n1p1pp/2P1P3/2Q5/7N/PP3PPP/RNB1KB1R w KQkq - 1 10,f2f4,-68,-64,-4
3r2k1/1p3pb1/p3p1p1/2PrP2p/5P2/2Q1B3/PP3NPP/5RK1 w - - 0 23,h2h4,761,749,-12
3r1bk1/1p3p2/p3p1p1/2PrP2p/5P1P/2Q1B3/PP3NP1/5RK1 w - - 1 24,b2b4,760,681,-79
8/1p2bpk1/p3p1p1/2P1P2p/1P3P1P/2NrB3/P5P1/2Q3K1 w - - 0 30,g2g3,734,606,-128
8/1p1rbpk1/p3p1p1/2P1P2p/1P3P1P/2N1B1P1/P7/2Q3K1 w - - 1 31,a2a4,751,662,-89
8/1pr1bpk1/p3p1p1/2P1P2p/PP3P1P/2N1B1P1/8/2Q3K1 w - - 1 32,a4a5,775,769,-6
8/1p1rbpk1/p3p1p1/P1P1P2p/1P3P1P/2N1B1P1/8/2Q3K1 w - - 1 33,b4b5,749,657,-92
rnbqkbnr/pppppppp/8/8/8/8/PPPPPPPP/RNBQKBNR w KQkq - 0 1,d2d4,26,26,0
rnbqkb1r/pppppppp/5n2/8/3P4/8/PPP1PPPP/RNBQKBNR w KQkq - 1 2,e2e3,28,5,-23
rnbqkb1r/pppp1ppp/4pn2/8/3P4/4P3/PPP2PPP/RNBQKBNR w KQkq - 0 3,g2g3,6,-7,-13
r1bq1rk1/pp2bppp/2n1pn2/3p4/8/4P1P1/PPP1NPBP/RNBQ1RK1 w - - 6 9,b2b3,-65,-85,20
2rq1rk1/1p1bbpp1/p1n1pn1p/3p4/8/1P2P1P1/PBPNNPBP/2RQ1RK1 w - - 0 13,c2c4,22,39,17
2q2rk1/3bbpp1/p3pn1p/1p6/1n6/1P2P1P1/PB1NNPBP/3Q1RK1 w - - 0 17,a2a3,12,20,8
1q3rk1/3bbpp1/p3pn1p/1p6/8/PP2P1P1/1Q1NNPBP/5RK1 w - - 1 20,b3b4,-7,17,24
8/8/5k1p/6p1/2N5/1B2P1p1/5P1P/2bK4 w - - 0 45,h2g3,515,485,-30
8/8/5k2/6p1/7p/1B2N1P1/4KP2/8 w - - 0 48,g3h4,502,442,-60
rnbqkbnr/pppppppp/8/8/8/8/PPPPPPPP/RNBQKBNR w KQkq - 0 1,e2e4,26,26,0
r1bqkbnr/pppp1ppp/2n1p3/8/2B1P3/8/PPPP1PPP/RNBQK1NR w KQkq - 0 3,d2d4,-20,-22,2
r1bqkbnr/ppp2ppp/2n1p3/3p4/2BPP3/8/PPP2PPP/RNBQK1NR w KQkq - 0 4,e4d5,-25,-26,1
r1bqk1nr/ppp2ppp/8/3p1n2/1b6/1B1Q4/PPP2PPP/RNB1K1NR w KQkq - 4 9,c2c3,-142,-134,-8
r1b1k2r/ppp2ppp/8/2Q5/6nq/1BP5/PP3PPP/RNB2RK1 w kq - 2 15,h2h3,675,707,32
r7/6pk/7p/3R4/p7/2P4P/1P4P1/5RK1 w - - 1 34,c3c4,634,606,-28
r7/6pk/7p/3R4/2P5/p6P/1P4P1/5RK1 w - - 0 35,b2a3,615,665,50
8/6pk/7p/3R4/2P5/r6P/6P1/5RK1 w - - 0 36,c4c5,656,596,-60
8/2R3R1/7p/2P5/5k2/2r4P/6P1/6K1 w - - 1 42,c5c6,666,653,-13
8/5RR1/2P5/4k2p/8/2r4P/6P1/6K1 w - - 2 44,c6c7,651,681,30
5R2/2P3R1/8/4k2p/8/2r4P/6P1/6K1 w - - 3 46,c7c8q,750,794,44
rnbqkbnr/pppppppp/8/8/8/8/PPPPPPPP/RNBQKBNR w KQkq - 0 1,e2e4,28,26,-2
rnbqkb1r/pppp1ppp/5n2/4p3/2B1P3/8/PPPP1PPP/RNBQK1NR w KQkq - 2 3,d2d3,-1,7,8
rnbqk2r/ppp1bpp1/3p1n1p/4p3/2B1P3/3P1N2/PPP2PPP/RNBQ1RK1 w kq - 2 6,a2a3,16,5,-11
rnbq1rk1/1p2bpp1/2pp1n1p/p3p3/2B1P3/P1NPBN2/1PP2PPP/R2Q1RK1 w - - 0 9,a3a4,-1,-160,159
rnbq1rk1/1p2bpp1/2p2n1p/p2pp3/P1B1P3/2NPBN2/1PP2PPP/R2Q1RK1 w - - 0 10,e4d5,-160,-290,130
rnbqkbnr/pppppppp/8/8/8/8/PPPPPPPP/RNBQKBNR w KQkq - 0 1,e2e4,26,29,3
r1bqkbnr/pp1ppppp/2n5/2p5/4P3/2N5/PPPP1PPP/R1BQKBNR w KQkq - 2 3,g2g3,26,-17,-43
r1bqkb1r/pp2pppp/2np1n2/2p5/4P3/2N3P1/PPPP1PBP/R1BQK1NR w KQkq - 2 5,d2d3,15,-3,-18
r1bq1rk1/1p2ppbp/p1np1npB/2p5/4P3/2NP2P1/PPP2PBP/R1Q1K1NR w KQ - 0 9,h2h3,-18,-23,5
r1bq1r2/4ppkp/p1np1np1/1pp5/4P3/2NP2PP/PPP2PB1/R1Q1K1NR w KQ - 0 11,e4e5,336,325,-11
1rbq1r2/4p1kp/p5p1/2p1p3/1p3p2/3P2PP/PPP2PB1/R1Q1K1NR w KQ - 0 17,g3g4,355,331,-24
2r2r2/4p1kp/p2q2p1/2p1p3/1p3pP1/3P1B1P/PPP2P2/R1Q1R1K1 w - - 1 22,c2c3,487,445,-42
2rr4/4p1kp/6p1/2q1p3/p1p2pP1/2pP3P/PP2QPB1/3RR1K1 w - - 0 28,b2c3,354,354,0
rnbqkbnr/pppppppp/8/8/8/8/PPPPPPPP/RNBQKBNR w KQkq - 0 1,d2d4,31,25,-6
rnbqkbnr/pp1ppppp/2p5/8/3P4/8/PPP1PPPP/RNBQKBNR w KQkq - 0 2,a2a3,38,10,-28
rnbqkbnr/pp2pppp/2p5/3p4/3P4/P7/1PP1PPPP/RNBQKBNR w KQkq - 0 3,h2h3,-6,-11,5
rn1qkb1r/pp2pppp/2p2n2/3p1b2/3P4/P4N1P/1PP1PPP1/RNBQKB1R w KQkq - 3 5,e2e3,4,-35,-39
r2qkb1r/pp1npppp/2p2n2/3p1b2/3P4/P3PN1P/1PP2PP1/RNBQKB1R w KQkq - 1 6,b2b4,-26,-53,27
r2qkb1r/pp1n1ppp/2p1pn2/3p1b2/1P1P4/P3PN1P/2P2PP1/RNBQKB1R w KQkq - 0 7,c2c4,-47,-46,-1
r4rk1/ppq1bppp/2p1p3/3n1b2/1PBP4/P3P2P/1B1N1PP1/R2Q1RK1 w - - 5 15,e3e4,285,285,0
3r1rk1/pp3ppp/1np1pb2/8/1P1P2q1/PN1B3P/1B3PP1/R4RK1 w - - 0 21,h3g4,338,372,34
5rk1/pp3ppp/1np1pb2/3r4/1P1P2P1/PN1B4/1B3PP1/R4RK1 w - - 1 22,g2g3,483,393,-90
rnbqkbnr/pppppppp/8/8/8/8/PPPPPPPP/RNBQKBNR w KQkq - 0 1,g2g3,29,8,-21
r1bqkbnr/pp1ppppp/2n5/2p5/8/6P1/PPPPPPBP/RNBQK1NR w KQkq - 2 3,f2f3,21,-88,-109
r1bqk1nr/pp2bppp/2n5/2ppp3/8/5PP1/PPPPPNBP/RNBQK2R w KQkq - 2 6,d2d3,-94,-82,-12
r1bq1rk1/pp2bppp/2n2n2/3pp3/8/3p1PP1/PPPNPNBP/R1BQK2R w KQ - 0 10,c2d3,-229,-236,7
r1b2rk1/pp3ppp/1qn2n2/3p4/4p3/1N1P1PP1/PP2PRBP/R1BQ2K1 w - - 0 14,d3e4,-68,-69,1
r1b2rk1/pp3ppp/1qn2n2/8/4p3/1N3PP1/PP2PRBP/R1BQ2K1 w - - 0 15,f3e4,-75,-295,220
r1b2rk1/pp3ppp/1qn5/8/4P1n1/1N4P1/PP2PRBP/R1BQ2K1 w - - 1 16,e2e3,-271,-402,131
3r1rk1/pp3ppp/1q2b3/8/3nP3/4PQP1/PP3KBP/R1B5 w - - 0 20,e3d4,-526,-529,3
rnbqkbnr/pppppppp/8/8/8/8/PPPPPPPP/RNBQKBNR w KQkq - 0 1,d2d4,33,26,-7
rnbqkbnr/pp3ppp/4p3/2pp4/3P1B2/5N2/PPP1PPPP/RN1QKB1R w KQkq - 0 4,c2c3,22,13,-9
rnbqkbnr/pp3pp1/4p2p/2pp4/3P1B2/2P2N2/PP2PPPP/RN1QKB1R w KQkq - 0 5,e2e3,29,31,2
r1bqk2r/pp2bpp1/2n1pn1p/2pp4/3P1B2/2P1PN2/PP1NBPPP/R2QK2R w KQkq - 5 8,h2h3,32,20,-12
r1bq1rk1/pp2bpp1/2n1pn1p/3p4/3p1B2/2P1PN1P/PP1NBPP1/R2Q1RK1 w - - 0 10,c3d4,62,22,-40
r4rk1/1p1b1pp1/p3pn1p/2Rp4/1n1P4/4PN1P/PP1NBPP1/5RK1 w - - 1 16,a2a3,20,22,2
r1r3k1/3b1pp1/p1n1pn1p/1p1p4/3P4/P2BPN1P/1PRN1PP1/2R3K1 w - - 0 20,b2b4,115,65,-50
r5k1/5p2/p1N1pnpp/1p1p4/1P1P4/P2BP2P/3N1PP1/6K1 w - - 0 25,e3e4,332,148,-184
r7/5pk1/p1N1pnpp/1p1p4/1P1PP3/P2B3P/3N1PP1/6K1 w - - 1 26,e4d5,175,165,-10
r7/5k2/5p1p/p1N3p1/1P1P4/P1p4P/2N1KPP1/8 w - - 0 39,b4a5,571,538,-33
8/8/6kp/r1N3p1/2KP1p2/P6P/2N2PP1/8 w - - 0 43,d4d5,616,649,33
8/8/7p/r1NP2pk/2K2p2/P6P/2N2PP1/8 w - - 1 44,d5d6,672,650,-22
r7/8/3P3p/2N3pk/2K2p2/P6P/2N2PP1/8 w - - 1 45,d6d7,671,683,12
rnbqkbnr/pppppppp/8/8/8/8/PPPPPPPP/RNBQKBNR w KQkq - 0 1,d2d4,35,25,-10
rnbqkb1r/pppppppp/5n2/8/3P4/8/PPP1PPPP/RNBQKBNR w KQkq - 1 2,c2c4,22,26,4
rnbqkb1r/pp1ppppp/5n2/2p5/2PP4/8/PP2PPPP/RNBQKBNR w KQkq - 0 3,d4c5,85,4,-81
rnbqk2r/pp1p1ppp/5n2/2b1p3/2P5/2N5/PP2PPPP/R1BQKBNR w KQkq - 0 5,e2e3,28,29,1
rn1qk2r/1p3p1p/p2pbnp1/2b1p3/2P5/2NBP3/PPQ1NPPP/R1B1K2R w KQkq - 0 9,a2a3,37,8,-29
rn1q1rk1/1p3p1p/p2pbnp1/2b1p3/2P5/P1NBP3/1PQ1NPPP/R1B1K2R w KQ - 1 10,b2b4,12,-35,-47
2r2rk1/1p2q2p/pb1pb1p1/4np2/1PP1p3/P1Q1P3/1B1NBPPP/R3K2R w KQ - 4 18,f2f4,18,-114,-132
8/1p4k1/pb2r1pp/5p2/1P3B2/P3PK2/6PP/2R5 w - - 0 30,h2h4,0,-5,-5
2R5/1p6/pb2rk1p/5pp1/1P3B1P/P3PK2/6P1/8 w - - 0 32,h4g5,-232,-227,-5
3B4/1R6/p3r1k1/1p3p2/1P4p1/P5K1/6P1/2b5 w - - 2 38,a3a4,-373,-472,99
8/5k2/p4b2/8/1P3BK1/8/6P1/q7 w - - 0 50,g2g3,-683,-700,17
8/5k2/5b2/5K2/8/6P1/3q4/q7 w - - 0 63,g3g4,-10000,-10000,0
rnbqkbnr/pppppppp/8/8/8/8/PPPPPPPP/RNBQKBNR w KQkq - 0 1,e2e3,32,10,-22
rnbqkbnr/pppp1ppp/8/8/4p3/4P3/PPPPBPPP/RNBQK1NR w KQkq - 0 3,d2d3,34,26,-8
rnbqkb1r/pppp1ppp/5n2/8/4p3/3PP3/PPP1BPPP/RNBQK1NR w KQkq - 1 4,d3e4,21,25,4
r1bqkb1r/ppp2ppp/2np1n2/8/8/3QPN2/PPP1BPPP/RNB1K2R w KQkq - 0 8,e3e4,4,-10,-14
r1bq1rk1/pp2bppp/3p1n2/2p5/1n2P3/1Q3N2/PPP1BPPP/RNB1R1K1 w - - 0 12,e4e5,32,-84,-116
r4r1k/ppq3pp/3bQn2/2p1N3/1n6/8/PPP1RPPP/RNB3K1 w - - 3 18,f2f4,-16,-291,275
6k1/ppq2rp1/8/2p5/1nQ2b2/8/PPP3PP/RN4K1 w - - 0 26,g2g3,-454,-742,288
6k1/p2q1r2/1p6/2p3p1/1nQ5/2N1b1PK/PPP4P/5R2 w - - 2 33,g3g4,-357,-490,133
6k1/pr6/2n5/1Np3p1/6P1/4b3/PPP3KP/5R2 w - - 1 38,c2c4,-328,-339,11
rnbqkbnr/pppppppp/8/8/8/8/PPPPPPPP/RNBQKBNR w KQkq - 0 1,e2e4,27,22,-5
rnbqkbnr/pp1ppppp/8/2p5/4P3/8/PPPP1PPP/RNBQKBNR w KQkq - 0 2,f2f4,36,-9,-45
r1bqkbnr/4pppp/p1pp4/2p5/4PP2/5N2/PPPP2PP/RNBQK2R w KQkq - 0 6,e4e5,76,24,-52
r1bqkbnr/4pppp/p1p5/2ppP3/5P2/5N2/PPPP2PP/RNBQK2R w KQkq - 0 7,d2d4,48,-83,-131
1rbqkbnr/5ppp/p3p3/2ppP3/5P2/4BN2/PPP3PP/RN1QK2R w KQk - 2 11,c2c3,-95,-151,56
7r/3k1ppp/p1b1p3/3pPn2/5P2/b4N2/P5PP/2R4K w - - 0 24,g2g4,-741,-894,153
7r/3k1ppp/p3p3/1b1pP3/5PP1/R7/P2n3P/7K w - - 1 28,f4f5,-813,-847,34
2r5/3k1ppp/p3p3/1b1pPP2/6P1/R7/P2n3P/7K w - - 1 29,f5e6,-826,-926,100
8/5ppp/p7/1b1pk3/4n1P1/2r1RK2/P6P/8 w - - 2 33,g4g5,-960,-1032,72
8/5ppp/p7/1b1pk1n1/8/4K3/P6P/8 w - - 0 35,h2h4,-1018,-1032,14
8/5ppp/p3n3/1b1pk3/7P/4K3/P7/8 w - - 1 36,h4h5,-1007,-1027,20
rnbqkbnr/pppppppp/8/8/8/8/PPPPPPPP/RNBQKBNR w KQkq - 0 1,e2e4,32,29,-3
r1bqkb1r/ppp2pp1/2np1n1p/4p3/2B1P3/2N2N2/PPPP1PPP/R1BQ1RK1 w kq - 0 6,h2h3,38,25,-13
r3k2r/pppq1pp1/3p3p/2n1p3/8/5N1P/PPPP1PP1/R1BQ1RK1 w kq - 0 12,d2d4,585,535,-50
4rrk1/ppp2pp1/3p1q2/2n5/3N2Q1/4B2P/PPP2PP1/R4RK1 w - - 3 17,c2c3,589,534,-55
4rrk1/ppp2pp1/3p1q2/8/3N2Q1/2PnB2P/PP3PP1/R4RK1 w - - 1 18,b2b3,533,554,21
5r2/pp3p1k/2p2p2/3pnN2/3Br3/1PP4P/P4PP1/3R1RK1 w - - 2 24,f2f3,637,552,-85
2N5/Bp1r1p2/2p3k1/3pnp2/8/1PP2P1P/P4KP1/3R4 w - - 0 32,c3c4,626,544,-82
2N5/Bp1n1p2/2p3k1/5p2/2p5/1P3P1P/P4KP1/8 w - - 0 34,b3c4,561,560,-1
8/Bp1n1p2/2pNk3/5p2/2P5/5P1P/P4KP1/8 w - - 3 36,c4c5,609,534,-75
8/B4p2/2pnk3/2P2p2/5K2/5P1P/P5P1/8 w - - 0 41,c5d6,722,773,51
8/B4p2/3k4/2p2K2/8/5P1P/P5P1/8 w - - 0 43,h3h4,774,812,38
8/5p2/8/3k4/5K1P/2p1BP2/P5P1/8 w - - 0 46,h4h5,696,726,30
8/5p2/8/7P/2k2K2/2p1BP2/P5P1/8 w - - 1 47,h5h6,881,920,39
8/5p2/7P/8/5K2/2pkBP2/P5P1/8 w - - 1 48,h6h7,982,990,8
8/5p1P/8/8/5K2/3kBP2/P1p3P1/8 w - - 0 49,h7h8q,1003,1039,36
4Q3/8/8/5p2/5K2/5P2/P1k3P1/2B5 w - - 2 52,a2a4,1106,1096,-10
rnbqkbnr/pppppppp/8/8/8/8/PPPPPPPP/RNBQKBNR w KQkq - 0 1,d2d4,30,26,-4
rnbqkb1r/pppppppp/5n2/8/3P4/8/PPP1PPPP/RNBQKBNR w KQkq - 1 2,e2e3,31,11,-20
rnbqkb1r/pppp1ppp/4pn2/8/3P4/4P3/PPP2PPP/RNBQKBNR w KQkq - 0 3,g2g3,12,-14,-26
rnbq1rk1/pp2bppp/2p1pn2/3p4/3P4/4P1P1/PPP1NPBP/RNBQ1RK1 w - - 4 7,a2a3,14,-8,-22
rn1q1rk1/pp1bbppp/2p1pn2/3p4/3P4/P3P1P1/1PP1NPBP/RNBQ1RK1 w - - 1 8,b2b4,21,-49,-70
rn1q1rk1/p2bbppp/1p2pn2/2pp4/1P1P4/P3P1P1/1BP1NPBP/RN1Q1RK1 w - - 0 10,d4c5,59,58,-1
rn1q1rk1/p2bbppp/4pn2/2pp4/1P6/P3P1P1/1BP1NPBP/RN1Q1RK1 w - - 0 11,b4c5,66,-30,-96
r2q1rk1/p2b1ppp/2n1pn2/2bp4/8/P3P1P1/1BPNNPBP/R2Q1RK1 w - - 2 13,c2c4,51,57,6
3q1rk1/p2b1ppp/4pn2/3pn3/2P5/b3P1P1/3NNPBP/1R1Q1RK1 w - - 2 17,c4d5,195,223,28
3q1rk1/p4pp1/5n1p/4n3/3b4/1Q2P1P1/3N1PKP/1R3R2 w - - 0 23,e3d4,264,251,-13
5rk1/p4pp1/7p/4n3/8/4q1P1/5PKP/3R1R2 w - - 0 28,f2e3,84,79,-5
8/5pp1/6kp/R7/8/3nPKP1/7P/8 w - - 3 34,h2h4,413,321,-92
8/6p1/R4pkp/8/2n2K1P/4P1P1/8/8 w - - 4 37,e3e4,314,256,-58
8/6p1/R4pkp/4n3/4PK1P/6P1/8/8 w - - 1 38,g3g4,263,265,2
8/R5p1/5pkp/4n3/4PK1P/8/8/8 w - - 2 42,h4h5,79,73,-6
rnbqkbnr/pppppppp/8/8/8/8/PPPPPPPP/RNBQKBNR w KQkq - 0 1,e2e3,25,12,-13
rnbqkbnr/ppp2ppp/8/3p4/4p3/4P3/PPPPBPPP/RNBQK1NR w KQkq - 0 4,f2f3,-89,-134,45
rnbqkbnr/ppp3pp/8/3p1p2/4p3/4PP2/PPPPB1PP/RNBQK1NR w KQkq - 0 5,f3e4,-80,-91,11
r3kb1r/ppp4p/2q2np1/3p2N1/1n2p3/N3P2Q/PPPP2PP/R1B1K2R w KQkq - 7 13,c2c3,41,-320,-361
2kr1b1r/ppp2q2/7p/1N1pQNp1/4pn2/2PnP3/PP1PK1PP/R1B4R w - - 12 22,e3f4,-707,-887,180
2kr1r2/ppp2q2/7p/3p4/3Np3/2P1K3/PP1P2PP/R1B4R w - - 3 29,d2d3,-689,-10000,9311
rnbqkbnr/pppppppp/8/8/8/8/PPPPPPPP/RNBQKBNR w KQkq - 0 1,e2e4,30,31,1
r1bqkb1r/pppp1ppp/2n2n2/4p3/2B1P3/5N2/PPPP1PPP/RNBQK2R w KQkq - 4 4,d2d3,16,15,-1
r1bqk2r/pppp1ppp/2n2n2/2b1p3/2B1P3/3P1N2/PPP2PPP/RNBQK2R w KQkq - 1 5,c2c3,14,12,-2
r1bqk2r/ppp2ppp/2np1n2/2b1p3/2B1P3/2PP1N2/PP3PPP/RNBQK2R w KQkq - 0 6,a2a4,11,-1,-12
r2qk2r/ppp2ppp/3p4/n1b1p2n/P3P1b1/2PP1N2/BP3PPP/RNBQ1RK1 w kq - 5 9,b2b4,419,388,-31
r2qk2r/ppp2ppp/1b1p4/n3p2n/PP2P1b1/2PP1N2/B4PPP/RNBQ1RK1 w kq - 1 10,b4a5,552,577,25
Q7/p4kpp/1b6/4p1q1/P3Pn2/B1P5/5PPP/RN3RK1 w - - 1 24,g2g3,845,695,-150
4Q3/p3B1p1/7k/4p1qp/P3Pn2/2P3P1/4K2P/RN3R2 w - - 3 30,g3f4,1036,864,-172
rnbqkbnr/pppppppp/8/8/8/8/PPPPPPPP/RNBQKBNR w KQkq - 0 1,e2e4,28,27,-1
rnbqk2r/ppp1ppbp/3p1np1/8/2B1P3/2N2N2/PPPP1PPP/R1BQK2R w KQkq - 2 5,d2d3,45,-7,-52
r2q1rk1/ppp2pbp/2npbnp1/4p3/2B1P3/2NPBN2/PPPQ1PPP/2KR3R w - - 4 9,h2h4,59,62,3
r2q1rk1/ppp2pbp/2np1np1/4p3/2b1P2P/2NPBN2/PPPQ1PP1/2KR3R w - - 0 10,d3c4,73,79,6
r4rk1/ppp1qpbp/2np2p1/3np3/2P1P2P/4BN2/PPPQ1PP1/2KR3R w - - 0 12,e4d5,164,125,-39
r4r2/ppp2pkp/3p2p1/3P4/2P1q2P/8/PPPQ1PP1/2KR3R w - - 0 16,g2g3,172,121,-51
r4r2/ppp2pkp/3p2p1/3P4/2q4P/6P1/PPPQ1P2/2KR3R w - - 0 17,h4h5,116,115,-1
r4r2/ppp2pkp/3p2p1/3P3P/8/6P1/qPPQ1P2/2KR3R w - - 0 18,h5h6,126,130,4
r4rk1/ppp4p/3p1ppP/3P4/3Q4/6P1/qPP2P2/2KR3R w - - 0 20,f2f4,64,-35,-99
r4rk1/ppp4p/3p1ppP/q2P4/3Q1P2/6P1/1PP5/2KR3R w - - 1 21,g3g4,29,-18,-47
4rrk1/ppp4p/3p1ppP/2qP4/5PP1/3Q4/1PP5/2KR3R w - - 3 23,f4f5,-68,-82,14
5rk1/ppp4p/3p1p1P/3P1PpR/6P1/4r3/1PP5/2KR4 w - - 0 26,b2b3,-197,-207,10
8/pp3k1p/2pp1p1P/3P1Pp1/2R3P1/1P6/1KP5/5r2 w - - 0 34,d5c6,246,226,-20
6k1/7p/R2p1p1P/5Pp1/3r4/1P6/1KP5/8 w - - 2 39,c2c4,164,175,11
rnbqkbnr/pppppppp/8/8/8/8/PPPPPPPP/RNBQKBNR w KQkq - 0 1,e2e4,34,28,-6
r1bqk2r/ppp2ppp/2p2n2/2b1p3/4P3/5N2/PPPP1PPP/RNBQ1RK1 w kq - 2 6,d2d3,11,13,2
r2q1rk1/ppp2p2/2p4p/2b1p1p1/4P1b1/3P1Nn1/PPPN1PPP/R3QRK1 w - - 0 12,h2g3,2,6,4
r2q1rk1/ppp5/2p2p1p/2b1p1p1/4P1b1/3P1NP1/PPPN1PP1/R3QRK1 w - - 0 13,a2a3,19,-9,-28
r2q1rk1/1pp5/2p2p1p/p1b1p1pb/4P3/P2P2P1/1PPN1PPN/R3QRK1 w - - 2 15,g3g4,0,12,12
r2q1rk1/2p2b2/2p2p1p/ppb1p1p1/4P1P1/P2P4/1PPNQPPN/R4RK1 w - - 0 17,c2c3,56,44,-12
r2q1rk1/2p2b2/1bp2p1p/pp2p1p1/4P1P1/P1PP4/1P1NQPPN/R4RK1 w - - 1 18,c3c4,51,-34,-85
r2q1rk1/2p2b2/1bp2p1p/1p2p1p1/p1P1P1P1/P2P1N2/1P2QPPN/1R3RK1 w - - 2 21,b2b4,-66,-118,52
r4rk1/2pq1b2/2p2p1p/1pb1p1p1/2P1P1P1/PR1P1N2/4QPPN/3R2K1 w - - 3 24,d3d4,-110,-228,118
r4rk1/2pq4/2p2p1p/1pb1p1p1/2bPP1P1/PR3N2/4QPPN/3R2K1 w - - 0 25,d4c5,22,0,-22
2r3k1/2pR4/2p2p1p/1pP1p1p1/r3P1P1/PR6/3NbPPN/6K1 w - - 3 28,f2f3,369,357,-12
r7/2p5/2p2pk1/1pP3pp/4P1P1/PR1pNP2/3Nb1P1/4K3 w - - 0 36,g2g3,445,384,-61
3k4/8/8/6p1/4P3/6P1/r2p4/3K4 w - - 4 55,g3g4,-633,-1013,380
8/4k3/8/6p1/4P1P1/8/r2p4/3K4 w - - 1 56,e4e5,-1078,-1120,42
rnbqkbnr/pppppppp/8/8/8/8/PPPPPPPP/RNBQKBNR w KQkq - 0 1,e2e4,26,33,7
rnbqkbnr/ppp1pppp/8/3p4/4P3/8/PPPP1PPP/RNBQKBNR w KQkq - 0 2,e4d5,63,56,-7
rnbqkb1r/p1p2ppp/1p2pn2/8/8/2N2N2/PPPPBPPP/R1BQ1RK1 w kq - 0 7,d2d4,102,90,-12
2r2rk1/p4p1p/1p2p1p1/8/3P2R1/6Q1/q1P2PPP/5RK1 w - - 0 21,c2c3,-226,-333,107
2r2rk1/p4p1p/1p2p1p1/8/3P2R1/2P3Q1/3q1PPP/5RK1 w - - 1 22,h2h4,-332,-360,28
2r2rk1/p3qp1p/1p2p1p1/4Q3/3P2RP/8/5PP1/5RK1 w - - 6 26,h4h5,-201,-240,39
2rr2k1/p3qp1p/1p2p1p1/4Q2P/3P2R1/8/5PP1/5RK1 w - - 1 27,h5h6,-220,-266,46
6k1/p3q2p/1p4pP/4ppR1/3r4/4Q3/5PP1/6K1 w - - 0 33,f2f4,-245,-414,169
rnbqkbnr/pppppppp/8/8/8/8/PPPPPPPP/RNBQKBNR w KQkq - 0 1,d2d4,33,18,-15
rnbqkbnr/ppp1pppp/8/3p4/3P4/8/PPP1PPPP/RNBQKBNR w KQkq - 0 2,c2c4,24,27,3
rnbqkb1r/ppp2ppp/4pn2/6B1/2pP4/2N5/PP2PPPP/R2QKBNR w KQkq - 0 5,e2e4,23,19,-4
rn1qk2r/1bp1bpp1/p3pn1p/1p6/3PP2B/1BN2N2/PP3PPP/R2QK2R w KQkq - 2 10,e4e5,128,35,-93
1n3rk1/r3qpp1/2p4p/pp1pP3/3P4/5N2/PPQ2PPP/2R1R1K1 w - - 0 18,a2a4,181,61,-120
1n3rk1/r3qpp1/2p4p/p2pP3/Pp1P4/5N2/1PQ2PPP/2R1R1K1 w - - 0 19,b2b3,195,95,-100
1n3rk1/2r1qpp1/7p/p1ppP3/Pp1P4/1P3N2/4QPPP/2R1R1K1 w - - 0 21,e5e6,127,18,-109
1n3rk1/2r1q1p1/4Pp1p/p1pp4/Pp1P4/1P3N2/4QPPP/2R1R1K1 w - - 0 22,d4c5,390,341,-49
1n2q1k1/6p1/4Pp1p/p1rp1N2/Pp6/1P6/4QPPP/4R1K1 w - - 2 26,e6e7,533,520,-13
4q1k1/4P3/1r3ppQ/p2pn3/Pp1N4/1P6/5PPP/4R1K1 w - - 9 33,f2f4,396,396,0
4q1k1/4P3/1r4p1/p2p1p2/Pp1N1PnQ/1P6/6PP/4R1K1 w - - 0 35,h2h3,382,407,25
rnbqkbnr/pppppppp/8/8/8/8/PPPPPPPP/RNBQKBNR w KQkq - 0 1,e2e4,30,29,-1
rnbqkbnr/pppp1ppp/8/4p3/4P3/8/PPPP1PPP/RNBQKBNR w KQkq - 0 2,d2d4,30,-8,-38
r1bqkbnr/pppp1ppp/2n5/4p3/3PP3/8/PPP2PPP/RNBQKBNR w KQkq - 1 3,d4d5,60,69,9
r1bqkbnr/pppp1ppp/8/3Pp3/3nP3/8/PPP2PPP/RNBQKBNR w KQkq - 1 4,c2c3,437,432,-5
r1b1kbnr/pppp1ppp/5q2/3Pp3/3nP3/2P5/PP3PPP/RNBQKBNR w KQkq - 1 5,c3d4,584,557,-27
r1b1k1nr/pp1p1ppp/5q2/2pP4/1b1pP3/5N2/PP1N1PPP/R1BQKB1R w KQkq c6 0 8,a2a3,605,537,-68
r1b1k2r/pp3ppp/3p1q1n/b1pP4/3pP3/P2B1N2/1P1N1PPP/R1BQ1RK1 w kq - 2 11,h2h3,670,504,-166
r1b2rk1/pp3ppp/3p1q1n/b1pP4/3pP3/P2B1N1P/1P1N1PP1/R1BQ1RK1 w - - 1 12,b2b4,562,529,-33
r1b2rk1/ppb2ppp/3p1q1n/2pP4/1P1pP3/P2B1N1P/3N1PP1/R1BQ1RK1 w - - 1 13,b4c5,532,557,25
r1b2rk1/p1b2ppp/1p5q/2pP4/3pP3/PN1B1N1P/5PP1/R2Q1RK1 w - - 0 16,e4e5,354,393,39
r1b2rk1/p1b3pp/1p3p1q/2pPP3/3p4/PN1B1N1P/5PP1/R2Q1RK1 w - - 0 17,d5d6,432,383,-49
r1bb1r1k/p5pp/1p1P1p1q/2p1P3/2Bp4/PN3N1P/5PP1/R2Q1RK1 w - - 3 19,e5e6,586,584,-2
1rbb1r1k/p5pp/3PP2q/1pNB1p2/3p4/P4N1P/5PP1/R2Q1RK1 w - - 0 22,e6e7,751,763,12
1rbbr2k/p3P1pp/3P3q/1pNB1p2/3p4/P4N1P/5PP1/R2Q1RK1 w - - 1 23,e7d8r,901,854,-47
2b3k1/8/p5rp/1pN5/1Q3p2/P5pP/5PPK/3r4 w - - 0 40,f2g3,-10000,-10000,0
rnbqkbnr/pppppppp/8/8/8/8/PPPPPPPP/RNBQKBNR w KQkq - 0 1,e2e4,33,29,-4
r1bqkbnr/pppp1ppp/2n5/4p3/2B1P3/8/PPPP1PPP/RNBQK1NR w KQkq - 2 3,d2d3,15,14,-1
r1b1kbnr/pp3pp1/2pp1q1p/4p2Q/2B1P3/2NP4/PPP2PPP/R1B2RK1 w kq - 0 9,b2b4,104,49,-55
2kr1bnr/pp3pp1/2ppq2p/4p2Q/1P2P3/2NP4/P1P2PPP/R1B1R1K1 w - - 2 12,h2h3,117,31,-86
2kr1b1r/pp3p2/2ppqn1p/4p1p1/1P2P3/2NP1Q1P/P1P2PP1/R1B1R1K1 w - - 0 14,g2g4,52,-80,-132
2kr1b1r/pp3p2/2ppqn2/4p1pp/1P2P1P1/2NP1Q1P/P1P2P2/R1B1R1K1 w - - 0 15,g4h5,-37,-210,173
rnbqkbnr/pppppppp/8/8/8/8/PPPPPPPP/RNBQKBNR w KQkq - 0 1,d2d4,26,25,-1
rnbqkbnr/ppp1pppp/8/3p4/3P4/8/PPP1PPPP/RNBQKBNR w KQkq - 0 2,c2c4,26,29,3
rnbqkbnr/pp2pppp/2p5/8/2pP1B2/8/PP2PPPP/RN1QKBNR w KQkq - 0 4,e2e3,-31,-52,21
rnbqkbnr/p3pppp/2p5/1p6/2pP1B2/4P3/PP3PPP/RN1QKBNR w KQkq - 0 5,a2a4,-55,-67,12
rnb1kbnr/p3pppp/1qp5/1p6/P1pP1B2/4P3/1P3PPP/RN1QKBNR w KQkq - 1 6,a4b5,-46,-106,60
1q2kbnr/r3pppp/p3b3/1p1N4/2pPQ3/4P3/1P3PPP/R3KBNR w KQk - 0 12,g2g3,-166,-253,87
rnbqkbnr/pppppppp/8/8/8/8/PPPPPPPP/RNBQKBNR w KQkq - 0 1,e2e4,31,27,-4
r1bqk1nr/pppp1ppp/2n5/2b1p3/2B1P3/5N2/PPPP1PPP/RNBQK2R w KQkq - 4 4,d2d3,14,11,-3
r1bqk1nr/ppp2ppp/2np4/2b1p3/2B1P3/3P1N2/PPP2PPP/RNBQK2R w KQkq - 0 5,c2c3,11,16,5
r2q1k1r/pp6/2ppB2p/n1b1p1p1/4P3/2PP1Nn1/PP1N1PPP/R3K2R w KQ - 0 15,h2g3,-484,-334,-150
r4k1r/pp6/2pp1q2/n1b1p1pp/4P3/2PP1NPB/PP1N1PP1/R3K2R w KQ - 0 17,g3g4,-350,-621,271
rnbqkbnr/pppppppp/8/8/8/8/PPPPPPPP/RNBQKBNR w KQkq - 0 1,e2e4,29,27,-2
r1bqk1nr/ppp2ppp/2np4/2b1p3/4P3/3B1N2/PPPP1PPP/RNBQ1RK1 w kq - 0 5,a2a3,16,-27,-43
r1bqk1nr/1pp2ppp/p1np4/2b1p3/4P3/P2B1N2/1PPP1PPP/RNBQ1RK1 w kq - 0 6,b2b4,-5,-23,18
r1bqk1nr/bpp2pp1/p1np3p/4p3/1PB1P3/P4N2/2PP1PPP/RNBQ1RK1 w kq - 0 8,d2d4,5,-175,-180
r1b2rk1/b1p1npp1/p2p1q1p/1p6/1PnNP3/P1Q3B1/2P2PPP/RN2R1K1 w - - 0 15,e4e5,-585,-647,62
rnbqkbnr/pppppppp/8/8/8/8/PPPPPPPP/RNBQKBNR w KQkq - 0 1,c2c4,29,9,-20
rnb1kb1r/ppppqppp/5n2/6N1/2P1p3/2N5/PP1PPPPP/R1BQKB1R w KQkq - 2 5,d2d4,120,13,-107
rn2kb1r/p1pbqpp1/1p1p1n1p/8/2PPp3/1QN4N/PP2PPPP/R1B1KB1R w KQkq - 0 9,e2e3,41,8,-33
rn2kb1r/p1p1qpp1/1p1p1n1p/8/2PPp3/1QN1P2b/PP3PPP/R1B1KB1R w KQkq - 0 10,g2h3,93,96,3
4kb1r/1r1nqppn/pp1p3p/2p5/1BPPN3/1Q2P2P/PP3PBP/R3K2R w KQk - 0 17,d4c5,315,67,-248
1r3rk1/5pp1/p4bqp/1p1R4/2P5/1Q2P2P/PP3PBP/3R2K1 w - - 0 27,c4c5,252,260,8
1r3rk1/5pp1/5b1p/ppPR4/8/1R2P2P/P4PBP/6K1 w - - 2 31,c5c6,312,347,35
2r3k1/5pp1/2P4p/pR6/8/2b1P2P/P4PBP/6K1 w - - 1 34,a2a4,395,350,-45
8/7R/3k4/p2B2p1/P7/4PK1P/2r2P2/4b3 w - - 9 48,e3e4,48,41,-7
8/8/R4K2/p2r4/P2k4/7P/3b4/8 w - - 0 56,h3h4,-427,-466,39
rnbqkbnr/pppppppp/8/8/8/8/PPPPPPPP/RNBQKBNR w KQkq - 0 1,e2e4,31,25,-6
rnbqkbnr/ppp1pppp/8/3p4/4P3/8/PPPP1PPP/RNBQKBNR w KQkq - 0 2,e4d5,59,60,1
r1b1kbnr/p1p1pppp/1pn1q3/8/8/2N2N2/PPPPBPPP/R1BQ1RK1 w kq - 4 7,b2b3,508,171,-337
r1b1kbnr/p1p1pppp/1pq5/1N6/8/1P6/PBPPBPPP/1R1Q1RK1 w kq - 4 12,d2d4,528,308,-220
r1b1kbnr/p1pqpppp/1p6/1N6/3P4/1P6/PBP1BPPP/1R1Q1RK1 w kq - 1 13,a2a4,323,289,-34
rnbqkbnr/pppppppp/8/8/8/8/PPPPPPPP/RNBQKBNR w KQkq - 0 1,d2d4,31,27,-4
rnbqkb1r/pppppppp/5n2/8/3P4/8/PPP1PPPP/RNBQKBNR w KQkq - 1 2,e2e3,29,11,-18
rnbqkb1r/ppp1pppp/5n2/3p4/3P4/4P3/PPP2PPP/RNBQKBNR w KQkq - 0 3,g2g3,11,-24,-35
rnbq1rk1/ppp1bppp/4pn2/3p4/3P4/4P1P1/PPP1NPBP/RNBQK2R w KQ - 4 6,b2b3,-11,-18,7
r2q1rk1/pp1bbpp1/2n1pn1p/3p4/8/1P2P1P1/PBPNNPBP/R2QK2R w KQ - 0 11,c2c4,-8,-29,21
8/3b1pk1/p3pn1p/1p2q1p1/8/1P2P1P1/P2R1PNP/5BK1 w - - 2 28,h2h4,-573,-583,10
8/5pk1/p1b1pn1p/1p2q1p1/7P/1P2P1P1/P2R1PN1/5BK1 w - - 1 29,h4g5,-574,-617,43
8/5pk1/p7/3q2p1/1p1p4/1Pn1P1P1/P1K2P2/8 w - - 0 44,e3d4,-10000,-10000,0
8/5pk1/p7/6p1/1p1q4/1Pn3P1/P1K2P2/8 w - - 0 45,a2a4,-10000,-10000,0
rnbqkbnr/pppppppp/8/8/8/8/PPPPPPPP/RNBQKBNR w KQkq - 0 1,e2e4,32,31,-1
rnbqkbnr/pp1ppppp/8/2p5/4P3/8/PPPP1PPP/RNBQKBNR w KQkq - 0 2,d2d4,37,2,-35
rnbqkbnr/pp1ppppp/8/8/3pP3/8/PPP2PPP/RNBQKBNR w KQkq - 0 3,c2c3,0,-36,-36
r1b1k2r/2qpbppp/p1n1pn2/1p6/4P3/1BN1BN2/PP2QPPP/2R2RK1 w kq - 8 12,e4e5,111,59,-52
r1b1k2r/2qpbppp/p1n1p3/1p2P3/4N3/1B2nN2/PP2QPPP/2R2RK1 w kq - 0 14,f2e3,9,-84,-93
4k2r/3pb1pp/p3p1q1/1p3p2/8/4PQ2/PPr3PP/5RK1 w k - 0 24,g2g3,-858,-951,93
5rk1/3pb1pp/p3p1q1/1p3p2/8/4PQP1/PPr4P/5RK1 w - - 1 25,e3e4,-967,-1060,93
6k1/3p2pp/p3p2q/1pb5/4p3/6P1/PPr4P/5Q1K w - - 3 29,h2h4,-10000,-10000,0
rnbqkbnr/pppppppp/8/8/8/8/PPPPPPPP/RNBQKBNR w KQkq - 0 1,e2e4,24,28,4
r1bqkbnr/pppp1ppp/2n5/4p3/4P3/5N2/PPPP1PPP/RNBQKB1R w KQkq - 2 3,d2d4,24,13,-11
r1b1kb1r/pppp1pp1/2n2q1p/4p3/3PP3/5N2/PPP2PPP/RN1QKB1R w KQkq - 0 6,d4d5,-19,-20,1
r1b1kb1r/pppp1pp1/5q1p/3Pp3/1n2P3/5N2/PPP2PPP/RN1QKB1R w KQkq - 1 7,c2c3,50,21,-29
r1b1k2r/p2p1pp1/p1p4p/2bPN2q/4P3/2P2N2/PP3PPP/R2Q1RK1 w kq - 1 13,d5c6,425,412,-13
r1br2k1/p4pp1/p1PN3p/2b4q/4P3/2P2N2/PP3PPP/R2Q1RK1 w - - 1 16,e4e5,359,391,32
r7/p5p1/p1PN2kp/4P3/8/2P4b/PP3KPP/R7 w - - 0 26,g2h3,888,837,-51
8/p5p1/pr1N3p/3KP1k1/8/2P4P/PP5P/5R2 w - - 4 31,e5e6,815,817,2
rnbqkbnr/pppppppp/8/8/8/8/PPPPPPPP/RNBQKBNR w KQkq - 0 1,d2d4,24,23,-1
rnbqkbnr/ppp1pppp/8/3p4/3P4/8/PPP1PPPP/RNBQKBNR w KQkq - 0 2,c2c4,26,22,-4
rnbqkbnr/pp2pppp/8/2p5/2pP4/2N5/PP2PPPP/R1BQKBNR w KQkq - 0 4,d4d5,41,39,-2
rnb1kbnr/pp2pppp/8/q1pP4/2p5/2N5/PP2PPPP/R1BQKBNR w KQkq - 1 5,e2e4,130,112,-18
rnb1kb1r/pp3ppp/5n2/q1pp4/2B1P3/2N5/PP1B1PPP/R2QK1NR w KQkq - 0 8,e4d5,173,173,0
rn3k1r/pp3ppp/3b4/3P4/8/1p3Q2/PB3PPP/2R1R1K1 w - - 0 19,a2b3,10000,813,-9187
rnbqkbnr/pppppppp/8/8/8/8/PPPPPPPP/RNBQKBNR w KQkq - 0 1,e2e4,26,20,-6
rnbqkbnr/pppp1ppp/4p3/8/4P3/8/PPPP1PPP/RNBQKBNR w KQkq - 0 2,f2f4,50,-9,-59
rnbqkbnr/ppp2ppp/4p3/3p4/4PP2/8/PPPP2PP/RNBQKBNR w KQkq - 0 3,e4e5,-13,-22,9
rnbqkb1r/ppp2ppp/4p2n/3pP3/5P2/8/PPPP2PP/RNBQKBNR w KQkq - 1 4,d2d4,-20,-39,19
rnbqkb1r/pp3ppp/4p2n/2ppP3/3P1P2/8/PPP3PP/RNBQKBNR w KQkq - 0 5,c2c3,-39,-51,12
r3kb1r/pp1b1ppp/1qn1p2n/3pP3/3p1P2/2P2N2/PPB3PP/RNBQK2R w KQkq - 0 9,c3d4,-85,-98,13
2r1k2r/pp1b1ppp/q3p2n/3pP3/1b1P1P2/2N2N2/PPBK2PP/R1B4Q w k - 1 16,a2a3,-350,-314,-36
2r1k2r/pp1b1ppp/4p2n/q2pP3/3P1P2/P1b2N2/1PB1K1PP/R1B4Q w k - 0 18,b2c3,-566,-548,-18
5rk1/pp1b1ppp/4p2n/3pP3/3P1P2/P2r4/q2N2PP/2BQ1K2 w - - 0 24,g2g4,-898,-951,53
rnbqkbnr/pppppppp/8/8/8/8/PPPPPPPP/RNBQKBNR w KQkq - 0 1,d2d4,23,25,2
rnbqkbnr/ppp1pppp/8/3p4/3P4/8/PPP1PPPP/RNBQKBNR w KQkq - 0 2,c2c4,23,20,-3
r1bqkbnr/ppp1pppp/2n5/8/2pP4/2N5/PP2PPPP/R1BQKBNR w KQkq - 2 4,e2e3,89,28,-61
r3kb1r/pbpq1ppp/2n1pn2/8/2QP4/2N1PN2/PP3PPP/R1B2RK1 w kq - 0 10,a2a3,-336,-383,47
r3k2r/pbpq1ppp/2nbpn2/8/2QP4/P1N1PN2/1P3PPP/R1B2RK1 w kq - 1 11,b2b4,-318,-412,94
r4rk1/pbpq1ppp/2nbpn2/8/1PQP4/P1N1PN2/5PPP/R1B2RK1 w - - 1 12,e3e4,-404,-385,-19
r4rk1/pbp2ppp/2nqpn2/8/1PQPP3/P1N2N2/5PPK/R1B2R2 w - - 1 14,e4e5,203,206,3
r4rk1/pbp1qppp/2n1pn2/4P3/1PQP4/P1N2N2/5PPK/R1B2R2 w - - 1 15,e5f6,339,424,85
r4rk1/p1Q1nppp/4pq2/8/1P1P4/P1N2b2/5PP1/R1B2RK1 w - - 0 18,g2f3,1,-23,-24
6k1/p2r2rp/8/4BpN1/1P1P4/P4P2/5P2/R4RK1 w - - 1 29,f3f4,736,718,-18
8/8/8/4BR2/1P1P1P2/P1k5/5P2/6K1 w - - 1 41,d4d5,921,1035,114
8/8/8/3PBR2/1P3P2/Pk6/5P2/6K1 w - - 1 42,d5d6,1176,1216,40
8/8/3P4/4BR2/1P3P2/k7/5P2/6K1 w - - 0 43,b4b5,10000,1167,-8833
8/8/3P4/1P2BR2/1k3P2/8/5P2/6K1 w - - 1 44,b5b6,1212,10000,8788
8/8/1P1P4/1k2BR2/5P2/8/5P2/6K1 w - - 1 45,b6b7,10000,10000,0
8/1P6/1k1P4/4BR2/5P2/8/5P2/6K1 w - - 1 46,b7b8q,10000,10000,0
8/2Q5/3P4/1k2BR2/5P2/8/5P2/6K1 w - - 3 48,d6d7,10000,10000,0
8/2QP4/8/4BR2/1k3P2/8/5P2/6K1 w - - 1 49,d7d8q,10000,10000,0
rnbqkbnr/pppppppp/8/8/8/8/PPPPPPPP/RNBQKBNR w KQkq - 0 1,d2d4,22,20,-2
rnbqk1nr/ppp1pp1p/6pb/3p4/3P1B2/2N5/PPP1PPPP/R2QKBNR w KQkq - 2 4,e2e3,105,41,-64
rnbqk1nr/ppp1pp1p/6p1/3p4/3P1b2/2N1P3/PPP2PPP/R2QKBNR w KQkq - 0 5,e3f4,33,35,2
rn2k2r/pp3p1p/2p1p1pn/3p4/3P1P1q/2N5/PPP1QPPP/4RRK1 w kq - 0 13,g2g3,-563,-518,-45
rn2k2r/pp3p1p/2p1p1pn/3p4/3P1P2/2N3Pq/PPP1QP1P/4RRK1 w kq - 1 14,f4f5,-484,-494,10
rn2k2r/pp3p1p/2p1p1p1/3p1P2/3P2n1/2N3Pq/PPP1QP1P/4RRK1 w kq - 1 15,f2f3,-295,-322,27
rn2k2r/pp3p1p/2p1p1pn/3p1P2/3P4/2N2PPq/PPP1Q2P/4RRK1 w kq - 1 16,f5e6,-230,-277,47
rn5r/pp1k3p/2p1R1p1/3p1n2/3P4/2N2PP1/PPP4P/4R1K1 w - - 3 20,g3g4,-317,-336,19
7R/p1n4p/2pk2p1/3p4/2n3P1/8/PP2N1K1/8 w - - 8 33,b2b3,91,68,-23
8/p7/2pk1nN1/3p4/6P1/1P4K1/P1n5/8 w - - 1 39,g4g5,-418,-427,9
8/p7/2pk4/1n4P1/3p1N2/1P1K4/P7/8 w - - 7 48,g5g6,336,287,-49
8/p3k3/2p3P1/1n6/3p1N2/1P1K4/P7/8 w - - 1 49,a2a4,299,365,66
rnbqkbnr/pppppppp/8/8/8/8/PPPPPPPP/RNBQKBNR w KQkq - 0 1,d2d4,19,21,2
rnbk1bnr/pp3ppp/4p3/2pp4/3P4/5N2/PPP1PPPP/RN1QKB1R w KQ - 0 5,d4c5,683,695,12
rnb1k1nr/pp3ppp/3bp3/3p4/8/3N4/PPP1PPPP/RN1QKB1R w KQ - 4 8,g2g3,673,632,-41
2r1k2r/pp1bnppp/2nbp3/3p4/8/3N2P1/PPPNPPBP/R2Q1RK1 w - - 7 12,c2c4,671,661,-10
2r1k2r/pp1bnppp/2nbp3/8/2Pp4/3N2P1/PP1NPPBP/R2Q1RK1 w - - 0 13,b2b3,768,682,-86
2r1k2r/pp1b3p/2nb1pp1/4p3/2Pp4/1P1N2P1/P2NPP1P/R2Q1RK1 w - - 0 17,f2f3,622,609,-13
2rr4/pp1bbk1p/2n2pp1/4p3/2PpN3/1P1N1PP1/P2QP2P/R4RK1 w - - 5 20,e2e3,594,496,-98
2rr4/1p2bk1p/p4pp1/4pb2/2PnN3/1P1NQPP1/P6P/2R2R1K w - - 2 24,f3f4,569,488,-81
2rr4/4bk1p/pp3pp1/4pb2/2PnNP2/1P1NQ1P1/P6P/2R2R1K w - - 0 25,f4e5,576,611,35
1b6/5r2/ppk2r2/5p2/2P1b2R/1P1n2PK/P6P/8 w - - 0 41,b3b4,-1032,-10000,8968
8/1k2r3/pp6/5p2/2P5/4r1P1/n4K1P/8 w - - 0 52,h2h4,-862,-896,34
8/1k2r3/pp6/5p2/1nP4P/4r1P1/5K2/8 w - - 1 53,g3g4,-903,-10000,9097
8/1k2r3/pp6/5p2/1nP1r1PP/8/5K2/8 w - - 1 54,g4f5,-935,-10000,9065
8/1k6/pp6/6K1/1nr4P/8/8/8 w - - 0 59,h4h5,-667,-707,40
rnbqkbnr/ppp1pppp/8/3p4/8/5N2/PPPPPPPP/RNBQKB1R w KQkq - 0 2,d2d4,16,16,0
rn1qkbnr/ppp1pppp/8/3p4/3P2b1/5N2/PPP1PPPP/RNBQKB1R w KQkq - 1 3,h2h3,68,12,-56
rn1qkbnr/ppp1pppp/8/3p4/3P4/5b1P/PPP1PPP1/RNBQKB1R w KQkq - 0 4,e2f3,12,-1,-13
r2q1rk1/ppp1nppp/2n5/1Bbp4/3p4/5P1P/PPP1NPP1/R1BQR1K1 w - - 6 10,c2c3,-51,-113,62
r2q1rk1/1pp2ppp/p1n5/2bp4/3p4/2P2P1P/PP2NPP1/R1BQR1K1 w - - 0 12,c3d4,-16,-33,17
r4rk1/1pp2ppp/p1n2q2/3p4/1b1P4/5P1P/PP1BNPP1/R2QR1K1 w - - 3 14,a2a3,22,-41,-63
5rk1/1p3ppp/p1pN1q2/2np4/8/P4P1P/1P1Q1PP1/4R1K1 w - - 8 23,b2b4,-157,-320,163
5rk1/1p3ppp/p1pq4/2np4/1P6/P4P1P/3Q1PP1/4R1K1 w - - 0 24,b4c5,-297,-302,5
5rk1/1p3p1p/p1p3p1/2qp4/8/P4P1P/4QPP1/4R1K1 w - - 0 26,g2g3,-264,-404,140
4r1k1/1p3p1p/p1p3p1/8/8/P2R1PPP/5P2/6K1 w - - 1 32,f3f4,-130,-261,131
4r1k1/1p3p2/p1p3p1/7p/5P2/P2R2PP/5P2/6K1 w - - 0 33,h3h4,-132,-262,130
4r3/5pk1/p5p1/1pp4p/5P1P/PR4P1/5PK1/8 w - - 0 36,f2f3,-382,-401,19
8/5p2/p3k1p1/1p5p/4KP1P/P4PP1/8/8 w - - 3 44,g3g4,-376,-436,60
8/5p2/p3k1p1/1p6/4KPpP/P4P2/8/8 w - - 0 45,f3g4,0,0,0
8/5p2/4k1p1/pp6/4KPPP/P7/8/8 w - - 0 46,f4f5,0,-475,-475
8/5p2/4k3/pp3p2/4K1PP/P7/8/8 w - - 0 47,g4f5,-548,-549,1
8/4kp2/8/p3KP2/1p5P/P7/8/8 w - - 0 49,a3b4,-15,-17,2
8/4kp2/8/4KP2/1p5P/8/8/8 w - - 0 50,h4h5,-14,-551,537
8/4kp2/8/4KP1P/8/1p6/8/8 w - - 0 51,h5h6,-545,-551,6
8/4kp2/7P/4KP2/8/8/1p6/8 w - - 0 52,h6h7,0,-9,-9
8/4kp1P/8/4KP2/8/8/8/1q6 w - - 0 53,h7h8q,0,-906,-906
rnbqkbnr/pppppppp/8/8/8/8/PPPPPPPP/RNBQKBNR w KQkq - 0 1,e2e4,19,23,4
rnbqkbnr/ppp1pppp/8/3p4/4P3/8/PPPP1PPP/RNBQKBNR w KQkq - 0 2,e4d5,61,63,2
rnbqk1nr/ppp1bppp/4p3/8/2B5/2N2N2/PPPP1PPP/R1BQK2R w KQkq - 2 6,d2d3,63,12,-51
rn1qk1nr/1bp1bppp/p3p3/1p6/8/1BNP1N2/PPP2PPP/R1BQ1RK1 w kq - 2 9,a2a3,10,-56,-66
r2q1rk1/1b1n1pp1/p3pn1p/1pp5/7B/PB1P1N2/1PP2PPP/R2Q1RK1 w - - 2 17,d3d4,-10,-67,57
r4rk1/1bqn1pp1/p3pn1p/1p6/2pP3B/P4N2/BPP2PPP/R2Q1RK1 w - - 2 19,b2b3,-44,-154,110
r4rk1/1bqn1pp1/p3pn1p/1p6/3P3B/Pp3N2/B1P2PPP/R2Q1RK1 w - - 0 20,c2b3,-98,-135,37
r4rk1/1b1n1pp1/pq2pn1p/1p6/3P3B/PP3N2/B4PPP/R2Q1RK1 w - - 1 21,b3b4,-105,-123,18
2r3k1/1b3p2/p3p1pp/1p2B3/1P6/P1n2q2/5PPP/1B2R1K1 w - - 0 35,g2f3,-313,-320,7
2r3k1/5p2/p3p1p1/1p2B2p/1P6/P4b2/5P1P/4R1K1 w - - 0 38,h2h4,-202,-230,28
8/6B1/p7/1p3pK1/1k5P/3b4/5P2/8 w - - 0 58,h4h5,254,4,-250
8/6B1/8/pp3pKP/1k6/3b4/5P2/8 w - - 0 59,h5h6,456,0,-456
8/6Bb/7P/1p6/pk6/4K3/5P2/8 w - - 2 62,f2f4,-20,-28,8
8/7b/5B1P/8/2k2PK1/pp6/8/8 w - - 0 66,f4f5,-610,-687,77
rnbqkbnr/pppppppp/8/8/8/8/PPPPPPPP/RNBQKBNR w KQkq - 0 1,e2e4,20,23,3
r1bqk2r/pppp1ppp/2n2n2/2b1p3/2B1P3/5N2/PPPP1PPP/RNBQK2R w KQkq - 6 5,d2d3,-5,-5,0
r1bqk2r/pppp1pp1/2n2n1p/2b1p3/2B1P3/3P1N2/PPP2PPP/RNBQK2R w KQkq - 0 6,a2a3,-3,-19,16
r1bq1rk1/1ppp1pp1/p1n2n1p/2b1p3/2B1P3/P2P1N2/1PP2PPP/RNBQ1RK1 w - - 0 8,b2b4,2,-17,-19
r1bq1rk1/bppp1pp1/p1n2n1p/4p3/1PB1P3/P2P1N2/2P2PPP/RNBQ1RK1 w - - 1 9,h2h3,-11,-12,1
r1bq1r1k/bp3ppn/p1pp3p/4p2Q/1PBnP3/P1NP3P/2P2PPN/R1B2R1K w - - 0 14,f2f4,-129,-124,-5
r2q1r1k/bp1b3n/p1pp3Q/5p2/1PB1P3/PnNP3P/2P2RPN/R6K w - - 3 19,c2b3,-322,-419,97
7k/1p1b3n/p2p4/2p5/1P1N4/PP1B1N1P/5rP1/7K w - - 0 27,b4c5,-282,-334,52
7k/1p5n/p1b5/2p5/8/PP1B1r1P/4N1P1/6K1 w - - 0 30,g2f3,27,20,-7
8/8/BpK4k/2p5/8/PP5P/8/1n6 w - - 1 39,a3a4,542,571,29
8/8/7k/2K1n3/P7/7P/8/8 w - - 1 44,a4a5,25,22,-3
rnbqkbnr/pppppppp/8/8/8/8/PPPPPPPP/RNBQKBNR w KQkq - 0 1,e2e4,25,28,3
r1b1kb1r/pppp1p1p/2q2np1/4p3/4P3/2N2Q2/PPPP1PPP/R1B1K1NR w KQkq - 2 7,d2d3,3,-18,-21
rnbqkbnr/pppppppp/8/8/8/8/PPPPPPPP/RNBQKBNR w KQkq - 0 1,e2e4,24,22,-2
rnbqkbnr/pp1ppppp/8/2p5/4P3/8/PPPP1PPP/RNBQKBNR w KQkq - 0 2,d2d4,29,-2,-31
rnbqkbnr/pp1ppppp/8/8/3pP3/8/PPP2PPP/RNBQKBNR w KQkq - 0 3,c2c3,13,-36,-49
rn1qkbnr/pp2pppp/8/3p4/4P1b1/2PBBN2/PP3PPP/RN1QK2R w KQkq - 0 7,e4d5,233,149,-84
2k2bnr/pp2pppp/q7/3Bn3/2N5/2P1B3/PP2QPPP/2KR4 w - - 4 17,b2b3,505,303,-202
2k4r/p4ppp/2Bbpn2/8/2p5/qPP1B3/PQ3PPP/2KR4 w - - 0 23,b3b4,273,284,11
rnbqkbnr/pppppppp/8/8/8/8/PPPPPPPP/RNBQKBNR w KQkq - 0 1,e2e4,23,20,-3
rnbqkbnr/pp1p1ppp/8/2p1p3/2B1P3/8/PPPP1PPP/RNBQK1NR w KQkq - 0 3,d2d3,59,60,1
rnbqkb1r/pp2npp1/3p3p/2p1p3/2B1P3/3P1N2/PPP2PPP/RNBQ1RK1 w kq - 2 6,h2h3,93,56,-37
r1bqk2r/pp2bpp1/2np2np/1Bp1p3/4P3/2NP1N1P/PPP2PP1/R1BQ1RK1 w kq - 5 9,b2b3,1,-50,-51
r1bq1rk1/pp2b1p1/2np2np/1Bp1pp2/4P3/1PNP1N1P/PBP2PP1/R2Q1RK1 w - - 0 11,e4f5,-86,-115,29
r2q1rk1/p5p1/2pp3p/2p1p3/7b/1P1PN2b/PBP2PP1/R2Q1RK1 w - - 0 16,g2h3,140,282,142
r4rk1/p5p1/2pp1q1p/2p1p3/7b/1P1PN2P/PBP2P2/R2Q1RK1 w - - 1 17,f2f3,308,18,-290
rnbqkbnr/pppppppp/8/8/8/8/PPPPPPPP/RNBQKBNR w KQkq - 0 1,e2e3,19,12,-7
rnbqkbnr/pppp1ppp/8/4p3/8/4P3/PPPP1PPP/RNBQKBNR w KQkq - 0 2,g2g3,12,-63,-75
rnbqkb1r/pppp1ppp/5n2/4p3/8/4P1P1/PPPP1P1P/RNBQKBNR w KQkq - 1 3,b2b3,-25,-86,61
rnbqk2r/1ppp1ppp/5n2/4p3/1p6/1P2P1P1/P1PP1P1P/RN1QKBNR w KQkq - 0 6,h2h4,-127,-208,81
rnbqk2r/2pp1ppp/1p3n2/4p3/1p5P/1P2P1P1/P1PP1P2/RN1QKBNR w KQkq - 0 7,h4h5,-141,-182,41
rn1qk2r/1bpp1ppp/1p3n2/4p2P/1p6/1P2P1P1/P1PP1P2/RN1QKBNR w KQkq - 1 8,f2f3,-181,-284,103
rnbqkbnr/pppppppp/8/8/8/8/PPPPPPPP/RNBQKBNR w KQkq - 0 1,e2e4,22,21,-1
r1bqk1nr/ppppnppp/3b4/1B2p3/4P3/5N2/PPPP1PPP/RNBQ1RK1 w kq - 6 5,c2c3,200,51,-149
r1bqk1nr/pppp1ppp/3b2n1/1B2p3/4P3/2P2N2/PP1P1PPP/RNBQ1RK1 w kq - 1 6,d2d4,138,151,13
r1bqk1nr/ppbp1ppp/2p3n1/4p3/B2PP3/2P2N2/PP3PPP/RNBQ1RK1 w kq - 2 8,d4d5,102,55,-47
r2q1rk1/pbb2ppp/2pp2nn/1p1Pp1N1/4P3/1BP2N2/PP3PPP/R1BQ1RK1 w - - 0 13,c3c4,36,-61,-97
r1bq1rk1/p1b2ppp/3p2nn/2pPp1N1/2B1P3/5N2/PP1B1PPP/R2Q1RK1 w - - 2 16,h2h3,-20,-57,37
r1bq1r1k/p1b2ppp/3p2nn/2pPp1N1/2B1P3/5N1P/PP1B1PP1/R2Q1RK1 w - - 1 17,b2b4,-65,-135,70
r1bq1rnk/p1b2ppp/3p2n1/3Pp1N1/1BB1P3/5N1P/P4PP1/R2Q1RK1 w - - 1 19,h3h4,-236,-279,43
r2q1rnk/p1b2ppp/3p2n1/3Pp1N1/4P1b1/5N2/P2BBPP1/R2Q1RK1 w - - 4 22,g2g3,73,-160,-233
rnbqkbnr/pppppppp/8/8/8/8/PPPPPPPP/RNBQKBNR w KQkq - 0 1,e2e4,25,24,-1
rnbqkbnr/pp1ppppp/8/2p5/4P3/8/PPPP1PPP/RNBQKBNR w KQkq - 0 2,c2c3,29,13,-16
rnbqkb1r/pp2pppp/5n2/2pp4/4P3/2PB4/PP1P1PPP/RNBQK1NR w KQkq - 0 4,e4d5,-5,-54,49
r3kb1r/pp1npppp/5n2/2p5/8/2P5/PP1PQPqP/RNB1K1NR w KQkq - 0 8,d2d4,-261,-731,470
r3kb1r/pp1npppp/5n2/8/3pq3/2P1B3/PP3P1P/RN2KQN1 w Qkq - 0 11,c3d4,-723,-702,-21
8/pp2kp1p/1n2pn2/6B1/3P4/3q4/PP3P1P/K5Q1 w - - 1 27,f2f4,-459,-502,43
8/pp2kp1p/4pn2/6B1/2nP1P2/3q4/PP5P/K5Q1 w - - 1 28,f4f5,-152,-550,398
8/pp2kp1p/4pn2/5P2/3P4/8/PPqn3P/K1B3Q1 w - - 3 30,d4d5,-504,-10000,9496
rnbqkbnr/pppppppp/8/8/8/8/PPPPPPPP/RNBQKBNR w KQkq - 0 1,d2d4,20,20,0
rnbqkbnr/1pp1p1p1/p2p1p1p/8/3P4/6B1/PPP1PPPP/RN1QKBNR w KQkq - 0 5,e2e3,142,122,-20
rnbqkbnr/pppppppp/8/8/8/8/PPPPPPPP/RNBQKBNR w KQkq - 0 1,e2e4,18,21,3
rnbqkbnr/pppp1ppp/8/4p3/4P3/8/PPPP1PPP/RNBQKBNR w KQkq - 0 2,d2d4,18,-14,-32
r1bqkbnr/pppp1ppp/2n5/4p3/3PP3/8/PPP2PPP/RNBQKBNR w KQkq - 1 3,d4d5,78,75,-3
rnbqkbnr/pppp1ppp/8/3Pp3/4P3/8/PPP2PPP/RNBQKBNR w KQkq - 1 4,c2c4,95,18,-77
r2q2k1/pppbnr1p/n2p1p2/2bPp1p1/2P1P3/2N2NQ1/PP2BPPP/R1B2RK1 w - - 2 13,h2h4,104,-39,-143
r2q2k1/pppbn1rp/n2p1p2/2bPp1p1/2P1P2P/2N2NQ1/PP2BPP1/R1B2RK1 w - - 1 14,h4g5,86,93,7
r1q1b1k1/ppp5/n2p3p/2bPpnr1/2P1P3/7Q/PP2BPP1/R1B2RK1 w - - 0 20,e4f5,-12,-345,333
r5k1/ppp5/n2p4/2bPp1qB/2P5/8/PP3PP1/R4RK1 w - - 0 24,g2g4,-652,-636,-16
5rk1/ppp5/n2p1q2/3Pp2B/2P3PK/2R5/PP6/8 w - - 10 33,g4g5,-771,-822,51
rnbqkbnr/pppppppp/8/8/8/8/PPPPPPPP/RNBQKBNR w KQkq - 0 1,e2e4,26,18,-8
r1bqkbnr/pppp1pp1/2n4p/4p3/2B1P3/5N2/PPPP1PPP/RNBQK2R w KQkq - 0 4,c2c3,83,42,-41
r1b1k1nr/pppp1pp1/2n2q1p/2b1p3/2B1P3/1QP2N2/PP1P1PPP/RNB1K2R w KQkq - 3 6,d2d3,-21,-13,-8
r1b1k2r/ppQ1npp1/3p1q1p/4p3/n3P3/2PPBN2/PP3PPP/RN3RK1 w kq - 4 12,b2b3,174,178,4
r1b1k2r/ppQ1npp1/3p1q1p/4p3/4P3/1PPPBN2/Pn3PPP/RN3RK1 w kq - 1 13,d3d4,204,190,-14
r1b2rk1/ppQ1npp1/3p1q1p/4p3/3PP3/1PP1BN2/Pn3PPP/RN3RK1 w - - 1 14,d4e5,254,289,35
2r3k1/p3r1p1/1p3pbp/8/3NP3/1PP1R3/P4PPP/4R1K1 w - - 6 27,e4e5,343,131,-212
6k1/p5p1/1p4bp/4R3/3N4/1Pr5/P4PPP/6K1 w - - 0 30,h2h3,59,45,-14
6k1/1b1r2p1/p6p/1p6/8/1P2RN1P/P4PPK/8 w - - 6 37,a2a4,74,11,-63
6k1/1b1r2p1/p6p/8/p7/1P2RN1P/5PPK/8 w - - 0 38,b3a4,14,18,4
rnbqkbnr/pppppppp/8/8/8/8/PPPPPPPP/RNBQKBNR w KQkq - 0 1,b2b4,23,-23,-46
r1bqkbnr/pppp1ppp/2n5/4p3/1P6/8/PBPPPPPP/RN1QKBNR w KQkq - 2 3,b4b5,139,133,-6
r1bqkbnr/pppp1ppp/8/1P2p3/3n4/8/PBPPPPPP/RN1QKBNR w KQkq - 1 4,e2e3,178,170,-8
r1bqkbnr/ppp2ppp/3p4/1P2pn2/8/3BP3/PBPP1PPP/RN1QK1NR w KQkq - 0 6,c2c4,14,10,-4
r1bqkbnr/ppp2ppp/3p4/1P2p3/2P4n/3BP3/PB1P1PPP/RN1QK1NR w KQkq - 1 7,g2g3,41,45,4
rnbqkbnr/pppppppp/8/8/8/8/PPPPPPPP/RNBQKBNR w KQkq - 0 1,d2d4,19,22,3
rnbqkb1r/pppppppp/5n2/8/3P4/8/PPP1PPPP/RNBQKBNR w KQkq - 1 2,c2c4,21,20,-1
rn1qkb1r/pbpppppp/1p3n2/8/2PP4/5N2/PP2PPPP/RNBQKB1R w KQkq - 2 4,e2e3,28,12,-16
r2qkb1r/pb1n1ppp/1p2pn2/2pp4/2PP4/4PN2/PP1NBPPP/R1BQ1RK1 w kq - 2 8,b2b3,2,-17,-19
r2q1rk1/pb1n1ppp/1p1bpn2/2pp4/2PP4/1P2PN2/PB1NBPPP/R2Q1RK1 w - - 3 10,c4d5,-7,-3,-4
r2q1rk1/pb1n1ppp/1p1b1n2/2pp4/3P4/1P2PN2/PB1NBPPP/R2Q1RK1 w - - 0 11,d4c5,-6,-16,10
2r2rk1/pb1n1pp1/1q1b1n1p/2pp4/8/1P2PN2/PBQNBPPP/2RR2K1 w - - 0 15,h2h3,0,-6,-6
2r2rk1/1b3pp1/1q1b3p/p1pp2n1/8/1P2P2P/PBQNBPP1/2RR2K1 w - - 2 20,h3h4,65,55,-10
1br2rk1/1b3pp1/3qn2p/p1pp1Q2/7P/1P2PB2/PB1N1PP1/2RR2K1 w - - 5 23,g2g3,166,128,-38
bbrr2k1/4qpp1/4n2p/N1pp1Q2/7P/1P2PBP1/PB3P2/2RR2K1 w - - 1 26,b3b4,196,89,-107
b1rr2k1/2b1qp2/4n1pp/N1pp4/1P5P/4PBP1/PBQ2P2/2RR2K1 w - - 2 28,a2a3,123,22,-101
R7/4k3/4p1pp/8/7P/p3P1P1/1b3P2/6K1 w - - 3 39,f2f4,292,298,6
R7/8/4pkpp/8/5P1P/p3P1P1/1b6/6K1 w - - 1 40,g3g4,316,299,-17
R7/8/5kpp/8/5pPP/p3P3/1b3K2/8 w - - 0 42,e3f4,304,309,5
R7/8/5k1p/6p1/5PPP/p7/1b3K2/8 w - - 0 43,h4g5,395,327,-68
R7/8/5k2/6p1/5PP1/p7/1b3K2/8 w - - 0 44,f4f5,352,379,27
rnbqkbnr/pppppppp/8/8/8/8/PPPPPPPP/RNBQKBNR w KQkq - 0 1,c2c4,21,8,-13
rnbqkbnr/ppp1pppp/8/3p4/2P5/8/PP1PPPPP/RNBQKBNR w KQkq - 0 2,c4d5,62,67,5
rnbqkbnr/ppp1pppp/8/8/8/2N5/PP1PPPPP/R1BQKBNR w KQkq - 2 4,b2b3,62,-5,-67
rnbqk1nr/ppp1bppp/4p3/8/8/1PN5/PB1PPPPP/R2QKBNR w KQkq - 2 6,d2d4,47,33,-14
r1bqk2r/pppnbppp/4pn2/8/3P4/1PNQ4/PB2PPPP/R3KBNR w KQkq - 3 8,f2f3,38,-65,-103
r1bqk2r/p1pnbppp/1p2pn2/8/3P4/1PNQ1P2/PB2P1PP/R3KBNR w KQkq - 0 9,e2e4,-16,-19,3
r1q2rk1/p4ppp/bp2pn2/1Nn5/3QP3/1P3P1N/PB2B1PP/5RK1 w - - 3 18,g2g4,-182,-274,92
r2q1rk1/p4ppp/bp2pn2/1Nn5/3QP1P1/1P3P1N/PB2B2P/5RK1 w - - 1 19,g4g5,-187,-249,62
rnbqkbnr/pppppppp/8/8/8/8/PPPPPPPP/RNBQKBNR w KQkq - 0 1,e2e4,25,23,-2
rnbqkbnr/ppp1pppp/8/3p4/4P3/8/PPPP1PPP/RNBQKBNR w KQkq - 0 2,e4d5,61,53,-8
rnbqkbnr/ppp1pppp/8/8/8/2N5/PPPP1PPP/R1BQKBNR w KQkq - 2 4,d2d3,62,-1,-63
rn1qkbnr/pp2pppp/2p5/5b2/5B2/2NP4/PPP2PPP/R2QKBNR w KQkq - 2 6,g2g3,47,9,-38
r4rk1/pp1n1ppp/2pq1n2/5p2/8/2NP1NP1/PPPQ1P1P/R3R1K1 w - - 2 14,a2a3,-4,-20,16
r4rk1/pp3ppp/1npq1n2/5p2/8/P1NP1NP1/1PPQ1P1P/R3R1K1 w - - 1 15,b2b4,11,12,1
3r1rk1/pp3pp1/2p2n1p/3q4/1P2p3/P1QP2P1/2P1RP1P/4R1K1 w - - 0 21,d3e4,-461,-447,-14
5rk1/pp3pp1/2p2n1p/8/1P1rP3/P5P1/2P1RP1P/4R1K1 w - - 0 23,e4e5,-403,-443,40
5rk1/pp3pp1/2p4p/3nP3/1P1r4/P5P1/2P1RP1P/4R1K1 w - - 1 24,e5e6,-426,-417,-9
rnbqkbnr/pppppppp/8/8/8/8/PPPPPPPP/RNBQKBNR w KQkq - 0 1,e2e4,24,20,-4
r1bqkb1r/pppp1ppp/5n2/1B6/3pP3/8/PPPP1PPP/RNBQ1RK1 w kq - 2 6,d2d3,60,77,17
r1bqkb1r/3p1ppp/2p2n2/pp6/3pP3/1B1P4/PPP2PPP/RNBQ1RK1 w kq - 0 9,c2c3,154,40,-114
r1bqk2r/5ppp/2p2n2/1pbp2B1/p3P3/2NP4/PPB2PPP/R2Q1RK1 w kq - 2 13,e4e5,166,128,-38
rnbqkbnr/pppppppp/8/8/8/8/PPPPPPPP/RNBQKBNR w KQkq - 0 1,d2d4,22,18,-4
rnbqkbnr/ppp1pppp/8/3p4/3P4/8/PPP1PPPP/RNBQKBNR w KQkq - 0 2,c2c4,20,22,2
r1bqkbnr/ppp1pppp/2n5/8/2pP4/2N5/PP2PPPP/R1BQKBNR w KQkq - 2 4,e2e3,114,27,-87
r2qk1nr/ppp2ppp/2n1p3/5b2/2BP4/2b1P3/PP2NPPP/R1BQ1RK1 w kq - 0 8,b2c3,135,130,-5
r2q1rk1/ppp1np1p/2n3p1/5p2/2BP4/2P1PQ2/P4PPP/R1B2RK1 w - - 0 12,a2a4,155,169,14
1r3rk1/1ppqnp1p/p1n3p1/5p2/P1BP4/B1P1PQ2/5PPP/1R3RK1 w - - 4 15,h2h4,163,121,-42
5rk1/1ppq1p1p/p1n3p1/n4p2/P2P3P/2P1PQ2/B4PP1/1R3RK1 w - - 0 18,c3c4,388,335,-53
5rk1/1ppqnp1p/p5p1/n4p2/P1PP3P/4PQ2/B4PP1/1R3RK1 w - - 1 19,c4c5,369,357,-12
5rk1/1R3p2/p5p1/2PQ3p/3P3P/8/2q2PP1/1R4K1 w - - 1 32,c5c6,754,772,18
rnbqkbnr/pppppppp/8/8/8/8/PPPPPPPP/RNBQKBNR w KQkq - 0 1,d2d4,27,16,-11
r1bqkb1r/ppp2ppp/n3pn2/1N1p4/3P1B2/8/PPP1PPPP/R2QKBNR w KQkq - 2 5,a2a3,-1,0,1
r2qk2r/pppbbppp/n3pn2/3p4/3P1B2/P1N5/1PP1PPPP/R2QKBNR w KQkq - 3 7,e2e3,-22,-28,6
r1q2rk1/p1pbbppp/p3p3/3p4/3P1n2/P1N1PN2/1PP1QPPP/R3KR2 w Q - 0 12,e3f4,-228,-229,1
r4rk1/p1q2ppp/2p1p3/1p1pb3/3P1P2/P7/1PPQ1PPP/2KR2R1 w - - 0 18,f4e5,-80,-92,12
r4rk1/p1q2ppp/4p3/1pppP3/3P4/P7/1PPQ1PPP/2KR2R1 w - - 0 19,h2h4,-75,-152,77
1r3rk1/p1q2ppp/4p3/1pppP3/3P3P/P7/1PPQ1PP1/2KR2R1 w - - 1 20,h4h5,-108,-148,40
1r3rk1/p1q2pp1/4p2p/1pppP2P/3P4/P7/1PPQ1PP1/2KR2R1 w - - 0 21,g2g4,-23,-16,-7
1r3rk1/p1q2pp1/4p2p/2ppP2P/1p1P2P1/P7/1PPQ1P2/2KR2R1 w - - 0 22,d4c5,-43,-199,156
1r3rk1/p4pp1/4p2p/2qpP2P/1p4P1/P7/1PPQ1P2/2KR2R1 w - - 0 23,g4g5,-102,-398,296
1r3rk1/p4pp1/4p2p/2qpP1PP/8/p7/1PPQ1P2/2KR2R1 w - - 0 24,b2b3,-444,-535,91
5rk1/p4pp1/4p2p/2qpP1PP/8/pr6/2PQ1P2/2KR2R1 w - - 0 25,g5h6,-651,-951,300
rnbqkbnr/pppppppp/8/8/8/8/PPPPPPPP/RNBQKBNR w KQkq - 0 1,d2d4,27,18,-9
rnbqkbnr/ppp1pppp/8/3p4/3P4/8/PPP1PPPP/RNBQKBNR w KQkq - 0 2,e2e3,17,5,-12
rnbqkb1r/ppp1pppp/5n2/3p4/3P4/4P3/PPP2PPP/RNBQKBNR w KQkq - 1 3,g2g3,3,-43,-46
rn1q1rk1/ppp1ppbp/5np1/3p4/3P2b1/4P1P1/PPP1NPBP/RNBQ1RK1 w - - 6 7,b2b3,22,-12,-34
rn1q1rk1/pp2ppbp/2p3p1/3p4/3P2b1/1P2P1P1/P1PBNPBP/R2Q1RK1 w - - 0 10,c2c4,31,13,-18
rn1q1rk1/pp3pbp/2p1p1p1/3p4/2PP2b1/1P2P1P1/P2BNPBP/R2Q1RK1 w - - 0 11,c4c5,241,-19,-260
2rq1rk1/pp1n1pbp/2p3p1/2Pppb2/3P4/1PQ1P1P1/P2BNPBP/R3R1K1 w - - 4 15,b3b4,-84,-88,4
2rq1rk1/p2n1pbp/1pp3p1/2Pppb2/1P1P4/2Q1P1P1/P2BNPBP/R3R1K1 w - - 0 16,a2a3,-49,-108,59
2r1r1k1/p2n1pbp/1pp3p1/2Pppbq1/1P1P4/P1Q1P1P1/3BNPBP/2R1R1K1 w - - 3 18,e3e4,219,208,-11
8/p2r2k1/5p2/2P3b1/1PQ3p1/P5P1/5PBP/6K1 w - - 0 39,c5c6,750,724,-26
8/p5k1/2P2p2/8/1P4p1/P5P1/5P1P/2b2BK1 w - - 0 42,c6c7,754,769,15
rnbqkbnr/pppppppp/8/8/8/8/PPPPPPPP/RNBQKBNR w KQkq - 0 1,e2e3,26,4,-22
rnbqkb1r/pppppppp/5n2/8/8/4P3/PPPP1PPP/RNBQKBNR w KQkq - 1 2,c2c3,4,-29,-33
rnbqkb1r/pppp1ppp/4pn2/8/8/2P1P3/PP1P1PPP/RNBQKBNR w KQkq - 0 3,b2b4,-20,-50,30
r1bqkb1r/pppn1ppp/4pn2/3p4/1P6/2P1PN2/P2P1PPP/RNBQKB1R w KQkq - 2 5,a2a4,-43,-41,-2
r1bqkb1r/pp1n1ppp/4pn2/2pp4/PP6/2P1PN2/3P1PPP/RNBQKB1R w KQkq - 0 6,b4b5,40,-66,-106
r1b1kb1r/pp1n1ppp/4pn2/qPpp4/P7/2P1PN2/3P1PPP/RNBQKB1R w KQkq - 1 7,c3c4,-31,-35,4
r1b1k2r/pp1nbppp/4p3/qPp5/P1B1n3/4PN2/3P1PPP/RNBQ1RK1 w kq - 3 10,d2d3,104,54,-50
r1b1k2r/pp1nbppp/4p3/qPp3n1/P1B5/3PPN2/5PPP/RNBQ1RK1 w kq - 1 11,h2h4,202,93,-109
r1b1k2r/pp2bppp/4p3/qPp5/P1n4P/3PP3/4QPP1/RNB2RK1 w kq - 0 14,d3c4,71,62,-9
r1b2rk1/pp3ppp/4p3/qPp5/P1P4b/R3P3/4QPP1/1NB2RK1 w - - 0 16,e3e4,93,67,-26
r1b2rk1/pp3ppp/8/qPp1p3/P1P1P2b/R7/4QPP1/1NB2RK1 w - - 0 17,f2f4,61,-90,-151
r4rk1/pp3ppp/8/1Pp1p3/PqP1PP1b/7b/4Q1P1/1NB2RK1 w - - 0 19,g2h3,-405,-424,19
rnbqkbnr/pppppppp/8/8/8/8/PPPPPPPP/RNBQKBNR w KQkq - 0 1,d2d4,25,16,-9
rnbqkb1r/ppp1pppp/5n2/3p4/3P4/8/PPPNPPPP/R1BQKBNR w KQkq - 2 3,c2c4,-6,-44,38
rnbqkb1r/ppp2ppp/4pn2/3p4/2PP4/8/PP1NPPPP/R1BQKBNR w KQkq - 0 4,c4c5,-7,-66,59
rnbqk2r/ppp1bppp/4pn2/2Pp4/3P4/8/PP1NPPPP/R1BQKBNR w KQkq - 1 5,b2b4,-42,-40,-2
rn1qk2r/p1pbbppp/4pn2/2pp4/1P1P4/1Q6/P2NPPPP/R1B1KBNR w KQkq - 0 8,b4c5,-61,-65,4
r2qk2r/p1pbbppp/2n1pn2/2Pp4/3P4/1Q6/P2NPPPP/R1B1KBNR w KQkq - 1 9,e2e3,-54,-96,42
1r1qk2r/p1pbbppp/2n1p3/2P5/3Pp3/2Q1P3/P4PPP/R1B1KBNR w KQk - 0 12,d4d5,41,-586,-627
1r1q3r/p1pbkp1p/2n5/2Ppb3/4pN2/4P1Q1/P4PPP/2B1KB1R w K - 4 17,h2h3,-513,-605,92
1r3qr1/p1pbkp1p/8/2Pp4/4pN2/B1b1P2P/n3BPPQ/3K3R w - - 0 22,c5c6,-105,-144,39
rnbqkbnr/pppppppp/8/8/8/8/PPPPPPPP/RNBQKBNR w KQkq - 0 1,e2e4,24,25,1
rnbqkbnr/pppp1p1p/4p1p1/8/2B1P3/8/PPPP1PPP/RNBQK1NR w KQkq - 0 3,d2d3,46,-26,-72
rnbq1rk1/ppppnpbp/4p1p1/8/2B1P3/3P1N2/PPP2PPP/RNBQ1RK1 w - - 5 6,h2h3,24,-6,-30
rnbq1rk1/ppppn1bp/4p1p1/5p2/2B1P3/3P1N1P/PPP2PP1/RNBQ1RK1 w - - 0 7,e4f5,29,11,-18
rnbq2k1/pp1pn1bp/2p1p1p1/5r2/2B5/3P1N1P/PPP2PP1/RNBQR1K1 w - - 0 9,d3d4,153,152,-1
r4qk1/pp1bn1bp/2p2rp1/3p4/3P4/2NB3P/PPPQ1PP1/3RR1K1 w - - 2 18,f2f3,-519,-598,79
4rqk1/pp1bn1bp/2p2rp1/3p4/3P4/2NB1P1P/PPPQ2P1/3RR1K1 w - - 1 19,a2a3,-571,-562,-9
4rqk1/1p1bn1bp/p1p2rp1/3p4/3P4/P1NB1P1P/1PPQ2P1/3RR1K1 w - - 0 20,b2b4,-459,-557,98
2n1rqk1/1p1b2b1/p1p2rp1/3p3p/1P1P4/P2B1P1P/2PQ2P1/3RR1K1 w - - 0 24,c2c3,-620,-668,48
2n1q1k1/1p1b2b1/p1p2rp1/3p4/1P1P3p/P1PB1P1P/3Q2P1/6K1 w - - 0 27,c3c4,-877,-895,18
2n1q2k/1p1b2b1/p1p2rp1/8/1PBP3p/P4P1P/3Q2P1/6K1 w - - 1 29,d4d5,-820,-857,37
2n1q2k/1p1b2b1/p5p1/3r4/1P5p/P1Q2P1P/6P1/6K1 w - - 0 32,b4b5,-1059,-10000,8941
2n5/1p1b2k1/p5p1/1P6/7p/P4P1P/6PK/3rq3 w - - 0 35,g2g3,-10000,-10000,0
rnbqkbnr/pppppppp/8/8/8/8/PPPPPPPP/RNBQKBNR w KQkq - 0 1,b2b4,26,-31,-57
rnbqkbnr/ppp2ppp/3p4/4p3/1P6/8/PBPPPPPP/RN1QKBNR w KQkq - 0 3,c2c4,-2,-5,3
r1bqkbnr/ppp2ppp/2np4/4p3/1PP5/8/PB1PPPPP/RN1QKBNR w KQkq - 1 4,b4b5,27,29,2
r1bqkbnr/ppp2ppp/3p4/nP2p3/2P5/8/PB1PPPPP/RN1QKBNR w KQkq - 1 5,e2e3,26,24,-2
r2qk2r/pbp1bppp/1p1p1n2/nP2p3/2P5/4PN2/PB1PBPPP/RN1Q1RK1 w kq - 6 9,h2h3,83,38,-45
r2q1rk1/pbp1bppp/1p1p1n2/nP2p3/2P5/4PN1P/PB1PBPP1/RN1Q1RK1 w - - 1 10,d2d3,31,40,9
r2q1rk1/1np1bppp/1p1p1n2/1Q2p3/2P5/3PPN1P/PB2BPP1/R4RK1 w - - 1 15,a2a3,40,-3,-43
3q1rk1/2p1bppp/1p1p1n2/2r5/2PNp3/P3P2P/1Q3PP1/R2B1RK1 w - - 1 21,f2f3,-153,-250,97
3q1rk1/2p1bppp/1p1p1n2/8/2rNp3/P3PP1P/1Q4P1/R2B1RK1 w - - 0 22,f3e4,-259,-303,44
6k1/5p1p/1p2r1p1/1q6/8/P1ppP1RP/5KP1/3Q4 w - - 0 41,a3a4,-631,-703,72
rnbqkbnr/pppppppp/8/8/8/8/PPPPPPPP/RNBQKBNR w KQkq - 0 1,e2e4,29,25,-4
rnbqkbnr/ppp2ppp/3p4/4p3/4P3/5N2/PPPP1PPP/RNBQKB1R w KQkq - 0 3,d2d4,33,38,5
r1bqkbnr/pppn1pp1/3p3p/4p3/2BPP3/5N2/PPP2PPP/RNBQK2R w KQkq - 0 5,d4e5,120,97,-23
r2qkb1r/1bpn1pp1/p4n1p/1p2p3/4P3/2NBBN2/PPP2PPP/R2Q1RK1 w kq - 2 10,a2a3,-1,-12,11
r2qk2r/1bpn1pp1/p2b1n1p/1p2p3/4P3/P1NBBN2/1PP2PPP/R2Q1RK1 w kq - 1 11,h2h3,2,2,0
r3k2r/1bp1qpp1/p4n1p/1p2p3/4P3/P1NnQN1P/1PP2PP1/R3R1K1 w kq - 0 16,c2d3,57,64,7
r4rk1/1bp1qpp1/p6p/1p1np3/4P3/P2PQN1P/1P3PP1/R3R1K1 w - - 0 18,e4d5,-17,-17,0
r3r1k1/2p1qpp1/p6p/1p1bN3/8/P2PQ2P/1P3PP1/R3R1K1 w - - 1 20,d3d4,-19,-23,4
r3r1k1/2p3p1/p4p1p/1p1b4/3P4/P2Nq2P/1P3PP1/R3R1K1 w - - 0 22,f2e3,16,19,3
4b1k1/1r4p1/5p1p/1NR5/3P4/P3P2P/1P3KP1/8 w - - 3 31,a3a4,480,485,5
4bk2/1r4p1/5p1p/1NR5/P2P4/4P2P/1P3KP1/8 w - - 1 32,d4d5,501,478,-23
4bk2/6p1/1r3p1p/1NRP4/P7/4P2P/1P3KP1/8 w - - 1 33,e3e4,486,485,-1
5k2/6p1/r4p1p/1R1P4/P3P3/7P/1P3KP1/8 w - - 1 35,b2b3,536,536,0
8/4k3/r4p1p/1R1P2p1/P3P3/1P2K2P/6P1/8 w - - 2 37,a4a5,555,556,1
8/r3k3/5p1p/PR1P2p1/4P3/1P2K2P/6P1/8 w - - 1 38,b3b4,573,586,13
8/1r2k3/5p1p/P1RP2p1/1P2P3/4K2P/6P1/8 w - - 3 40,b4b5,632,616,-16
8/r7/3k1p1p/PPRP2p1/3KP3/7P/6P1/8 w - - 3 42,a5a6,637,646,9
8/4r3/P2k1p1p/1PRP2p1/3KP3/7P/6P1/8 w - - 1 43,g2g4,697,674,-23
8/3kr3/P4R2/1P1P2p1/3KP1p1/7P/8/8 w - - 0 46,h3g4,799,742,-57
8/3k2r1/P4R2/1P1P2p1/3KP1P1/8/8/8 w - - 1 47,a6a7,839,10000,9161
6r1/P2k4/5R2/1P1P2p1/3KP1P1/8/8/8 w - - 1 48,b5b6,10000,828,-9172
rnbqkbnr/pppppppp/8/8/8/8/PPPPPPPP/RNBQKBNR w KQkq - 0 1,e2e4,20,21,1
rnbqkb1r/pp2pppp/3p4/2p5/2B1n3/5N2/PPPP1PPP/RNBQ1RK1 w kq - 0 5,d2d4,-56,-65,9
2kr3r/pp1q1ppp/8/4R3/1b6/2p5/PPPQ1PPP/R5K1 w - - 0 17,b2c3,-545,-714,169
2kr3r/pp3ppp/8/4R3/1b6/2P5/P1Pq1PPP/R5K1 w - - 0 18,c3b4,-770,-779,9
rnbqkbnr/pppppppp/8/8/8/8/PPPPPPPP/RNBQKBNR w KQkq - 0 1,e2e4,17,19,2
r1bqkb1r/pppp1p1p/2n2np1/4p3/2B1P3/5Q2/PPPP1PPP/RNB1K1NR w KQkq - 2 5,c2c3,-39,-87,48
r1bqk2r/pppp1p1p/2n2np1/2b1p3/2B1P3/2P2Q2/PP1P1PPP/RNB1K1NR w KQkq - 1 6,d2d3,2,-2,-4
rnbqkbnr/pppppppp/8/8/8/8/PPPPPPPP/RNBQKBNR w KQkq - 0 1,d2d4,17,14,-3
rnbqkb1r/pppppppp/5n2/8/3P4/8/PPP1PPPP/RNBQKBNR w KQkq - 1 2,c2c4,18,19,1
rnbqkb1r/ppp2ppp/4pn2/3p4/2PP4/2N5/PP2PPPP/R1BQKBNR w KQkq - 0 4,c4d5,31,26,-5
rnbqkb1r/pp3ppp/4p3/2pn4/3P4/2N2N2/PP2PPPP/R1BQKB1R w KQkq - 0 6,e2e4,17,24,7
rnbqkb1r/pp3ppp/4p3/2p5/3PP3/2n2N2/PP3PPP/R1BQKB1R w KQkq - 0 7,b2c3,30,16,-14
rnbqkb1r/pp3ppp/4p3/8/3pP3/2P2N2/P4PPP/R1BQKB1R w KQkq - 0 8,c3d4,13,24,11
2Rq1rk1/pb3ppp/1p2p3/8/4P3/3B1n2/P2Q1PPP/5RK1 w - - 0 17,g2f3,-233,-250,17
2q2rk1/pb3ppp/1p2p3/8/4P3/3B1P2/P2Q1P1P/5RK1 w - - 0 18,e4e5,-206,-323,117
5rk1/pb3ppp/1p2p3/2q1P3/8/3B1P2/P2Q1P1P/5RK1 w - - 1 19,f3f4,-259,-494,235
5rk1/p4ppp/1p2p3/3bP3/5P1q/3Q4/P4P1P/1B3RK1 w - - 5 22,f2f3,-239,-337,98
rnbqkbnr/pppppppp/8/8/8/8/PPPPPPPP/RNBQKBNR w KQkq - 0 1,e2e4,25,17,-8
rnbqkbnr/ppp1pppp/8/3p4/4P3/8/PPPP1PPP/RNBQKBNR w KQkq - 0 2,e4d5,62,69,7
rnbqk2r/ppp1bppp/4pn2/8/8/2N2N2/PPPPBPPP/R1BQ1RK1 w kq - 4 7,d2d3,59,32,-27
rn3rk1/pbp2p1p/1p2p1p1/6Q1/8/3P4/PPP1BPPP/R4RK1 w - - 1 17,h2h4,737,636,-101
r4rk1/pbpn1p1p/1p2p1p1/6Q1/7P/3P4/PPP1BPP1/R4RK1 w - - 1 18,h4h5,767,676,-91
r4r2/pbpn1pkp/1p2p1p1/6QP/8/3P4/PPP1BPP1/R4RK1 w - - 1 19,h5h6,748,708,-40
4r1k1/pbpn1r1p/1p2p1pP/5pQ1/8/3P3B/PPP2PP1/R3R1K1 w - - 4 23,c2c4,700,635,-65
4r1k1/pbp2r1p/1p2p1pP/2n2pQ1/2P5/3P3B/PP3PP1/R3R1K1 w - - 1 24,d3d4,598,600,2
4r1k1/pbp2r1p/1p2pnpP/5p2/2PP4/4Q2B/PP3PP1/R3R1K1 w - - 3 26,f2f3,734,688,-46
4r1k1/pbpnr2p/1p4pP/4pp2/2PP4/2Q1RP1B/PP4P1/R5K1 w - - 0 29,d4e5,646,657,11
rnbqkbnr/pppppppp/8/8/8/8/PPPPPPPP/RNBQKBNR w KQkq - 0 1,c2c4,20,9,-11
rnbqkbnr/pp1p1ppp/8/2p1p3/2P5/2N5/PP1PPPPP/R1BQKBNR w KQkq - 0 3,d2d3,41,16,-25
rnbqkbnr/pp3ppp/3p4/2p1p3/2P5/2NP4/PP2PPPP/R1BQKBNR w KQkq - 0 4,e2e4,37,9,-28
rn1qkbnr/pp1b1ppp/3p4/2p1p3/2P1P3/2NP4/PP3PPP/R1BQKBNR w KQkq - 1 5,f2f4,22,12,-10
r3kb1r/pp3ppp/3p1n2/q1p1p3/1nP1PP2/2NP4/PP1BB1PP/R2QK2R w KQkq - 3 11,f4e5,212,118,-94
r3k2r/pp2bppp/5n2/q1p1p3/1nP1P3/2NP4/PP1BB1PP/R2Q1RK1 w kq - 2 13,a2a3,95,60,-35
r3k2r/pp2qp1p/5p2/2p1p3/2PnP3/P2P4/1P2B1PP/R2Q1RK1 w kq - 0 18,b2b4,26,15,-11
r3k2r/pp2qp1p/5p2/4p3/1pPnP3/P2P4/4B1PP/R2Q1RK1 w kq - 0 19,a3b4,36,24,-12
7r/ppk5/2n4q/4pB2/2P1P3/3P4/2Q3PP/R5K1 w - - 7 28,h2h3,135,169,34
7r/ppk5/2n5/4pBq1/2P1P3/3P3P/2Q3P1/R5K1 w - - 1 29,g2g4,239,-565,-804
rnbqkbnr/pppppppp/8/8/8/8/PPPPPPPP/RNBQKBNR w KQkq - 0 1,e2e4,19,22,3
r1bqkbnr/pppp1ppp/2n5/4p3/4P3/2N5/PPPP1PPP/R1BQKBNR w KQkq - 0 3,a2a3,7,-18,-25
r1bqk1nr/pppp1ppp/2n5/2b1p3/4P3/P1N5/1PPP1PPP/R1BQKBNR w KQkq - 1 4,h2h3,-2,-5,3
r1bqk2r/pppp1ppp/2n2n2/2b1p3/4P3/P1N4P/1PPP1PP1/R1BQKBNR w KQkq - 1 5,g2g4,-4,-83,79
r1bq1rk1/pppp1pp1/2n2n1p/2b1p3/2B1P1P1/P1N4P/1PPP1P2/R1BQK1NR w KQ - 2 7,d2d3,-22,-28,6
r1bq1rk1/ppp2pp1/2np1n1p/2b1p3/2B1P1P1/P1NP3P/1PP2P2/R1BQK1NR w KQ - 0 8,g4g5,89,98,9
r2q1rk1/ppp2pp1/3pbn2/2b1p1B1/2BnP3/P2P3P/1PP1NP2/R2QK1NR w KQ - 3 11,c2c3,101,82,-19
r2q1rk1/ppp2pp1/3p1n2/2b1p1B1/2b1P3/P1PP3P/1P2QP2/R3K1NR w KQ - 0 13,d3c4,82,115,33
r4rk1/2p1qpp1/p2p1n2/1pb1p1B1/2P1P3/P1P2Q1P/1P2NP2/R3K2R w KQ - 0 16,c4b5,189,193,4
r4rk1/2p2pp1/3pqn2/2b1pNB1/1p2P3/P1P2Q1P/1P3P2/R3K2R w KQ - 2 19,c3b4,200,54,-146
r5rk/2p2p2/3p1p2/2b1pN2/4P3/P6P/1P2KP2/6RR w - - 4 26,h3h4,197,102,-95
6k1/2p2p2/3p1p2/2b1pN2/4P2P/P7/1P2KP2/8 w - - 0 29,b2b4,399,442,43
8/2p1Npk1/3p1p2/4pK2/1P2P2P/P7/5b2/8 w - - 0 34,h4h5,275,169,-106
8/5pk1/1b1p1N2/2p1pK1P/1P2P3/P7/8/8 w - - 0 37,b4c5,440,239,-201
8/5pk1/3p1N2/2b1pK1P/4P3/P7/8/8 w - - 0 38,a3a4,309,344,35
8/8/3K4/4p3/P3k3/8/8/8 w - - 0 47,a4a5,418,547,129
8/8/3K4/P3p3/5k2/8/8/8 w - - 1 48,a5a6,546,546,0
8/8/P2K4/8/4pk2/8/8/8 w - - 0 49,a6a7,559,573,14
8/P7/3K4/8/5k2/4p3/8/8 w - - 0 50,a7a8q,573,583,10
rnbqkbnr/pppppppp/8/8/8/8/PPPPPPPP/RNBQKBNR w KQkq - 0 1,e2e3,36,14,-22
rnbqkbnr/pppp1ppp/8/4p3/8/4P3/PPPP1PPP/RNBQKBNR w KQkq - 0 2,c2c3,21,-32,-53
r1bqkbnr/ppp2ppp/2np4/4p3/8/2P1PQ2/PP1P1PPP/RNB1KBNR w KQkq - 0 4,d2d4,-82,-88,6
r1bqkb1r/ppp2ppp/2np1n2/4p3/3P4/2P1PQ2/PP3PPP/RNB1KBNR w KQkq - 1 5,d4e5,-89,-121,32
r2qkb1r/ppp2ppp/2np1n2/4P3/6b1/2P1PQ2/PP3PPP/RNB1KBNR w KQkq - 1 6,e5f6,-100,-319,219
r2qkb1r/ppp2ppp/2np1P2/8/8/2P1Pb2/PP3PPP/RNB1KBNR w KQkq - 0 7,f6g7,-322,-320,-2
r2qk2r/ppp2pbp/2np4/8/8/2P1Pb2/PP3PPP/RNB1KBNR w KQkq - 0 8,g2f3,-322,-367,45
2kr3r/ppp1qpbp/2n5/3p4/8/2P1PP2/PP1NBP1P/R1B1K1NR w KQ - 0 11,a2a3,-411,-431,20
2kr3r/ppp1q1bp/2n5/3p1p2/8/P1P1PP2/1P1NBP1P/R1B1K1NR w KQ - 0 12,f3f4,-400,-422,22
2kr3r/p1p1q1b1/1p6/3p1p1p/3n1P2/P1P1P3/1P1NBP1P/R1B1K2R w KQ - 0 15,c3d4,-427,-419,-8
1k1r4/p1p1q3/Bp1r1b2/3p1p1p/3P1P2/PN2P3/1P1B1P1P/R3K2R w KQ - 7 19,a3a4,-298,-323,25
1k1r4/p1p1q3/Bp1r1b2/3p1p2/P2P1P1p/1N2P3/1P1B1P1P/R3K2R w KQ - 0 20,a4a5,-286,-303,17
rnbqkbnr/pppppppp/8/8/8/8/PPPPPPPP/RNBQKBNR w KQkq - 0 1,e2e4,25,29,4
rn1qkb1r/pbp2ppp/1p2p3/8/2B5/2N5/PPPP1PPP/R1BQ1RK1 w kq - 2 9,d2d3,76,-52,-128
rn3rk1/pbp2ppp/1p1bp1q1/6B1/2B3Q1/2NP4/PPP2PPP/R4RK1 w - - 7 13,d3d4,-103,-326,223
rn3rk1/pbp2pp1/1p1bp3/6p1/3P4/2NB4/PPP2PPP/R4RK1 w - - 0 16,f2f4,-515,-513,-2
rn3rk1/pbp2p2/1p1bp3/6p1/3P1p2/3B4/PPP1N1PP/R4RK1 w - - 0 18,g2g3,-520,-549,29
r6r/p1p3k1/1p1b4/3b2p1/3P4/4K3/PPP2R1P/5R2 w - - 2 30,b2b3,-643,-780,137
r7/p1p3k1/3b4/1p1b2p1/3P4/1P5r/P1PK1R1P/5R2 w - - 0 32,c2c4,-570,-679,109
r7/p1p3k1/3b4/3b2p1/2pP4/1P5r/P2K1R1P/5R2 w - - 0 33,b3c4,-720,-763,43
rnbqkbnr/pppppppp/8/8/8/8/PPPPPPPP/RNBQKBNR w KQkq - 0 1,c2c4,29,14,-15
rnbqkbnr/pppp1ppp/8/4p3/2P5/8/PP1PPPPP/RNBQKBNR w KQkq - 0 2,e2e4,15,-23,-38
rnbqkbnr/ppp2ppp/3p4/4p3/2P1P3/8/PP1P1PPP/RNBQKBNR w KQkq - 0 3,d2d3,17,19,2
rnbqkbnr/ppp3pp/3p4/4p3/2P1Pp2/3P4/PP2BPPP/RNBQK1NR w KQkq - 0 5,f2f3,67,-140,-207
r1b1kbnr/1pp3pp/3p4/p3p3/2P1Pp2/2KP1P2/PP4PP/nNB2BNR w kq - 0 12,b2b3,-426,-426,0
r1b1kbnr/1pp3pp/3p4/4p3/p1P1Pp2/1PKP1P2/P5PP/nNB2BNR w kq - 0 13,b3b4,-383,-374,-9
r4rk1/1p1bb1pp/3p1n2/4p3/1pP1Pp2/pB1P1P2/P4NPP/KNB4R w - - 10 21,g2g3,-356,-456,100
r1r3k1/1p1bb1pp/3p1n2/4p3/1pP1Pp2/pB1P1PP1/P4N1P/KNB4R w - - 1 22,g3f4,-368,-371,3
r1r4k/1p1bb1pp/3p1n2/4p3/1pP1PP2/pB1P1P2/P4N1P/KNB4R w - - 1 23,f4e5,-337,-391,54
r6k/1prb2pp/8/4p3/1pPbP1n1/pB1PBP2/P6P/1K3N1R w - - 0 29,f3g4,-437,-452,15
r6k/1prb2pp/8/4p3/1pP1P1P1/pBbPB3/P6P/1K3N1R w - - 1 30,h2h3,-338,-356,18
r6k/1p4pp/1Br5/4p3/bpP1P1P1/pBbP3P/P7/1K3N1R w - - 3 32,c4c5,-483,-624,141
r6k/1p4pp/4b3/2b1B3/4P1P1/pp1P3P/P7/1K5R w - - 0 38,a2b3,-455,-492,37
rnbqkbnr/pppppppp/8/8/8/8/PPPPPPPP/RNBQKBNR w KQkq - 0 1,g2g3,32,11,-21
r1bqkbnr/pp1ppppp/2n5/2p5/8/6P1/PPPPPPBP/RNBQK1NR w KQkq - 2 3,d2d4,25,-94,-119
r1bqkbnr/pp1ppppp/2n5/8/3p4/6P1/PPP1PPBP/RNBQK1NR w KQkq - 0 4,c2c3,-77,-76,-1
r1bqk2r/p2pppbp/2p2np1/8/8/2N2NP1/PP1BPP1P/R2QK2R w KQkq - 2 9,e2e3,-245,-320,75
4r1k1/p4p1p/6p1/q2pb3/8/4PNP1/PPr2P1P/1R2R1K1 w - - 3 29,b2b3,-671,-784,113
4r1k1/p4p1p/6p1/4b3/3p4/1P2PNP1/q1r2P1P/1R3RK1 w - - 0 31,e3d4,-674,-696,22
4r1k1/p4pbp/6p1/8/3P4/1P3NP1/q1r2P1P/1R3RK1 w - - 1 32,b3b4,-633,-767,134
6k1/p4pbp/6p1/8/1P1P4/5NP1/q1r1rP1P/1R3RK1 w - - 1 33,b4b5,-676,-822,146
6k1/p4pbp/6p1/1P6/3P3N/6P1/q6r/1R4K1 w - - 0 36,b5b6,-10000,-10000,0
rnbqkbnr/pppppppp/8/8/8/8/PPPPPPPP/RNBQKBNR w KQkq - 0 1,e2e4,24,24,0
rnbqkbnr/ppp1pppp/8/3p4/4P3/8/PPPP1PPP/RNBQKBNR w KQkq - 0 2,e4d5,65,73,8
rnb1kbnr/ppp1pppp/8/3q4/8/8/PPPP1PPP/RNBQKBNR w KQkq - 0 3,d2d4,71,20,-51
2k2b1r/ppp1pppp/2n2n2/8/8/2N2B2/PPPr1PPP/R3R1K1 w - - 0 12,a2a4,-485,-519,34
2k2b1r/ppp2ppp/4p3/8/P7/8/1P1N1PPP/R5K1 w - - 0 17,a4a5,-424,-420,-4
2kr4/ppp2ppp/4p3/P7/1bN5/8/1P3PPP/R5K1 w - - 3 19,b2b3,-414,-453,39
2k5/ppp3pp/4pp2/P7/1bN5/1P1r4/5PPP/1R4K1 w - - 0 21,h2h3,-434,-444,10
rnbqkbnr/pppppppp/8/8/8/8/PPPPPPPP/RNBQKBNR w KQkq - 0 1,e2e4,27,26,-1
rn1qkbnr/pppb1ppp/3p4/4p3/2B1P3/5N2/PPPP1PPP/RNBQK2R w KQkq - 2 4,d2d3,114,38,-76
rn1q1rk1/pppbbppp/3p1n2/4p1N1/2B1P3/3P4/PPP2PPP/RNBQ1RK1 w - - 5 7,c2c3,2,-15,-17
1n1q1k2/p1pb2p1/3b3p/3Qp3/4P1n1/2PP4/PP3PPP/RNB2RK1 w - - 1 14,h2h3,428,435,7
5k2/p3q1p1/2b2n1p/8/4P3/1QP4P/PP3PP1/3R1RK1 w - - 7 26,e4e5,760,645,-115
1Q6/p3qkp1/2b4p/4P3/4n3/2P4P/PP3PP1/3R1RK1 w - - 3 28,f2f3,715,706,-9
1Q6/p4kp1/7p/2q1P3/8/2P2bnP/PP4PK/3RR3 w - - 0 31,e5e6,840,871,31
8/p7/4Pk2/2q3pp/8/2P3QP/PP4PK/4R3 w - - 0 35,e6e7,976,1022,46
8/p3P3/6k1/2q3p1/7p/2P2Q1P/PP4PK/4R3 w - - 2 37,e7e8q,10000,10000,0
rnbqkbnr/pppppppp/8/8/8/8/PPPPPPPP/RNBQKBNR w KQkq - 0 1,e2e4,26,29,3
rnbqkbnr/p1pp1ppp/1p2p3/8/4P3/5N2/PPPP1PPP/RNBQKB1R w KQkq - 0 3,d2d4,89,84,-5
rn1qk1nr/pbpp1ppp/1p2p3/8/2BPP3/2b2N2/PPP2PPP/R1BQK2R w KQkq - 0 6,b2c3,-62,-54,-8
rn1q1rk1/p3npp1/1pp1p1bp/3p4/3P4/1BP1B1Q1/P1PN1PPP/R4RK1 w - - 6 13,f2f4,-229,-295,66
5rk1/p1q3p1/1pp1prpp/3p4/3PnP2/1BP1Q2R/P1P3PP/4R1K1 w - - 6 22,a2a4,-319,-415,96
5rk1/p1q3p1/1pp1p1pp/3p4/P2P1r2/1BP1Qn2/2P1R1PP/6K1 w - - 0 25,g2f3,-605,-623,18
rnbqkbnr/pppppppp/8/8/8/8/PPPPPPPP/RNBQKBNR w KQkq - 0 1,e2e4,30,30,0
rnb1k1nr/pppp2pp/5p2/2b1p3/2B1P2q/2N2Q2/PPPP1PPP/R1B1K1NR w KQkq - 2 5,d2d3,533,211,-322
rnb1k1nr/pppp2pp/8/2b1pp2/2B1P2q/2NP1Q2/PPP2PPP/R1B1K1NR w KQkq - 0 6,e4f5,257,231,-26
rnbqkbnr/pppppppp/8/8/8/8/PPPPPPPP/RNBQKBNR w KQkq - 0 1,d2d4,31,25,-6
rnbqkbnr/ppp2ppp/4p3/3p4/3P4/2N5/PPP1PPPP/R1BQKBNR w KQkq - 0 3,a2a3,39,-14,-53
rnbqk2r/ppp1bppp/4pn2/3p2B1/3P4/P1N5/1PP1PPPP/R2QKBNR w KQkq - 3 5,e2e3,-25,-28,3
rnbq1rk1/ppp1bppp/4pn2/3p2B1/3P4/P1N1P3/1PP2PPP/R2QKBNR w KQ - 1 6,h2h4,-15,-28,13
rnbq1rk1/ppp1bppp/4p3/3p2n1/3P3P/P1NQP3/1PP2PP1/R3KBNR w KQ - 0 8,h4g5,128,189,61
rnbqkbnr/pppppppp/8/8/8/8/PPPPPPPP/RNBQKBNR w KQkq - 0 1,e2e4,31,33,2
rnbqkbnr/pppp1ppp/8/4p3/4P3/8/PPPP1PPP/RNBQKBNR w KQkq - 0 2,f2f4,31,-67,-98
r1bqkbnr/ppp2pp1/2np3p/8/2B1Pp2/5N2/PPPP2PP/RNBQ1RK1 w kq - 2 6,d2d4,-153,-158,5
r2qkb1r/pppb1pp1/2np1n1p/8/2BPPB2/5N2/PPP3PP/RN1Q1RK1 w kq - 1 8,e4e5,189,154,-35
r2k1b1r/1pp2Qp1/p2qp1Np/8/3P2n1/2N5/PPP3PP/R4RK1 w - - 8 17,g2g3,592,555,-37
rnbqkbnr/pppppppp/8/8/8/8/PPPPPPPP/RNBQKBNR w KQkq - 0 1,e2e4,29,24,-5
rnbqkbnr/pp1ppppp/8/2p5/4P3/8/PPPP1PPP/RNBQKBNR w KQkq - 0 2,c2c3,31,24,-7
rnbqkbnr/pp1p1ppp/4p3/2p5/4P3/2P5/PP1P1PPP/RNBQKBNR w KQkq - 0 3,a2a3,33,-34,-67
rnbqkbnr/1p1p1ppp/p3p3/2p5/4P3/P1P5/1P1P1PPP/RNBQKBNR w KQkq - 0 4,b2b4,32,-31,-63
rnbqkbnr/1p1p1ppp/p3p3/8/1p2P3/P1P5/3P1PPP/RNBQKBNR w KQkq - 0 5,a3b4,38,34,-4
bn1qkbnr/3p1ppp/4p3/1p6/1P2P3/2P2Q2/3P1PPP/1NB1K1NR w Kk - 0 9,d2d4,-365,-477,112
bn1qk2r/3p1pp1/3bpn2/1p5p/1P1PP3/2P2Q2/3NNPPP/2B1K2R w Kk - 0 12,h2h3,-350,-363,13
bn1qk2r/3p1p2/3bpn2/1p5p/1P1PP1p1/2P2Q1P/3NNPP1/2B2RK1 w k - 0 14,h3g4,-308,-529,221
rnbqkbnr/pppppppp/8/8/8/8/PPPPPPPP/RNBQKBNR w KQkq - 0 1,d2d4,25,24,-1
rnbqkb1r/pppppppp/5n2/8/3P4/8/PPP1PPPP/RNBQKBNR w KQkq - 1 2,e2e3,27,12,-15
rnbqkb1r/pppp1ppp/4pn2/8/3P4/4P3/PPP2PPP/RNBQKBNR w KQkq - 0 3,g2g3,12,-14,-26
r1bqk2r/pp2bppp/2n1pn2/3p4/8/4P1P1/PPP1NPBP/RNBQK2R w KQkq - 2 8,c2c3,-31,-154,123
1r1q1rk1/p2bbpp1/4pn1p/2pp4/8/2P1P1P1/PP1N1PBP/R1BQK2R w KQ - 0 14,b2b3,-118,-148,30
1r1q1rk1/3bbpp1/4pn1p/p1pp4/8/1PP1P1P1/P2N1PBP/R1BQK2R w KQ - 0 15,c3c4,-47,-33,-14
1r3rk1/3bbpp1/1q2pn1p/p1pp4/2P5/1P2P1P1/P2N1PBP/R1BQK2R w KQ - 1 16,c4d5,-32,-98,66
3r1rk1/q2bbpp1/7p/2p5/2N5/1p2P1P1/P4PQP/R1B2RK1 w - - 0 22,a2a3,-328,-440,112
3r1rk1/3bbpp1/7p/1qp5/8/Pp2P1P1/1N3PQP/R1B2RK1 w - - 3 24,a3a4,-427,-423,-4
3r1rk1/5pp1/6bp/q1p5/P7/1p2PQP1/1B3P1P/R4RK1 w - - 1 30,e3e4,-237,-256,19
4r1k1/5pp1/q5bp/8/P1p1P3/1pBr2P1/4QP1P/R1R3K1 w - - 6 34,e4e5,-328,-368,40
4r1k1/5pp1/4q1bp/4P3/P1p5/1pBr2P1/4QP1P/R1R3K1 w - - 1 35,f2f4,-334,-458,124
4r1k1/5pp1/4q2p/4Pb2/P1p2P2/1pBr2P1/4Q2P/R1R3K1 w - - 1 36,a4a5,-425,-424,-1
rnbqkbnr/pppppppp/8/8/8/8/PPPPPPPP/RNBQKBNR w KQkq - 0 1,e2e4,27,28,1
rnbqk1nr/pppp1pbp/4p1p1/8/2B1P3/5N2/PPPP1PPP/RNBQK2R w KQkq - 0 4,d2d4,60,33,-27
rnbq1rk1/ppppnpbp/4p1p1/8/2BPP3/5N2/PPP2PPP/RNBQ1RK1 w - - 3 6,e4e5,49,31,-18
rnbq1rk1/ppppn1bp/4p1p1/4Pp2/2BP4/5N2/PPP2PPP/RNBQ1RK1 w - f6 0 7,c2c3,157,108,-49
rnb2rk1/1p1p2bp/1qp1p1p1/p3Pp2/3P4/1BP1nN2/PP1NQPPP/R4RK1 w - - 0 12,f2e3,95,87,-8
8/7p/3kp1p1/1B6/8/4P3/Pb3KPP/8 w - - 4 37,a2a4,40,37,-3
8/7p/3kp1p1/1B6/P7/b3P3/5KPP/8 w - - 1 38,g2g3,79,36,-43
8/8/3kp1p1/1Bb4p/P7/4PKP1/7P/8 w - - 0 40,h2h3,283,60,-223
8/8/3k2p1/1Bb1p2p/P7/4PKPP/8/8 w - - 0 41,e3e4,313,20,-293
rnbqkbnr/pppppppp/8/8/8/8/PPPPPPPP/RNBQKBNR w KQkq - 0 1,e2e4,28,24,-4
rnbqkbnr/ppp1pppp/8/3p4/4P3/8/PPPP1PPP/RNBQKBNR w KQkq - 0 2,e4d5,70,69,-1
rnbqkbnr/pppppppp/8/8/8/8/PPPPPPPP/RNBQKBNR w KQkq - 0 1,e2e4,32,30,-2
rnbqkbnr/ppp1pppp/8/3p4/4P3/8/PPPP1PPP/RNBQKBNR w KQkq - 0 2,e4e5,69,-6,-75
rnbqkbnr/1pp1pppp/p7/3pP3/8/8/PPPP1PPP/RNBQKBNR w KQkq - 0 3,d2d4,26,24,-2
r1bqkbnr/1pp1pppp/p1n5/3pP3/3P4/8/PPP2PPP/RNBQKBNR w KQkq - 1 4,c2c3,70,60,-10
r3kbnr/1ppq1p2/p1n1p1p1/3pPbBp/3P4/2PB1N2/PP3PPP/RN1Q1RK1 w kq - 2 9,h2h4,140,73,-67
r3kbnr/1ppq4/p1n1ppp1/3pP1Bp/3P2bP/2PB1N2/PP1N1PP1/R2Q1RK1 w kq - 0 11,e5f6,435,335,-100
2kr1bnr/1ppq4/p3pPp1/3pn1Bp/3P2bP/2PB4/PP1N1PP1/R2Q1RK1 w - - 0 13,d4e5,-137,-306,169
2kr1bnr/1ppq4/p3pPp1/4P1Bp/2N4P/2pB4/PP3PP1/3R1RK1 w - - 0 16,b2c3,-197,-370,173
2kr1bnr/1pp5/p3pPp1/3qP1Bp/2N4P/2PB4/P4PP1/3R1RK1 w - - 1 17,f6f7,-188,-210,22
rnbqkbnr/pppppppp/8/8/8/8/PPPPPPPP/RNBQKBNR w KQkq - 0 1,e2e4,31,23,-8
r1bqkbnr/pp2pppp/2np4/2p5/2B1P3/2N5/PPPP1PPP/R1BQK1NR w KQkq - 0 4,d2d3,21,-14,-35
r2qkb1r/pp1bpppp/3p1n2/nBp5/4PB2/2NP4/PPP2PPP/R2QK1NR w KQkq - 5 7,e4e5,8,-43,-51
r4rk1/pp3pbp/2q1p1p1/2p5/4N3/3P4/PPP1QPPP/4RRK1 w - - 2 18,c2c3,-33,-96,63
4r1k1/pp2r1bp/6p1/2p1pp2/8/2PPRN2/PP3PPP/4R1K1 w - - 5 24,d3d4,1,-75,-76
4r1k1/pp2r1bp/6p1/5pN1/3pp3/2P1R3/PP3PPP/4R1K1 w - - 0 26,c3d4,-327,-311,-16
4r1k1/p3r2p/1p4p1/5pN1/3bp3/1R6/PP3PPP/4R1K1 w - - 0 28,g2g3,-339,-348,9
4r1k1/p3r3/1p4pp/5p2/3b4/1R2p1PN/PP3P1P/4R1K1 w - - 0 30,f2e3,-297,-372,75
6k1/8/1p4pp/p4p2/3b4/5KPN/PP5P/8 w - - 2 35,b2b3,-283,-261,-22
8/5k2/6pp/1p1N1p2/p2b4/1P3KP1/P6P/8 w - - 0 38,b3a4,-109,-138,29
8/5k2/6pp/3N1p2/p2b4/5KP1/P6P/8 w - - 0 39,h2h4,-89,-184,95
8/5k2/6pp/3N1p2/5K1P/p5P1/Pb6/8 w - - 2 41,g3g4,-27,-151,124
rnbqkbnr/pppppppp/8/8/8/8/PPPPPPPP/RNBQKBNR w KQkq - 0 1,d2d4,29,22,-7
rnbqkbnr/ppp1pppp/8/3p4/3P4/8/PPP1PPPP/RNBQKBNR w KQkq - 0 2,c2c4,25,26,1
rnbqkb1r/pp2pppp/2p2n2/3p4/2PP4/2N5/PP2PPPP/R1BQKBNR w KQkq - 0 4,h2h3,39,3,-36
rnbqkb1r/pp3ppp/2p1pn2/3p4/2PP4/2N4P/PP2PPP1/R1BQKBNR w KQkq - 0 5,c4c5,18,-39,-57
rnbqkb1r/p4ppp/1pp1pn2/2Pp4/3P4/2N4P/PP2PPP1/R1BQKBNR w KQkq - 0 6,b2b4,-54,-151,97
r1bqkb1r/p2n1pp1/1pp1pn1p/2Pp4/1P1P1B2/2N4P/P3PPP1/R2QKBNR w KQkq - 0 8,a2a3,33,-50,-83
r1bqkb1r/p2n1pp1/2p1pn1p/2pp4/1P1P1B2/P1N4P/4PPP1/R2QKBNR w KQkq - 0 9,b4c5,-39,-101,62
r1b1kb1r/p2n1pp1/q1p1pn1p/2Pp4/3P4/P1N4P/3BPPP1/R2QKBNR w KQkq - 3 11,e2e3,231,91,-140
rnbqkbnr/pppppppp/8/8/8/8/PPPPPPPP/RNBQKBNR w KQkq - 0 1,d2d4,27,27,0
rnbqkbnr/pp2pppp/2p5/3p4/3P4/5N2/PPP1PPPP/RNBQKB1R w KQkq - 0 3,g2g3,28,19,-9
rn1qkb1r/pp3ppp/2p1pn2/3p4/3P4/5BP1/PPP1PP1P/RNBQ1RK1 w kq - 0 7,b2b3,55,46,-9
rn1qk2r/pp3ppp/2pbpn2/3p4/3P4/1P3BP1/P1P1PP1P/RNBQ1RK1 w kq - 1 8,c2c4,39,38,-1
rn1qk2r/pp3ppp/2pbpn2/8/2pP4/1P3BP1/P3PP1P/RNBQ1RK1 w kq - 0 9,b3c4,102,110,8
r4rk1/ppqn1pp1/2pNpn2/6p1/2PP4/5BP1/P3PP1P/R2Q1RK1 w - - 1 14,c4c5,74,77,3
r4rk1/p1qn1pp1/1ppNpn2/2P3p1/3P4/5BP1/P3PP1P/R2Q1RK1 w - - 0 15,e2e4,103,-20,-123
r4rk1/p1qn1pp1/2pNpn2/2p3p1/3PP3/5BP1/P4P1P/R2Q1RK1 w - - 0 16,d4c5,-22,-36,14
r4rk1/p1q2pp1/2pNpn2/2n3p1/4P3/5BP1/P4P1P/R2Q1RK1 w - - 0 17,e4e5,14,10,-4
r4rk1/p1q2pp1/2pnp3/3nP1p1/3Q4/5BP1/P4P1P/2R2RK1 w - - 0 20,e5d6,-59,-73,14
5rk1/Q2R1pp1/4p3/3p2p1/1q6/6P1/P4P1P/6K1 w - - 5 27,a2a4,-138,-209,71
rnbqkbnr/pppppppp/8/8/8/8/PPPPPPPP/RNBQKBNR w KQkq - 0 1,c2c4,26,8,-18
rnbqkbnr/pppp1ppp/8/4p3/2P5/8/PP1PPPPP/RNBQKBNR w KQkq - 0 2,e2e4,6,-45,-51
r1bqk1nr/pppp1ppp/2n5/2b1p3/2P1P3/2N5/PP1P1PPP/R1BQKBNR w KQkq - 3 4,d2d3,-53,-54,1
r1bqk1nr/ppp2ppp/2np4/2b1p3/2P1P3/2NP4/PP3PPP/R1BQKBNR w KQkq - 0 5,g2g3,-52,-83,31
r2q1rk1/ppp2ppp/3p1n2/2b1p3/2PnP1b1/2NP1NP1/PP3PBP/R1BQ1RK1 w - - 7 9,h2h3,-51,-202,151
r2q1rk1/ppp2ppp/3p1n2/2b1p2b/2PnP3/2NP1NPP/PP3PB1/R1BQ1RK1 w - - 1 10,g3g4,32,27,-5
r2q1rk1/bp1n1ppp/2pp4/p3p3/2P1P3/3P1Q1P/PPNB1P2/R4RK1 w - - 2 18,b2b4,-183,-269,86
r4rk1/bp1n1ppp/2pp4/p3p3/1PP1P2q/3P1Q1P/P1NB1P2/R4RK1 w - - 1 19,b4b5,-144,-179,35
r4rk1/bp1n1ppp/3p4/B3p3/2p1P2q/3P1Q1P/P1N2P2/R4RK1 w - - 0 21,d3c4,-367,-395,28
r4rk1/1p1n1ppp/3p4/B7/2PpP3/6qP/P4P2/R4RK1 w - - 0 24,f2g3,-560,-547,-13
5rk1/1p1n1ppp/3p4/r7/2PpP3/6PP/P7/R4RK1 w - - 0 25,a2a4,-553,-547,-6
5rk1/1p3ppp/3R4/4r3/P3P3/4n1PP/8/R5K1 w - - 1 29,a4a5,-371,-469,98
rnbqkbnr/pppppppp/8/8/8/8/PPPPPPPP/RNBQKBNR w KQkq - 0 1,d2d4,30,24,-6
rnbqkb1r/ppp2ppp/4pn2/3p2B1/3P4/2N5/PPP1PPPP/R2QKBNR w KQkq - 0 4,e2e4,41,32,-9
rnbqk2r/ppp2ppp/4pn2/3p2B1/1b1PP3/2N5/PPP2PPP/R2QKBNR w KQkq - 1 5,e4e5,62,58,-4
rnbqk2r/ppp2ppp/4pn2/3pP1B1/3P4/2b5/PPP2PPP/R2QKBNR w KQkq - 0 6,b2c3,160,160,0
rnbqk2r/ppp2pp1/4pn1p/3pP1B1/3P4/2P5/P1P2PPP/R2QKBNR w KQkq - 0 7,e5f6,149,110,-39
rnbqk2r/ppp2pp1/4pP2/3p2p1/3P4/2P5/P1P2PPP/R2QKBNR w KQkq - 0 8,f6g7,104,100,-4
r2qk3/pppb1pr1/2n1p3/3p2p1/3P4/2PB1N2/P1P2PPP/R2Q1RK1 w q - 4 12,c3c4,7,-75,-82
r3k3/pppb1pr1/2n1pq2/6p1/2BP4/5N2/P1P2PPP/R2Q1RK1 w q - 1 14,c2c3,-19,-127,108
1k1r4/p1pb1pr1/1pn1pq2/6p1/Q1BP4/2P2N2/P4PPP/1R3RK1 w - - 0 17,d4d5,-15,-334,319
1k1r4/p1pb1pr1/Qp2pq2/3P2p1/2B5/2P2n2/P4PPP/1R3RK1 w - - 0 19,g2f3,-489,-441,-48
1k1r4/p1pb1pr1/Qp2p3/3P2p1/2B5/2P2q2/P4P1P/1R3RK1 w - - 0 20,d5e6,-383,-10000,9617
rnbqkbnr/pppppppp/8/8/8/8/PPPPPPPP/RNBQKBNR w KQkq - 0 1,d2d4,24,23,-1
rnbqkbnr/pppp1ppp/4p3/8/3P4/8/PPP1PPPP/RNBQKBNR w KQkq - 0 2,e2e4,52,36,-16
r1bqkbnr/3p1ppp/p3p3/1p6/1n2P3/3BQN2/PPP2PPP/RNB2RK1 w kq - 0 8,a2a3,49,19,-30
r1bqkbnr/3p1ppp/p1n1p3/1p6/4P3/P2BQN2/1PP2PPP/RNB2RK1 w kq - 1 9,b2b4,146,130,-16
r2qkb1r/1b1p1ppp/p1n1pn2/1p6/1P2P3/P2BQN2/1BP2PPP/RN3RK1 w kq - 3 11,e4e5,136,51,-85
r2qkb1r/1b1p2p1/p1n1pp2/1p2P1Np/1P3Qn1/P2B4/1BP2PPP/RN3RK1 w kq - 0 14,e5f6,410,400,-10
rnbqkbnr/pppppppp/8/8/8/8/PPPPPPPP/RNBQKBNR w KQkq - 0 1,e2e4,23,21,-2
rnbqkbnr/ppp2ppp/3p4/4p3/4P3/5N2/PPPP1PPP/RNBQKB1R w KQkq - 0 3,d2d4,41,46,5
r2k1b1r/1p2q3/pnpp1p1p/4p3/4P3/1N1B1Q2/PPP2PPP/R4RK1 w - - 10 18,a2a4,150,112,-38
r2k1b1r/1p2q3/pnp2p1p/3pp3/P3P3/1N1B1Q2/1PP2PPP/R4RK1 w - - 0 19,e4d5,244,220,-24
rnbqkbnr/pppppppp/8/8/8/8/PPPPPPPP/RNBQKBNR w KQkq - 0 1,h2h4,22,-51,-73
rnbqkbnr/pppp1ppp/8/4p3/7P/8/PPPPPPP1/RNBQKBNR w KQkq - 0 2,d2d4,-40,-96,56
rnbqkbnr/pppp1ppp/8/8/3Pp2P/8/PPP1PPP1/RNBQKBNR w KQkq - 0 3,h4h5,23,-37,-60
rnbqkbnr/ppp2ppp/8/3p3P/3Pp3/8/PPP1PPP1/RNBQKBNR w KQkq - 0 4,f2f3,-11,-168,157
rnbqkbnr/ppp3pp/8/3p1p1P/3Pp3/5P2/PPP1P1P1/RNBQKBNR w KQkq - 0 5,f3e4,-32,-151,119
rnbqkbnr/ppp3pp/8/3p3P/3Pp3/8/PPP1P1P1/RNBQKBNR w KQkq - 0 6,e2e3,-164,-171,7
rnbqk1nr/ppp1b1pp/8/3p3P/3Pp3/4P3/PPP3P1/RNBQKBNR w KQkq - 1 7,g2g3,-127,-199,72
rnbq1rk1/ppp1b2p/8/3p3P/3PppB1/4P1P1/PPP2K2/RNBQ3R w - - 0 13,g3f4,-74,-92,18
3q1rk1/p1p5/np5p/3p2bP/3PpP2/4P3/PPP5/RNBQK1R1 w - - 2 20,f4g5,611,585,-26
3q1r2/p1p4k/np5p/3p2PP/3Pp3/4P3/PPP5/RNBQK1R1 w - - 1 21,g5g6,627,658,31
5rk1/p1p5/np3qPp/3p3P/3Pp1Q1/4P3/PPP5/RNB1K1R1 w - - 3 23,g6g7,658,529,-129
2Q2rk1/p1p3P1/np3q1p/3p3P/3Pp3/4P3/PPP5/RNB1K1R1 w - - 3 25,g7f8q,10000,10000,0
rnbqkbnr/pppppppp/8/8/8/8/PPPPPPPP/RNBQKBNR w KQkq - 0 1,e2e4,23,22,-1
r1bqkb1r/pppp1p1p/2n2np1/4p3/2B1P3/5Q2/PPPP1PPP/RNB1K1NR w KQkq - 2 5,d2d3,-36,-102,66
r7/ppp1kpB1/3p2pp/4p3/1bB1P3/N2P1b2/PP2KPPP/R7 w - - 0 17,g2f3,595,620,25
r7/ppp1kpB1/3p2pp/4p3/2B1P3/b2P1P2/PP2KP1P/R7 w - - 0 18,b2a3,676,680,4
8/5p2/1p1B2p1/4p3/2B1Pk2/P2P1P1r/P3KP2/1R6 w - - 1 26,d3d4,898,814,-84
rnbqkbnr/pppppppp/8/8/8/8/PPPPPPPP/RNBQKBNR w KQkq - 0 1,e2e4,24,23,-1
r1bqk1nr/ppppbppp/2n5/4p3/2B1P3/5N2/PPPP1PPP/RNBQK2R w KQkq - 4 4,a2a3,43,-5,-48
r1bq1rk1/ppppbppp/2n2n2/4p3/2B1P3/P1N2N2/1PPP1PPP/R1BQK2R w KQ - 3 6,d2d3,33,35,2
r1b2rk1/2ppqppp/2n2n2/pp2p3/4P3/P2P1N2/BPP2PPP/R1BQK2R w KQ - 0 10,b2b3,47,-223,-270
r1b2rk1/2p1qppp/2n2n2/pp1pp3/4P3/PP1P1N2/B1P2PPP/R1BQK2R w KQ - 0 11,e4d5,-212,-235,23
r2r2k1/2p1qppp/2n5/p2np3/1p4b1/PP1P1N2/B1PB1PPP/R2QR1K1 w - - 0 15,a3b4,-256,-353,97
r2r2k1/2p1qppp/2n5/3np3/1p4b1/1P1P1N2/B1PB1PPP/R2QR1K1 w - - 0 16,h2h3,-364,-369,5
rnbqkbnr/pppppppp/8/8/8/8/PPPPPPPP/RNBQKBNR w KQkq - 0 1,d2d4,22,22,0
rnbqkb1r/ppp1ppp1/7p/3p4/3Pn2B/5N2/PPP1PPPP/RN1QKB1R w KQkq - 0 5,e2e3,-19,-96,77
rn1qk2r/ppp1ppb1/7p/5bp1/3Pp3/4P1B1/PPP2PPP/RN1QKB1R w KQkq - 0 9,f2f3,83,37,-46
rn1q1rk1/ppp1ppb1/7p/5bp1/3Pp3/4PPB1/PPP3PP/RN1QKB1R w KQ - 1 10,f3e4,97,22,-75
rn1q1rk1/ppp1ppb1/6bp/6p1/3P4/4P1B1/PPPN2PP/R2QKB1R w KQ - 2 12,c2c3,-39,-33,-6
4rr2/pp1n2bk/1qp3pp/4p1p1/3P4/2P1PNB1/PPQ3PP/1R3RK1 w - - 0 19,h2h4,37,6,-31
4rr2/pp1n2bk/1q4pp/8/3pN2B/2P1P3/PPQ3P1/1R3RK1 w - - 0 23,e3d4,11,-5,-16
8/pp3qbk/6pp/3n4/3PQ3/2P5/PP3BP1/5NK1 w - - 5 30,c3c4,140,134,-6
8/pp1q2bk/5npp/8/2PP4/3Q4/PP3BP1/5NK1 w - - 3 32,b2b3,160,173,13
8/pp4bk/5n1p/5p2/2PP4/1P6/P4BP1/5NK1 w - - 0 34,d4d5,221,219,-2
8/p7/3b4/1p1P1k2/2P1p3/1P2B3/P3K1P1/8 w - - 0 42,g2g3,529,379,-150
8/p7/3b4/3P1k2/2p1p3/1P2B1P1/P3K3/8 w - - 0 43,b3c4,382,448,66
8/8/8/3P1k2/2P1pb2/4B3/P3K3/8 w - - 8 49,a2a4,678,511,-167
rnbqkbnr/pppppppp/8/8/8/8/PPPPPPPP/RNBQKBNR w KQkq - 0 1,d2d4,22,26,4
rnbqkbnr/pppp1ppp/4p3/8/3P4/8/PPP1PPPP/RNBQKBNR w KQkq - 0 2,c2c4,28,24,-4
rnbqkbnr/ppp2ppp/4p3/3p4/2PP4/8/PP2PPPP/RNBQKBNR w KQkq - 0 3,a2a3,26,-11,-37
r1bqkb1r/ppp2ppp/2n1pn2/8/2pP4/P1N2N2/1P2PPPP/R1BQKB1R w KQkq - 4 6,e2e4,84,69,-15
r1bqkb1r/ppp2ppp/2n2n2/4p3/2pPP3/P1N2N2/1P3PPP/R1BQKB1R w KQkq - 0 7,d4d5,137,127,-10
r2qkb1r/ppp2ppp/5n2/3P1b2/2pQP3/P1N5/1P3PPP/R1B1KB1R w KQkq - 1 10,e4f5,612,514,-98
rnbqkbnr/pppppppp/8/8/8/8/PPPPPPPP/RNBQKBNR w KQkq - 0 1,e2e4,27,26,-1
r1bq1rk1/pppp1ppp/2n2n2/1Bb1p3/4P3/5N2/PPPP1PPP/RNBQR1K1 w - - 8 6,c2c3,26,27,1
r1bq1rk1/ppp2ppp/2np1n2/1Bb1p3/4P3/2P2N2/PP1P1PPP/RNBQR1K1 w - - 0 7,h2h3,48,43,-5
r2q1rk1/pppb1ppp/2np1n2/1Bb1p3/4P3/2P2N1P/PP1P1PP1/RNBQR1K1 w - - 1 8,d2d4,51,41,-10
r2q1rk1/pppb1ppp/2np1n2/1Bb5/3pP3/2P2N1P/PP3PP1/RNBQR1K1 w - - 0 9,c3d4,114,111,-3
rn3rk1/1ppbqp2/p2p1n1p/b5p1/3PP3/5NBP/PPBN1PP1/R2QR1K1 w - - 6 16,e4e5,395,403,8
8/1p3pk1/pqp2n1p/5Qp1/3P4/7P/PPB2PP1/6K1 w - - 4 30,h3h4,-136,-264,128
8/1p3pk1/pqp2n1p/5Q2/3P2pP/8/PPB2PP1/6K1 w - - 0 31,h4h5,-126,-357,231
rnbqkbnr/pppppppp/8/8/8/8/PPPPPPPP/RNBQKBNR w KQkq - 0 1,e2e4,28,23,-5
rnbqkbnr/pppp1ppp/8/4p3/4P3/8/PPPP1PPP/RNBQKBNR w KQkq - 0 2,d2d3,26,-18,-44
rnbqkb1r/pppp1ppp/5n2/4p3/4P3/3P4/PPP2PPP/RNBQKBNR w KQkq - 1 3,f2f4,-6,-20,14
rnbqkb1r/ppp2ppp/5n2/3p4/4PB2/3P4/PPP3PP/RN1QKBNR w KQkq - 0 5,e4d5,24,-134,-158
rnbqkbnr/pppppppp/8/8/8/8/PPPPPPPP/RNBQKBNR w KQkq - 0 1,d2d4,25,25,0
rnbqkbnr/pppppp1p/6p1/8/3P4/8/PPP1PPPP/RNBQKBNR w KQkq - 0 2,e2e3,61,22,-39
rnbqk1nr/ppppppbp/6p1/8/3P4/4P3/PPP2PPP/RNBQKBNR w KQkq - 1 3,g2g3,18,-28,-46
rnbq1rk1/ppppn1bp/4p1p1/5p2/3P4/4P1P1/PPP1NPBP/RNBQ1RK1 w - - 0 7,b2b3,96,89,-7
r1bq1rk1/pp1p2bp/n1p1p1p1/3n1p2/3P4/1P2P1P1/PBPNNPBP/R2Q1RK1 w - - 4 10,c2c4,162,123,-39
r1bq1rk1/ppnp2bp/n1p1p1p1/5p2/2PP4/1P2P1P1/PB1NNPBP/R2Q1RK1 w - - 1 11,c4c5,131,42,-89
r1bq1rk1/ppn3bp/n1ppp1p1/2P2p2/3P4/1P2P1P1/PB1NNPBP/R2Q1RK1 w - - 0 12,a2a3,162,-49,-211
r1bq1rk1/ppn3bp/n1p1p1p1/2p2p2/3P4/PP2P1P1/1B1NNPBP/R2Q1RK1 w - - 0 13,b3b4,13,-41,-54
r1bq1rk1/ppn3bp/n1p1p1p1/5p2/1p1P4/P3P1P1/1B1NNPBP/R2Q1RK1 w - - 0 14,a3b4,-51,-81,30
1rbq1rk1/6b1/p1R3p1/1p1p1p2/3P4/1N2P1p1/1Q3PBP/5RK1 w - - 0 25,h2g3,65,73,8
8/6b1/7k/6q1/3P1p2/3QP1P1/5PB1/5RK1 w - - 0 38,e3f4,715,708,-7
rnbqkbnr/pppppppp/8/8/8/8/PPPPPPPP/RNBQKBNR w KQkq - 0 1,e2e4,26,28,2
rnbqk2r/pppp1ppp/5n2/4p3/1bB1P3/2N5/PPPP1PPP/R1BQK1NR w KQkq - 4 4,d2d4,16,-75,-91
rnbqk2r/pppp1ppp/5n2/4p3/2BPP3/2b5/PPP2PPP/R1BQK1NR w KQkq - 0 5,b2c3,46,42,-4
3r2k1/pb2npp1/1p5p/3r4/8/5N2/P1P2PPP/4R1K1 w - - 2 23,h2h3,-697,-870,173
3r2k1/p3Rpp1/1p5p/r7/8/5b1P/P1P2PP1/6K1 w - - 0 25,g2f3,-671,-656,-15
3r2k1/p3Rpp1/1p5p/8/8/5P1P/r1P2P2/6K1 w - - 0 26,c2c4,-657,-675,18
6k1/p4pp1/1p5p/8/r1P1RK2/5P1P/7r/8 w - - 6 31,c4c5,-707,-806,99
rnbqkbnr/pppppppp/8/8/8/8/PPPPPPPP/RNBQKBNR w KQkq - 0 1,e2e4,28,27,-1
r1bqkbnr/pppppppp/2n5/8/4P3/8/PPPP1PPP/RNBQKBNR w KQkq - 1 2,d2d4,44,45,1
r1bqk2r/pppp1ppp/2n1pn2/8/1b1PP3/2N5/PPP1NPPP/R1BQKB1R w KQkq - 4 5,f2f3,78,41,-37
r1bqk2r/ppp2ppp/2n1pn2/3p4/1b1PP3/2N2P2/PPP1N1PP/R1BQKB1R w KQkq - 0 6,e4e5,45,50,5
r1bqk2r/1pp1nppp/p1n1p3/3pP3/1b1P4/2NQBP2/PPP1N1PP/R3KB1R w KQkq - 0 9,a2a3,115,93,-22
r2qk2r/2p2pp1/pp2b2p/n2pPp2/3P4/P1Q1BP2/1PP3PP/2KR1B1R w kq - 2 16,b2b4,137,114,-23
r2qk2r/2p2pp1/pp2b2p/4Pp2/1PpP4/P1Q1BP2/2P3PP/2KR3R w kq - 0 18,d4d5,114,141,27
r3k2r/5pp1/ppp4p/4Pp2/1Pp4R/P1Q1Bb2/2P3PP/2KR4 w kq - 0 22,g2f3,916,899,-17
r4rk1/5pp1/ppp4p/4Pp2/1Pp4R/P1Q1BP2/2P4P/2KR4 w - - 1 23,e5e6,893,908,15
rnbqkbnr/pppppppp/8/8/8/8/PPPPPPPP/RNBQKBNR w KQkq - 0 1,e2e3,29,15,-14
rn1qkb1r/pp2pppp/2p2n2/3p4/6b1/4PN2/PPPPBPPP/RNBQ1RK1 w kq - 4 5,c2c4,-4,-8,4
rn1qkb1r/pp3ppp/2p1pn2/3p4/2P3b1/4PN2/PP1PBPPP/RNBQ1RK1 w kq - 0 6,c4d5,-11,-15,4
rn1qkb1r/pp3ppp/2p2n2/3p4/6b1/4PN2/PP1PBPPP/RNBQ1RK1 w kq - 0 7,d2d4,-8,-47,39
r2qk2r/pp1n1ppp/2pb1n2/3p4/3P2b1/4PN2/PP1NBPPP/R1BQ1RK1 w kq - 3 9,b2b3,-54,-71,17
r2q1rk1/pp1n2pp/2pb1p2/3p4/3P4/1P2P3/PB1NQPPP/2R2RK1 w - - 0 14,h2h3,-40,-85,45
r2qr1k1/pp1n2pp/2pb1p2/3p4/3P4/1P2P2P/PB1NQPP1/2R2RK1 w - - 1 15,f2f3,-42,-142,100
r2qr1k1/pp4pp/2pb1pn1/3p4/3P4/1P2PP1P/PB1N1QP1/2R2RK1 w - - 3 17,e3e4,-80,-235,155
r2qr1k1/pp4pp/2pb1pn1/8/3Pp3/1P3P1P/PB1N1QP1/2R2RK1 w - - 0 18,f3e4,-54,-56,2
r3qrk1/ppb3pp/2p2p2/8/3PPn2/1P3N1P/PB1Q2P1/4RRK1 w - - 7 22,e4e5,91,98,7
r3qrk1/ppb3pp/2p5/4p3/3P1n2/1P3N1P/PB1Q2P1/4RRK1 w - - 0 23,d4e5,104,-277,-381
rnbqkbnr/pppppppp/8/8/8/8/PPPPPPPP/RNBQKBNR w KQkq - 0 1,b2b4,28,-19,-47
r1bqk1r1/ppp2p1p/2np4/8/1b6/4B3/P1PPPPPP/RN1QKBNR w KQq - 0 7,c2c3,486,467,-19
r1bqk1r1/ppp2p1p/2np4/2b5/8/2P1B3/P2PPPPP/RN1QKBNR w KQq - 1 8,d2d4,469,503,34
r1bqk1r1/ppp2p1p/1bnp4/8/3P4/2P1B3/P3PPPP/RN1QKBNR w KQq - 1 9,d4d5,500,358,-142
rnbqkbnr/pppppppp/8/8/8/8/PPPPPPPP/RNBQKBNR w KQkq - 0 1,e2e4,32,30,-2
rnbqkbnr/ppp1pppp/8/3p4/4P3/8/PPPP1PPP/RNBQKBNR w KQkq - 0 2,e4d5,68,68,0
rnbqkbnr/ppp2ppp/4p3/8/8/2N2N2/PPPP1PPP/R1BQKB1R w KQkq - 0 5,d2d4,76,77,1
rnbqk2r/p1p1bppp/1p2pn2/8/3P4/2NB1N2/PPP2PPP/R1BQ1RK1 w kq - 0 8,h2h3,89,44,-45
r2q1rk1/pb1nbp1p/1p2pnp1/2p3N1/3P4/2NBB2P/PPP1QPP1/R3R1K1 w - - 0 13,d4c5,25,-10,-35
rnbqkbnr/pppppppp/8/8/8/8/PPPPPPPP/RNBQKBNR w KQkq - 0 1,d2d4,29,19,-10
rnbqkb1r/pppppppp/5n2/8/3P4/8/PPP1PPPP/RNBQKBNR w KQkq - 1 2,c2c4,23,22,-1
rnbqkb1r/pp1p1ppp/4pn2/2p5/2PP4/2N5/PP2PPPP/R1BQKBNR w KQkq - 0 4,d4d5,105,101,-4
rnb1k2r/pp2qppp/3p1n2/2p3B1/2P5/8/PP2PPPP/R2QKBNR w KQkq - 0 8,e2e3,0,11,11
k2r3r/pp2qpp1/5np1/2p5/Q1P1pB2/4P3/PP3PPP/1R2R1K1 w - - 2 18,b2b4,60,25,-35
k2r3r/pp1q1pp1/5np1/2p5/QPP1pB2/4P3/P4PPP/1R2R1K1 w - - 1 19,b4b5,126,66,-60
k2r3r/pp4p1/5pp1/1Pp4n/Q1P1p3/2BqP3/P4PPP/1R2R1K1 w - - 2 22,b5b6,429,154,-275
k2r4/1p4p1/pP2q1p1/2p2p1n/2P1p3/1QB1P3/P4PPP/5RK1 w - - 0 27,a2a4,17,3,-14
k2r4/1p4p1/pP2q3/2p2ppn/P1P1p3/1QB1P3/5PPP/5RK1 w - - 0 28,a4a5,83,73,-10
k2r4/1p4p1/pP2q3/P1p3pn/2P1pp2/1QB1P3/5PPP/5RK1 w - - 0 29,e3f4,184,-208,-392
k7/1p4p1/pP2q3/P1p4n/2P2p2/2Brp3/1Q3PPP/4R1K1 w - - 0 32,f2e3,193,-106,-299
k3q3/1p4n1/pP6/P1p5/2P2p2/4r3/1Q4PP/3R2K1 w - - 0 35,h2h3,-299,-347,48
k3q3/1p6/pP3Q2/P1p5/2Pn4/4rp1P/6PK/3R4 w - - 0 38,g2g4,-464,-986,522
rnbqkbnr/pppppppp/8/8/8/8/PPPPPPPP/RNBQKBNR w KQkq - 0 1,e2e4,31,26,-5
rnbqkb1r/pppppppp/5n2/8/4P3/8/PPPP1PPP/RNBQKBNR w KQkq - 1 2,e4e5,81,58,-23
rnbqkb1r/pppppppp/8/3nP3/8/8/PPPP1PPP/RNBQKBNR w KQkq - 1 3,d2d4,60,73,13
rnbqkb1r/ppp1pppp/8/3np3/3P4/5Q2/PPP2PPP/RNB1KBNR w KQkq - 0 5,d4e5,-23,-13,-10
rnbqkb1r/pppppppp/5n2/8/8/5N2/PPPPPPPP/RNBQKB1R w KQkq - 2 2,d2d4,24,21,-3
rnbqkb1r/pppp1ppp/4pn2/8/3P4/5N2/PPP1PPPP/RNBQKB1R w KQkq - 0 3,c2c3,18,10,-8
rnbqk2r/ppppbppp/4pn2/8/3P4/2P2N2/PP2PPPP/RNBQKB1R w KQkq - 1 4,g2g3,15,-10,-25
r1bq1rk1/pp1nbpp1/2pppn1p/8/3P4/2P2NP1/PP1NPPBP/R1BQR1K1 w - - 0 9,e2e4,57,55,-2
r1bq1rk1/pp1nbpp1/2pp1n1p/4p3/3PP3/2P2NP1/PP1N1PBP/R1BQR1K1 w - - 0 10,d4d5,45,-55,-100
r1bq1rk1/pp1nbpp1/3p1n1p/2pPp3/4P3/2P2NP1/PP1N1PBP/R1BQR1K1 w - - 0 11,c3c4,126,77,-49
r1bq1rk1/1p1nbpp1/p2p1n1p/2pPp3/2P1P3/5NP1/PP1N1PBP/R1BQR1K1 w - - 0 12,b2b3,86,72,-14
r1bq1rk1/4bpp1/pn1p1n1p/1ppPp3/2P1P3/1P3NP1/PB1N1PBP/R2QR1K1 w - - 2 14,c4b5,117,53,-64
r2q1rk1/4bpp1/1n1p1n1p/1ppPp3/4P1b1/1P3NP1/PB3PBP/R2QRNK1 w - - 2 16,h2h3,41,8,-33
r2q1rk1/3bbpp1/1n1p1n1p/1ppPp3/4P3/1P3NPP/PB3PB1/R2QRNK1 w - - 1 17,g3g4,79,-72,-151
r1q2rk1/3bbpp1/1n1p1n1p/1p1Pp3/2p1P1P1/1P3N1P/P4PB1/R1BQRNK1 w - - 0 19,b3c4,-30,-108,78
r1q2rk1/3bbpp1/1n1p1n1p/3Pp3/2p1P1P1/5N1P/P4PB1/R1BQRNK1 w - - 0 20,g4g5,-111,-165,54
rnbqkbnr/pppppppp/8/8/8/8/PPPPPPPP/RNBQKBNR w KQkq - 0 1,e2e4,32,28,-4
r1bqkbnr/pppp1ppp/2n5/4p3/4P3/5N2/PPPP1PPP/RNBQKB1R w KQkq - 2 3,d2d4,29,16,-13
r1bqkbnr/ppp2ppp/2n5/3pp3/3PP3/5N2/PPP2PPP/RNBQKB1R w KQkq - 0 4,d4e5,96,33,-63
rnbqkbnr/pppppppp/8/8/8/8/PPPPPPPP/RNBQKBNR w KQkq - 0 1,e2e4,28,26,-2
rn1qkbnr/3b1ppp/p1pp4/1p2p3/4P3/1BN2N2/PPPP1PPP/R1BQK2R w KQkq - 0 7,a2a3,194,55,-139
rn2kbnr/3b1ppp/p1pp4/q3p3/1p2P3/P1N2N2/BPPP1PPP/R1BQK2R w KQkq - 0 9,a3b4,269,257,-12
rn2kbnr/3b1ppp/p1pp4/4p3/1q2P3/2N2N2/BPPP1PPP/R1BQK2R w KQkq - 0 10,d2d3,255,163,-92
rn2kbnr/1q1b2pp/p1pp4/4pp2/N3P3/3P1N2/B1PB1PPP/R2QK2R w KQkq - 2 13,e4f5,346,328,-18
rn2kbnr/5Npp/p2p4/2p2P2/4p3/3P4/B1bBQPqP/R3KR2 w Qkq - 0 18,d3e4,-80,-140,60
rnbqkbnr/pppppppp/8/8/8/8/PPPPPPPP/RNBQKBNR w KQkq - 0 1,d2d4,31,22,-9
rnbqkbnr/ppp1pppp/8/3p4/3P4/8/PPP1PPPP/RNBQKBNR w KQkq - 0 2,e2e3,26,10,-16
r2q1rk1/p1pn1ppp/3bp3/3p4/Q2P4/4PN2/PPP2PPP/RNB1K2R w KQ - 3 10,c2c4,471,436,-35
r2q1rk1/2p2ppp/1n1bp3/p7/3P4/2Q1PN2/PP3PPP/RNB1K2R w KQ - 0 13,a2a3,513,452,-61
r4rk1/5ppp/3pp2q/p7/3P2n1/P3PN2/1P1Q1PPP/R1B2RK1 w - - 0 19,h2h3,563,526,-37
r4rk1/5ppp/3ppn1q/p7/3P4/P3PN1P/1P1Q1PP1/R1B2RK1 w - - 1 20,e3e4,521,496,-25
r4rk1/5ppp/3ppnq1/p7/3PP3/P4N1P/1P1Q1PP1/R1B2RK1 w - - 1 21,e4e5,545,523,-22
r4rk1/5ppp/4pnq1/p3p3/3P4/P4N1P/1P1Q1PP1/R1B2RK1 w - - 0 22,d4e5,524,453,-71
r4rk1/6pp/4p1q1/p3Pp2/4n3/P3QN1P/1P3PP1/R1B2RK1 w - f6 0 24,e5f6,555,529,-26
4rr1k/6pp/8/6Q1/4q3/P6P/1P3PP1/1R1R3K w - - 2 35,f2f3,392,429,37
4r2k/6pp/4q3/8/8/P4P1P/1P1Q2P1/1R5K w - - 2 39,b2b4,466,463,-3
4r2k/6p1/4q2p/8/1P6/P4P1P/3Q2P1/1R5K w - - 0 40,a3a4,443,460,17
4r2k/6p1/7p/4q3/PP6/5P1P/3Q2P1/1R5K w - - 1 41,a4a5,489,479,-10
1r5k/6p1/7p/P3q3/1P6/5P1P/3Q2P1/1R5K w - - 1 42,b4b5,522,533,11
8/6pk/1Q5p/P7/8/5P1P/4q1PK/8 w - - 6 47,a5a6,403,15,-388
rnbqkbnr/pppppppp/8/8/8/8/PPPPPPPP/RNBQKBNR w KQkq - 0 1,e2e4,31,29,-2
r1bqk1nr/pppp1ppp/2nb4/1B2p3/4P3/5N2/PPPP1PPP/RNBQK2R w KQkq - 4 4,d2d4,91,34,-57
r1bqk1nr/ppp2pp1/2p4p/2b5/3NP3/8/PPP2PPP/RNBQ1RK1 w kq - 2 8,c2c3,14,-11,-25
r1bq1rk1/ppp2pp1/2p2n1p/2b5/3NP3/2P5/PP3PPP/RNBQR1K1 w - - 3 10,h2h3,-12,-16,4
r1bqr1k1/ppp2pp1/2p2n1p/2b5/3NP3/2P4P/PP3PP1/RNBQR1K1 w - - 1 11,e4e5,-19,-43,24
r1bqr1k1/ppp2ppn/2p4p/2b1P3/3N4/2P4P/PP3PP1/RNBQR1K1 w - - 1 12,b2b4,-33,-73,40
r1bqr1k1/ppp2ppn/2p4p/4P3/1P1b4/2P4P/P4PP1/RNBQR1K1 w - - 0 13,c3d4,-13,-13,0
r3r1k1/ppp1qppn/2p1b2p/4P3/1P1PR3/6NP/P4PP1/R2Q2K1 w - - 6 19,a2a3,-488,-509,21
r3r1k1/pppq1p1n/2p4p/3bP1p1/1P1P2R1/P5NP/5PP1/R2Q2K1 w - - 6 24,h3h4,-384,-467,83
rnbqkbnr/pppppppp/8/8/8/8/PPPPPPPP/RNBQKBNR w KQkq - 0 1,g2g3,30,8,-22
rnbqk1nr/pp3ppp/2pbp3/3p4/8/5NP1/PPPPPPBP/RNBQ1RK1 w kq - 2 5,d2d3,40,32,-8
rnbqk2r/pp2nppp/2pbp3/3p4/8/3P1NP1/PPP1PPBP/RNBQ1RK1 w kq - 1 6,e2e4,46,45,-1
rnbq1rk1/pp2nppp/2pbp3/3p4/4P3/3P1NP1/PPP2PBP/RNBQ1RK1 w - - 1 7,e4d5,42,15,-27
rnbq1rk1/pp3ppp/2pbp3/3n4/8/3P1NP1/PPP2PBP/RNBQ1RK1 w - - 0 8,c2c4,97,100,3
r1b2rk1/ppq3pp/1npbppn1/8/2P5/2NPBNP1/PP1Q1PBP/3R1RK1 w - - 6 14,a2a3,542,129,-413
r4rk1/ppq3pp/1npbbpn1/4p3/2P1N3/P2PBNP1/1P1Q1PBP/3R1RK1 w - - 2 16,c4c5,407,334,-73
rnbqkbnr/pppppppp/8/8/8/8/PPPPPPPP/RNBQKBNR w KQkq - 0 1,d2d4,28,23,-5
rnbqkb1r/pppppppp/5n2/8/3P4/8/PPP1PPPP/RNBQKBNR w KQkq - 1 2,c2c4,24,21,-3
rnbqkb1r/ppp2ppp/4pn2/3p4/2PP4/2N5/PP2PPPP/R1BQKBNR w KQkq - 0 4,e2e3,27,5,-22
rnbqkb1r/pp3ppp/2p1pn2/3p4/2PP4/2N1P3/PP3PPP/R1BQKBNR w KQkq - 0 5,c4d5,42,-15,-57
rn1qk2r/pp3ppp/2pb1n2/3p4/3P2b1/2NBPN2/PP3PPP/R1BQK2R w KQkq - 4 8,h2h3,3,22,19
rn1qk2r/pp3ppp/2pb1n2/3p3b/3P4/2NBPN1P/PP3PP1/R1BQK2R w KQkq - 1 9,g2g4,23,-59,-82
r2qk2r/pp1n1pp1/2pb1np1/3pN3/3P2P1/2N1P2P/PP3P2/R1BQK2R w KQkq - 2 12,f2f4,-88,-186,98
r2qk2r/pp1n1pp1/2p2np1/3pN3/1b1P1PP1/2N1P2P/PP6/R1BQK2R w KQkq - 1 13,a2a3,-166,-302,136
r2qk2r/pp1n1pp1/2p2np1/b2pN3/3P1PP1/P1N1P2P/1P6/R1BQK2R w KQkq - 1 14,b2b4,-54,-79,25
2kr3r/pp2qpp1/1np2np1/3pb3/1P1P1PP1/P1N1P2P/1B2Q3/2KR3R w - - 0 19,f4e5,-54,-74,20
1k1r1r2/pp2qpp1/1np3p1/4P3/1P1Pp1P1/P3P2P/1B2Q3/1KR4R w - - 4 23,h3h4,8,-57,-65
1k1r1r2/pp2q1p1/1np3p1/4Pp2/1P1Pp1PP/P3P3/1B2Q3/1KR4R w - f6 0 24,g4g5,-7,-130,123
1k1r1r2/pp4p1/1np1q1p1/4PpP1/1P1Pp2P/P3P3/1B2Q3/1KR4R w - - 1 25,h4h5,-139,-198,59
1k1r1r2/pp5R/2p1q1p1/3nPpP1/1P1Pp3/P3P3/1B2Q3/1KR5 w - - 2 28,b4b5,-83,-80,-3
1k3r2/pp1q4/2p3p1/1P1nPpP1/3Pp3/P3P3/1B2Q3/1KR5 w - - 0 30,b5c6,-28,-72,44
1k6/p1rq4/Q1p3p1/3nPpP1/2RPp3/P3P3/1B6/1K6 w - - 4 33,a3a4,-175,-251,76
1k6/p7/2p3p1/3nPpP1/q2P4/4p3/1B5Q/1K6 w - - 0 40,e5e6,-516,-520,4
8/p6Q/k1p1P1p1/3n1pP1/q2P4/4p3/1B6/1K6 w - - 3 42,e6e7,-580,-621,41
rnbqkbnr/pppppppp/8/8/8/8/PPPPPPPP/RNBQKBNR w KQkq - 0 1,e2e4,29,33,4
r1b1kbnr/pppp1p1p/2n2qp1/4p3/2B1P3/5Q2/PPPP1PPP/RNB1K1NR w KQkq - 2 5,d2d3,3,-16,-19
r1b1k2r/pppp1p1p/2n2np1/2b1p1N1/2B1P3/3P4/PPP2PPP/RNB1K2R w KQkq - 3 8,h2h3,112,-3,-115
r1b2rk1/pppp1p1p/2n2np1/2b1p1N1/2B1P3/3P3P/PPP2PP1/RNB1K2R w KQ - 1 9,c2c3,12,12,0
r1b2rk1/ppp2p1p/2np1np1/2b1p1N1/2B1P3/2PP3P/PP3PP1/RNB1K2R w KQ - 0 10,b2b4,19,21,2
r1b2rk1/ppp2p1p/1bnp1np1/4p1N1/1PB1P3/2PP3P/P4PP1/RNB1K2R w KQ - 1 11,a2a4,22,26,4
r1b2rk1/1pp2p1p/pbnp1np1/4p1N1/PPB1P3/2PP3P/5PP1/RNB1K2R w KQ - 0 12,a4a5,30,16,-14
r1b2rk1/bpp2p1p/p1np1np1/P3p1N1/1PB1P3/2PP3P/5PP1/RNB1K2R w KQ - 1 13,b4b5,17,-133,-150
r1b2rk1/bpp1np1p/p2p1np1/PP2p1N1/2B1P3/2PP3P/5PP1/RNB1K2R w KQ - 1 14,b5a6,9,13,4
2b2rk1/b1p1np2/p4npp/P2pp3/2B1P3/N1PP1N1P/1B3PP1/1R2K2R w K - 0 19,e4d5,565,545,-20
2b2rk1/2p2p2/p1N2npp/P1b5/2B2n2/N1PP3P/1B3PP1/1R2K2R w K - 3 22,d3d4,486,471,-15
6k1/2p2p2/p1N1b1pp/P7/3Pn3/BKP2B1P/6n1/1R3R2 w - - 3 30,c3c4,860,721,-139
rnbqkbnr/pppppppp/8/8/8/8/PPPPPPPP/RNBQKBNR w KQkq - 0 1,d2d4,34,24,-10
r2qkb1r/ppp1pnpp/2n2p2/3p1b2/3P4/2N2NB1/PPP1PPPP/R2QKB1R w KQkq - 4 7,e2e3,30,33,3
r2q1rk1/ppp3pp/2nnpp2/3p4/3P3N/2NbP3/PPP2PPP/R2Q1RK1 w - - 0 12,c2d3,4,1,-3
r2q1rk1/1pp4p/p1nnpp2/3p2p1/3P4/2NPPN2/PP3PPP/R2Q1RK1 w - - 0 14,e3e4,23,-18,-41
r2q1rk1/1pp2n2/p1n1pp1p/3p2p1/3PP3/2NP1N2/PP3PPP/R2QR1K1 w - - 0 16,e4e5,107,-98,-205
r4r1n/1pp4k/p1n1p1qp/3pP1p1/3P4/3P1p2/PP2NPPP/R1R2NK1 w - - 0 24,g2f3,-798,-834,36
r6n/1pp4k/p1n1p1qp/3pP1p1/3P4/3r2N1/PP2NP1P/R1R3K1 w - - 0 26,a2a3,-791,-873,82
r6n/1pp4k/p1n1p1q1/3pP1pp/3P4/P2r2N1/1P2NP1P/R1R3K1 w - - 0 27,b2b4,-823,-854,31
r7/1pp4k/p1n1p3/3pP1p1/1P1Pqn1p/P7/5P1P/1RR2K2 w - - 6 35,a3a4,-10000,-10000,0
rnbqkbnr/pppppppp/8/8/8/8/PPPPPPPP/RNBQKBNR w KQkq - 0 1,e2e4,32,25,-7
rnbqkbnr/pppp1ppp/8/4p3/4P3/8/PPPP1PPP/RNBQKBNR w KQkq - 0 2,a2a3,29,-31,-60
rnbqkb1r/pppp1ppp/5n2/4p3/4P3/P7/1PPP1PPP/RNBQKBNR w KQkq - 1 3,d2d3,-22,-21,-1
rnbqkb1r/ppp2ppp/5n2/3pp3/4P3/P2P4/1PP2PPP/RNBQKBNR w KQkq - 0 4,e4d5,-40,-38,-2
r2q1rk1/ppp2ppp/2n5/2bnpb2/8/P2P1N2/1PPNBPPP/R1BQ1RK1 w - - 8 9,b2b4,-28,-62,34
r2q1rk1/ppp2ppp/2n5/3n1b2/1P1p4/P2P4/2PNBPPP/R1BQ1RK1 w - - 0 11,c2c4,-6,-447,441
r4rk1/ppp2ppp/2n2q2/8/1PPpb3/P1nP4/2Q1BPPP/R1B2RK1 w - - 0 14,d3e4,-242,-225,-17
4rrk1/pp3ppp/5q2/2p5/1PP1n3/P2QB3/5PPP/R4RK1 w - - 0 20,b4c5,143,30,-113
4rrk1/pp3ppp/8/2P5/2P5/P1n1B3/5PPP/R4RK1 w - - 0 22,c5c6,67,84,17
5k2/p4ppp/2p5/8/2P1r3/P1n5/5PPP/R4RK1 w - - 0 25,f2f4,336,248,-88
5k2/p4ppp/2p5/8/2r2P2/P1n5/6PP/R4RK1 w - - 0 26,f4f5,268,245,-23
8/5k2/5pp1/p4Pnp/R7/P7/6PP/6K1 w - - 0 41,f5g6,562,550,-12
R7/8/5p2/5k1p/4n3/P7/6PP/6K1 w - - 3 44,a3a4,566,566,0
R7/8/4kp2/7p/P3n3/8/6PP/6K1 w - - 1 45,a4a5,591,591,0
3k4/8/8/4R3/8/6K1/6PP/8 w - - 3 58,h2h4,717,1098,381
rnbqkbnr/pppppppp/8/8/8/8/PPPPPPPP/RNBQKBNR w KQkq - 0 1,d2d4,32,23,-9
rnbqkbnr/ppp1pppp/8/3p4/3P4/8/PPP1PPPP/RNBQKBNR w KQkq - 0 2,c2c4,25,27,2
rnbqkb1r/ppp1pppp/5n2/3p4/2PP4/8/PP2PPPP/RNBQKBNR w KQkq - 1 3,c4d5,78,83,5
rnbqkb1r/ppp1pppp/8/3n4/3P4/8/PP2PPPP/RNBQKBNR w KQkq - 0 4,e2e4,95,63,-32
rn1qkb1r/ppp2ppp/4pn2/8/3PP3/2N5/PP2NPPP/R1BQK2R w KQkq - 0 8,e4e5,149,76,-73
rn2k2r/pp2bppp/2q1p3/2p1P3/3P1N2/8/PP3PPP/R1BQR1K1 w kq - 4 13,d4d5,278,337,59
rnbqkbnr/pppppppp/8/8/8/8/PPPPPPPP/RNBQKBNR w KQkq - 0 1,e2e4,28,28,0
rnbqk1nr/ppppp1bp/5pp1/8/4P3/2N2N2/PPPP1PPP/R1BQKB1R w KQkq - 0 4,d2d4,187,184,-3
rnbqk2r/ppppn1bp/4p1p1/5p2/3PP3/2N2N2/PPP1BPPP/R1BQ1RK1 w kq - 0 7,e4e5,199,159,-40
rnbqkbnr/pppppppp/8/8/8/8/PPPPPPPP/RNBQKBNR w KQkq - 0 1,e2e4,30,33,3
rnbqkbnr/pppp1ppp/8/4p3/4P3/8/PPPP1PPP/RNBQKBNR w KQkq - 0 2,f2f4,29,-60,-89
r1bqkbnr/pppp1ppp/2n5/8/2B1Pp2/8/PPPP2PP/RNBQK1NR w KQkq - 0 4,d2d4,-49,-44,-5
r7/pp2bppp/2kp1n2/8/3qPB2/5Q2/PPP3PP/R4K1R w - - 0 15,c2c3,296,129,-167
r7/pp2bppp/2k5/3p4/2q1nB2/2P2Q2/PP4PP/2R1K2R w - - 0 18,b2b3,94,84,-10
rnbqkbnr/pppppppp/8/8/8/8/PPPPPPPP/RNBQKBNR w KQkq - 0 1,e2e4,31,28,-3
rnbqkbnr/pp1ppppp/8/2p5/4P3/8/PPPP1PPP/RNBQKBNR w KQkq - 0 2,d2d4,21,11,-10
rnbqkbnr/pp1ppppp/8/8/3pP3/8/PPP2PPP/RNBQKBNR w KQkq - 0 3,c2c3,16,-40,-56
r1bqkbnr/pp1p1ppp/2n1p3/8/4P3/2N2N2/PP3PPP/R1BQKB1R w KQkq - 0 6,a2a3,-28,-51,23
r1bqk2r/pp1pbppp/2n1pn2/8/2B1P3/P1N2N2/1P3PPP/R1BQK2R w KQkq - 3 8,e4e5,0,-9,-9
r1bq1rk1/pp1pbppp/4p3/4n3/8/P1N5/1P2BPPP/R1BQ1RK1 w - - 2 12,f2f4,-242,-300,58
rnbqkbnr/pppppppp/8/8/8/8/PPPPPPPP/RNBQKBNR w KQkq - 0 1,e2e4,23,32,9
rnbqkbnr/pp1ppppp/8/2p5/4P3/8/PPPP1PPP/RNBQKBNR w KQkq - 0 2,c2c3,29,17,-12
rnbqkbnr/pp1p1ppp/4p3/2p5/4P3/2P5/PP1P1PPP/RNBQKBNR w KQkq - 0 3,a2a3,26,-22,-48
rnbqkbnr/1p1p1ppp/p3p3/2p5/4P3/P1P5/1P1P1PPP/RNBQKBNR w KQkq - 0 4,b2b4,37,-31,-68
rnbqkbnr/1p1p1ppp/p3p3/8/1p2P3/P1P5/3P1PPP/RNBQKBNR w KQkq - 0 5,a3b4,6,5,-1
r1bqkb1r/1p1p1ppp/p3pn2/4n3/1P2P3/2P1Q3/3P1PPP/RNB1KBNR w KQkq - 5 8,d2d4,55,78,23
r1bqkb1r/3p1ppp/p3pn2/1p6/1P1PP1n1/2P5/4QPPP/RNB1KBNR w KQkq - 0 10,h2h3,266,126,-140
b3k1r1/3p1p2/4p2p/1p5Q/4q2p/1N5P/5PP1/3R2K1 w - - 0 27,f2f3,-638,-911,273
rnbqkbnr/pppppppp/8/8/8/8/PPPPPPPP/RNBQKBNR w KQkq - 0 1,e2e4,26,29,3
rnbqkb1r/pppppppp/8/8/2B1n3/8/PPPP1PPP/RNBQK1NR w KQkq - 0 3,d2d3,-107,-167,60
rnbq1rk1/ppppbppp/4pn2/8/2B5/3P2N1/PPP2PPP/RNBQ1RK1 w - - 4 7,f2f4,-174,-233,59
rnbq1rk1/pp2bppp/4pn2/2pp4/5P2/1B1P2N1/PPP3PP/RNBQ1RK1 w - - 0 9,c2c3,-232,-228,-4
rn1q1rk1/pb2bppp/4pn2/1p1p4/2p2P2/1BPP1NN1/PP4PP/R1BQ1RK1 w - - 0 12,d3c4,-139,-244,105
4r3/2q2pk1/p3pnpp/1brp4/2p2P2/2P3N1/PPQ3PP/1B1R1RK1 w - - 4 25,a2a4,-166,-247,81
4r3/1bq2pk1/p3pnpp/2rp4/P1p2P2/2P5/1PQ1N1PP/1B1R1RK1 w - - 3 27,g2g3,-160,-244,84
rnbqkbnr/pppppppp/8/8/8/8/PPPPPPPP/RNBQKBNR w KQkq - 0 1,e2e4,29,30,1
rnbqkbnr/pp1ppppp/8/2p5/4P3/8/PPPP1PPP/RNBQKBNR w KQkq - 0 2,d2d4,30,19,-11
r1bqk2r/pp1pbppp/2n2n2/4p1B1/4P3/2N5/PPP2PPP/R2QKBNR w KQkq - 2 7,h2h3,29,-28,-57
2r1r1k1/5p1p/p2p1p2/1p6/3pP3/7P/PPP2PP1/2R2RK1 w - - 2 22,f2f3,19,16,-3
4r1k1/5p1p/p2p1p2/1p6/2rpP3/5P1P/PPP3P1/2R2RK1 w - - 1 23,b2b3,44,47,3
6k1/5p1p/p2p4/1p6/4r3/1Pr2P1P/P1P3P1/2R3K1 w - - 0 27,f3e4,-7,-9,2
6k1/5p1p/R7/1p6/8/1P5P/P1r3PK/8 w - - 4 34,h3h4,111,124,13
8/6kp/R4p2/1p6/7P/1P5K/P1r3P1/8 w - - 0 36,g2g3,131,108,-23
8/6k1/5p2/Rpr4p/7P/1P4PK/P7/8 w - - 2 38,a2a4,458,460,2
8/8/5pk1/1R5p/P6P/1Pr3PK/8/8 w - - 1 40,a4a5,492,486,-6
8/8/5pk1/PR5p/7P/1P4PK/8/2r5 w - - 1 41,a5a6,496,502,6
8/8/PR3pk1/7p/7P/1P4PK/8/r7 w - - 7 45,b3b4,521,536,15
8/8/PR3pk1/7p/1P5P/6P1/6K1/r7 w - - 3 47,b4b5,524,517,-7
8/8/P7/1P6/5R1P/4k1PK/8/r7 w - - 5 55,h4h5,630,648,18
8/8/P7/1P5P/6K1/6P1/5k2/8 w - - 0 58,a6a7,958,1013,55
8/P7/8/1P5P/6K1/6P1/6k1/8 w - - 1 59,a7a8q,1369,1410,41
Q7/8/8/1P5P/6K1/6P1/7k/8 w - - 1 60,h5h6,10000,10000,0
Q7/8/7P/1P6/6K1/6P1/8/6k1 w - - 1 61,h6h7,10000,10000,0
Q7/7P/8/1P6/6K1/6P1/7k/8 w - - 1 62,h7h8q,10000,10000,0
rnbqkbnr/pppppppp/8/8/8/8/PPPPPPPP/RNBQKBNR w KQkq - 0 1,e2e4,28,27,-1
rnbqk1nr/ppp2pp1/3p3p/2b1p3/2B1P3/5N2/PPPP1PPP/RNBQ1RK1 w kq - 0 5,c2c3,74,73,-1
rnbqk1nr/1pp2pp1/p2p3p/2b1p3/2B1P3/2P2N2/PP1P1PPP/RNBQ1RK1 w kq - 0 6,d2d4,157,179,22
rnbqk1nr/1pp2pp1/p2p3p/2b5/2BpP3/2P2N2/PP3PPP/RNBQ1RK1 w kq - 0 7,c3d4,224,236,12
rnbqk2r/1pp2pp1/pb1p1n1p/8/2BPP3/5N2/PP2QPPP/RNB2RK1 w kq - 3 9,e4e5,223,221,-2
r6r/1ppn1kp1/pb3n1p/8/3P1B2/2N2N2/PP3PPP/4R1K1 w - - 2 18,b2b4,-462,-554,92
rnbqkbnr/pppppppp/8/8/8/8/PPPPPPPP/RNBQKBNR w KQkq - 0 1,e2e4,26,27,1
r1bqk1nr/pppp1ppp/2n5/2b1p3/2B1P3/2N5/PPPP1PPP/R1BQK1NR w KQkq - 4 4,d2d4,22,-113,-135
r1b1k2r/1p3ppp/2pp2q1/p1b1n1B1/3pP3/1B4Q1/PPP2PPP/R3K1NR w KQkq - 2 12,h2h4,-329,-489,160
r1b1k2r/1p3ppp/2pp2q1/2b3B1/3pP2P/1p3Q2/PPP2PP1/R3K2R w KQkq - 0 15,c2b3,-585,-675,90
r4rk1/1p3pp1/2pp3p/2b5/3p1BbP/1P4Q1/PP2qPP1/R5KR w - - 4 20,f2f3,-528,-558,30
5rk1/1p3pp1/2p4p/5b2/3q3P/1P3P2/P2p2PK/3R3R w - - 0 28,a2a4,-878,-1004,126
rnbqkbnr/pppppppp/8/8/8/8/PPPPPPPP/RNBQKBNR w KQkq - 0 1,e2e4,28,26,-2
r1bqk2r/pppp1ppp/2n2n2/2b1p3/2B1P3/5N2/PPPP1PPP/RNBQ1RK1 w kq - 6 5,d2d3,26,15,-11
r1bqk2r/ppp2ppp/2np1n2/2b1p3/2B1P3/3P1N2/PPP2PPP/RNBQ1RK1 w kq - 0 6,h2h3,17,3,-14
r2qk2r/ppp2ppp/3pbn2/4p3/3bP3/1B1P3P/PPP2PP1/RNBQ1RK1 w kq - 0 9,c2c4,29,-74,-103
r3nrk1/pp1q1ppp/1bppb3/4p3/2P1P3/3PBN1P/PPB2PP1/R2Q1RK1 w - - 2 14,b2b4,40,-4,-44
r3nrk1/pp1q1ppp/1b1pb3/2p1p3/1PP1P3/3PBN1P/P1B2PP1/R2Q1RK1 w - - 0 15,b4b5,217,-31,-248
r3nrk1/pp1q2pp/1b1pb3/1Pp1p3/2P1p3/3P1N1P/P1BB1PP1/R2Q1RK1 w - - 0 17,d3e4,-35,-228,193
r3nrk1/pp1q2pp/1b1p4/1Pp1p3/2b1P3/5N1P/P1BB1PP1/R2Q1RK1 w - - 0 18,a2a4,-202,-198,-4
1r5k/pp2bqp1/3p3p/1Pp1p3/P3Q3/7P/3B1PP1/3R2K1 w - - 2 29,f2f4,-234,-247,13
2R5/1p2r1pk/7p/1pp5/P7/4p2P/4K1P1/8 w - - 0 41,a4b5,-32,-23,-9
8/1r5k/1pR3pp/1Pp5/8/4K2P/6P1/8 w - - 0 44,g2g4,70,24,-46
8/1r4k1/1pR3p1/1Pp4p/6P1/3K3P/8/8 w - - 0 46,g4h5,117,23,-94
8/1r4k1/1pR5/1Pp4p/8/3K3P/8/8 w - - 0 47,h3h4,15,0,-15
rnbqkbnr/pppppppp/8/8/8/8/PPPPPPPP/RNBQKBNR w KQkq - 0 1,d2d4,26,27,1
rnbqkbnr/ppp1pppp/8/3p4/3P4/8/PPP1PPPP/RNBQKBNR w KQkq - 0 2,e2e3,27,7,-20
r1bqkbnr/ppp1pppp/2n5/3p4/3P4/4P3/PPP2PPP/RNBQKBNR w KQkq - 1 3,c2c4,43,42,-1
r2qkbnr/ppp1pppp/2n5/3p1b2/2PP4/4P3/PP3PPP/RNBQKBNR w KQkq - 1 4,a2a3,220,38,-182
r2qk1nr/ppp1bppp/2n1p3/3p4/2PP4/P3PN2/1P3PPP/1RBQKB1R w Kkq - 2 7,b2b4,149,123,-26
r2qk2r/1pp1bppp/p1n1pn2/3p4/1PPP4/P3PN2/1B3PPP/1R1QKB1R w Kkq - 2 9,c4c5,104,93,-11
r2q1rk1/2p1bppp/p1n1pn2/1pPp4/1P1P4/P2BPN2/1B3PPP/1R1QK2R w K b6 0 11,c5b6,156,50,-106
2r1qrk1/6pp/p1n1p3/1pb2p2/1P1Pp3/P3P3/1B1Q1PPP/2RR2K1 w - - 0 22,d4c5,175,122,-53
r5k1/7p/p2R2p1/1pP2p2/1P2p3/P3P3/5PPP/6K1 w - - 2 31,g2g3,399,327,-72
r7/4k2p/1R4p1/1pP2p2/1p2p3/P3P1P1/4KP1P/8 w - - 0 35,a3b4,339,350,11
8/4k3/8/1RP2ppp/1P2p3/4P1P1/5PKP/r7 w - - 0 39,c5c6,484,488,4
8/4k3/2P5/5Rp1/1P2p3/4P1p1/5PKP/r7 w - - 0 41,h2g3,514,522,8
8/4k3/2P5/5Rp1/1P2p3/4P1P1/5PK1/1r6 w - - 1 42,b4b5,533,522,-11
8/2k5/2P5/1r6/2R5/4P1P1/5PK1/8 w - - 2 47,f2f4,539,594,55
8/2k5/2P2r2/8/2R2P2/4PKP1/8/8 w - - 3 49,g3g4,598,651,53
8/8/2k5/8/5PP1/4PK2/8/8 w - - 0 51,e3e4,738,820,82
8/8/3k4/8/4PPP1/5K2/8/8 w - - 1 52,g4g5,820,815,-5
rnbqkbnr/pppppppp/8/8/8/8/PPPPPPPP/RNBQKBNR w KQkq - 0 1,e2e4,27,32,5
r1bqkbnr/pp1ppppp/2n5/2p5/4P3/5N2/PPPP1PPP/RNBQKB1R w KQkq - 2 3,d2d4,38,16,-22
r1b1r1k1/p5pp/2p2p2/1q4n1/3Q4/3N4/PPP2PPP/R2R2K1 w - - 1 23,b2b3,-363,-392,29
3rr1k1/p5pp/2p2p2/1q4n1/6Q1/1P1N4/P1P2PPP/R2R2K1 w - - 1 25,a2a4,223,190,-33
6k1/N5pp/5p2/8/P3n3/1P6/2r2PPP/R5K1 w - - 0 31,f2f3,360,288,-72
6k1/N5pp/5p2/8/P7/1P3P2/2rn2PP/R5K1 w - - 1 32,b3b4,316,309,-7
6k1/N5pp/5p2/8/PP1R4/5P2/1nr3PP/6K1 w - - 7 36,a4a5,394,395,1
8/1r3kpp/5p2/P7/1PR2K2/5P2/6PP/8 w - - 3 43,a5a6,560,582,22
8/r4kpp/P4p2/8/1PR2K2/5P2/6PP/8 w - - 1 44,b4b5,605,608,3
8/1r1k4/P7/1PK2ppp/8/5P2/6PP/8 w - - 0 51,a6b7,520,529,9
8/1Pk5/8/1PK2ppp/8/5P2/6PP/8 w - - 1 52,b5b6,548,474,-74
8/8/8/8/3k1K1p/5P2/6PP/8 w - - 1 58,g2g3,634,631,-3
8/8/8/8/3k1K2/5Pp1/7P/8 w - - 0 59,h2g3,748,776,28
8/8/8/8/5K2/3k1PP1/8/8 w - - 1 60,g3g4,781,780,-1
8/8/8/8/5KP1/5P2/4k3/8 w - - 1 61,g4g5,808,1047,239
8/8/8/6P1/5K2/5P2/5k2/8 w - - 1 62,g5g6,1095,1113,18
8/8/6P1/8/5K2/5P2/6k1/8 w - - 1 63,g6g7,1146,1301,155
8/6P1/8/8/5K2/5P1k/8/8 w - - 1 64,g7g8q,10000,10000,0
rnbqkbnr/pppp1ppp/4p3/8/8/5N2/PPPPPPPP/RNBQKB1R w KQkq - 0 2,e2e3,24,6,-18
rnbqkb1r/pp3ppp/4pn2/2pp4/8/4PN2/PPPPBPPP/RNBQ1RK1 w kq - 2 5,c2c3,9,-6,-15
rnbqk2r/pp3ppp/3bpn2/2pp4/8/2P1PN2/PP1PBPPP/RNBQ1RK1 w kq - 1 6,d2d4,-10,-5,-5
rnbq1rk1/pp3ppp/3bpn2/2pp4/3P4/2P1PN2/PP2BPPP/RNBQ1RK1 w - - 1 7,d4c5,2,3,1
5rk1/pb1n2p1/1p1b3p/3p1pq1/3Nn3/2PBP3/PPQB1PPP/3R1RK1 w - - 2 18,f2f3,311,291,-20
5rk1/pb1n2p1/1p1b3p/3p1p2/3N3q/2PBPP2/PP1Q2PP/3R1RK1 w - - 1 20,f3f4,422,398,-24
5rk1/pb4p1/1p1N3p/3p3q/5Pn1/2PBP3/PP1Q2PP/3R1RK1 w - - 1 23,g2g3,660,491,-169
2q3k1/p4rp1/1pb4p/3p4/3Q1P2/2P1P1P1/PP5P/3R1RK1 w - - 0 28,e3e4,467,477,10
2q3k1/p3r1p1/1pb4p/3p4/3QPP2/2P3P1/PP5P/3R1RK1 w - - 1 29,e4d5,505,493,-12
2q3k1/p2r2p1/1pb4p/3P4/3Q1P2/2P3P1/PP5P/3R1RK1 w - - 1 30,c3c4,603,520,-83
4R3/pb3rpk/1p5p/3P4/2P2P2/6P1/PP5P/5RK1 w - - 1 35,b2b3,648,622,-26
rnbqkbnr/pppppppp/8/8/8/8/PPPPPPPP/RNBQKBNR w KQkq - 0 1,e2e4,31,26,-5
r1bqkbnr/pppppppp/2n5/8/4P3/8/PPPP1PPP/RNBQKBNR w KQkq - 1 2,d2d4,43,39,-4
r1bqkbnr/pppp1ppp/2n1p3/8/3PP3/8/PPP2PPP/RNBQKBNR w KQkq - 0 3,e4e5,88,-2,-90
r1bqkbnr/ppp2ppp/2n1p3/3pP3/3P4/8/PPP2PPP/RNBQKBNR w KQkq d6 0 4,e5d6,127,-2,-129
r1b1kbnr/ppp2ppp/2nq4/4p3/3P4/5N2/PPP2PPP/RNBQKB1R w KQkq - 0 6,d4d5,30,55,25
r1b1k1nr/ppp2ppp/8/3P4/8/2b5/PPP2PPP/R1B1KB1R w KQkq - 0 11,b2c3,147,189,42
r6r/pppkn1pp/5p2/3P4/8/2P5/P1P2PPP/R1B2RK1 w - - 2 15,c3c4,6,0,-6
r6r/pppk2pp/5p2/3P4/2P5/4n3/P1P2PPP/R4RK1 w - - 0 17,f2e3,-36,-15,-21
8/2p5/1p1k2p1/p2P1p2/4r2p/3R3K/P4rPP/8 w - - 0 42,g2g3,-745,-836,91
8/2p5/1p1k2p1/p2P1p2/8/3R2K1/P3rr1P/8 w - - 1 44,h2h4,-806,-862,56
rnbqkbnr/pppppppp/8/8/8/8/PPPPPPPP/RNBQKBNR w KQkq - 0 1,e2e4,28,32,4
rnbqkbnr/ppp2ppp/3p4/4p3/4P3/5N2/PPPP1PPP/RNBQKB1R w KQkq - 0 3,c2c3,36,22,-14
rn1qkbnr/ppp2ppp/3p4/4p3/4P1b1/2P2N2/PP1P1PPP/RNBQKB1R w KQkq - 1 4,d2d4,70,74,4
rn1qkbnr/ppp2ppp/3p4/8/3pP1b1/2P2N2/PP3PPP/RNBQKB1R w KQkq - 0 5,c3d4,104,109,5
r2q1rk1/1pp1bppp/p1np1n2/8/3PP3/2N1BB2/PP3PPP/R2Q1RK1 w - - 0 11,d4d5,223,159,-64
r2q1rk1/2p1bppp/p2p1n2/1p1Pn3/4P3/2N1B3/PP2BPPP/R2Q1RK1 w - - 0 13,f2f4,162,177,15
r2q1rk1/2p1bppp/p2p2n1/3n4/Np1B1P2/3B4/PP4PP/2RQ1RK1 w - - 0 18,f4f5,-82,-71,-11
r4rk1/2p1qp1p/3p2p1/p4P2/NpQB4/3B4/PP4PP/6K1 w - - 2 27,f5f6,-188,-306,118
rnbqkbnr/pppppppp/8/8/8/8/PPPPPPPP/RNBQKBNR w KQkq - 0 1,e2e4,33,29,-4
r3kb1r/p1pbqppp/2pp1n2/4p1N1/2Q1P3/8/PPPP1PPP/RNB1K2R w KQkq - 6 8,d2d3,-44,-75,31
r1q1kb1r/p1pb1pp1/3p1n1p/2p1p3/2Q1P3/2NP1N2/PPP2PPP/R1B2RK1 w kq - 8 14,b2b4,-43,-51,8
1rq2b1r/3k1p2/p1ppbp1p/4p3/4P3/2QPBN2/P1P2PPP/R4RK1 w - - 0 21,d3d4,169,171,2
2q2b1r/3k1p2/p1ppbp1p/1r2p3/3PP3/2Q1BN2/P1P2PPP/R4RK1 w - - 1 22,d4e5,216,155,-61
5br1/3k1p2/2pp3p/1p2p3/4P3/2Q1BN1b/2P2PPP/6K1 w - - 2 30,g2g3,462,478,16
rnbqkbnr/ppp1pppp/8/3p4/8/5N2/PPPPPPPP/RNBQKB1R w KQkq - 0 2,d2d4,19,14,-5
r2qkbnr/ppp1pppp/2n5/3p4/3P4/2N1Bb2/PPP1PPPP/R2QKB1R w KQkq - 0 5,e2f3,21,20,-1
r2qkbnr/ppp2ppp/2n5/3pp3/3P4/2N1BP2/PPP2PPP/R2QKB1R w KQkq - 0 6,g2g3,170,-18,-188
r2qk2r/ppp2ppp/2n2n2/3pp3/1b1P4/2N1BPP1/PPPQ1P1P/R3KB1R w KQkq - 3 8,a2a3,42,-27,-69
r2q1rk1/ppp2ppp/2n2n2/3pp3/3P4/P1Q1BPP1/1PP2P1P/R3KB1R w KQ - 1 10,d4e5,95,95,0
r2qr1k1/ppp2ppp/2n2n2/4P3/3B4/P1Q2PP1/1PP2P1P/R3KB1R w KQ - 1 12,f3f4,381,-236,-617
3rr1k1/1p3p1p/1q4p1/2p1P3/p2n1Pn1/P1QB2P1/1PPR1P1P/1K1R4 w - - 0 20,h2h4,-231,-375,144
3rr1k1/1p3p1p/1q4p1/2p1P3/p4PnP/PnQB2P1/1PPR1P2/1K1R4 w - - 1 21,c2b3,310,333,23
3rr1k1/1p3p1p/1q4p1/2p1P3/5PnP/PpQB2P1/1P1R1P2/1K1R4 w - - 0 22,f2f3,361,135,-226
4r1k1/1p3p1p/6p1/4P3/2p1BP1P/Pp2nPP1/1P1R4/2K5 w - - 1 27,f4f5,321,100,-221
4r1k1/5p1p/6p1/1p2PP2/2p1B2P/Pp2nPP1/1P1R4/2K5 w - - 0 28,f5g6,292,101,-191
4r1k1/5p2/6p1/1p2P3/2p1B2P/Pp2nPP1/1P1R4/2K5 w - - 0 29,f3f4,116,106,-10
1r4k1/8/6p1/4Pp2/1pp2P1P/P1K3P1/1P6/4R3 w - - 0 36,a3b4,569,581,12
1r6/8/6pk/4Pp2/1PK2P1P/6P1/1P6/4R3 w - - 1 38,e5e6,610,608,-2
1r6/6k1/4P1p1/5p2/1PK2P1P/6P1/1P6/4R3 w - - 1 39,e6e7,623,618,-5
1r6/4Pk2/6p1/5p2/1PK2P1P/6P1/1P6/4R3 w - - 1 40,h4h5,620,562,-58
rnbqkbnr/pppppppp/8/8/8/8/PPPPPPPP/RNBQKBNR w KQkq - 0 1,d2d4,26,19,-7
rnbqkb1r/ppppp2p/5p1n/6p1/3P4/6B1/PPP1PPPP/RN1QKBNR w KQkq - 2 5,e2e3,198,173,-25
rnbqkbnr/pppppppp/8/8/8/8/PPPPPPPP/RNBQKBNR w KQkq - 0 1,e2e3,28,7,-21
rnbqkb1r/ppp1pppp/5n2/3p4/8/4PQ2/PPPP1PPP/RNB1KBNR w KQkq - 2 3,c2c4,-104,-101,-3
rn1qkb1r/pp3ppp/2p1pn2/7b/2B5/2N1PNQ1/PP1P1PPP/R1B1K2R w KQkq - 0 8,h2h3,17,-58,-75
rn2k2r/ppq2pp1/2pbpnbp/8/2B4Q/2N1PN1P/PP1P1PP1/R1B2RK1 w kq - 2 12,g2g3,-22,-159,137
rnbqkbnr/pppppppp/8/8/8/8/PPPPPPPP/RNBQKBNR w KQkq - 0 1,e2e4,25,26,1
rnbqk2r/ppp1bppp/3p1n2/4p3/2B1P3/2N2N2/PPPP1PPP/R1BQK2R w KQkq - 2 5,d2d3,35,19,-16
rnbq1rk1/ppp1bppp/3p1n2/4p3/2B1P3/2NP1N2/PPP2PPP/R1BQK2R w KQ - 1 6,h2h3,22,14,-8
rnbq1rk1/4bppp/2pp1n2/pp2p3/4P3/1BNPBN1P/PPP2PP1/R2QK2R w KQ - 0 9,a2a4,5,9,4
r2q1rk1/1b2bpp1/1n3n1p/p1ppp3/Pp2P2N/1B1PB1NP/1PP2PP1/R2Q1RK1 w - - 0 16,e4d5,97,-14,-111
3b1k2/r4p1n/1n6/p1pq4/Pp4QN/3p3P/1PP2PP1/R4RK1 w - - 0 25,c2d3,94,-153,-247
rnbqkbnr/pppppppp/8/8/8/8/PPPPPPPP/RNBQKBNR w KQkq - 0 1,d2d4,25,20,-5
rnbqkb1r/pppppppp/5n2/8/3P4/8/PPP1PPPP/RNBQKBNR w KQkq - 1 2,c2c4,20,20,0
rnbqkb1r/pp1p1ppp/4pn2/2p5/2PP4/2N5/PP2PPPP/R1BQKBNR w KQkq - 0 4,d4d5,93,90,-3
rnbqkb1r/pp3ppp/3p1n2/2pPp1B1/2P5/2N5/PP2PPPP/R2QKBNR w KQkq - 0 6,e2e4,132,120,-12
rnbqk2r/pp2bppp/3p1n2/2pPp1B1/2P1P3/2N5/PP3PPP/R2QKBNR w KQkq - 1 7,f2f4,112,16,-96
r1bqk2r/pp1nbppp/3p1n2/2pPp1B1/2P1PP2/2N5/PP4PP/R2QKBNR w KQkq - 1 8,f4e5,23,-73,-96
r4rk1/1p2q1p1/p4p1p/2pPpRn1/2P1P3/2N5/PP2Q1PP/5RK1 w - - 0 19,h2h4,58,37,-21
r4rk1/4q1p1/p4p1p/1ppPp3/2n1P2P/2N3Q1/PP3RP1/5RK1 w - - 0 23,b2b3,-81,-145,64
r4rk1/4q1p1/p2n1p1p/1ppPp3/4P2P/1PN3Q1/P4RP1/5RK1 w - - 1 24,a2a4,-146,-338,192
rnbqkbnr/pppppppp/8/8/8/8/PPPPPPPP/RNBQKBNR w KQkq - 0 1,d2d4,24,20,-4
rnbqkbnr/pp2pppp/8/2pp4/3P4/8/PPPNPPPP/R1BQKBNR w KQkq - 0 3,d4c5,1,-10,-11
rnb1kbnr/pp2pppp/8/q1Pp4/8/8/PPPNPPPP/R1BQKBNR w KQkq - 1 4,c2c3,62,53,-9
rnb1kb1r/pp2pppp/5n2/2qp4/8/2P2N2/PP1NPPPP/R1BQKB1R w KQkq - 2 6,g2g3,33,-36,-69
2r2rk1/p1qb1ppp/1p2pb2/3p4/3N4/2P1Q1P1/PP2PPBP/2R2RK1 w - - 2 21,f2f4,-68,-70,2
2r2rk1/p1qb1pp1/1p3b1p/3pp3/3N1P2/2P3P1/PP1QP1BP/2R2RK1 w - - 0 23,f4e5,-42,-46,4
2r2rk1/p1qb1pp1/1p5p/3pP1b1/3N4/2P3P1/PP1QP1BP/2R2RK1 w - - 1 24,e2e3,-37,-41,4
2r2r1k/p4Bp1/1p5p/4q1b1/8/2P1P1P1/PPN1Q2P/5RK1 w - - 3 31,e3e4,32,16,-16
7k/p1r3p1/1p3b1p/3B4/4P3/2P3P1/PPN4P/6K1 w - - 0 36,c3c4,42,-150,-192
7k/p1r5/1p3b1p/3B2p1/2P1P3/6P1/PPN4P/6K1 w - - 0 37,b2b3,-67,-78,11
8/2r3k1/1p5p/p2B2p1/2P1P3/1P2K1P1/P6P/8 w - - 1 41,e4e5,17,19,2
8/4r1k1/1p6/p2BP1pp/2PK4/1P4P1/P6P/8 w - - 0 43,h2h3,110,21,-89
8/4r1k1/1p6/p2BP1p1/2PK3p/1P4PP/P7/8 w - - 0 44,g3h4,18,12,-6
8/4rk2/1p6/p3P3/2P3Bp/1PK4P/P7/8 w - - 6 48,e5e6,-29,-132,103
5r2/4k3/1p2P3/p7/2P1K1Bp/1P5P/P7/8 w - - 11 54,a2a3,-270,-305,35
8/4k3/1p2P3/p7/2P1K1Bp/PP5P/8/5r2 w - - 1 55,b3b4,-311,-336,25
8/4k3/1p2P3/8/1pP1K1Bp/P6P/8/5r2 w - - 0 56,a3b4,-92,-67,-25
8/4k3/1p2P3/8/1PP1K1Bp/7P/8/1r6 w - - 1 57,b4b5,-64,-59,-5
8/1K2k3/4r3/1P6/2P4p/7P/8/8 w - - 0 62,b5b6,-409,-560,151
8/1K2k3/1P6/8/2P4p/4r2P/8/8 w - - 1 63,c4c5,-13,-15,2
8/1K2k3/1P6/2P5/7p/7r/8/8 w - - 0 64,c5c6,0,-2,-2
8/1K2k3/1PP5/8/7p/2r5/8/8 w - - 1 65,c6c7,-2,-626,624
8/1KP1k3/1P6/8/8/2r4p/8/8 w - - 0 66,c7c8q,-3,0,3
2K5/4k3/1P6/8/8/8/7p/8 w - - 0 68,b6b7,0,0,0
2K5/1P2k3/8/8/8/8/8/7q w - - 0 69,b7b8q,0,0,0
rnbqkbnr/pppppppp/8/8/8/8/PPPPPPPP/RNBQKBNR w KQkq - 0 1,d2d4,28,19,-9
rnbqkb1r/ppp2ppp/4pn2/3p4/3P1B2/5N2/PPP1PPPP/RN1QKB1R w KQkq - 2 4,e2e3,20,19,-1
rnbqk2r/ppp1bppp/4pn2/3p4/3P1B2/4PN2/PPP2PPP/RN1QKB1R w KQkq - 1 5,c2c4,33,24,-9
rnbq1rk1/p1p1bpp1/1p2pn1p/8/2BP1B2/2N1PN2/PP3PPP/R2Q1RK1 w - - 0 9,b2b3,115,32,-83
q2r2k1/pb1nbpp1/1pp1p2p/3n4/2BP1B2/1P2PN2/P1Q2PPP/R3R1K1 w - - 4 15,e3e4,257,-398,-655
q2r2k1/pb1nbpp1/1pp1pn1p/8/2BPPB2/1P3N2/P1Q2PPP/R3R1K1 w - - 1 16,e4e5,274,231,-43
q2r2k1/pb1nbpp1/1p2p2p/3pP3/3P1B2/1P3N2/P1Q2PPP/R3R1K1 w - - 0 18,a2a3,283,298,15
q2r2k1/4bpp1/bp2p1np/p2pP3/3P4/PP3NB1/3Q1PPP/R2R2K1 w - - 4 22,b3b4,291,217,-74
q2r2k1/4bpp1/bp2p1np/3pP3/1p1P4/P4NB1/3Q1PPP/R2R2K1 w - - 0 23,a3b4,274,267,-7
3r2k1/1q2bpp1/4p1np/3pP3/1PpP4/6B1/1Q3PPP/R2R2K1 w - - 0 27,b4b5,144,138,-6
1r3nk1/1q2bpp1/4p2p/1P1pP3/2pP4/6B1/1Q3PPP/RR4K1 w - - 3 29,b5b6,216,179,-37
1r4k1/R2nbpp1/1Pq1p2p/3pP3/2pP4/6B1/1Q3PPP/1R4K1 w - - 3 31,b6b7,413,325,-88
1b3k2/1P1n1pp1/4p2p/R2pP3/2pP4/6B1/5PPP/6K1 w - - 2 37,f2f4,415,345,-70
1b2k3/1P1n2p1/4pp1p/R2pP3/2pP1P1B/8/6PP/6K1 w - - 0 39,e5f6,458,447,-11
1b2k3/1P1n4/4pp1p/R2p4/2pP1P1B/8/6PP/6K1 w - - 0 40,g2g4,411,361,-50
1b1k4/1P1n4/4pp1p/R2p4/2pP1PPB/8/7P/6K1 w - - 1 41,g4g5,366,237,-129
1b1k4/1P1n4/4pp2/R2p2p1/2pP1P1B/8/7P/6K1 w - - 0 42,f4g5,242,243,1
8/1P1n4/1bk1p3/3p4/2pP1B2/8/1R5P/6K1 w - - 7 47,b7b8q,489,393,-96
rnbqkbnr/pppppppp/8/8/8/8/PPPPPPPP/RNBQKBNR w KQkq - 0 1,d2d4,29,25,-4
rnbqkbnr/ppp1pp1p/3p2p1/8/3P4/2N5/PPP1PPPP/R1BQKBNR w KQkq - 0 3,e2e4,63,71,8
rnbq1rk1/ppp2pbp/3ppnp1/8/3PP3/2NB1N2/PPP2PPP/R1BQ1RK1 w - - 0 7,e4e5,127,114,-13
rnbq1rk1/ppp2pbp/4pnp1/4p3/3P4/2NB1N2/PPP2PPP/R1BQ1RK1 w - - 0 8,d4e5,127,125,-2
rn1q1rk1/pb3pbp/1pp1p1p1/2n1P3/5B2/2NB1N2/PPP2PPP/R2QR1K1 w - - 4 13,b2b3,107,-4,-111
rn1q1rk1/pb3pbp/1pp1p1p1/4P3/5B2/1PNn1N2/P1P2PPP/R2QR1K1 w - - 0 14,c2d3,14,2,-12
rn3rk1/pbq2pbp/1pp1p1p1/4P3/5B2/1PNP1N2/P4PPP/R2QR1K1 w - - 1 15,d3d4,100,92,-8
3r1rk1/pbqn3p/1pp1pbp1/4P1B1/3P4/1P3N2/P4PPP/R2QR1K1 w - - 0 19,e5f6,287,289,2
rnbqkbnr/pppppppp/8/8/8/8/PPPPPPPP/RNBQKBNR w KQkq - 0 1,d2d4,33,21,-12
r1bqkbnr/ppp1pppp/2n5/3p4/3P4/5N2/PPP1PPPP/RNBQKB1R w KQkq - 2 3,e2e3,57,46,-11
r2qkbnr/ppp1pppp/2n5/3p4/3P4/3bPN2/PPP2PPP/RNBQK2R w KQkq - 0 5,c2d3,38,13,-25
r2qk2r/ppp2ppp/2nbpn2/3p4/3P4/3PPN2/PP1N1PPP/R1BQ1RK1 w kq - 4 8,a2a3,-4,0,4
r2q1rk1/1pp2ppp/p1nbpn2/3p4/3P4/P2PPN2/1PQN1PPP/R1B2RK1 w - - 0 10,e3e4,15,-30,-45
r2q1rk1/1pp1bppp/p1n1pn2/3p4/3PP3/P2P1N2/1PQN1PPP/R1B2RK1 w - - 1 11,e4e5,6,-51,-57
r2q1rk1/1ppnbppp/p1n1p3/3pP3/3P4/P2P1N2/1PQN1PPP/R1B2RK1 w - - 1 12,b2b4,-55,-79,24
r2q1rk1/1ppn2pp/p1n1p3/2bpP3/1P1P1p2/P2P1N2/2Q2PPP/R1B2RK1 w - - 0 15,b4c5,-90,-89,-1
1r2qrk1/1ppn2pp/p1n1p3/2PpP3/3P1p2/P2P1N2/2Q2PPP/1RB2RK1 w - - 3 17,h2h3,-66,-40,-26
1r3rk1/1pp3pp/p1n1p3/2Ppn3/5p2/P2P3P/1B3PPN/1R1R2K1 w - - 2 22,d3d4,-257,-323,66
4r3/2r2kp1/p6p/1pPpp3/3n1p2/P6P/3R1PP1/4R1K1 w - - 0 34,f2f3,-725,-790,65
rnbqkbnr/pppppppp/8/8/8/8/PPPPPPPP/RNBQKBNR w KQkq - 0 1,d2d4,28,18,-10
rnbqkbnr/ppp2ppp/4p3/3p4/3P4/5N2/PPP1PPPP/RNBQKB1R w KQkq - 0 3,g2g3,27,25,-2
rnbqk1nr/ppp2ppp/4p3/3p4/1b1P4/5NP1/PPP1PP1P/RNBQKB1R w KQkq - 1 4,c2c3,37,32,-5
rnbqk1nr/pp3ppp/3bp3/3p4/2pP4/2P2NP1/PP1NPPBP/R1BQK2R w KQkq - 0 7,b2b3,135,81,-54
rnbqk1nr/p4ppp/3bp3/1p1p4/2pP4/1PP2NP1/P2NPPBP/R1BQK2R w KQkq - 0 8,a2a4,230,182,-48
rnbqk1nr/p4ppp/3bp3/3p4/p1pP4/1PP2NP1/3NPPBP/R1BQK2R w KQkq - 0 9,b3c4,302,310,8
rn3knr/p4ppp/3qp3/3b4/Q2P4/2P2NP1/4PPBP/R1B2RK1 w - - 0 14,c3c4,860,770,-90
rnbqkbnr/pppppppp/8/8/8/8/PPPPPPPP/RNBQKBNR w KQkq - 0 1,e2e4,28,27,-1
rnbqkbnr/ppp1pppp/8/3p4/4P3/8/PPPP1PPP/RNBQKBNR w KQkq - 0 2,e4d5,73,72,-1
rnbqk1nr/ppp1bppp/4p3/8/2B5/2N2N2/PPPP1PPP/R1BQK2R w KQkq - 2 6,d2d3,68,24,-44
rn1q1rk1/pbp2ppp/1p2pb2/8/8/1B1PBN2/PPP2PPP/R2QK2R w KQ - 0 11,c2c3,-39,-47,8
rn1q1rk1/pbp2pbp/1p2p1p1/8/8/1BPPBN2/PP3PPP/R2Q1RK1 w - - 2 13,d3d4,9,7,-2
r2q1rk1/pbpn1pbp/1p2p1p1/8/3P4/1BP1BN2/PP3PPP/R2Q1RK1 w - - 1 14,h2h3,4,-1,-5
r2q1rk1/pb1n1pbp/1p2p1p1/2p5/3P4/1BP1BN1P/PP3PP1/R2Q1RK1 w - - 0 15,d4c5,-8,-18,10
r4rk1/p4pbp/1p2p1p1/2n5/8/2P1Bb1P/PPB2PP1/R2R2K1 w - - 0 18,g2f3,25,29,4
5bk1/5p1p/4p1p1/p7/4B3/2P2P1P/Pr3P2/3R2K1 w - - 0 25,a2a4,-211,-214,3
8/5pkp/2B1p1p1/p7/Pb6/5P1P/4KP2/8 w - - 4 31,f3f4,-11,-18,7
8/5p1p/2B1pkp1/p7/Pb3P2/7P/4KP2/8 w - - 1 32,f2f3,-14,-134,120
8/8/6Bp/p1b2pp1/P3pk2/5P1P/4K3/8 w - - 0 40,f3e4,-337,-413,76
rnbqkbnr/pppppppp/8/8/8/8/PPPPPPPP/RNBQKBNR w KQkq - 0 1,e2e4,27,30,3
r1bqkbnr/pppp1ppp/2n5/4p3/4P3/5N2/PPPP1PPP/RNBQKB1R w KQkq - 2 3,d2d4,29,13,-16
r1b1k1nr/ppBp1ppp/6n1/8/3qP3/2bB1Q2/PPP2PPP/R3K2R w KQkq - 0 10,b2c3,-544,-614,70
rnbqkbnr/pppppppp/8/8/8/8/PPPPPPPP/RNBQKBNR w KQkq - 0 1,d2d4,27,27,0
rnbqkbnr/pppp1ppp/4p3/8/3P4/8/PPP1PPPP/RNBQKBNR w KQkq - 0 2,h2h3,42,-3,-45
rnbqk1nr/pp1p1ppp/4p3/2b5/3N4/7P/PPP1PPP1/RNBQKB1R w KQkq - 1 5,c2c3,15,-35,-50
r1b1k1nr/1pqp1ppp/p1n1p3/2b3B1/8/2P2N1P/PP2PPP1/RN1QKB1R w KQkq - 4 8,e2e3,-3,-48,45
r1b1k1nr/2qp1ppp/p1n1p3/1pb3B1/8/2P1PN1P/PP3PP1/RN1QKB1R w KQkq - 0 9,a2a3,49,-22,-71
r3k1nr/1bqp1ppp/p1n1p3/1pb3B1/8/P1P1PN1P/1P3PP1/RN1QKB1R w KQkq - 1 10,b2b4,12,-89,-101
r2qk2r/bb1p1ppp/p1n1p3/1p6/1P3n2/PNP1PN1P/5PP1/2RQKB1R w Kkq - 0 15,e3f4,-132,-116,-16
1bkr3r/1b3ppp/p1n1pq2/1pNp4/1P3P2/P1PB1N1P/3Q1PP1/2R1K2R w K - 2 19,f4f5,-1,20,21
rnbqkbnr/pppppppp/8/8/8/8/PPPPPPPP/RNBQKBNR w KQkq - 0 1,e2e4,35,35,0
rnbqkbnr/pppp1ppp/4p3/8/4P3/8/PPPP1PPP/RNBQKBNR w KQkq - 0 2,e4e5,36,-20,-56
r1bqkbnr/pppp1ppp/2n1p3/4P3/8/8/PPPP1PPP/RNBQKBNR w KQkq - 1 3,d2d4,1,3,2
1r3rk1/5p1p/1p2pQp1/1N1pP3/pn1P4/8/PPP2PPP/1K1R3R w - - 0 27,a2a3,834,828,-6
1r3rk1/5p1p/1pn1pQp1/1N1pP3/p2P4/P7/1PP2PPP/1K1R3R w - - 1 28,f2f4,798,749,-49
r4rk1/5p1p/1pn1pQp1/1N1pP3/p2P1P2/P7/1PP3PP/1K1R3R w - - 1 29,h2h4,775,785,10
5rk1/5p1p/2n1pQp1/r2pP3/p2P1P1P/Pp6/KPP3P1/1N1R3R w - - 0 33,c2b3,406,515,109
rnbqkbnr/pppppppp/8/8/8/8/PPPPPPPP/RNBQKBNR w KQkq - 0 1,e2e4,36,35,-1
rnbqkbnr/pppp1ppp/8/4p3/4P3/8/PPPP1PPP/RNBQKBNR w KQkq - 0 2,f2f4,29,-55,-84
rnbqkb1r/pppp1ppp/5n2/8/4Pp2/5N2/PPPP2PP/RNBQKB1R w KQkq - 2 4,d2d3,-33,-69,36
rnbq1rk1/pppp1pbp/5np1/8/4PB2/2NP1N2/PPP3PP/R2QKB1R w KQ - 3 7,d3d4,33,-46,-79
rnbqr1k1/ppp2pbp/5np1/3p4/3PPB2/2NB1N2/PPP3PP/R2QK2R w KQ - 2 9,e4e5,66,70,4
r2qr1k1/ppp2pbp/2n3p1/3pP2n/3P1Bb1/3B1N2/PPP1N1PP/R2Q1RK1 w - - 5 12,h2h3,45,-47,-92
r2qr1k1/ppp2pbp/2n3p1/3pP3/3P4/3B2RP/PPP1N1P1/R4QK1 w - - 7 18,c2c3,92,80,-12
r3r3/ppp3kp/8/3Qnp2/3P4/2PB2qP/PP4P1/R5K1 w - - 0 24,d4e5,-416,-460,44
8/ppr2rkp/8/4Pp2/8/2Pq3P/PP3QP1/5RK1 w - - 7 30,e5e6,-360,-374,14
5k2/pp2r2p/4Pr2/5p2/5R2/2P4P/PP4PK/8 w - - 1 36,c3c4,-537,-554,17
5k2/pp5p/4rr2/5p2/2P2R2/7P/PP4PK/8 w - - 0 37,c4c5,-549,-553,4
5k2/pp5p/5r2/2P2p2/5R2/7P/PP2r1PK/8 w - - 1 38,c5c6,-550,-571,21
rnbqkbnr/pppppppp/8/8/8/8/PPPPPPPP/RNBQKBNR w KQkq - 0 1,e2e4,29,30,1
r1bqkbnr/pp1ppppp/2n5/2p5/4P3/2N5/PPPP1PPP/R1BQKBNR w KQkq - 2 3,g2g3,20,-10,-30
r1bqkbnr/pp1ppp1p/2n3p1/2p5/4P3/2N3P1/PPPP1P1P/R1BQKBNR w KQkq - 0 4,d2d3,-2,-1,-1
r1b2r2/pp2ppkp/1q1p1np1/2p5/3nP3/3P2P1/PPPQNPBP/R3K1NR w KQ - 2 11,c2c3,17,13,-4
r1b2r2/pp2ppkp/1qnp1np1/2p5/4P3/2PP2P1/PP1QNPBP/R3K1NR w KQ - 1 12,f2f4,-6,-92,86
r1b2r2/pp3pkp/1qnp2p1/2p1p3/4PPn1/2PP1NP1/PP1QN1BP/R3K2R w KQ - 2 14,h2h3,51,40,-11
r1b2r2/pp3pkp/1qnp2p1/2p4n/4Pp2/2PP1NPP/PP1QN1BK/R4R2 w - - 0 17,g3g4,40,5,-35
4r1n1/p5kp/1pn1p1p1/2p3N1/4P1P1/2PP2QP/Pq4BK/5R2 w - - 1 25,e4e5,10000,134,-9866
6n1/p3r1k1/1p3qpp/2p5/4p1P1/2P3QP/P6K/8 w - - 0 36,c3c4,-885,-982,97
6n1/p5k1/1p4pp/2p5/2P3P1/7P/r4p2/5K2 w - - 0 41,h3h4,-1027,-1062,35
8/p5k1/1p3npp/2p5/2P3PP/8/r4p2/5K2 w - - 1 42,h4h5,-1131,-10000,8869
8/p5k1/1p4pp/2p4P/2P1n1P1/8/r4p2/5K2 w - - 1 43,h5g6,-1161,-10000,8839
rnbqkbnr/pppppppp/8/8/8/8/PPPPPPPP/RNBQKBNR w KQkq - 0 1,e2e4,32,33,1
rnbqkbnr/ppp2ppp/4p3/3p4/2B1P3/8/PPPP1PPP/RNBQK1NR w KQkq - 0 3,e4d5,-28,-25,-3
rn1qk2r/pp3ppp/2p1bn2/3p4/1b6/1BN1Q3/PPPP1PPP/R1B1K1NR w KQkq - 4 8,f2f4,-99,-407,308
rn1q2k1/pp3ppp/2p5/8/1b2rP2/1N4Q1/PPPP2PP/R1BK3R w - - 0 15,c2c3,73,61,-12
rn1q2k1/pp3ppp/2p5/2b5/4rP2/2P3Q1/PP1P2PP/R1BK3R w - - 0 17,d2d4,-492,-512,20
rn3bk1/p4ppp/8/1ppq4/3PrP2/2P2Q2/PPKB2PP/R6R w - - 2 21,d4c5,-378,-414,36
rnbqkbnr/pppppppp/8/8/8/8/PPPPPPPP/RNBQKBNR w KQkq - 0 1,c2c4,26,-4,-30
rnbqkbnr/pp1p1ppp/2p5/4p3/2P5/2N5/PP1PPPPP/R1BQKBNR w KQkq - 0 3,d2d4,70,60,-10
rnbqkbnr/pp3ppp/2p5/3p4/2PPN3/8/PP2PPPP/R1BQKBNR w KQkq - 0 5,c4d5,148,155,7
2r2rk1/p4ppp/8/3p4/N2P4/8/PK2PnPP/R4BR1 w - - 2 21,g2g3,310,252,-58
2rr2k1/p4ppp/8/8/3Pp3/6P1/P2KP1BP/R5R1 w - - 4 27,e2e3,510,522,12
1r4k1/p2r2pp/8/5p2/3Pp3/4P1P1/P1RK2BP/6R1 w - - 4 30,g3g4,521,507,-14
8/p1R3p1/7k/6r1/3P2pp/2KBP3/r6P/6R1 w - - 0 40,h2h3,374,326,-48
8/8/8/8/6pk/1R5P/2r5/7K w - - 0 74,h3g4,-5,0,5
r1bqkbnr/pppppppp/2n5/8/8/5N2/PPPPPPPP/RNBQKB1R w KQkq - 2 2,e2e3,69,27,-42
r1bqkbnr/ppp2ppp/2n5/3pp3/8/4PN2/PPPPBPPP/RNBQK2R w KQkq - 0 4,d2d4,-40,-69,29
r1bqk2r/ppp2ppp/2nb1n2/3p4/3Pp3/4P3/PPPNBPPP/RNBQ1RK1 w kq - 4 7,c2c4,-43,-42,-1
r3k2r/ppp2ppp/3qb1n1/8/3PQ3/2N1P3/PP3PPP/R1B2RK1 w kq - 1 14,d4d5,454,474,20
r4rk1/ppp2ppp/3qb1n1/3P4/4Q3/2N1P3/PP3PPP/R1B2RK1 w - - 1 15,d5e6,513,513,0
5rk1/p1p3pp/1r2p1q1/8/Q5n1/4P1N1/PP3PPP/R1B2RK1 w - - 13 24,h2h3,474,360,-114
5rk1/p1p3pp/1r2p1q1/4n3/Q7/4P1NP/PP3PP1/R1B2RK1 w - - 1 25,b2b3,504,519,15
rnbqkbnr/pppppppp/8/8/8/8/PPPPPPPP/RNBQKBNR w KQkq - 0 1,d2d4,28,23,-5
rnbqkbnr/pp3ppp/4p3/2pp4/3P1B2/2N5/PPP1PPPP/R2QKBNR w KQkq - 0 4,e2e3,51,-14,-65
rnbqkbnr/pp3pp1/4p2p/3p4/2pP1B2/2N1PN2/PPP2PPP/R2QKB1R w KQkq - 0 6,b2b3,36,-503,-539
rnbqk1nr/pp3pp1/4p2p/3pN3/3P4/1pN1P3/P1P2PPP/R2QKB1R w KQkq - 0 9,c2b3,40,33,-7
r1bq1rk1/p4pp1/2p1pn1p/3p4/3P4/1PNBP3/P4PPP/R2Q1RK1 w - - 4 13,a2a4,97,-10,-107
r1b2rk1/p4pp1/2pq1n1p/3pp3/P2P4/1P1BP3/4NPPP/R2Q1RK1 w - - 0 15,d4e5,22,34,12
r1b2rk1/p4pp1/2p2n1p/3p2q1/P4N2/1P1BP3/5PPP/R2Q1RK1 w - - 2 17,h2h3,56,10,-46
r4rk1/p2b1pp1/2p4p/3p4/P4N2/1P1BP2P/5PP1/R4RK1 w - - 3 21,b3b4,596,508,-88
1r3rk1/3b1pp1/2p4p/p2p4/PP3N2/3BP2P/5PP1/1R3RK1 w - - 0 23,b4a5,606,595,-11
r5k1/3b1pp1/2p4p/P2p4/P4N2/3BP2P/5PP1/1R4K1 w - - 1 25,a5a6,590,594,4
3r2k1/1R1b1pp1/P1p4p/3p4/P4N2/3BP2P/5PP1/6K1 w - - 5 28,a6a7,812,836,24
rnbqkbnr/pppppppp/8/8/8/8/PPPPPPPP/RNBQKBNR w KQkq - 0 1,b2b3,30,-23,-53
r1bqkbnr/ppp1pppp/2n5/3p4/8/1P6/PBPPPPPP/RN1QKBNR w KQkq - 2 3,g2g3,24,-72,-96
r2qk1nr/ppp2ppp/2n1b3/3pp3/1b6/1PN3P1/PBPPPPBP/R2QK1NR w KQkq - 4 6,a2a3,-45,-38,-7
r2qk1nr/ppp2ppp/2n1b3/3pp3/8/PPb3P1/1BPPPPBP/R2QK1NR w KQkq - 0 7,d2c3,-43,-46,3
r2qk2r/ppp1nppp/2n1b3/3pp3/8/PPP3P1/1BP1PPBP/R2QK1NR w KQkq - 1 8,c3c4,-18,-127,109
3rk2r/ppp1nppp/2n1b3/4p3/2p5/PP4P1/1BP1PPBP/R3K1NR w KQk - 0 10,b3b4,-146,-135,-11
3rk2r/p1p2ppp/8/1p1np3/1P1n4/P1p3PB/2P1PP1P/R1B2RK1 w k - 2 15,e2e4,-181,-240,59
3rk2r/p1p2ppp/5n2/1p2p1n1/1P2P3/P1p3PB/2P2PKP/R4R2 w k - 0 18,f2f4,-517,-692,175
3rk2r/p1p2ppp/5n2/1p2p3/1P2PP2/P1p3Pn/2P3KP/R4R2 w k - 0 19,f4e5,-563,-588,25
7r/p1p1kppp/4n3/1p2P3/1P4K1/P1p3P1/2Pr3P/2R2R2 w - - 7 24,h2h4,-673,-670,-3
3r4/p1p1kp1p/6p1/1p2P3/1Prn2RP/P1pR2PK/2P5/8 w - - 0 31,h4h5,-597,-614,17
3r4/p1p2p1p/4k1p1/1p2P2P/1Prn2R1/P1pR2PK/2P5/8 w - - 1 32,h5g6,-534,-603,69
8/p1p2p2/4k1p1/1p1rP3/1PrnR3/P1pR2PK/2P5/8 w - - 2 34,g3g4,-635,-842,207
rnbqkbnr/pppppppp/8/8/8/8/PPPPPPPP/RNBQKBNR w KQkq - 0 1,e2e4,28,34,6
rnbqkbnr/pppp1ppp/8/4p3/4P3/8/PPPP1PPP/RNBQKBNR w KQkq - 0 2,f2f4,36,-24,-60
rnb1kbnr/pppp1ppp/8/4p3/4PP1q/8/PPPP2PP/RNBQKBNR w KQkq - 1 3,g2g3,93,86,-7
rnb1kbnr/ppppqppp/8/4p3/4PP2/6P1/PPPP3P/RNBQKBNR w KQkq - 1 4,d2d3,88,75,-13
rnb1kb1r/ppp1qppp/5n2/3p4/4PB2/3P2P1/PPP3BP/RN1QK1NR w KQkq - 1 7,e4e5,36,36,0
rn2kb1r/ppp1q1pp/5p2/3pP3/5Q2/3P1NP1/PPP4P/RN2K2R w KQkq - 0 12,d3d4,70,-21,-91
rn2kb1r/ppp4p/5q2/3pP1p1/3P4/5NP1/PPP4P/RN2K2R w KQkq - 0 14,e5f6,162,141,-21
rn2k2r/ppp4p/5P2/3pN3/1b1P2p1/6P1/PPP4P/RN2K2R w KQkq - 2 16,c2c3,249,267,18
r3k2r/pppn3p/3b1P2/3pN3/3P2p1/2P3P1/PP5P/RN3RK1 w kq - 3 18,f6f7,370,394,24
r2k3r/pp1n1P1p/8/3p4/1bpP2p1/2P3P1/PP1N3P/R4RK1 w - - 0 22,c3b4,292,286,-6
r6r/p1kn1P1p/8/1p1p4/1PpP2p1/6P1/PP1N3P/2R2RK1 w - - 0 24,a2a4,384,268,-116
r6r/p1kn1P1p/8/3p4/pPpP2p1/6P1/1P1N3P/2R2RK1 w - - 0 25,b2b3,248,71,-177
r6r/2kn1P1p/8/p2p4/1PpP2p1/1N4P1/7P/2R2RK1 w - - 0 27,b4a5,125,118,-7
r6r/5P1p/3k4/P1np4/2pP2p1/6P1/7P/2R2RK1 w - - 0 29,d4c5,-7,0,7
3r1r2/5P1p/8/P1kp1R2/2p3p1/6P1/7P/3R2K1 w - - 4 32,a5a6,0,-23,-23
5r2/3r1P1p/P7/2kp1R2/2p3p1/6P1/7P/3R2K1 w - - 1 33,a6a7,0,0,0
8/8/8/2k4p/2p3p1/5rP1/1R2K2P/8 w - - 6 42,h2h3,-345,-505,160
8/8/8/7p/2k3p1/2p2rPP/2R1K3/8 w - - 2 44,h3g4,-463,-484,21
rnbqkbnr/pppppppp/8/8/8/8/PPPPPPPP/RNBQKBNR w KQkq - 0 1,d2d4,30,26,-4
rnbqkb1r/pppppppp/5n2/8/3P4/8/PPP1PPPP/RNBQKBNR w KQkq - 1 2,c2c4,25,24,-1
rnbqkb1r/pppp1ppp/4pn2/8/2PP4/8/PP2PPPP/RNBQKBNR w KQkq - 0 3,e2e3,21,9,-12
rnbqkb1r/pp1p1ppp/4pn2/2p5/2PP4/4P3/PP3PPP/RNBQKBNR w KQkq - 0 4,d4d5,29,30,1
rnbqkb1r/pp3ppp/3p1n2/2pp4/2P5/2N1P3/PP3PPP/R1BQKBNR w KQkq - 0 6,c4d5,40,49,9
rnbqkb1r/1p3ppp/p2p1n2/2pP4/8/2N1P3/PP3PPP/R1BQKBNR w KQkq - 0 7,a2a4,82,83,1
r1bq1rk1/3nbppp/pp1p1n2/2pP4/P7/2N1PN2/1P2BPPP/R1BQ1RK1 w - - 0 11,e3e4,129,118,-11
3q1k2/1r1n1ppp/pp3b2/2nP4/P1p1P3/2N5/1PQ1BPPP/R2R2K1 w - - 0 22,f2f4,489,395,-94
5k2/1r1nqppp/pp3b2/2nP4/P1p1PP2/2N5/1PQ1B1PP/R2R2K1 w - - 1 23,e4e5,486,519,33
5k2/1r1nqppp/pp6/2nPP3/P1p2P1b/2N5/1PQ1B1PP/R2R2K1 w - - 1 24,g2g3,670,515,-155
5k2/1r2qppp/pp6/2nPP3/P1p2P1b/RnN3P1/1PQ1B2P/3R2K1 w - - 3 26,g3h4,707,530,-177
5k2/1r3ppp/pp6/2nPP3/P1p2P1q/RnN5/1PQ1B2P/3R2K1 w - - 0 27,d5d6,574,506,-68
1r3k2/6p1/pp1P1p1q/2n1PQ1B/P1p5/RnN5/1P5P/3R3K w - - 4 32,d6d7,604,566,-38
rnbqkbnr/pppppppp/8/8/8/8/PPPPPPPP/RNBQKBNR w KQkq - 0 1,e2e4,34,40,6
rnbqkbnr/p1pppppp/1p6/8/4P3/8/PPPP1PPP/RNBQKBNR w KQkq - 0 2,d2d4,110,93,-17
rn3rk1/pbppqpp1/1p2pn1p/4N3/3PP3/2NB4/PPP2PPP/R2Q1RK1 w - - 4 11,f2f4,30,25,-5
rn2nrk1/pbppqpp1/1p2p2p/4N3/3PPP2/2NB4/PPP3PP/R2Q1RK1 w - - 1 12,d4d5,102,55,-47
rn2nrk1/p1ppqpp1/1p5p/3bN3/4PP2/3B4/PPP3PP/R2Q1RK1 w - - 0 14,e4d5,77,79,2
r3nrk1/p1p1qpp1/1pnp3p/3P4/5P2/3B4/PPP3PP/R2Q1RK1 w - - 0 16,d5c6,-137,-147,10
r2qr1k1/p1p2pp1/1pPp1n1p/8/5P2/3B1Q2/PPP3PP/R3R1K1 w - - 5 19,g2g4,-28,-33,5
r4qk1/p1p2pp1/1pPp1n1p/8/5PP1/3B1Q2/PPP4P/4R1K1 w - - 1 21,a2a4,92,-30,-122
8/p1p1kpp1/1pPp1n1p/8/P1B2PP1/5K2/1PP4P/8 w - - 7 28,b2b4,24,-22,-46
3k4/p1p2pp1/1pPp1n1p/8/PPB2PP1/5K2/2P4P/8 w - - 1 29,a4a5,226,0,-226
3k4/p1p2pp1/2Pp1n1p/p7/1PB2PP1/5K2/2P4P/8 w - - 0 30,b4a5,-2,-8,6
2k5/p1p2pp1/2Pp1n1p/P7/2B2PP1/5K2/2P4P/8 w - - 1 31,a5a6,259,96,-163
8/p1p3p1/P1Pk1n1p/3p4/5PP1/1B3K2/2P4P/8 w - - 2 35,g4g5,75,79,4
8/p1p3p1/P1Pk1n2/3p2p1/5P2/1B3K2/2P4P/8 w - - 0 36,f4g5,103,165,62
5K2/p1p5/2Pn4/6P1/1k1p4/1B6/2P4P/8 w - - 4 44,g5g6,560,573,13
5K2/2p5/2Pn2P1/p7/1k1p4/1B6/2P4P/8 w - - 0 45,g6g7,586,623,37
5K2/2p3P1/2P5/p4n2/1k1p4/1B6/2P4P/8 w - - 1 46,g7g8q,761,785,24
5K2/k1p5/2P5/3B4/3p4/1Q2n3/2P4P/8 w - - 5 51,h2h4,10000,931,-9069
5K2/2p5/2k5/8/3Q3P/8/2P5/8 w - - 0 54,c2c4,895,924,29
5K2/8/2p1Q3/2k5/2P4P/8/8/8 w - - 4 58,h4h5,937,975,38
5K2/8/1kp1Q3/7P/2P5/8/8/8 w - - 1 59,h5h6,979,983,4
5K2/8/2p1Q2P/k7/2P5/8/8/8 w - - 1 60,h6h7,1050,1041,-9
5K2/7P/8/2Q5/2P5/3k4/8/8 w - - 1 64,h7h8q,10000,10000,0
rnbqkbnr/pppppppp/8/8/8/8/PPPPPPPP/RNBQKBNR w KQkq - 0 1,e2e4,34,33,-1
rnbqkb1r/ppppn1pp/5p2/4p3/2B1P3/5N2/PPPP1PPP/RNBQK2R w KQkq - 2 4,d2d4,183,183,0
r1bqkb1r/ppppn1pp/2n2p2/4p3/2BPP3/5N2/PPP2PPP/RNBQK2R w KQkq - 1 5,d4d5,251,171,-80
r2qkb1r/pppb2pp/3p1p2/3Pn3/3QP3/3B4/PPP2PPP/RNB1R1K1 w kq - 6 11,f2f4,254,241,-13
r2qkb1r/pppb2pp/3p1p2/3P4/3QPPn1/3B4/PPP3PP/RNB1R1K1 w kq - 1 12,h2h3,410,401,-9
r2qkb1r/pppb2pp/3p1p1n/3P4/3QPP2/3B3P/PPP3P1/RNB1R1K1 w kq - 1 13,f4f5,378,266,-112
2kr1b1r/pppbq2p/3p1p1p/3P1P2/3QP3/7P/PPP1B1P1/RN2R1K1 w - - 2 16,c2c4,462,238,-224
2kr1b1r/p1pbq2p/1p1p1p1p/3P1P2/2PQP3/7P/PP2B1P1/RN2R1K1 w - - 0 17,b2b4,268,219,-49
1k1r1b1r/p1pbq2p/1p1p1p1p/3P1P2/1PPQP3/7P/P3B1P1/RN2R1K1 w - - 1 18,b4b5,281,219,-62
1kbr1b1r/p1p1q2p/1p1p1p1p/1P1P1P2/2PQP3/7P/P3B1P1/RN2R1K1 w - - 1 19,a2a4,298,267,-31
1kbr3r/p1p1q2p/1p1p1p1b/1P1P1P1p/P1PQP3/2N4P/4B1P1/R3R1K1 w - - 2 21,a4a5,239,194,-45
1kbr3r/p1p1q2p/1p1p1p2/PP1P1P1p/2PQPb2/2N4P/4B1P1/R3R1K1 w - - 1 22,a5b6,239,207,-32
rnbqkbnr/pppppppp/8/8/8/8/PPPPPPPP/RNBQKBNR w KQkq - 0 1,d2d4,33,23,-10
rnbqkbnr/ppp1pppp/8/3p4/3P4/8/PPP1PPPP/RNBQKBNR w KQkq - 0 2,c2c4,26,28,2
rnbqkb1r/ppp2ppp/4pn2/3p4/2PP4/2N5/PP2PPPP/R1BQKBNR w KQkq - 0 4,a2a3,30,-12,-42
rnbqkb1r/p1p2ppp/1p2pn2/3p4/2PP4/P1N5/1P2PPPP/R1BQKBNR w KQkq - 0 5,h2h3,19,-12,-31
rn1qk2r/pbp1bppp/1p2pn2/3p2B1/2PP4/P1N4P/1P2PPP1/R2QKBNR w KQkq - 3 7,b2b4,-25,-215,190
rn1q1rk1/pbp1bppp/1p2p3/8/1PPPpB2/P6P/4PPP1/R2QKBNR w KQ - 0 10,b4b5,-165,-279,114
rn1q1rk1/pbp2ppp/1p2pb2/1P6/2PPpB2/P6P/4PPP1/R2QKBNR w KQ - 1 11,e2e3,-168,-184,16
rn1q1rk1/pbp2ppp/1p3b2/1P2p3/2PPpB2/P3P2P/5PP1/R2QKBNR w KQ - 0 12,d4e5,13,9,-4
rnbqkbnr/pppppppp/8/8/8/8/PPPPPPPP/RNBQKBNR w KQkq - 0 1,e2e4,39,38,-1
r1bqk1nr/pppp1ppp/2n5/2b1p3/2B1P3/5N2/PPPP1PPP/RNBQK2R w KQkq - 4 4,d2d3,33,13,-20
r1bq1rk1/ppp2ppp/2np4/2b1p3/2B1P1n1/3P1N2/PPP2PPP/RNBQ1RK1 w - - 6 8,a2a4,13,8,-5
r2q1rk1/1pp2ppp/p1npb3/2b1p3/P1B1P1n1/3P1N2/1PPN1PPP/R1BQ1RK1 w - - 2 10,b2b3,18,-3,-21
r2q1rk1/1pp2ppp/p1np4/2b1p3/P1b1P1n1/1P1P1N2/2PN1PPP/R1BQ1RK1 w - - 0 11,d3c4,42,-37,-79
r2q1rk1/1pp3pp/p1np4/2b1pp2/P1P1P1n1/1P3N2/2PN1PPP/R1BQ1RK1 w - - 0 12,e4f5,14,16,2
5rk1/1pp3pp/p1np4/4pr1q/P1P1N1n1/1P3N2/1BP2PPP/R2Q1RK1 w - - 3 17,h2h3,454,306,-148
5rk1/1pp3pp/p1np1n2/4p1q1/P1P5/1P5P/1BP2PP1/R2Q1RK1 w - - 0 20,c4c5,239,223,-16
5rk1/1pp3pp/p1n2n2/2Ppp1q1/P7/1P5P/1BP2PP1/R2Q1RK1 w - - 0 21,c2c4,251,176,-75
5r1k/1pp3pp/p1n3q1/2PQp2n/P1Pp4/1P5P/5PP1/2B1RRK1 w - - 10 27,b3b4,231,118,-113
4r2k/1pp2qpp/p4n2/2P5/P1P5/6QP/1B3PP1/5RK1 w - - 9 35,f2f3,237,129,-108
4n1k1/1pp2qpp/p7/2P5/P1P5/5PQP/1B4P1/6K1 w - - 0 39,c5c6,144,82,-62
4n1k1/1pp2q1p/p1P3p1/8/P1P5/5PQP/1B4P1/6K1 w - - 0 40,c4c5,808,182,-626
8/2B5/p7/1p6/k1p1Q3/5P1P/6P1/7K w - - 0 64,h3h4,864,859,-5
8/8/p2B4/1p6/2p1Q2P/1k3P2/6P1/7K w - - 3 66,h4h5,10000,888,-9112
8/8/8/p3B2P/1p6/1kpQ1P2/6P1/7K w - - 0 69,h5h6,892,938,46
8/8/7P/4B3/pp6/1kpQ1P2/6P1/7K w - - 0 70,h6h7,1106,10000,8894
8/7P/8/4B3/1p6/pkpQ1P2/6P1/7K w - - 0 71,h7h8q,10000,10000,0
rnbqkbnr/pppppppp/8/8/8/8/PPPPPPPP/RNBQKBNR w KQkq - 0 1,e2e4,40,28,-12
rnb1k2r/ppppbppp/5n2/8/4P3/8/PPPP1PPP/RNB1KBNR w KQkq - 0 5,d2d3,153,127,-26
rnb1k2r/ppp1bppp/8/8/4n3/3P4/PPP2PPP/R1B1KBNR w KQkq - 0 8,d3e4,109,103,-6
r3k2r/1pp1bppp/p1b5/8/4P3/8/PPPB1PPP/R3K1NR w KQkq - 0 12,f2f3,30,16,-14
2k2r2/1pp2p1p/p5p1/6b1/b3PN2/2B2P2/PPP3PP/2KR4 w - - 1 18,g2g3,103,30,-73
2k5/1p5p/p5p1/2p5/b7/2B2rP1/PPP4P/1KR5 w - - 0 26,b2b3,-10,-56,46
2k5/1p4Bp/p5p1/1bp5/8/1P4P1/P1P2r1P/1KR5 w - - 3 28,a2a4,-9,-29,20
2k5/1p4Bp/p5p1/2p2b2/P7/1P4P1/2P4r/1KR5 w - - 0 31,g3g4,-173,-361,188
2k2B2/7p/pp4p1/2p5/P5b1/1P6/2P4r/1KR5 w - - 0 33,a4a5,-338,-340,2
5B2/2k4p/pp4p1/P1p5/6b1/1P6/2P4r/1KR5 w - - 1 34,a5b6,-339,-360,21
rnbqkbnr/pppppppp/8/8/8/8/PPPPPPPP/RNBQKBNR w KQkq - 0 1,e2e4,29,39,10
rnbqkb1r/pp1pnppp/4p3/2p5/4P3/2N2N2/PPPP1PPP/R1BQKB1R w KQkq - 2 4,d2d3,70,39,-31
r1bqkbr1/pp2np1p/2n1pBp1/2pp4/4P3/2NP1N2/PPP1BPPP/R2QK2R w KQq - 0 8,e4d5,127,155,28
r1bqk3/pp2nprp/2n3p1/2pp4/8/2NP1N2/PPP1BPPP/R2Q1RK1 w q - 0 11,d3d4,110,105,-5
2kr4/pp2nprp/2nq2p1/1Bpp1b2/3P4/2N2N2/PPP2PPP/R2QR1K1 w - - 5 14,d4c5,147,72,-75
rnbqkbnr/pppppppp/8/8/8/8/PPPPPPPP/RNBQKBNR w KQkq - 0 1,e2e4,29,27,-2
r1bqkbnr/ppp2ppp/2np4/4p3/2B1P3/2N5/PPPP1PPP/R1BQK1NR w KQkq - 0 4,d2d3,33,33,0
rnbqkbnr/pppppppp/8/8/8/8/PPPPPPPP/RNBQKBNR w KQkq - 0 1,e2e4,27,30,3
rnbqkb1r/pppp1ppp/3np3/8/8/1B3N2/PPPP1PPP/RNBQK2R w KQkq - 0 5,d2d3,-82,-119,37
r1bq1rk1/ppppbppp/3np3/8/6N1/1n1P4/PPP2PPP/RNBQK2R w KQ - 0 10,c2b3,-293,-366,73
1r3rk1/1bpp1ppp/pp1bp3/5n2/6Nq/1P1P4/PP1Q1PPP/RNB2RK1 w - - 10 17,h2h3,-419,-496,77
1r3rk1/1bpp1pp1/pp1bp3/7p/7q/1P1P2nP/PP1Q1PPN/RNB2RK1 w - - 2 19,f2g3,-86,17,103
1r3rk1/2p1bpp1/pp2q3/3p3p/4p3/1P1P4/PPKBQN2/R7 w - - 0 32,d3d4,-391,-608,217
rnbqkbnr/pppppppp/8/8/8/8/PPPPPPPP/RNBQKBNR w KQkq - 0 1,g2g3,33,2,-31
rnbqkbnr/ppp2ppp/4p3/3p4/8/6P1/PPPPPPBP/RNBQK1NR w KQkq - 0 3,b2b3,14,-16,-30
rn1qkbnr/pbp2ppp/1p2p3/3p4/8/1P4P1/PBPPPPBP/RN1QK1NR w KQkq - 2 5,e2e3,25,8,-17
rn1qkb1r/pbp2ppp/1p2pn2/3p4/8/1P2P1P1/PBPP1PBP/RN1QK1NR w KQkq - 1 6,d2d3,22,4,-18
rn1qkb1r/pbp2p1p/1p2pnp1/3p4/8/1P1PP1P1/PBP2PBP/RN1QK1NR w KQkq - 0 7,h2h3,2,-19,-21
rn1q1rk1/pb1n1pbp/1p2p1p1/2pp4/8/1P1PP1PP/PBPNNPB1/R2Q1RK1 w - - 2 11,d3d4,20,-14,-34
rn1q1rk1/pb1n1pbp/1p2p1p1/3p4/3p4/1P2P1PP/PBPNNPB1/R2Q1RK1 w - - 0 12,e3d4,-3,-10,7
rn1q1rk1/1b1n1pbp/pp2p1p1/3p4/3P4/1P4PP/PBPNNPB1/R2Q1RK1 w - - 0 13,a2a3,28,-17,-45
rn1q1rk1/1b1n1pbp/p3p1p1/1p1p4/3P4/PP4PP/1BPNNPB1/R2Q1RK1 w - - 0 14,b3b4,-3,-21,18
5rk1/1q3p1p/p4Qp1/1p2p3/1Pnp4/P5PP/2P2P2/R3BRK1 w - - 0 25,f2f4,298,338,40
4r1k1/1q3p1p/p5p1/1p3n2/1P1p1Q2/P5PP/2PB1R2/R5K1 w - - 3 29,g3g4,463,378,-85
5r2/6kp/p5p1/1p1Q1p2/1P4P1/P6P/2P2R2/5RK1 w - - 2 37,g4f5,964,892,-72
rnbqkbnr/pppppppp/8/8/8/8/PPPPPPPP/RNBQKBNR w KQkq - 0 1,d2d4,30,23,-7
rn1qkbnr/1pp1pppp/p7/3p4/3P1Bb1/5N2/PPP1PPPP/RN1QKB1R w KQkq - 2 4,e2e3,83,54,-29
r2qkbnr/1pp1pppp/p1n5/3p4/3P1Bb1/4PN2/PPP2PPP/RN1QKB1R w KQkq - 1 5,h2h3,61,53,-8
r2qk2r/1pp2ppp/p1n1pn2/3p4/1b1P1B2/2NBPQ1P/PPP2PP1/R3K2R w KQkq - 2 9,a2a3,44,40,-4
r2qk2r/1pp2ppp/p1n1pn2/3p4/3P1B2/P1bBPQ1P/1PP2PP1/R3K2R w KQkq - 0 10,b2c3,63,72,9
r3k2r/2p1qppp/p1n1pn2/1p1p4/3P1B2/P1PBPQ1P/2P2PP1/R4RK1 w kq - 0 12,a3a4,176,174,-2
r3k2r/2p1qppp/p1n1pn2/3p4/Pp1P1B2/2PBPQ1P/2P2PP1/R4RK1 w kq - 0 13,c3b4,138,107,-31
r4rk1/2p1qppp/p3pn2/3p4/Pn1P1B2/3BPQ1P/2P2PP1/RR4K1 w - - 2 15,c2c3,99,-321,-420
1r4k1/2p3p1/p3pp2/2Bp4/P2P4/2P1P2P/4nnPK/R7 w - - 0 24,g2g4,-339,-598,259
1r4k1/2p5/p3pp2/2Bp2p1/n2Pn1P1/4PK1P/8/7R w - - 0 28,h3h4,-654,-900,246
1r4k1/2p5/p3pp2/2np2p1/3Pn1PP/4PK2/8/7R w - - 0 29,d4c5,-763,-909,146
1r4k1/2p5/p4p2/2Ppp1p1/4n1PP/4PK2/8/7R w - - 0 30,h4g5,-653,-852,199
R7/2p5/p3np2/2P2k2/3pp3/4P1r1/3K4/8 w - - 0 41,e3d4,-719,-708,-11
rnbqkbnr/pppppppp/8/8/8/8/PPPPPPPP/RNBQKBNR w KQkq - 0 1,d2d4,31,25,-6
rnbqkb1r/pppppppp/5n2/8/3P4/8/PPP1PPPP/RNBQKBNR w KQkq - 1 2,c2c4,31,25,-6
rnbqkb1r/pp1p1ppp/4pn2/2p5/2PP4/2N5/PP2PPPP/R1BQKBNR w KQkq - 0 4,d4d5,102,102,0
rnbqkb1r/pp1p1ppp/5n2/2pp4/2P5/2N5/PP2PPPP/R1BQKBNR w KQkq - 0 5,c4d5,110,108,-2
rnbqkb1r/pp3ppp/3p1n2/2pP4/8/2N5/PP2PPPP/R1BQKBNR w KQkq - 0 6,e2e4,116,88,-28
r1bq1rk1/1p1nbppp/p2p4/2pP4/4P3/2NB1Nn1/PPQ2PPP/R3K2R w KQ - 0 12,h2g3,-60,-71,11
r1bq1rk1/3nbppp/p2p4/1ppP4/4P3/2NB1NP1/PPQ2PP1/R3K2R w KQ - 0 13,e4e5,68,71,3
r1bq1rk1/3nbpp1/p2p3p/1ppPP3/8/2NB1NP1/PPQ2PP1/R3K2R w KQ - 0 14,e5d6,75,-99,-174
r2q1rk1/3b1pp1/p6p/1ppPb3/4B3/2N3P1/PPQ2PP1/2KR3R w - - 2 18,d5d6,-28,-59,31
1r1q1r1k/3bNpp1/p2P3p/1p2b3/2p1B3/6P1/PPQ2PP1/2KR3R w - - 2 21,f2f4,658,13,-645
rnbqkbnr/pppppppp/8/8/8/8/PPPPPPPP/RNBQKBNR w KQkq - 0 1,e2e4,33,36,3
rnbqkbnr/p1pppppp/1p6/8/4P3/8/PPPP1PPP/RNBQKBNR w KQkq - 0 2,d2d3,105,32,-73
rn1qkbnr/pbpppppp/1p6/8/4P3/3P4/PPP2PPP/RNBQKBNR w KQkq - 1 3,a2a3,24,5,-19
rn1q1rk1/pbppppbp/1p3np1/8/4P3/P1NP1N2/1PP1BPPP/R1BQK2R w KQ - 6 7,h2h3,11,-49,-60
rn1q1rk1/pbp1ppbp/1p3np1/3p2B1/4P3/P1NP1N1P/1PP1BPP1/R2QK2R w KQ - 0 9,e4d5,-6,-39,33
rn1q1rk1/p4p1p/1pp2pp1/8/8/P2P1B1P/2P2PP1/1R1QR1K1 w - - 0 16,c2c4,8,-23,-31
3r4/5pkp/6p1/2n2p2/2P5/P2PR2P/2B2PP1/6K1 w - - 5 26,a3a4,234,222,-12
8/5p2/4k1pp/3R1p2/2P5/r2PK2P/5PP1/8 w - - 0 33,g2g3,284,266,-18
8/8/4kppp/3R1p2/2P5/r2PK1PP/5P2/8 w - - 0 34,f2f4,291,232,-59
8/5k2/5ppp/3R1p2/2P2P2/r2PK1PP/8/8 w - - 1 35,c4c5,315,311,-4
8/4k3/3R1p1p/2PK1pp1/5P2/3P2PP/8/2r5 w - - 0 39,f4g5,440,322,-118
8/4k3/7R/2PK2p1/5p2/3P2PP/8/2r5 w - - 0 41,g3f4,394,422,28
8/8/6k1/2R5/8/3P1K1P/8/8 w - - 1 47,d3d4,743,754,11
8/8/3k4/4R3/3P1K2/7P/8/8 w - - 5 50,h3h4,816,970,154
8/3k4/8/4R3/3P1K1P/8/8/8 w - - 1 51,h4h5,10000,10000,0
3k4/8/8/4R2P/3P1K2/8/8/8 w - - 1 52,h5h6,10000,10000,0
8/2k5/7P/4R3/3P1K2/8/8/8 w - - 1 53,h6h7,10000,10000,0
8/7P/3k4/4R3/3P1K2/8/8/8 w - - 1 54,h7h8q,10000,10000,0
8/3k4/7Q/4R3/3P1K2/8/8/8 w - - 3 56,d4d5,10000,10000,0
rnbqkbnr/pppppppp/8/8/8/8/PPPPPPPP/RNBQKBNR w KQkq - 0 1,d2d4,34,25,-9
rnbqkbnr/ppp1pppp/8/3p4/3P4/8/PPP1PPPP/RNBQKBNR w KQkq - 0 2,c2c4,26,31,5
rnbqkbnr/ppp2ppp/4p3/8/2pP4/5N2/PP2PPPP/RNBQKB1R w KQkq - 0 4,e2e4,34,23,-11
rnbqk1nr/p4ppp/4p3/1N6/1bp1P3/3p1N2/PP2BPPP/R1BQ1RK1 w kq - 0 9,a2a3,59,-228,-287
rnbqk1nr/p4ppp/4p3/bN6/2p1P3/P2p1N2/1P2BPPP/R1BQ1RK1 w kq - 1 10,b2b4,103,-204,-307
rn3r2/5pkp/p2bp3/1b6/1Pp1P3/P4N2/4RPPP/6K1 w - - 2 22,e4e5,-876,-885,9
rnbqkbnr/pppppppp/8/8/8/8/PPPPPPPP/RNBQKBNR w KQkq - 0 1,e2e3,34,16,-18
r2qkbnr/pppb1ppp/2np4/1B2p3/8/4PN2/PPPP1PPP/RNBQ1RK1 w kq - 2 5,d2d4,39,37,-2
r2qkbnr/pppb1ppp/2np4/1B6/3p4/4PN2/PPP2PPP/RNBQ1RK1 w kq - 0 6,e3d4,105,113,8
r2qk2r/pppbbppp/2np1n2/1B6/3P4/5N2/PPP2PPP/RNBQR1K1 w kq - 3 8,d4d5,103,35,-68
r4rk1/pp3ppp/8/2pn4/8/5N2/PPP2PPP/RNB3K1 w - - 0 15,c2c4,312,309,-3
r4rk1/pR3ppp/1n6/2p5/2P5/N4N2/P2B1PPP/6K1 w - - 1 20,h2h3,238,192,-46
1r4k1/p4pp1/7p/8/2n2B2/5N1P/P4PPK/8 w - - 2 29,a2a4,537,-450,-987
6k1/p4pp1/7p/8/Prn2B2/5N1P/5PPK/8 w - - 1 30,a4a5,-455,-452,-3
6k1/5pp1/3n3p/r7/3B1N2/7P/5PPK/8 w - - 5 41,g2g3,-336,-370,34
rnbqkbnr/pppppppp/8/8/8/8/PPPPPPPP/RNBQKBNR w KQkq - 0 1,e2e4,35,31,-4
r1bqkbnr/pppppppp/2n5/8/4P3/8/PPPP1PPP/RNBQKBNR w KQkq - 1 2,d2d4,44,43,-1
r1bqkbnr/pppp1ppp/2n1p3/8/3PP3/8/PPP2PPP/RNBQKBNR w KQkq - 0 3,f2f4,96,59,-37
r1bqk1nr/pppp1ppp/2n1p3/8/3PPP1b/5N2/PPP3PP/RNBQKB1R w KQkq - 3 5,g2g3,122,125,3
r1bqk2r/ppp1bppp/2n1pn2/3p4/3PPP2/4BNP1/PPPN3P/R2QKB1R w KQkq - 0 8,e4e5,138,136,-2
r1bqk2r/ppp2ppp/2n1p3/4P1b1/3PpP2/4B1P1/PPP4P/R2QKB1R w KQkq - 0 11,f4g5,139,138,-1
r1b1k2r/pp2qp1p/2p1p1p1/4P1P1/3PB3/4Q1P1/PPP4P/R4RK1 w kq - 0 17,c2c3,335,312,-23
r3k2r/pp1bqp1p/2p1p1p1/4P1P1/3PB3/2P1Q1P1/PP5P/R4RK1 w kq - 1 18,b2b4,330,299,-31
2kr3r/pp1bqp1p/2p1p1p1/4P1P1/1P1PB3/2P1Q1P1/P6P/R4RK1 w - - 1 19,a2a4,395,394,-1
1k1r3r/pp1bqp1p/2p1p1p1/4P1P1/PP1PB3/2P1Q1P1/7P/R4RK1 w - - 1 20,b4b5,397,322,-75
1kr4r/pp1bqp1p/2p1p1p1/1P2P1P1/P2PB3/2P1Q1P1/7P/R4RK1 w - - 1 21,b5c6,344,135,-209
rnbqkbnr/pppppppp/8/8/8/8/PPPPPPPP/RNBQKBNR w KQkq - 0 1,e2e4,30,29,-1
rnbqkbnr/pp1ppppp/8/2p5/4P3/8/PPPP1PPP/RNBQKBNR w KQkq - 0 2,c2c4,33,1,-32
r1bqkb1r/pp3ppp/2np1n2/2p1p3/2P1P3/2N5/PP1P1PPP/R1BQKBNR w KQkq - 0 6,d2d3,-16,-18,2
r1b1kb1r/pp3ppp/1qnp1n2/2p1p3/2P1P3/2NP4/PP1B1PPP/R2QKBNR w KQkq - 3 8,b2b3,28,16,-12
r2qkb1r/pp3ppp/2np1n2/2p1p3/2P1P1b1/1PNP1N2/P2B1PPP/R2QKB1R w KQkq - 7 12,h2h3,16,15,-1
r2qkb1r/pp3ppp/3p4/3np3/2PpP3/1P1P3P/P2BQPP1/R3K2R w KQkq - 0 17,c4d5,100,50,-50
3q1rk1/1p2bppp/p2p4/3Pp3/3pP1Q1/1P1P3P/P2B1PP1/2R3K1 w - - 0 22,b3b4,83,55,-28
3q1rk1/4bppp/p2p4/1p1Pp3/1P1pP1Q1/3P3P/P2B1PP1/2R3K1 w - - 0 23,a2a3,225,201,-24
3q1rk1/4bpp1/p2p3p/1p1Pp3/1P1pP1Q1/P2P3P/3B1PP1/2R3K1 w - - 0 24,f2f4,335,186,-149
3q1rk1/4b1p1/p2p1p1p/1p1Pp3/1P1pPPQ1/P2P3P/3B2P1/2R3K1 w - - 0 25,f4f5,250,216,-34
1q3r1k/4b1p1/p2p1p1p/1p1PpP2/1P1pP3/P2P1Q1P/3B2P1/2R3K1 w - - 3 27,g2g4,122,34,-88
q3r1k1/4b1p1/p1Rp1p1p/1p1PpP2/1P1pP1P1/P2P3P/2QB4/6K1 w - - 7 31,a3a4,244,229,-15
q3r3/4bkp1/p1Rp1p1p/1p1PpP2/PP1pP1P1/3P3P/2QB4/6K1 w - - 1 32,a4a5,228,174,-54
q6r/4bkp1/p1Rp1p2/Pp1PpP1p/1P1pP1P1/3P3P/2QB2K1/8 w - - 0 34,g4h5,327,335,8
rnbqkbnr/pppppppp/8/8/8/8/PPPPPPPP/RNBQKBNR w KQkq - 0 1,e2e4,30,28,-2
r1b1k1nr/pppp1ppp/2n2q2/2b1p2Q/2B1P3/5N2/PPPP1PPP/RNB1K2R w KQkq - 6 5,c2c3,13,-3,-16
r1b1k2r/pppp1p2/2n3pp/2b1p3/2B1n3/2P2N2/PP1P1PPP/RNB2RK1 w kq - 0 9,d2d4,-45,-47,2
r1b2rk1/pppp1p2/2n3pp/2b1p3/2BPn3/2P2N2/PP3PPP/RNB2RK1 w - - 1 10,d4c5,432,464,32
r1b2r2/pppp1pk1/2n3pp/2n1p3/2B5/2P2N2/PP1N1PPP/R1B2RK1 w - - 0 12,b2b4,328,320,-8
r1b2r2/pppp2k1/2n3pp/2n1pp2/1PB5/2P2N2/P4PPP/R1B2RK1 w - - 0 15,b4c5,375,362,-13
r1b2r2/pppp2k1/6pp/2P2p2/2Bnp3/2P5/P4PPP/R1B2RK1 w - - 0 17,c3d4,402,421,19
r1b2r2/ppp3k1/3p2pp/2P2p2/2BPp3/8/P4PPP/R1B2RK1 w - - 0 18,c5d6,421,420,-1
r1b2r2/pp4k1/3p2pp/5p2/2BPp3/8/P4PPP/R1B2RK1 w - - 0 19,d4d5,429,394,-35
8/1p6/p2p1kpp/1b1P1p2/4p3/1B6/P4PPP/2R3K1 w - - 0 26,a2a4,453,418,-35
8/2R5/p2p1kpp/1p1P1p2/P3p3/1B1b4/5PPP/6K1 w - - 0 28,a4b5,445,444,-1
8/8/1R1p3p/1p1Pkpp1/4p3/1B1b4/5PPP/6K1 w - - 0 31,g2g3,241,254,13
8/8/1R1p4/1p1Pkppp/4p3/1B1b2P1/5P1P/6K1 w - - 0 32,h2h3,298,232,-66
8/8/1R1p4/1p1Pkp1p/4p1p1/1B1b2PP/5P2/6K1 w - - 0 33,h3h4,281,301,20
rnbqkbnr/pppppppp/8/8/8/8/PPPPPPPP/RNBQKBNR w KQkq - 0 1,e2e4,27,30,3
rnbqkbnr/1p1ppppp/p7/2p5/4P3/2N5/PPPP1PPP/R1BQKBNR w KQkq - 0 3,e4e5,27,-53,-80
rnbqkbnr/1p1p1ppp/p3p3/2p1P3/8/2N5/PPPP1PPP/R1BQKBNR w KQkq - 0 4,f2f4,-15,-35,20
r1bqkbnr/3p1ppp/p1n1p3/1pp1P3/5P2/2N2N2/PPPP2PP/R1BQKB1R w KQkq - 0 6,d2d4,-38,-33,-5
r1bqkbnr/3pnppp/p3p3/1p2P3/3N1P2/2N5/PPP3PP/R1BQKB1R w KQkq - 1 8,a2a4,109,73,-36
r2qkbnr/1b1pnppp/p3p3/1p2P3/P2N1P2/2N5/1PP3PP/R1BQKB1R w KQkq - 1 9,a4b5,182,137,-45
rnbqkbnr/pppppppp/8/8/8/8/PPPPPPPP/RNBQKBNR w KQkq - 0 1,e2e4,25,22,-3
r1bqk1nr/ppp2ppp/2np4/2b1p3/4P3/5N2/PPPPBPPP/RNBQ1RK1 w kq - 0 5,d2d3,15,-1,-16
r2qk1nr/ppp2ppp/2np4/2b1p3/4P1b1/3P1N2/PPP1BPPP/RNBQ1RK1 w kq - 1 6,c2c3,32,39,7
r2qk2r/ppp2ppp/2np1n2/2b1p3/4P1b1/2PP1N2/PP2BPPP/RNBQ1RK1 w kq - 1 7,b2b4,45,43,-2
r2qk2r/ppp2ppp/1bnp1n2/4p3/1P2P1b1/2PP1N2/P3BPPP/RNBQ1RK1 w kq - 1 8,a2a4,42,54,12
r2qk2r/1pp2ppp/1bnp1n2/p3p3/PP2P1b1/2PP1N2/4BPPP/RNBQ1RK1 w kq - 0 9,b4b5,83,78,-5
r2qk2r/1p3ppp/1p1p1nn1/pP2p3/P3P1b1/2PP1N2/4BPPP/RN1Q1RK1 w kq - 0 12,c3c4,-14,-29,15
2rqk2r/1p3ppp/1p1p1n2/pP2p3/P1P1Pnb1/2NP1N2/4BPPP/R2Q1RK1 w k - 3 14,h2h3,33,-134,-167
2B1k2r/1p3ppp/1p1p1n2/pP1np3/P1P1P3/3P4/3q1PPK/R3NR2 w k - 0 22,c4d5,-385,-503,118
2B1k2r/1p3ppp/1p1p1n2/pP1Pp3/P3Pq2/3P4/5PPK/R3NR2 w k - 1 23,g2g3,-319,-327,8
rnbqkbnr/pppppppp/8/8/8/8/PPPPPPPP/RNBQKBNR w KQkq - 0 1,e2e4,26,25,-1
rnbq1rk1/pppp1ppp/5n2/2b1p3/2B1P3/2N2N2/PPPP1PPP/R1BQK2R w KQ - 6 5,h2h3,73,-8,-81
rnbq1rk1/ppp2ppp/3p1n2/2b1p3/2B1P3/2N2N1P/PPPP1PP1/R1BQK2R w KQ - 0 6,d2d3,-7,-8,1
rnbq1rk1/5ppp/2pp1n2/ppb1p3/4P3/1B1P1N1P/PPP1NPP1/R1BQK2R w KQ - 0 9,a2a3,16,-13,-29
r2q1rk1/5pp1/2ppnn1p/1p2p3/p3P3/P2Pb1NP/1PP2PPN/R2Q1RK1 w - - 0 17,f2e3,-14,-9,-5
5r1k/4r1p1/2ppq2p/1p2pp2/p3P1NQ/P2PP1RP/1PP3P1/R5K1 w - - 0 27,e4f5,491,448,-43
8/5rpk/2p1q2p/1p1p4/p3p1NQ/P2PP1RP/1PP1K1P1/8 w - - 0 33,d3d4,232,-56,-288
rnbqkbnr/pppppppp/8/8/8/8/PPPPPPPP/RNBQKBNR w KQkq - 0 1,e2e4,29,24,-5
rnbqkbnr/pppp1ppp/8/4p3/4P3/8/PPPP1PPP/RNBQKBNR w KQkq - 0 2,d2d3,28,-12,-40
rnbqk1nr/pppp1ppp/8/2b1p3/4P3/3P4/PPP2PPP/RNBQKBNR w KQkq - 1 3,f2f4,12,-56,-68
rnbqk2r/ppp2ppp/3p1n2/2b1p3/4PP2/3P4/PPP1N1PP/RNBQKB1R w KQkq - 2 5,f4f5,-120,-144,24
r1bqk2r/ppp2p1p/2np1np1/2b1pP2/4P3/3P2N1/PPP3PP/RNBQKB1R w KQkq - 2 7,c2c3,-62,-149,87
r1bqk2r/ppp2p1p/2np2pQ/4pP2/4P3/2PP2n1/PP2BbPP/RNB2K2 w kq - 0 12,h2g3,-290,-377,87
r1bqk2r/ppp4p/2np1ppQ/4pPB1/4P3/2PP2b1/PP2B1P1/RN3K2 w kq - 0 14,f5g6,-238,-250,12
r1bqk2r/ppp4p/2np2PQ/4p1p1/4P3/2PP2b1/PP2B1P1/RN3K2 w kq - 0 15,g6g7,-273,-260,-13
r7/ppp1kbr1/2np4/4p1p1/4PbB1/2PP1N2/PP2K1P1/7R w - - 10 29,d3d4,-737,-772,35
r5r1/ppp1kb2/2np4/4p1p1/3PPbB1/2P2N2/PP2K1P1/7R w - - 1 30,d4d5,-716,-677,-39
r5r1/ppp1kb2/3p4/n2Pp1p1/4PbB1/2P2N2/PP2K1P1/7R w - - 1 31,b2b3,-664,-723,59
7r/ppp1k3/3p4/n2Pp2b/4Pbp1/1PP2N1B/P4KP1/8 w - - 0 35,b3b4,-835,-928,93
7r/ppp1k3/3p4/3Pp2b/1Pn1Pbp1/2P2N1B/P4KP1/8 w - - 1 36,a2a4,-905,-1005,100
rnbqkbnr/pppppppp/8/8/8/8/PPPPPPPP/RNBQKBNR w KQkq - 0 1,e2e4,27,32,5
rnbqkbnr/pppp1ppp/8/4p3/4P3/8/PPPP1PPP/RNBQKBNR w KQkq - 0 2,d2d4,26,-2,-28
rnbqkbnr/pppp1ppp/8/8/3pP3/8/PPP2PPP/RNBQKBNR w KQkq - 0 3,c2c3,0,-31,-31
rnbqkbnr/pppppppp/8/8/8/8/PPPPPPPP/RNBQKBNR w KQkq - 0 1,e2e4,26,31,5
r1bqkb1r/ppp2ppp/2np1n2/1B2p3/4P3/5Q2/PPPPNPPP/RNB1K2R w KQkq - 2 5,h2h3,36,-16,-52
r2qkb1r/pppb1ppp/2np1n2/1B2p3/4P3/5Q1P/PPPPNPP1/RNB1K2R w KQkq - 1 6,d2d3,-11,-6,-5
r2qk2r/ppp2ppp/2b2b2/4p3/4p3/3P1Q1P/PPP1NPP1/RN3RK1 w kq - 0 11,d3e4,-23,-18,-5
r4rk1/p1p2ppp/8/3bp1b1/1p2P3/7P/PPP1NPP1/1R3RK1 w - - 0 18,e4d5,-25,-22,-3
5rk1/p1pr1ppp/8/3Pp1b1/1p6/7P/PPP1NPP1/3R1RK1 w - - 3 20,c2c3,-21,-32,11
5rk1/2pr1ppp/8/p2Pp1b1/1p6/2P4P/PP2NPP1/3R1RK1 w - - 0 21,c3c4,6,6,0
3r2k1/2pr1ppp/8/p2Pp1b1/1pP5/7P/PP2NPP1/3R1RK1 w - - 1 22,b2b3,8,-147,-155
3r2k1/3r1ppp/2p5/p2Pp1b1/1pP5/1P5P/P3NPP1/3R1RK1 w - - 0 23,d5d6,-135,-214,79
8/3k2pp/2p2p2/R3p3/1pP5/1P2K2P/P4PP1/1r6 w - - 2 35,g2g4,29,-17,-46
8/6Rp/2p2p2/2k1p3/1pP1K1Pr/1P6/P4P2/8 w - - 1 40,f2f3,0,-9,-9
8/6R1/2p2p2/2k1pK2/1pP3pr/1P3P2/P7/8 w - - 0 42,f3g4,-24,-27,3
8/R7/2p2p1r/2k1pK2/1pP3P1/1P6/P7/8 w - - 3 44,g4g5,6,-2,-8
8/8/2p5/5K2/1pP1R3/1Pk5/P2r4/8 w - - 1 50,c4c5,0,-233,-233
8/8/8/1KP5/4R3/1pk5/1r6/8 w - - 0 59,c5c6,0,0,0
8/8/2P5/1K6/2R5/1p6/r2k4/8 w - - 3 61,c6c7,0,4,4
rnbqkbnr/pppppppp/8/8/8/8/PPPPPPPP/RNBQKBNR w KQkq - 0 1,d2d4,32,23,-9
rnbqkbnr/pppppp1p/6p1/8/3P4/8/PPP1PPPP/RNBQKBNR w KQkq - 0 2,c2c4,66,29,-37
rnbqk1nr/p1ppppbp/1p4p1/8/2PP4/5N2/PP2PPPP/RNBQKB1R w KQkq - 0 4,e2e3,88,39,-49
rn1qk1nr/pbp2pb1/1p1pp1pp/8/2PP4/4PN2/PP1NBPPP/R1BQ1RK1 w kq - 0 8,b2b3,48,9,-39
r2q1r2/1bpnnpbk/pp1pp1pp/8/2PP4/1P2PN2/PBQNBPPP/2RR2K1 w - - 2 13,h2h3,66,48,-18
r2q1r2/1bpnn1bk/pp1pp1pp/5p2/2PP4/1P2PN1P/PBQNBPP1/2RR2K1 w - - 0 14,b3b4,58,58,0
r2q1r2/1bp1n1bk/pp1ppnpp/5p2/1PPP4/4PN1P/PBQNBPP1/2RR2K1 w - - 1 15,c4c5,55,23,-32
r2q1r2/2p1n1bk/p3pnpp/1pPp1p2/1P1P4/1N2PB1P/PBQ2PP1/2RR2K1 w - - 0 18,a2a3,4,-38,-42
2rq1r2/4n1bk/p1p1pnpp/1pPp1p2/1P1P4/PN2P2P/1BQ1BPP1/2RR2K1 w - - 2 20,f2f3,-20,-32,12
2rq1r1k/4n1b1/p1p1p1pp/1pPp1p1n/1P1P4/PN1BPP1P/1BQ3P1/2RR2K1 w - - 3 22,e3e4,43,-166,-209
2rq1r1k/4n1b1/p1p1p1pp/1pPp3n/1P1PPp2/PN1B1P1P/1BQ3P1/2RR2K1 w - - 0 23,e4d5,11,-44,-55
rnbqkbnr/pppppppp/8/8/8/8/PPPPPPPP/RNBQKBNR w KQkq - 0 1,e2e4,35,30,-5
r2qkb1r/ppp2ppp/2n5/4p3/2p1Pnb1/5N2/PPPP1PPP/R1BQ1RK1 w kq - 4 9,d2d3,-802,-784,-18
r2qkb1r/ppp2ppp/8/4p3/2pnPB2/3P1b2/PPP2PPP/R2Q1RK1 w kq - 0 11,g2f3,-756,-779,23
r3kb1r/ppp2ppp/8/7q/2pnPp2/3P1P2/PPP2P1P/2RQ1R1K w kq - 4 14,d3c4,-841,-981,140
2kr3r/ppp2ppp/3b4/3R4/2P1Pp1n/8/PPP2P1P/5R1K w - - 8 20,b2b3,-735,-788,53
2krr3/ppp2ppp/3b4/3R4/2P1Pp1n/1P6/P1P2P1P/5R1K w - - 1 21,f2f3,-768,-829,61
rnbqkbnr/pppppppp/8/8/8/8/PPPPPPPP/RNBQKBNR w KQkq - 0 1,c2c4,32,10,-22
rnbqkbnr/pppp1ppp/8/4p3/2P5/8/PP1PPPPP/RNBQKBNR w KQkq - 0 2,e2e4,21,-31,-52
rnbqk1nr/pppp1ppp/8/2b1p3/2P1P3/8/PP1P1PPP/RNBQKBNR w KQkq - 1 3,d2d3,-42,-27,-15
rnbqk1nr/ppp3pp/3p4/2b1pp2/2P1P3/2NP4/PP3PPP/R1BQKBNR w KQkq - 0 5,h2h4,-30,-133,103
rnb3k1/pp4pp/2pp1q2/2b1pp2/2P1P2P/3P4/PP3PP1/R2QKBNR w KQ - 0 10,h4h5,24,-111,-135
rnb3k1/pp4pp/2pp1q2/2b1p2P/2P1p3/3P4/PP3PP1/R2QKBNR w KQ - 0 11,h5h6,-124,-10000,9876
rnbqkbnr/pppppppp/8/8/8/8/PPPPPPPP/RNBQKBNR w KQkq - 0 1,e2e4,27,26,-1
rnbqkbnr/pppppppp/8/8/8/8/PPPPPPPP/RNBQKBNR w KQkq - 0 1,d2d4,26,23,-3
rnbqk2r/pppp1ppp/4pn2/6B1/1b1P4/2N5/PPP1PPPP/R2QKBNR w KQkq - 2 4,e2e4,12,20,8
rnbqk2r/pppp1ppp/4pn2/6B1/3PP3/2b5/PPP2PPP/R2QKBNR w KQkq - 0 5,b2c3,70,55,-15
rnb2rk1/ppp2pp1/3ppq1p/8/3PP3/2PB1N2/P1P2PPP/R2QK2R w KQ - 2 9,e4e5,22,32,10
rnb2rk1/ppp2pp1/4pq1p/4p3/3P4/2PB1N2/P1P2PPP/R2QK2R w KQ - 0 10,d4e5,28,38,10
r4rk1/pb1nqpp1/1p2p2p/2p1P3/8/2PB1N2/P1P1QPPP/3RR1K1 w - - 0 15,c3c4,36,7,-29
r4rk1/1b1nqpp1/pp2p2p/2p1P3/2P5/3B1N2/P1P1QPPP/3RR1K1 w - - 0 16,c2c3,40,-6,-46
2rr2k1/1b2qpp1/pR2p1np/2p1P3/2P5/2P2N2/P1B1QPPP/4R1K1 w - - 1 20,a2a4,106,94,-12
2rr2k1/1bq2pp1/pR2p1np/2p1P3/P1P5/2P2N2/2B1QPPP/4R1K1 w - - 1 21,a4a5,107,144,37
3r2k1/1Q4p1/p3p1pp/P1p5/2P5/2P5/3r1PPP/4R1K1 w - - 0 28,h2h3,509,462,-47
3Q4/6pk/4p1pp/P1p5/2r5/7P/5PP1/4R1K1 w - - 1 32,a5a6,719,659,-60
rnbqkbnr/pppppppp/8/8/8/8/PPPPPPPP/RNBQKBNR w KQkq - 0 1,e2e4,25,28,3
rnbqkbnr/pppp1ppp/8/4p3/4P3/8/PPPP1PPP/RNBQKBNR w KQkq - 0 2,d2d4,32,0,-32
rnbqkbnr/pppp1ppp/8/8/3pP3/8/PPP2PPP/RNBQKBNR w KQkq - 0 3,c2c3,-2,-53,51
r1bqkbnr/ppp2ppp/2np4/8/2BpP3/2P5/PP3PPP/RNBQK1NR w KQkq - 0 5,c3d4,97,92,-5
r2qkb1r/ppp2p1p/2np3p/8/2BPP1b1/5N2/PP3PPP/RN1Q1RK1 w kq - 0 9,d4d5,137,103,-34
r2qkbr1/pp3p1p/2pp3p/1B1Pn3/4P1b1/5N2/PP1N1PPP/R2Q1RK1 w q - 0 12,d5c6,113,92,-21
r3k1r1/p2bbp1p/2pp2qp/4n3/4P3/6N1/PP2BPPP/R2QNRK1 w q - 12 19,f2f4,210,186,-24
r3k1r1/p2bbp1p/2p3qp/3p4/4PPn1/6N1/PPN1B1PP/R2Q1RK1 w q - 0 21,b2b4,172,-457,-629
r3k1r1/3bbp1p/2p3qp/p2p4/1P2PPn1/6N1/P1N1B1PP/R2Q1RK1 w q - 0 22,a2a3,183,-415,-598
r3k1r1/3bbp1p/2p3qp/3p4/1p2PPn1/P5N1/2N1B1PP/R2Q1RK1 w q - 0 23,a3b4,125,-184,-309
4k1r1/3bbp1p/2p3qp/8/1P2pPn1/6N1/2N1B1PP/Q4RK1 w - - 0 25,f4f5,299,253,-46
rnbqkbnr/pppppppp/8/8/8/8/PPPPPPPP/RNBQKBNR w KQkq - 0 1,e2e4,32,32,0
r1bqk1nr/ppp2ppp/2np4/1Bb1p3/4P3/5N2/PPPP1PPP/RNBQ1RK1 w kq - 0 5,c2c3,27,36,9
r1bqk2r/ppp2ppp/2np1n2/1Bb1p3/4P3/2P2N2/PP1P1PPP/RNBQ1RK1 w kq - 1 6,d2d4,287,318,31
r1bqk2r/ppp2ppp/2np1n2/1Bb5/3pP3/2P2N2/PP3PPP/RNBQ1RK1 w kq - 0 7,c3d4,389,415,26
r1bqk2r/ppp2ppp/1bnp1n2/1B6/3PP3/5N2/PP3PPP/RNBQ1RK1 w kq - 1 8,d4d5,395,406,11
r2qk2r/1ppb1ppp/pbnp1n2/3P4/B3P3/5N2/PP3PPP/RNBQ1RK1 w kq - 2 10,d5c6,483,507,24
r2q1rk1/2p2ppp/p1pp1n2/8/4P3/2N1bN2/PP3PPP/R2Q1RK1 w - - 0 14,f2e3,427,433,6
r4rk1/2p1qppp/p1pp4/8/4P1n1/2NQPN2/PP4PP/R4RK1 w - - 3 16,h2h3,489,497,8
rr4k1/2p1qppp/p1pp1n2/8/4P3/2NQPN1P/PP4P1/3R1RK1 w - - 3 18,b2b3,448,438,-10
rnbqkbnr/pppppppp/8/8/8/8/PPPPPPPP/RNBQKBNR w KQkq - 0 1,e2e4,26,32,6
r1bqkbnr/pp1p1ppp/2n1p3/2p5/2B1P3/5N2/PPPP1PPP/RNBQK2R w KQkq - 0 4,d2d3,12,-29,-41
r1bqkbnr/1p1p1ppp/p1n1p3/2p5/2B1P3/3P1N2/PPP2PPP/RNBQK2R w KQkq - 0 5,a2a3,9,-35,-44
1rbqkbnr/3p1ppp/p3p3/1pp5/4P3/P2P1Q2/BPP2PPP/RNB2RK1 w k - 1 9,c2c4,55,15,-40
1r1qkbnr/1b1p1ppp/p3p3/1pp5/2P1P3/P2P1Q2/BP3PPP/RNB2RK1 w k - 1 10,c4b5,65,29,-36
1r1qkbnr/1b1p1ppp/4p3/2p5/1p2P3/P1NP1Q2/BP3PPP/R1B2RK1 w k - 0 12,a3b4,89,135,46
1r1qkbnr/1b3ppp/4p3/3p4/Np2P3/3P1Q2/BP3PPP/R1B2RK1 w k - 0 14,e4d5,135,72,-63
1r1q2r1/5p1p/3b1n2/1k1p4/Np6/3PB2Q/1P3PPP/R1R3K1 w - - 9 23,b2b3,457,101,-356
rnbqkbnr/pppppppp/8/8/8/8/PPPPPPPP/RNBQKBNR w KQkq - 0 1,e2e3,27,9,-18
rnbqkbnr/ppp2ppp/4p3/3p4/8/4PQ2/PPPP1PPP/RNB1KBNR w KQkq - 0 3,d2d3,-55,-93,38
rnb1kbnr/pp3ppp/1q2p3/2pp4/8/2NPPQ2/PPP2PPP/R1B1KBNR w KQkq - 2 5,a2a3,-47,-63,16
rnb1kb1r/1p3ppp/1q2pn2/p1pp4/8/P1NPPQ2/1PP1NPPP/R1B1KB1R w KQkq - 2 7,d3d4,-17,-66,49
rnb1kb1r/1p3ppp/1q2pn2/p2p4/2pP4/P1N1PQ2/1PP1NPPP/R1B1KB1R w KQkq - 0 8,e3e4,83,19,-64
rnb1k2r/1p2bppp/1q2pn2/p2p4/2pPP3/P1N2Q2/1PP1NPPP/R1B1KB1R w KQkq - 1 9,e4d5,170,168,-2
r3k2r/1p3ppp/2n2b2/p2b2B1/2pP4/6q1/2P1NPPP/3RKB1R w Kkq - 0 18,h2g3,-513,-488,-25
r3k2r/1p3ppp/2n5/p2b4/2pP1b2/6P1/2P2PP1/3RKB1R w Kkq - 0 20,g3f4,-573,-591,18
2kr3r/1p3ppp/2n5/p2b4/2pP1P2/8/2P2PP1/3RKB1R w K - 1 21,f2f3,-565,-568,3
2kr3r/1p3ppp/8/p2b4/1npP1P2/5P2/2P3P1/3RKB1R w K - 1 22,c2c3,-528,-525,-3
2krr3/1p3p1R/2n3p1/p2b4/2pP1P2/2P2P2/5KP1/3R1B2 w - - 0 25,g2g4,-499,-511,12
3r4/1pk2p1R/2n3p1/3b4/p1pP1PP1/2P2P2/8/4KB2 w - - 0 28,f4f5,-620,-632,12
3r4/1pk2p1R/2n5/3b1p2/p1pP2P1/2P2P2/8/4KB2 w - - 0 29,g4f5,-622,-653,31
3r4/1pk2p1R/2n5/3b1P2/2pP4/2P2P2/5KB1/q7 w - - 0 32,f3f4,-844,-10000,9156
rnbqkbnr/pppppppp/8/8/8/8/PPPPPPPP/RNBQKBNR w KQkq - 0 1,d2d4,31,24,-7
rnbqkbnr/pppp1ppp/4p3/8/3P4/8/PPP1PPPP/RNBQKBNR w KQkq - 0 2,c2c4,35,22,-13
rnbqkb1r/ppp2ppp/4pn2/3p4/2PP4/2N5/PP2PPPP/R1BQKBNR w KQkq - 2 4,e2e3,29,12,-17
r1bqkb1r/pp3ppp/2n1pn2/8/2Bp4/2N1PN2/PP3PPP/R1BQ1RK1 w kq - 0 8,e3d4,47,36,-11
r1bq1rk1/p3bppp/1pn1pn2/8/2BP1B2/2N2N2/PP3PPP/R2QR1K1 w - - 0 11,d4d5,52,32,-20
rnbqkbnr/pppppppp/8/8/8/8/PPPPPPPP/RNBQKBNR w KQkq - 0 1,d2d4,27,22,-5
rnbqkbnr/pp1ppppp/2p5/8/3P4/8/PPP1PPPP/RNBQKBNR w KQkq - 0 2,c2c4,39,27,-12
rnbqkb1r/pp2pppp/2p2n2/3p4/2PP4/2N5/PP2PPPP/R1BQKBNR w KQkq - 2 4,c4d5,21,25,4
r1bqkb1r/pp2pppp/2n2n2/3p4/3P1B2/2N5/PP2PPPP/R2QKBNR w KQkq - 2 6,e2e3,34,38,4
r2qk2r/1p3ppp/p1n1pn2/3p1b2/3P1b2/2N1PN2/PP2BPPP/2RQ1RK1 w kq - 0 11,e3f4,-5,-7,2
r2q1rk1/1p3ppp/p1n1pn2/3p1b2/3P1P2/2N2N2/PP2BPPP/2RQ1RK1 w - - 1 12,g2g3,15,-30,-45
2rq1rk1/1p4pp/p1n1pp2/3p4/3P1PN1/2R3Pb/PP2BP1P/3QR1K1 w - - 1 17,f2f3,21,-125,-146
2rq1rk1/1p4p1/p1n1pp2/3p1b1p/3P1P2/2R2PP1/PP2BN1P/3QR1K1 w - - 2 19,g3g4,-29,-30,1
2rq1rk1/1p4p1/p1n1pp2/3p1b2/3P1Pp1/2R2P2/PP2BN1P/3QR1K1 w - - 0 20,f3g4,-14,-2,-12
2r2rk1/1p4p1/p1nq1pb1/3pp3/3P1PP1/2R3K1/PP2BN1P/3QR3 w - - 0 23,d4e5,-64,-54,-10
2r2rk1/1p4p1/p1nq2b1/3pp3/5PP1/2R3K1/PP2BN1P/3QR3 w - - 0 24,f4f5,-68,-70,2
rnbqkbnr/pppppppp/8/8/8/8/PPPPPPPP/RNBQKBNR w KQkq - 0 1,e2e4,32,34,2
rnbqkbnr/ppp1pppp/3p4/8/4P3/8/PPPP1PPP/RNBQKBNR w KQkq - 0 2,d2d4,38,43,5
rn1qkb1r/pp1bpppp/3p1n2/2p5/3PP3/2N2N2/PPP2PPP/R1BQKB1R w KQkq - 0 5,d4d5,208,95,-113
rn1qk2r/pp2ppbp/3p1np1/2pP4/4P1b1/2NB1N2/PPP2PPP/R1BQ1RK1 w kq - 4 8,h2h3,95,99,4
1r1q1rk1/4pp1p/2Bp2p1/2pPn2n/4P3/2Q4P/PPP2PP1/1R3RK1 w - - 1 20,f2f4,-417,-406,-11
1r1q1rk1/3npp1p/2Bp2p1/2pP3n/4PP2/2Q4P/PPP3P1/1R3RK1 w - - 1 21,f4f5,-230,-362,132
1r1q1rk1/3npp1p/2Bp4/2pP1Ppn/4P3/2Q4P/PPP3P1/1R3RK1 w - - 0 22,f5f6,-302,-341,39
1r1q1rk1/4pp1p/2Bp1P2/2pPn1pn/4P3/2Q4P/PPP3P1/1R3RK1 w - - 1 23,f6e7,-332,-339,7
1r6/q4k1p/2Bp1r2/2pPn1Q1/4Pn2/7P/PPP3P1/4R1K1 w - - 1 29,c2c4,-514,-783,269
rnbqkbnr/ppp1pppp/8/3p4/8/2N5/PPPPPPPP/R1BQKBNR w KQkq - 0 2,d2d4,-2,1,3
rnbqkbnr/1p2pppp/p1p5/3p4/3P1B2/2N5/PPP1PPPP/R2QKBNR w KQkq - 0 4,e2e3,32,22,-10
1r1qk1nr/1p3ppp/p1pbp3/3p4/3P4/2NQPN2/PPP2PPP/R3K2R w KQk - 2 9,h2h3,-9,-25,16
1r1qk2r/1p3ppp/p1pbpn2/3p4/3P4/2NQPN1P/PPP2PP1/R3K2R w KQk - 1 10,e3e4,-25,-23,-2
1r3rk1/1p3ppp/p1pbpq2/8/3PQ3/5N1P/PPP2PP1/R4RK1 w - - 3 14,c2c3,14,12,-2
3rrk2/1p3ppp/p1pbp3/5q2/3PQ3/2P2N1P/PP2RPP1/4R1K1 w - - 7 18,g2g4,65,2,-63
4rk2/1p2r2p/p1pbp1p1/5p2/3PR1P1/2P4P/PP2RPN1/6K1 w - - 0 23,g4f5,-1,-35,34
8/1p5p/p1pbk3/5pp1/3P4/2P4P/PP2KPN1/8 w - - 0 28,f2f3,-67,-62,-5
8/1p6/p1pbk3/5p1p/3P2p1/2PK1P1P/PP4N1/8 w - - 0 30,h3g4,-24,-22,-2
8/1p6/p1pbk3/7p/3P2p1/2PK1P2/PP4N1/8 w - - 0 31,f3g4,-23,-15,-8
8/1p6/p1pbk3/8/3P4/2P1NKp1/PP6/8 w - - 4 35,c3c4,19,-11,-30
8/1p6/p2bk3/2p5/2PP4/4NKp1/PP6/8 w - - 0 36,d4d5,2,0,-2
8/1p6/p2b4/2pP4/2P5/3kNK2/PP6/8 w - - 3 39,b2b3,37,5,-32
8/8/p2b4/1ppP4/2P5/1P1kNK2/P7/8 w - - 0 40,a2a4,1,-33,-34
8/2b5/p7/2pP1N2/PpP5/1P1k1K2/8/8 w - - 2 42,d5d6,0,0,0
8/3K4/p2P4/8/2P4b/8/1k6/8 w - - 2 51,c4c5,361,384,23
8/3K4/3P4/p1P5/7b/8/1k6/8 w - - 0 52,c5c6,452,513,61
8/3K4/2PP4/8/p6b/8/1k6/8 w - - 0 53,c6c7,536,544,8
8/2PK4/3P4/8/7b/p7/1k6/8 w - - 0 54,c7c8q,543,545,2
rnbqkbnr/pppppppp/8/8/8/8/PPPPPPPP/RNBQKBNR w KQkq - 0 1,e2e4,19,29,10
rnbqkbnr/ppp2ppp/3p4/4p3/4P3/5N2/PPPP1PPP/RNBQKB1R w KQkq - 0 3,d2d4,35,39,4
r2q1rk1/ppp1bppp/2np1n2/5bB1/2B1P3/2N5/PPP2PPP/R2Q1RK1 w - - 0 10,e4f5,-5,-5,0
r1q2rk1/1pp2pp1/3p1b1p/p3nP1Q/8/1BN5/PPP2PPP/R3R1K1 w - - 0 15,a2a3,13,-69,-82
1rq2r1k/2p2pp1/1p1p1b1p/p3nP1Q/8/PBN3R1/1PP2PPP/R5K1 w - - 4 18,f2f4,197,184,-13
1r5k/2pq2p1/1p1p1rBp/p6Q/3n1P2/P6R/1P4PP/5RK1 w - - 2 26,f4f5,-40,-136,96
5r1k/2pq2p1/1p1p1rBp/p4P1Q/3n4/P6R/1P4PP/5RK1 w - - 1 27,g2g4,-152,-563,411
rnbqkbnr/pppppppp/8/8/8/8/PPPPPPPP/RNBQKBNR w KQkq - 0 1,d2d4,32,21,-11
rnbqkb1r/pppp1ppp/4pn2/8/3P4/5N2/PPP1PPPP/RNBQKB1R w KQkq - 0 3,c2c4,21,22,1
rnbq1rk1/ppppbppp/4pn2/8/2PP4/2N2N2/PP2PPPP/R1BQKB1R w KQ - 3 5,e2e4,85,77,-8
r1bq1rk1/ppppbppp/2n1pn2/8/2PPP3/2N2N2/PP3PPP/R1BQKB1R w KQ - 1 6,e4e5,152,148,-4
r1bq1rk1/p1ppbppp/1pn1pn2/4P3/2PP4/2N2N2/PP3PPP/R1BQKB1R w KQ - 0 7,e5f6,454,430,-24
r1bq1rk1/p1p2ppp/1pn1pb2/3p4/2PP4/2N1BN2/PP3PPP/R2QKB1R w KQ - 0 9,c4d5,447,467,20
q4rk1/2p2ppp/pp3b2/3p4/3P2b1/2N1BN2/PP3PPP/R2QK2R w KQ - 0 13,h2h3,727,643,-84
rnbqkbnr/pppppppp/8/8/8/8/PPPPPPPP/RNBQKBNR w KQkq - 0 1,e2e4,32,26,-6
rnbqkbnr/pppp1ppp/4p3/8/4P3/8/PPPP1PPP/RNBQKBNR w KQkq - 0 2,d2d4,30,30,0
r2qkbnr/pbpp1ppp/np2p3/8/3PP3/2NB4/PPP2PPP/R1BQK1NR w KQkq - 2 5,a2a3,128,99,-29
r2qkb1r/p1pp1p2/Bpb1pnpp/8/3PP3/P1N2N2/1PP1QPPP/R1B1K2R w KQkq - 0 9,d4d5,780,729,-51
r2qkb1r/p1pp1p2/Bpb2npp/3p4/4P3/P1N2N2/1PP1QPPP/R1B1K2R w KQkq - 0 10,e4d5,775,763,-12
r3k2r/p1ppbp2/Bpb2npp/3P4/8/P1N2N2/1PP2PPP/R1B1K2R w KQkq - 0 12,d5c6,809,830,21
rnbqkbnr/pppppppp/8/8/8/8/PPPPPPPP/RNBQKBNR w KQkq - 0 1,e2e4,23,26,3
rn1qkbnr/ppp2ppp/3p4/4p3/2B1P1b1/5N2/PPPP1PPP/RNBQK2R w KQkq - 2 4,h2h3,93,83,-10
rn1qkbnr/ppp2ppp/3p4/4p2b/2B1P3/5N1P/PPPP1PP1/RNBQK2R w KQkq - 1 5,d2d3,97,80,-17
rn1qkbnr/pp3p2/2pp3p/4p1pb/2B1P3/2NP1N1P/PPP2PP1/R1BQ1RK1 w kq - 0 8,a2a3,62,26,-36
rn1qkbnr/pp3p2/2pp3p/4p2b/2B1P1p1/P1NP1N1P/1PP2PP1/R1BQ1RK1 w kq - 0 9,h3g4,209,35,-174
rn1qkbnr/pp3p2/2pp3p/4p3/2B1P1b1/P1NP1N2/1PP2PP1/R1BQ1RK1 w kq - 0 10,d3d4,33,35,2
r2qkbnr/pp1n1p2/2pp3p/4p3/2BPP1b1/P1N2N2/1PP2PP1/R1BQ1RK1 w kq - 1 11,d4d5,34,34,0
r2qkbnr/pp1n1p2/2pp4/3Pp2p/2B1P1b1/P1N2N2/1PP2PP1/R1BQ1RK1 w kq - 0 12,d5c6,47,38,-9
r3k1nr/p2n1p2/2pQ4/4p1qp/2B1P3/P1N2b2/1PP2PP1/R4RK1 w kq - 1 17,g2g3,-322,-479,157
rnbqkbnr/pppppppp/8/8/8/8/PPPPPPPP/RNBQKBNR w KQkq - 0 1,e2e4,28,27,-1
r1bqkbnr/pp1p1ppp/2n1p3/2p5/2B1P3/5Q2/PPPP1PPP/RNB1K1NR w KQkq - 2 4,d2d3,-78,-78,0
r1bqkbnr/pp3p1p/2n1p1p1/2pp4/2B1P3/3P1Q1N/PPP2PPP/RNB1K2R w KQkq - 0 6,e4d5,-56,-219,163
r1bqk1nr/pp3pbp/6p1/2pp4/3n4/1B1P3N/PPP2PPP/RNBQK2R w KQkq - 2 9,c2c3,-114,-206,92
r1b1k1nr/pp2qpb1/6p1/2pp3p/3n4/1BPPB2N/PP3PPP/RN1QK2R w KQkq - 0 11,c3d4,-71,-186,115
r4knr/pp2qpb1/6p1/2pp3p/B2P2b1/3PB2N/PP3PPP/RN1QK2R w KQ - 3 13,f2f3,-58,-460,402
r4knr/pp3pb1/6p1/2pp3p/B2q2b1/3P1P1N/PP2Q1PP/RN2K2R w KQ - 0 15,f3g4,-470,-434,-36
rnbqkbnr/pppppppp/8/8/8/8/PPPPPPPP/RNBQKBNR w KQkq - 0 1,c2c4,32,11,-21
r1bqkbnr/pp1ppppp/2n5/2p5/2P5/2N5/PP1PPPPP/R1BQKBNR w KQkq - 2 3,b2b3,27,-48,-75
r1bqkb1r/pp1ppp1p/2n2np1/2p5/2P5/1PN5/PB1PPPPP/R2QKBNR w KQkq - 0 5,e2e3,-4,-8,4
r1bq1rk1/1p2ppbp/p1np1np1/2p5/2P5/1PN1P1N1/PB1PBPPP/R2QK2R w KQ - 0 9,a2a4,-18,-75,57
r2q1rk1/1b2ppbp/ppnp1np1/2p5/P1P5/1PN1P1N1/1B1PBPPP/R2Q1RK1 w - - 2 11,d2d4,-52,-57,5
r2q1rk1/1b3pbp/ppnppnp1/2p5/P1PP4/1PN1P1N1/1B2BPPP/R2Q1RK1 w - - 0 12,d4d5,-61,-75,14
r2q1r2/1b3pkp/ppnp2p1/2pn4/P1P5/1P2P1N1/4BPPP/R2Q1RK1 w - - 0 15,c4d5,41,29,-12
r2q1r2/1b2npkp/pp1p2p1/2pP4/P7/1P2P1N1/4BPPP/R2Q1RK1 w - - 1 16,e3e4,39,23,-16
r4r2/1b1qn1kp/pp1p2p1/2pP1p2/P3P1B1/1P4N1/5PPP/R2Q1RK1 w - - 0 18,e4f5,84,83,-1
r5rk/5q1p/pp1R2nQ/2p2p1N/P7/1b5B/5PPP/5RK1 w - - 0 26,a4a5,251,111,-140
rnbqkbnr/pppppppp/8/8/8/8/PPPPPPPP/RNBQKBNR w KQkq - 0 1,d2d4,31,22,-9
rnbqkbnr/pppp1ppp/4p3/8/3P4/8/PPP1PPPP/RNBQKBNR w KQkq - 0 2,h2h3,32,1,-31
rnbqkb1r/ppp2ppp/4pn2/3p4/3P4/5N1P/PPP1PPP1/RNBQKB1R w KQkq - 2 4,c2c3,5,-12,-17
rnbqkb1r/pp3ppp/4pn2/2pp4/3P4/2P2N1P/PP2PPP1/RNBQKB1R w KQkq - 0 5,a2a3,6,-19,-25
rnbqkb1r/pp3ppp/4pn2/3p4/3p4/P1P2N1P/1P2PPP1/RNBQKB1R w KQkq - 0 6,c3d4,-13,-14,1
r1bq1rk1/pp2bppp/2n1pn2/3p4/3P4/P1N2N1P/1P1BPPP1/R2QKB1R w KQ - 5 9,e2e3,0,1,1
r1bq1rk1/3nbppp/p1p1p3/3p4/3P4/P1N1PN1P/1P1B1PP1/R2QK2R w KQ - 0 12,b2b4,-9,-46,37
r1bq1rk1/3nbppp/2p1p3/3p4/1p1P4/P1N1PN1P/3B1PP1/R2Q1RK1 w - - 0 14,a3b4,-78,-68,-10
2b2rk1/4bppp/2p1p3/1qnp4/1P1P4/4PN1P/3B1PP1/Q4RK1 w - - 0 18,b4c5,21,26,5
rnbqkbnr/pppppppp/8/8/8/8/PPPPPPPP/RNBQKBNR w KQkq - 0 1,e2e4,32,26,-6
r1bqk2r/ppppbppp/2n2n2/4p3/2B1P3/5N2/PPPP1PPP/RNBQ1RK1 w kq - 6 5,d2d3,30,33,3
r1bq1rk1/ppppbppp/2n2n2/4p3/2B1P3/3P1N2/PPP2PPP/RNBQ1RK1 w - - 1 6,c2c3,29,15,-14
r1bq1rk1/p1ppbppp/1pn2n2/4p3/2B1P3/2PP1N2/PP3PPP/RNBQ1RK1 w - - 0 7,h2h3,69,42,-27
r2q1rk1/pb2bppp/1p3n2/n1ppp3/4P3/2PPBN1P/PPB2PP1/RN1Q1RK1 w - - 0 11,b2b3,6,-141,-147
r2q1rk1/pb2bppp/1p3n2/n1p1p3/3pP3/1PPPBN1P/P1B2PP1/RN1Q1RK1 w - - 0 12,c3d4,-70,-73,3
2rq1rk1/pb2bppp/1p3n2/n3p3/3pP3/1P1P1N1P/P1BB1PP1/RN1Q1RK1 w - - 2 14,a2a3,-1,-42,41
2r2rk1/pbq1bppp/1p3n2/n3p3/3pP3/PP1P1N1P/2BB1PP1/RN1Q1RK1 w - - 1 15,b3b4,-22,-122,100
5rk1/pb2bppp/1p3n2/n3p3/1P1pP3/P2P1N1P/2rB1PP1/RN3RK1 w - - 0 17,b4a5,-131,-135,4
2r3k1/pb3ppp/3b1n2/B3p3/2rpP3/P2P1N1P/5PP1/R4RK1 w - - 0 21,d3c4,-66,-74,8
rnbqkbnr/pppppppp/8/8/8/8/PPPPPPPP/RNBQKBNR w KQkq - 0 1,e2e4,29,32,3
rnbqkbnr/pppp1ppp/4p3/8/4P3/8/PPPP1PPP/RNBQKBNR w KQkq - 0 2,e4e5,42,-14,-56
rnbqkbnr/ppp2ppp/4p3/3pP3/8/8/PPPP1PPP/RNBQKBNR w KQkq d6 0 3,d2d4,27,25,-2
rnbqkbnr/pp3ppp/4p3/2ppP3/3P4/8/PPP2PPP/RNBQKBNR w KQkq - 0 4,c2c3,32,34,2
rnb1kbnr/pp3ppp/1q2p3/3pP3/3p4/N1P5/PP3PPP/R1BQKBNR w KQkq - 0 6,c3d4,-45,-118,73
rnb1k1nr/pp3ppp/1q2p3/3pP3/3P4/b7/PP3PPP/R1BQKBNR w KQkq - 0 7,b2a3,34,48,14
r1b1k2r/pp2nppp/1qn1p3/3pP3/3P4/P4N2/P4PPP/R1BQKB1R w KQkq - 3 9,a3a4,76,6,-70
rnbqkbnr/pppppppp/8/8/8/8/PPPPPPPP/RNBQKBNR w KQkq - 0 1,d2d4,38,27,-11
rnbqkbnr/pp2pppp/8/2pp4/3P4/5N2/PPP1PPPP/RNBQKB1R w KQkq - 0 3,d4c5,27,13,-14
r1bqkbnr/pp2pppp/2n5/2Pp4/8/5N2/PPP1PPPP/RNBQKB1R w KQkq - 1 4,e2e3,63,25,-38
2kr1b1r/pp3ppp/2n5/1q1p1p2/N7/4P3/PPPB1PPP/R2Q1RK1 w - - 4 13,c2c3,60,-81,-141
2kr3r/pp3p2/2nb2p1/1q1p1p1p/N7/2P1P3/PPQB1PPP/2R2RK1 w - - 0 16,a2a3,-36,-93,57
2kr3r/pp3p2/2n3p1/1q1p1p2/N6p/P1P1P3/1PQB1PPK/2R2R2 w - - 0 18,f2f4,262,160,-102
2kr3r/pp3p2/2n3p1/1q3p2/N2p1P1p/P1P1P3/1PQB2PK/2R2R2 w - - 0 19,c3d4,407,412,5
2kr4/pp3p2/2n3p1/5p2/3P1Pq1/P1N1P2r/1PQB2PK/2R5 w - - 0 23,g2h3,-487,-10000,9513
rnbqkbnr/pppppppp/8/8/8/8/PPPPPPPP/RNBQKBNR w KQkq - 0 1,d2d4,38,25,-13
rnbqkbnr/ppp1pppp/8/3p4/3P4/8/PPP1PPPP/RNBQKBNR w KQkq - 0 2,e2e3,28,11,-17
rnbqkb1r/ppp1pppp/5n2/3p4/3P4/4P3/PPP2PPP/RNBQKBNR w KQkq - 1 3,f2f4,13,-43,-56
rn1qkb1r/ppp1pppp/5n2/3p1b2/3P1P2/4P3/PPP3PP/RNBQKBNR w KQkq - 1 4,h2h3,-42,-116,74
rn1qkb1r/ppp2ppp/4pn2/3p1b2/3P1P2/4P2P/PPP3P1/RNBQKBNR w KQkq - 0 5,g2g4,-83,-125,42
r2qkb1r/ppp2ppp/2n1pn2/3p4/3PbPP1/4PN1P/PPP5/RNBQKB1R w KQkq - 3 7,g4g5,-36,-66,30
r2qkb1r/ppp2pp1/4p2p/3p2Pn/1n1PbP2/N3PN1P/PPP5/R1BQKBR1 w Qkq - 0 10,c2c3,-102,-118,16
r2qkb1r/ppp2pp1/2n1p2p/3p2Pn/3PbP2/N1P1PN1P/PP6/R1BQKBR1 w Qkq - 1 11,g5h6,-121,-160,39
r2qkb2/ppp2pp1/2n1p2r/3p3n/3PbP2/N1P1PN1P/PP6/R1BQKBR1 w Qq - 0 12,b2b4,-150,-229,79
r3kb2/ppp1npp1/4p2r/3p3n/1P1P1P1q/N1P1PQ1P/P2K4/R1B2BR1 w q - 3 15,c3c4,-94,-145,51
r3kb2/ppp1np2/4p1pr/3p3n/1PPP1P1q/N3PQ1P/P2K4/R1B2BR1 w q - 0 16,c4d5,-58,-140,82
3Q4/p4pk1/4p1pr/1B5n/1b1P1Pn1/NK5P/PB1q4/R7 w - - 1 25,d4d5,215,-74,-289
rnbqkbnr/pppppppp/8/8/8/8/PPPPPPPP/RNBQKBNR w KQkq - 0 1,e2e4,38,36,-2
rnbqkbnr/ppp1pppp/8/3p4/4P3/8/PPPP1PPP/RNBQKBNR w KQkq - 0 2,e4d5,64,63,-1
rn3rk1/pp2ppbp/2p1bnp1/8/B7/2N2N2/PPPP1PPP/R1B2RK1 w - - 4 10,d2d3,-9,-22,13
rn3rk1/1p2ppbp/2p2np1/p7/8/1bNP1N2/PPP2PPP/R1B2RK1 w - - 0 12,a2b3,-7,-15,8
r4rk1/1p3pbp/4p1p1/p1p5/8/1PnP4/1PP1RPPP/R1B3K1 w - - 0 19,b2c3,-169,-155,-14
r4rk1/5p1p/4p1p1/p1p5/1p2R3/1PbP4/2P1RPPP/2B3K1 w - - 0 22,h2h3,-56,-113,57
r4rk1/5p1p/4p1p1/2p5/pp2R3/1PbP3P/2P1RPP1/2B3K1 w - - 0 23,b3a4,-111,-110,-1
r5k1/5p1p/4p1pB/2p5/rp2R3/2bP3P/2P1RPP1/6K1 w - - 2 25,f2f4,-145,-258,113
r5k1/5p1p/4p1pB/2p5/1p2RP2/2bP3P/2P1R1PK/2r5 w - - 3 27,g2g4,-110,-380,270
6k1/5p1p/4p1pB/2p5/1p2RPP1/2bP3P/2P1R2K/r1r5 w - - 1 28,f4f5,-267,-235,-32
6k1/5p1p/4p1p1/2p2P2/1p2R1P1/3P2rr/2PKR3/8 w - - 2 34,f5e6,-149,-148,-1
8/2R4p/6pk/2p3r1/1p6/3P3r/2PKR3/8 w - - 6 39,c2c3,-94,-391,297
8/6kp/6p1/2p3r1/2K1R3/3P4/8/8 w - - 4 45,d3d4,-392,-438,46
rnbqkbnr/pppppppp/8/8/8/8/PPPPPPPP/RNBQKBNR w KQkq - 0 1,e2e4,35,38,3
r1bqkb1r/pppp1p1p/2n2np1/4p3/2B1P3/5Q2/PPPP1PPP/RNB1K1NR w KQkq - 2 5,d2d3,-36,-78,42
r1bqkb1r/ppp2p1p/2np1np1/4p3/2B1P3/3P1Q2/PPP2PPP/RNB1K1NR w KQkq - 0 6,c2c3,-41,-47,6
r1bqr1k1/ppp1bp1p/2np1npB/4p3/2B1P3/2PP1Q2/PP3PPP/RN2K1NR w KQ - 5 9,h2h3,-26,-35,9
r2q1rk1/ppp3bp/2nppnp1/1N2p1B1/4P3/2PP1Q1P/PP3PP1/R3K1NR w KQ - 2 14,h3h4,-24,-39,15
r4rk1/pppqn1bp/3ppnp1/1N2p1B1/4P2P/2PP4/PP2QPP1/R3K1NR w KQ - 3 16,a2a4,-19,-97,78
r4rk1/1pp1n1bp/p1qppnp1/4p1B1/4P2P/N1PP4/1PQ2PP1/R3K1NR w KQ - 2 19,f2f3,-90,-144,54
r4rk1/1pp1n1bp/p1q1pnp1/4p1B1/3pP2P/N1PP1P2/1PQ3P1/2KR2NR w - - 0 21,c3c4,-127,-198,71
r1r3k1/1p2n1bp/p2qpnp1/2p1p1B1/2PpP2P/N2P1PN1/1PQ3P1/2KR3R w - - 0 24,h4h5,-154,-182,28
r1r3k1/4n1bp/p2qpnp1/1pp1p1BP/2PpP3/N2P1PN1/1PQ3P1/2KR3R w - - 0 25,h5g6,-121,-100,-21
rnbqkbnr/pppppppp/8/8/8/8/PPPPPPPP/RNBQKBNR w KQkq - 0 1,e2e4,33,29,-4
rnbqkbnr/ppp2ppp/8/3pp3/4P3/2N2N2/PPPP1PPP/R1BQKB1R w KQkq - 0 4,e4d5,211,221,10
rn1qk2r/ppp2ppp/3b1n2/3Pp3/2B5/2N2Q2/PPPP1PPP/R1B2RK1 w kq - 3 8,d2d3,223,217,-6
r4rk1/1p2Rp1p/3p1p2/p1nP4/2B5/3P4/PPP2PPP/R5K1 w - - 0 16,d3d4,417,387,-30
r4rk1/1p2Rp1p/3p1p2/p2P4/n1BP4/8/PPP2PPP/R5K1 w - - 1 17,b2b3,418,369,-49
5rk1/1R3p1p/3p1p2/p2P4/3Pr3/1P6/P1P1BPPP/R4K2 w - - 3 21,c2c3,679,628,-51
4r1k1/3R1p1p/3p4/p2P4/3Prp2/1PP5/P3BPPP/4RK2 w - - 0 24,f2f3,653,648,-5
4r1k1/3R1p1p/3p4/p2P4/3P1p2/1PP1rP2/P3B1PP/4RK2 w - - 1 25,c3c4,669,644,-25
4r1k1/5p1p/3R4/p2P4/2PP1p2/1P3P2/P1r1B1PP/4RK2 w - - 1 27,a2a4,680,648,-32
4r1k1/5p1p/8/p2P4/PrPP1R2/5P2/4B1PP/4RK2 w - - 1 30,d5d6,794,761,-33
4r1k1/5p1p/3P4/p7/P1rP1R2/5P2/4B1PP/4RK2 w - - 0 31,d6d7,1040,891,-149
rnbqkbnr/pppppppp/8/8/8/8/PPPPPPPP/RNBQKBNR w KQkq - 0 1,e2e4,29,32,3
rnbqkbnr/ppp2ppp/4p3/3p4/4P3/5N2/PPPP1PPP/RNBQKB1R w KQkq - 0 3,e4e5,26,26,0
rnbqk1nr/ppp2ppp/4p3/2bpP3/8/5N2/PPPP1PPP/RNBQKB1R w KQkq - 1 4,d2d4,125,124,-1
rnbqk1nr/ppp2ppp/1b2p3/3pP3/3P4/5N2/PPP2PPP/RNBQKB1R w KQkq - 1 5,c2c4,120,38,-82
rnbqk1nr/pp3ppp/2p1p3/b2pP3/2PP4/5N2/PP1B1PPP/RN1QKB1R w KQkq - 2 7,b2b4,162,143,-19
rnbqk1nr/ppb2ppp/2p1p3/3pP3/1PPP4/5N2/P2B1PPP/RN1QKB1R w KQkq - 1 8,c4c5,141,122,-19
rnbbk2r/pp3pqp/2p1p3/2PpP2Q/1P1P4/3B1N2/P4PPP/RN2K2R w KQkq - 5 14,g2g3,229,168,-61
r2b3r/p2k1pqp/npp1p3/2PpP2Q/1P1P4/1N3NP1/P4P1P/R3K2R w KQ - 0 18,a2a3,187,202,15
r2b3r/p2k1pqp/2p1p3/2npP2Q/1P1P4/P4NP1/5P1P/R3K2R w KQ - 0 20,b4c5,119,142,23
8/5N2/p1k1p3/bpPpP3/3P4/P5P1/4KP1r/1R6 w - - 0 30,g3g4,341,255,-86
8/8/p1k1p3/bpPpP1N1/3P2Pr/P7/4KP2/1R6 w - - 3 32,f2f3,383,280,-103
2k5/7R/p3N3/1pPpP3/3P2P1/r1b2PK1/8/8 w - - 1 38,c5c6,557,648,91
rnbqkbnr/pppppppp/8/8/8/8/PPPPPPPP/RNBQKBNR w KQkq - 0 1,f2f4,28,-28,-56
rnbqkbnr/pp2pppp/2p5/3p4/5P2/5N2/PPPPP1PP/RNBQKB1R w KQkq - 0 3,d2d3,-10,-8,-2
rnbqk2r/pp2ppbp/2p2np1/3p4/5P2/3P1N2/PPP1PBPP/RN1QKB1R w KQkq - 4 6,c2c3,-58,-57,-1
r1b1k2r/ppqnppbp/2p2np1/3p4/5P2/2PP1N2/PP1NPBPP/R2QKB1R w KQkq - 3 8,e2e3,-70,-74,4
r1b1k2r/ppqn1pbp/2p2np1/3pp3/5P2/2PPPN2/PP1N1BPP/R2QKB1R w KQkq - 0 9,f4e5,-68,-66,-2
r1b3k1/pp2qpbp/2p2np1/3pN3/8/2PPr1B1/PPQ1B1PP/2KR3R w - - 2 17,d3d4,-278,-270,-8
r5k1/pp2qpbp/2p5/3p1p2/3P2n1/2P3B1/PP1Q2PP/2KR3R w - - 0 22,h2h3,297,66,-231
r5k1/pp3p1p/2p5/3p4/3P1p2/2PRn2P/PP4P1/2K4R w - - 0 27,g2g3,213,221,8
4r1k1/pp3p1p/2p5/3p4/3P1p2/2PRn1PP/PP6/2K4R w - - 1 28,g3f4,250,240,-10
4k3/pp3p1p/2p5/3p4/2nP1P2/2PR3P/PP6/2K5 w - - 0 33,b2b3,327,316,-11
8/pp2k2p/2p5/5p2/3PpP2/1PP1K2P/P7/8 w - - 2 38,c3c4,-40,-40,0
8/pp5p/2pk4/5p2/2PPpP2/1P2K2P/P7/8 w - - 1 39,a2a4,-39,-64,25
8/p6p/1ppk4/5p2/P1PPpP2/1P2K2P/8/8 w - - 0 40,b3b4,-139,-315,176
8/7p/pppk4/5p2/PPPPpP2/4K2P/8/8 w - - 0 41,h3h4,-472,-497,25
8/7p/p1pk4/1p3p2/PPPPpP1P/4K3/8/8 w - - 0 42,a4b5,-524,-529,5
8/7p/2pk4/1p3p2/1PPPpP1P/4K3/8/8 w - - 0 43,c4c5,-554,-582,28
8/7p/2p5/1pPk1p2/1P1PpP1P/4K3/8/8 w - - 1 44,h4h5,-812,-911,99
8/7p/2p5/1pP2p1P/1PkPpP2/4K3/8/8 w - - 1 45,h5h6,-849,-920,71
8/7p/2p4P/1pP2p2/1k1PpP2/4K3/8/8 w - - 0 46,d4d5,-733,-762,29
8/7p/2p4P/1pkP1p2/4pP2/4K3/8/8 w - - 0 47,d5d6,-792,-881,89
rnbqkbnr/pppppppp/8/8/8/8/PPPPPPPP/RNBQKBNR w KQkq - 0 1,e2e4,25,21,-4
rnbqkbnr/pp1ppppp/8/2p5/4P3/8/PPPP1PPP/RNBQKBNR w KQkq - 0 2,c2c4,21,3,-18
r1bqk1nr/pp1p1ppp/2nbp3/2p5/2P1P3/2N2N2/PP1P1PPP/R1BQKB1R w KQkq - 4 5,d2d3,62,31,-31
r1b2rk1/pp1pqpp1/2n2n1p/2p1p3/2P1P2B/3P1N2/PP2BPPP/R2QK2R w KQ - 0 11,a2a3,-12,-54,42
r1b2rk1/pp2qpp1/2np1n1p/2p1p3/2P1P2B/P2P1N2/1P2BPPP/R2QK2R w KQ - 0 12,b2b4,-53,-54,1
r1b2rk1/pp2qpp1/2np1n1p/4p3/1pP1P2B/P2P1N2/4BPPP/R2QK2R w KQ - 0 13,a3b4,-55,-54,-1
r1b2rk1/1p2qpp1/p1np1n1p/4p3/1PP1P2B/3P1N2/4BPPP/R2QK2R w KQ - 0 14,b4b5,17,26,9
R1b2rk1/1p2qpp1/2np1n1p/4p3/2p1P2B/3P1N2/4BPPP/3QK2R w K - 0 16,d3c4,398,360,-38
6k1/1p3p2/2np1p1p/1b2p3/4P3/4N3/3Q1PPP/q2BK2R w K - 2 26,f2f3,360,359,-1
rnbqkbnr/pppppppp/8/8/8/8/PPPPPPPP/RNBQKBNR w KQkq - 0 1,e2e4,24,22,-2
rnbqkbnr/ppp2ppp/3p4/4p3/4P3/5Q2/PPPP1PPP/RNB1KBNR w KQkq - 0 3,h2h3,-23,-43,20
rn2kbnr/1pp2ppp/p2pbq2/4p3/2B1P3/N4Q1P/PPPP1PP1/R1B1K1NR w KQkq - 0 6,c2c3,-21,-31,10
rn2k1nr/1pp1bppp/p2pbq2/4p3/2B1P3/N1P2Q1P/PP1P1PP1/R1B1K1NR w KQkq - 1 7,b2b4,-10,-37,27
rn2k1nr/4bppp/2ppbq2/pp2p3/1P2P3/2P2Q1P/P1NPBPP1/R1B1K1NR w KQkq - 0 10,a2a3,-45,-73,28
rn2k1nr/4bppp/2ppb3/1p2p3/1p2P3/P1P2N1P/2NPBPP1/R1B1K2R w KQkq - 0 12,c3b4,-34,-53,19
rn2k2r/4bppp/2ppbn2/1p2p3/1P2P3/P4N1P/2NPBPP1/R1B1K2R w KQkq - 1 13,d2d3,-54,-47,-7
r4bk1/5ppp/2ppb3/1p2pN1n/rP2P3/P2P3P/1B1N1PP1/R4RK1 w - - 6 23,g2g3,-179,-234,55
r4bk1/5ppp/2ppbn2/1p2pN2/rP2P3/P2P2PP/1B1N1P2/R4RK1 w - - 1 24,h3h4,-133,-151,18
5bk1/5p1p/2pp2p1/rp2p3/rP2R2P/P5P1/1B3P2/R5K1 w - - 0 32,b4a5,51,54,3
rnbqkbnr/pppppppp/8/8/8/8/PPPPPPPP/RNBQKBNR w KQkq - 0 1,e2e4,24,28,4
r1bqkbnr/pppp1ppp/2n5/4p3/4P3/5N2/PPPP1PPP/RNBQKB1R w KQkq - 2 3,d2d4,34,32,-2
r2q1rk1/ppp2ppp/3p4/3b4/3RP3/6Q1/PPP2PPP/2K2B1R w - - 0 15,e4d5,526,500,-26
r4rk1/pp3pp1/3p1q1p/2pP4/2R5/3B3Q/PPP2PPP/2K4R w - c6 0 19,d5c6,500,511,11
4rrk1/p4pp1/2Rp1q1p/8/8/3B3Q/PPP2PPP/2K4R w - - 1 21,c2c4,498,380,-118
4r1k1/p4pp1/2Rp1q1p/4r3/2P5/3B2Q1/PP3PPP/2K4R w - - 3 23,c4c5,387,207,-180
4r1k1/p3qpp1/2Rp3p/2P1r3/8/3B2Q1/PP3PPP/2K4R w - - 1 24,c5d6,495,546,51
4r1k1/p4pp1/2RP3p/8/1q6/3B2Q1/PPK2PPP/8 w - - 2 27,d6d7,664,594,-70
rnbqkbnr/pppppppp/8/8/8/8/PPPPPPPP/RNBQKBNR w KQkq - 0 1,d2d4,26,23,-3
rnbqkbnr/ppp1pppp/8/3p4/3P4/8/PPP1PPPP/RNBQKBNR w KQkq - 0 2,c2c4,26,26,0
rnbqkb1r/ppp1pppp/5n2/8/2pP4/5N2/PP2PPPP/RNBQKB1R w KQkq - 0 4,e2e4,32,-35,-67
rn1qkb1r/ppp1pppp/5n2/8/2pPP1b1/5N2/PP3PPP/RNBQKB1R w KQkq - 1 5,h2h3,63,14,-49
rn2kb1r/p1p1pppp/2q5/1p6/2pB4/2n4P/PP2QPP1/2KR1B1R w kq - 0 12,b2c3,-163,-296,133
rn2kb1r/p1p2ppp/2q1p3/1p6/2pB4/2P4P/P3QPP1/2KR1B1R w kq - 0 13,f2f3,-294,-400,106
rn2k2r/p1p2ppp/2q1p3/8/1ppB4/b1P2P1P/P1K1Q1P1/3R1B1R w kq - 0 15,g2g3,-174,-393,219
rnbqkbnr/pppppppp/8/8/8/8/PPPPPPPP/RNBQKBNR w KQkq - 0 1,e2e4,23,27,4
rnbqk1nr/ppp2pbp/3pp1p1/6N1/2B1P3/8/PPPP1PPP/RNBQK2R w KQkq - 0 5,d2d3,1,-30,-31
rnbqk1nr/ppp2pbp/4p1p1/3p2N1/2B1P3/3P4/PPP2PPP/RNBQK2R w KQkq - 0 6,e4d5,-24,-28,4
rnb1k1nr/pp3pbp/2p3p1/3p2N1/8/1B1P4/PPP1KPPP/RNB4R w kq - 0 10,c2c4,-25,-51,26
rn2k1nr/pp3pb1/2p3pp/3p4/2P3b1/1B1P1N2/PP2KPPP/RNB4R w kq - 2 12,h2h3,-7,-32,25
r5nr/pp1k1pb1/n1p3pp/3p4/2P5/1B1P1K1P/PP3PP1/RNB1R3 w - - 3 15,c4d5,104,97,-7
r2k3r/pp2np2/n5pp/2pP4/B4B2/2bP1K1P/PP3PP1/R3R3 w - - 0 19,b2c3,291,206,-85
8/p1k5/3r3p/1pp3pK/8/2PP1R1P/P4PP1/8 w - - 2 32,h3h4,31,23,-8
8/p7/3r3p/kpp5/7K/2PPR3/P4PP1/8 w - - 3 35,f2f4,209,268,59
8/p7/3r3p/1pp5/k4P1K/2PPR3/P5P1/8 w - - 1 36,f4f5,276,299,23
8/p7/3r3p/1pp2P2/7K/2PP1R2/k5P1/8 w - - 0 38,f5f6,259,294,35
3r4/p7/5P1p/1pp5/7K/2PP1R2/k5P1/8 w - - 1 39,f6f7,311,318,7
5r2/p4P2/7p/1pp4K/8/1kPP1R2/6P1/8 w - - 3 41,d3d4,403,359,-44
r7/5PK1/8/pp6/2pP4/1kP2R2/6P1/8 w - - 2 44,f7f8q,487,501,14
5R2/6K1/8/1p6/p1pP4/1kP5/6P1/8 w - - 0 46,d4d5,609,639,30
5R2/6K1/8/1p1P4/2p5/pkP5/6P1/8 w - - 0 47,d5d6,703,760,57
5R2/6K1/3P4/1p6/2p5/p1k5/6P1/8 w - - 0 48,d6d7,817,866,49
5R2/3P2K1/8/8/1pp5/p1k5/6P1/8 w - - 0 49,d7d8q,926,1048,122
rnbqkbnr/pppppppp/8/8/8/8/PPPPPPPP/RNBQKBNR w KQkq - 0 1,d2d4,27,26,-1
rnbqkbnr/ppp1pppp/8/3p4/3P4/8/PPP1PPPP/RNBQKBNR w KQkq - 0 2,c2c4,23,24,1
rnbqkbnr/ppp2ppp/4p3/3p4/2PP4/8/PP2PPPP/RNBQKBNR w KQkq - 0 3,e2e3,23,8,-15
rnbqkb1r/ppp2ppp/4pn2/3p4/2PP4/4P3/PP3PPP/RNBQKBNR w KQkq - 1 4,c4d5,11,-14,-25
rn1q1rk1/ppp1bppp/5n2/3p4/3P2b1/2NBPN2/PP3PPP/R1BQK2R w KQ - 6 8,h2h3,-6,-14,8
rn1q1rk1/ppp1bppp/5n2/3p3b/3P4/2NBPN1P/PP3PP1/R1BQK2R w KQ - 1 9,g2g4,-13,-28,15
rn1q1rk1/ppp1bpp1/6p1/3p4/3P2P1/1Qn1PN1P/PP3P2/R1B2RK1 w - - 0 13,b2c3,14,-1,-15
rn3rk1/p1p1bpp1/1p1q2p1/3pN3/3P2P1/1QP1P2P/P4P2/R1B2RK1 w - - 2 15,a2a4,26,-26,-52
r4rk1/p3bpp1/1pnq2p1/2ppN3/P2P2P1/BQP1P2P/5P2/R4RK1 w - - 2 17,f2f4,-49,-83,34
r4rk1/p3bpp1/1p1q2p1/2ppn3/P2P1PP1/BQP1P2P/8/R4RK1 w - - 0 18,d4e5,-91,-94,3
r2r2k1/p3bpp1/1p2q1p1/2ppP3/P4PP1/BQP1P2P/8/3R1RK1 w - - 3 20,e3e4,-86,-112,26
2r3k1/4b1p1/p3p1p1/1p2P3/P1pR1PP1/2Pp3P/6K1/2B5 w - - 0 28,a4b5,-242,-256,14
rnbqkbnr/pppppppp/8/8/8/8/PPPPPPPP/RNBQKBNR w KQkq - 0 1,e2e4,29,28,-1
rnbqkbnr/pppp1ppp/8/4p3/4P3/8/PPPP1PPP/RNBQKBNR w KQkq - 0 2,f2f4,32,-32,-64
r1bqkbnr/pppp1ppp/2n5/8/4Pp2/5N2/PPPP2PP/RNBQKB1R w KQkq - 0 4,d2d4,32,37,5
r1bqk1nr/pppp1ppp/2n5/2b5/3PPp2/5N2/PPP3PP/RNBQKB1R w KQkq - 1 5,d4c5,499,472,-27
rnbqkbnr/pppppppp/8/8/8/8/PPPPPPPP/RNBQKBNR w KQkq - 0 1,e2e3,29,8,-21
rnbqkbnr/pppp1ppp/8/4p3/8/4P3/PPPP1PPP/RNBQKBNR w KQkq - 0 2,d2d4,9,16,7
r1bqkbnr/pppp1ppp/2n5/4p3/3P4/4P3/PPP2PPP/RNBQKBNR w KQkq - 1 3,c2c3,45,-48,-93
r1bqkbnr/ppp2ppp/2np4/8/3p4/2P1PN2/PP3PPP/RNBQKB1R w KQkq - 0 5,c3d4,49,14,-35
2kr1b1r/ppp2ppp/2qp1n2/8/3P2b1/4PN2/PP2NPPP/R1BQK2R w KQ - 2 10,h2h3,-81,-235,154
2kr1b1r/ppp2ppp/4q3/3pN3/3Pn3/4PN1P/PP3PP1/R1B2RK1 w - - 3 16,b2b3,-666,-705,39
2kr1r2/ppp1q1pp/8/3pN3/3Pn3/1P2P2P/P4PP1/R1B2RK1 w - - 1 20,f2f3,-591,-566,-25
2kr1r2/ppp1q1pp/8/3pN3/3P4/1P2PPnP/P5P1/R1B2RK1 w - - 1 21,a2a4,-541,-629,88
2k2r2/ppp3pp/8/3pN3/P2P4/1q2PP1P/6P1/R4K2 w - - 0 25,a4a5,-693,-694,1
2k2r2/ppp3pp/8/P2pN3/3P4/4qP1P/6P1/R4K2 w - - 0 26,a5a6,-684,-691,7
2k2r2/ppp3pp/P7/3pN3/3q4/5P1P/6P1/R4K2 w - - 0 27,a6b7,-689,-704,15
5r2/k1p3pp/8/3p4/8/5P1P/5KP1/1q6 w - - 0 32,g2g4,-929,-1023,94
5r2/k1p3pp/8/8/3p2PK/5q1P/8/8 w - - 0 35,g4g5,-10000,-10000,0
rnbqkbnr/pppppppp/8/8/8/8/PPPPPPPP/RNBQKBNR w KQkq - 0 1,e2e4,32,29,-3
rnbqkbnr/pppp1ppp/4p3/8/4P3/8/PPPP1PPP/RNBQKBNR w KQkq - 0 2,d2d4,38,33,-5
rnbqkbnr/pp1p1ppp/4p3/2p5/3PP3/8/PPP2PPP/RNBQKBNR w KQkq - 0 3,d4d5,63,86,23
rnbqkbnr/pp3ppp/3pp3/2pP4/4P3/8/PPP2PPP/RNBQKBNR w KQkq - 0 4,d5e6,96,52,-44
rn1qkb1r/pp3ppp/3pbn2/2p5/4P3/5Q2/PPP2PPP/RNB1KBNR w KQkq - 2 6,b2b3,-15,-97,82
r2q1rk1/pp2bppp/3pbn2/2p5/3nP3/1P1Q3N/P1PN1PPP/R1B1KB1R w KQ - 7 10,c2c3,-69,-106,37
r2q1rk1/pp2bppp/2npbn2/2p5/4P3/1PPQ3N/P2N1PPP/R1B1KB1R w KQ - 1 11,c3c4,-26,-235,209
r2q1rk1/pp2bpp1/3pb2p/2p1n3/2P1P1n1/1P5N/PB1NQPPP/R3KB1R w KQ - 2 14,f2f3,23,-6,-29
1r3rk1/1p2bpp1/pq3n1p/2pp4/4P3/1PB2P2/PNQ3PP/1KR2R2 w - - 0 26,e4e5,-186,-177,-9
3r2k1/5pp1/1R3b1p/p2r4/3p4/BP3P2/PN4PP/1K1R4 w - - 3 38,b3b4,499,394,-105
3r2k1/5pp1/1R3b1p/p2r4/1P6/B2p1P2/PN4PP/1K1R4 w - - 0 39,b4a5,415,358,-57
3r4/5ppk/7p/6r1/8/5P2/PR1N2PP/3K4 w - - 3 50,g2g4,-409,-370,-39
3r4/6pk/7p/5pr1/6P1/5P2/PR1N3P/3K4 w - - 0 51,h2h3,-308,-315,7
3r4/6pk/7p/6r1/6p1/5P1P/PR1N4/3K4 w - - 0 52,h3g4,-326,-324,-2
8/6pk/2rr3p/8/6P1/5P2/PR1N4/1K6 w - - 5 55,a2a4,-329,-356,27
8/6pk/7p/8/P5P1/2K2P2/5r2/8 w - - 2 59,a4a5,-583,-641,58
8/6pk/7p/PK6/6r1/8/8/8 w - - 0 62,a5a6,-662,-698,36
8/6pk/P6p/1K6/5r2/8/8/8 w - - 1 63,a6a7,-642,-722,80
rnbqkbnr/pppppppp/8/8/8/8/PPPPPPPP/RNBQKBNR w KQkq - 0 1,e2e4,26,28,2
rnbqkbnr/pppp1ppp/8/4p3/4P3/8/PPPP1PPP/RNBQKBNR w KQkq - 0 2,f2f4,38,-51,-89
r2qkbnr/ppp2ppp/3p4/4p3/2BnPPb1/5N2/PPPP2PP/RNBQ1RK1 w kq - 6 6,f4e5,111,0,-111
r2qkbnr/ppp2ppp/3p4/4P3/2B1P1b1/5n2/PPPP2PP/RNBQ1RK1 w kq - 0 7,g2f3,0,-110,-110
r3kbnr/ppp2ppp/3p4/4q3/2B1P3/5P1b/PPPP1R1P/RNBQ3K w kq - 0 10,d2d4,124,110,-14
r2qkbnr/ppp2ppp/3pb3/8/3PP3/3BBP2/PPP2R1P/RN1Q3K w kq - 5 13,f3f4,220,212,-8
r2qkb1r/ppp2ppp/3pbn2/8/3PPP2/3BB3/PPP2R1P/RN1Q3K w kq - 1 14,e4e5,210,-74,-284
r2qkb1r/ppp2ppp/4bn2/4p3/3P1P2/3BB3/PPP2R1P/RN1Q3K w kq - 0 15,f4e5,-55,-59,4
r3kb1r/pp3ppp/2p5/3nP3/3P4/1Bq5/P1P2QKP/8 w kq - 2 27,e5e6,-832,-964,132
r3kb1r/pp4pp/2p1p3/3n4/3P4/1B6/P1P2K1P/8 w kq - 2 32,c2c4,-1039,-1053,14
r3kb1r/pp5p/2p1p3/6p1/2PP1n2/1B3K2/P6P/8 w kq - 0 34,h2h4,-995,-1017,22
r3kb1r/pp6/2p1p2p/6p1/2PP1n1P/1B3K2/P7/8 w kq - 0 35,h4h5,-944,-1023,79
rnbqkbnr/pppppppp/8/8/8/8/PPPPPPPP/RNBQKBNR w KQkq - 0 1,d2d4,29,27,-2
rnbqkb1r/pppppppp/5n2/8/3P4/8/PPP1PPPP/RNBQKBNR w KQkq - 1 2,h2h3,26,-2,-28
rnbqkb1r/pp1p1ppp/4pn2/2p5/3P4/5N1P/PPP1PPP1/RNBQKB1R w KQkq - 0 4,c2c3,-1,-9,8
rnbqkb1r/pp3ppp/4pn2/2pp4/3P4/2P2N1P/PP2PPP1/RNBQKB1R w KQkq - 0 5,a2a3,-6,-25,19
r1bq1rk1/pp2bppp/2n1pn2/2pp2B1/3P4/P1P2N1P/1P1NPPP1/R2QKB1R w KQ - 5 8,e2e3,5,5,0
r1bq1rk1/pp2bppp/2n1pn2/3p2B1/2pP4/P1P1PN1P/1P1N1PP1/R2QKB1R w KQ - 0 9,b2b3,0,-26,-26
r1bq1rk1/p3bppp/2n1pn2/1p1p2B1/2pP4/PPP1PN1P/3N1PP1/R2QKB1R w KQ - 0 10,a3a4,-26,-113,87
r2q1rk1/p2b1ppp/4p1n1/3p4/3Pn3/1NP1PN1P/2Q2PP1/R3KB1R w K - 2 16,c3c4,36,-27,-63
r2q1rk1/3b1ppp/p3p1n1/3p4/2PPn3/1N2PN1P/2Q2PP1/R3KB1R w K - 0 17,c4d5,42,34,-8
q1r3k1/5ppp/6n1/1pnp4/3P4/4PN1P/2Q2PP1/1R4K1 w - - 0 23,d4c5,32,24,-8
2r3k1/5ppp/8/1RPpn3/3N4/2p1P2P/5PP1/6K1 w - - 2 28,c5c6,38,53,15
8/6k1/4n1p1/5p1p/2R5/4P2P/5PPK/8 w - - 0 35,f2f3,465,456,-9
8/6k1/6p1/5pnp/2R5/4PP1P/6PK/8 w - - 1 36,f3f4,454,411,-43
8/8/6k1/5ppR/4nP2/5K1P/6P1/8 w - - 4 54,g2g4,413,462,49
8/8/6k1/6pR/4nPp1/5K1P/8/8 w - - 0 55,h3g4,519,548,29
rnbqkbnr/pppppppp/8/8/8/8/PPPPPPPP/RNBQKBNR w KQkq - 0 1,e2e4,26,29,3
rnbqkbnr/pppp1ppp/8/4p3/4P3/8/PPPP1PPP/RNBQKBNR w KQkq - 0 2,f2f4,36,-75,-111
r1bqkbnr/pppp1pp1/2n4p/8/2B1Pp2/5N2/PPPP2PP/RNBQK2R w KQkq - 0 5,d2d4,11,24,13
r1bqkbnr/pppp1p2/2n4p/6p1/2BPPp2/5N2/PPP3PP/RNBQK2R w KQkq - 0 6,h2h4,28,-73,-101
r1bqk1nr/pppp1pb1/2n4p/6p1/2BPPp1P/5N2/PPP3P1/RNBQK2R w KQkq - 1 7,h4g5,-60,-110,50
r2qk1nb/ppp2p2/2np4/1B4p1/3PPpb1/5N2/PPPB2P1/RN1QK3 w Qq - 2 11,d4d5,-99,-100,1
r2qk1nb/2p2p2/p1np4/1p1P2p1/B3Ppb1/5N2/PPPB2P1/RN1QK3 w Qq - 0 13,d5c6,-244,-255,11
2k1r3/2p1qp2/p1Pp1n2/6p1/p3Pp2/2N2Q2/PPP3P1/2K1R3 w - - 3 20,a2a3,161,62,-99
rnbqkbnr/pppppppp/8/8/8/8/PPPPPPPP/RNBQKBNR w KQkq - 0 1,c2c4,26,15,-11
rnbqk1nr/pppp1ppp/8/2b1p3/2P5/2N5/PP1PPPPP/R1BQKBNR w KQkq - 2 3,g2g3,52,36,-16
rnbqk1nr/1p1p1ppp/p1p5/2b1p3/2P5/2N3P1/PP1PPPBP/R1BQK1NR w KQkq - 0 5,e2e3,92,63,-29
rnbqk1nr/1p3ppp/p1pp4/2b1p3/2P5/2N1P1P1/PP1P1PBP/R1BQK1NR w KQkq - 0 6,d2d4,77,76,-1
rnbqk1nr/1p3ppp/p1pp4/2b5/2Pp4/2N1P1P1/PP3PBP/R1BQK1NR w KQkq - 0 7,e3d4,87,82,-5
r1b2rk1/bp1n1ppp/pqpp1n2/6B1/2PP4/2NQ1NP1/PP3PBP/R4RK1 w - - 9 12,b2b3,121,110,-11
r1b3k1/bp3ppp/pqpn2n1/8/2PP4/1P2QNP1/P4PBP/R4RK1 w - - 0 18,c4c5,257,245,-12
r1b1Qnk1/bp3ppp/pqp5/2P2n2/3P4/1P3NP1/P4PBP/R4RK1 w - - 3 20,c5b6,758,749,-9
rnbqkbnr/pppppppp/8/8/8/8/PPPPPPPP/RNBQKBNR w KQkq - 0 1,e2e4,29,26,-3
r1bqkbnr/pp1ppppp/8/1B6/3pP3/8/PPPP1PPP/RNBQK2R w KQkq - 0 5,d2d3,46,-333,-379
r3k2r/1b1p1ppp/p3p1n1/1p6/1b1pP3/1B1P2B1/PPP2PPP/RN3RK1 w kq - 2 14,a2a3,19,-3,-22
r4rk1/1b1p1ppp/p3pbn1/1p6/3pP3/PB1P1NB1/1PP2PPP/R4RK1 w - - 5 17,e4e5,39,5,-34
2r2rk1/1b1pbppp/p3p1n1/1p2P3/3N4/PB1P2B1/1PP2PPP/R4RK1 w - - 1 19,f2f4,97,35,-62
2r2rk1/1b1pb1pp/p3p1n1/1p2Pp2/3N1P2/PB1P2B1/1PP3PP/R4RK1 w - f6 0 20,c2c3,109,81,-28
5rk1/1b1p2pp/p3p3/1pr1Pp2/5P2/PBPP4/1P4PP/R4R1K w - - 0 25,d3d4,184,158,-26
5rk1/2rp2pp/p3p3/1p2Pp2/3PbP2/PBP5/1P4PP/3R1R1K w - - 3 27,d4d5,278,270,-8
6k1/2rpr2p/p2R2p1/1p2Pp2/5P2/P1P5/1P4PP/3R3K w - - 4 32,g2g3,336,364,28
8/1r2k3/3Rp1p1/1p2Pp2/p2K1P2/P1P3p1/1P5P/8 w - - 0 42,h2g3,170,194,24
rnbqkbnr/pppppppp/8/8/8/8/PPPPPPPP/RNBQKBNR w KQkq - 0 1,e2e4,27,19,-8
r1bqkbnr/pppppppp/2n5/8/4P3/8/PPPP1PPP/RNBQKBNR w KQkq - 1 2,f2f4,39,-19,-58
r1bqkbnr/2pppppp/1pn5/p7/4PP2/5N2/PPPP2PP/RNBQKB1R w KQkq - 0 4,a2a3,126,132,6
r2qkbnr/2pp1ppp/1pn1p3/p7/4PP2/P1N2N2/1PPP2PP/R1BQKR2 w Qkq - 0 7,d2d3,209,112,-97
r2qk2r/2pp1ppp/1pn1p3/p1b5/4PP2/P1NPQN2/1PP3PP/R3KR2 w Qkq - 1 11,d3d4,174,182,8
r2qk2r/2ppbppp/1pn1p3/8/p2PPP2/P1N1QN2/1PP3PP/2KR1R2 w kq - 0 13,f4f5,269,137,-132
r2qk2r/2ppbpp1/1pn1p2p/5P2/p2PP3/P1N1QN2/1PP3PP/2KR1R2 w kq - 0 14,f5e6,263,261,-2
r2qk2r/2pp1pp1/1pn1P3/6p1/p2PP3/P1N1Q3/1PP3PP/2KR1R2 w kq - 0 16,e6f7,540,518,-22
rnbqkbnr/pppppppp/8/8/8/8/PPPPPPPP/RNBQKBNR w KQkq - 0 1,e2e4,23,20,-3
rnbqkbnr/pppp1ppp/8/4p3/4P3/8/PPPP1PPP/RNBQKBNR w KQkq - 0 2,d2d4,30,-1,-31
r1bqkb1r/pppp1ppp/2n2n2/8/4P3/4Q3/PPP2PPP/RNB1KBNR w KQkq - 3 5,e4e5,-32,-109,77
r1b1kb1r/ppppqppp/2n2n2/4P3/8/4Q3/PPP2PPP/RNB1KBNR w KQkq - 1 6,e5f6,468,462,-6
r1bk1b1r/pppp1ppp/2n2P2/8/4Q3/8/PPP2PPP/RNB1KBNR w KQ - 1 8,f6g7,902,935,33
5r2/Q3nk2/2p2b2/1p6/2p1N3/5b2/P1P2PPP/3R2K1 w - - 0 26,g2f3,733,761,28
8/Q7/2pk4/3n4/1pp5/5P2/P1P2P1P/1R4K1 w - - 6 40,h2h4,837,850,13
8/Q7/2pk4/3n4/1p5P/2p2P2/P1P2P2/1R4K1 w - - 0 41,h4h5,921,877,-44
8/8/8/2Q4P/7k/1pp2P2/P1P2P2/4R1K1 w - - 0 47,a2b3,10000,10000,0
rnbqkbnr/pppppppp/8/8/8/8/PPPPPPPP/RNBQKBNR w KQkq - 0 1,e2e4,23,20,-3
rnbqkbnr/pppp1ppp/8/4p3/4P3/8/PPPP1PPP/RNBQKBNR w KQkq - 0 2,g2g3,36,-58,-94
rnbqk2r/pp3ppp/2p2n2/2bpp3/4P3/2N2NP1/PPPP1PBP/R1BQK2R w KQkq - 0 6,d2d3,11,-14,-25
rnb2rk1/pp3ppp/2pq1n2/2b1p1B1/4P3/2pP1NP1/PPP2PBP/R2Q1RK1 w - - 0 10,b2c3,-414,-388,-26
rn3rk1/pp3ppp/2pq1n2/2b1p1B1/4P1b1/2PP1NP1/P1P2PBP/R2Q1RK1 w - - 1 11,d3d4,-396,-403,7
rn3rk1/pp3ppp/2pq1n2/2b3B1/3pP1b1/2P2NP1/P1P2PBP/R2Q1RK1 w - - 0 12,c3d4,-323,-370,47
1r3rk1/p4ppp/2p2n2/1pq5/2nNP1b1/2Q1R1P1/P1P2PBP/1R4K1 w - - 0 20,h2h3,-497,-532,35
1r3rk1/p4ppp/2p2n2/1pq4b/2nNP3/2Q1R1PP/P1P2PB1/1R4K1 w - - 1 21,g3g4,-455,-468,13
1r3rk1/p4ppp/2p2nb1/1pq5/2nNP1P1/2Q1R2P/P1P2PB1/1R4K1 w - - 1 22,e4e5,-474,-525,51
1r3rk1/p4ppp/2p3b1/1p1qn3/3N2P1/2Q4P/P1P2P2/1R2R1K1 w - - 0 25,f2f4,-380,-678,298
rnbqkbnr/pppppppp/8/8/8/8/PPPPPPPP/RNBQKBNR w KQkq - 0 1,e2e4,19,28,9
r2qkb1r/pp1npp1p/3p1np1/2p5/4P3/2N2N2/PPPP1PPP/R1BQ1RK1 w kq - 0 7,d2d4,18,-20,-38
r2qkb1r/p2npp1p/1p1p1np1/2p5/3PP3/2N2N2/PPP2PPP/R1BQ1RK1 w kq - 0 8,e4e5,98,61,-37
r2qkb1r/p2npp1p/1p3np1/2p1p3/3P4/2N2N2/PPP2PPP/R1BQ1RK1 w kq - 0 9,d4e5,303,307,4
r2qkb1r/p2n1p1p/1p2p1p1/2p1P3/6n1/2N2N2/PPP1QPPP/R1B2RK1 w kq - 0 11,h2h3,373,370,-3
r4k1r/p1qnbp1p/1p1Np1p1/2p1PnB1/8/5N1P/PPP1QPP1/3R1RK1 w - - 9 16,g2g4,329,383,54
rnbqkbnr/pppppppp/8/8/8/8/PPPPPPPP/RNBQKBNR w KQkq - 0 1,c2c4,20,12,-8
rnbqkbnr/ppp1pppp/8/3p4/2P5/8/PP1PPPPP/RNBQKBNR w KQkq - 0 2,b2b3,57,-79,-136
rnbqkbnr/ppp1pppp/8/8/2p5/1P6/P2PPPPP/RNBQKBNR w KQkq - 0 3,b3c4,-37,-45,8
rnbqk1nr/ppp2ppp/4p3/2b5/2P5/2N5/P2PPPPP/R1BQKBNR w KQkq - 2 5,g2g3,47,25,-22
rnb2rk1/pp3ppp/2p2q2/4p3/2P5/6P1/P2PP1BP/R1BQK1NR w - - 2 12,d2d3,395,253,-142
1r3rk1/pp4pp/3q1p2/2p1p3/1nP3b1/3P1NP1/PB1QP1BP/R4RK1 w - - 6 19,a2a3,470,441,-29
1r1r2k1/pp4pp/3q1p2/2p1p3/1nP3b1/P2P1NP1/1B1QP1BP/R4RK1 w - - 1 20,a3b4,635,601,-34
B6k/6pp/3q1p2/1p2p3/1pP5/3P2P1/1B1QP2P/5R1K w - - 0 27,c4b5,885,881,-4
rnbqkbnr/pppppppp/8/8/8/8/PPPPPPPP/RNBQKBNR w KQkq - 0 1,e2e4,21,25,4
rnbqkbnr/pp1ppppp/8/2p5/4P3/8/PPPP1PPP/RNBQKBNR w KQkq - 0 2,g2g3,34,0,-34
r1bqkbnr/pp1p1ppp/2n1p3/2p5/4P3/6P1/PPPP1PBP/RNBQK1NR w KQkq - 0 4,d2d3,20,-3,-23
r1bqkbnr/pp3ppp/2n1p3/2pp4/4P3/3P2P1/PPP2PBP/RNBQK1NR w KQkq - 0 5,f2f3,0,-55,-55
r1bqk2r/pp2bpp1/2n1pn2/2pp3p/4P3/3P1PP1/PPP1N1BP/RNBQ1RK1 w kq - 0 8,h2h3,-45,-62,17
r1b1k2r/ppq1bpp1/2n1pn2/2pp3p/4P3/3P1PPP/PPP1N1B1/RNBQ1RK1 w kq - 1 9,f3f4,-16,-17,1
r3k2r/ppqbbpp1/2n1pn2/2pp3p/4PP2/3P2PP/PPP1N1B1/RNBQ1RK1 w kq - 1 10,e4e5,-22,-61,39
r3k2r/ppqbbppn/2n1p3/2ppP2p/5P2/3P2PP/PPP1N1B1/RNBQ1RK1 w kq - 1 11,c2c3,33,9,-24
2kr3r/1p1bbp1n/pqn1p3/3pP1pp/2p2P2/N1PP2PP/PP1BN1B1/1R2QRK1 w - - 0 16,d3d4,142,146,4
2kr3r/1p1bb2n/p1n1pp2/q2pP1pp/2pP1P2/2P3PP/PPNBN1B1/1R2QRK1 w - - 2 18,a2a3,189,42,-147
2k3rr/1p1bb2n/p3pp2/q2pP1pp/1npP1P2/P1P3PP/1P1BN1B1/1R2QRK1 w - - 0 20,c3b4,101,134,33
1k2q1r1/1p1bb3/p3p3/3pPprp/1PpP1N2/P1Q2RPP/1P4BK/6R1 w - - 4 28,b2b3,40,-104,-144
1k2q1r1/3bb3/p3p3/1p1pPpr1/1PpP3p/PPQ2RPP/4N1BK/6R1 w - - 0 30,g3g4,-170,-262,92
1k2q1r1/3bb3/p3p3/1p1pP1r1/1PpP2pp/PPQ2R1P/4N1BK/6R1 w - - 0 31,h3g4,-252,-257,5
1k4r1/3bb3/p3p3/1p1pP3/1PpPq2p/PPQ2R1B/4N2K/8 w - - 3 35,b3c4,-264,-609,345
1k4r1/4b3/p1b1p1q1/1p2P3/1PpP3p/P3Q2B/5R1K/8 w - - 8 41,d4d5,-610,-10000,9390
rnbqkbnr/pppppppp/8/8/8/8/PPPPPPPP/RNBQKBNR w KQkq - 0 1,e2e4,31,31,0
rnbqkbnr/pppp1ppp/8/4p3/4P3/8/PPPP1PPP/RNBQKBNR w KQkq - 0 2,f2f4,34,-74,-108
r1bqkbnr/ppp2ppp/2np4/4p3/4PP2/5N2/PPPP2PP/RNBQKB1R w KQkq - 0 4,f4e5,23,6,-17
r3kbnr/pppq1ppp/8/4p3/4P3/8/PPPP2PP/RNBQK2R w KQkq - 0 8,b2b3,-22,-85,63
r3k1nr/pppq1ppp/8/4p3/3bP3/1P6/PBPP2PP/RN1QK2R w KQkq - 3 10,c2c3,-65,-59,-6
r3k1nr/pppq1ppp/8/2b1p3/4P3/1PP5/PB1P2PP/RN1QK2R w KQkq - 1 11,d2d4,-68,-173,105
r3k1nr/pppq1ppp/8/2b5/3pP3/1PP5/PB4PP/RN1QK2R w KQkq - 0 12,c3d4,-128,-187,59
r3r1k1/1ppq1ppp/1p3n2/8/3PP3/1P1Q4/PB4PP/R3K2R w KQ - 0 17,e4e5,-203,-382,179
3rr1k1/1ppq1ppp/1p6/3nP3/3P4/1P1Q4/PB4PP/R4RK1 w - - 3 19,a2a3,10,5,-5
3rr1k1/1ppq2pp/1p3p2/3nP3/3P4/PP1Q4/1B4PP/R4RK1 w - - 0 20,e5f6,10,-22,-32
6k1/1p4pp/1p3n2/2pr4/1B1P4/Pr6/6PP/3R1RK1 w - - 0 27,d4c5,0,-1,-1
8/5kpp/1R6/8/4n3/P7/6PP/4B1K1 w - - 1 34,a3a4,728,703,-25
8/5kpp/1R6/2n5/P7/8/6PP/4B1K1 w - - 1 35,a4a5,727,732,5
8/4k1pp/2R5/P7/n7/8/6PP/4B1K1 w - - 3 37,a5a6,778,805,27
8/3k2pp/Pn6/8/8/8/6PP/2R1B1K1 w - - 3 39,a6a7,796,789,-7
rnbqkbnr/pppppppp/8/8/8/8/PPPPPPPP/RNBQKBNR w KQkq - 0 1,e2e4,29,33,4
rnbqkbnr/pppp1ppp/4p3/8/4P3/8/PPPP1PPP/RNBQKBNR w KQkq - 0 2,f2f4,36,-18,-54
rnbqk2r/pppp1ppp/4pn2/2b5/4PP2/5N2/PPPP2PP/RNBQKB1R w KQkq - 3 4,d2d4,115,98,-17
rnbqk2r/pppp1ppp/1b2pn2/8/3PPP2/5N2/PPP3PP/RNBQKB1R w KQkq - 1 5,e4e5,112,108,-4
rnbqk2r/ppp2ppp/1b2p3/3pP3/3PnP2/5N2/PPP1Q1PP/RNB1KB1R w KQkq d6 0 7,c2c4,62,-9,-71
r1bqk2r/1pp2ppp/1p2p3/4P3/3P1P2/4K3/PP2Q1PP/2R2B1R w kq - 0 16,a2a3,39,9,-30
r1b2rk1/1pp2ppp/1p2p3/4P3/3P1P2/P2RKQ2/1q4PP/5B1R w - - 0 20,d4d5,-179,-435,256
2b2rk1/1pp2ppp/1p6/3pP3/3K1P2/5q2/6PP/5B1R w - - 0 24,g2f3,-418,-420,2
2b2rk1/1p4pp/1pp5/3pp3/3K1P2/5P2/6BP/2R5 w - - 0 27,f4e5,-434,-438,4
6k1/1p6/2p5/1p2P3/3p2p1/5P1b/2K4p/7B w - - 0 41,f3f4,-581,-701,120
6k1/1p6/2p5/1p2P3/3p1P2/6pb/2K4p/7B w - - 0 42,e5e6,-712,-811,99
rnbqkbnr/pppppppp/8/8/8/8/PPPPPPPP/RNBQKBNR w KQkq - 0 1,e2e4,33,25,-8
rnbqkbnr/ppp1pppp/8/3p4/4P3/8/PPPP1PPP/RNBQKBNR w KQkq - 0 2,e4d5,64,70,6
rnbqkb1r/ppp1pppp/5n2/8/8/2N2N2/PPPP1PPP/R1BQKB1R w KQkq - 4 5,d2d3,73,31,-42
r2q1rk1/p2nbppp/1p2p3/2p5/4nB2/3P1N2/PPP2PPP/R2QR1K1 w - - 0 14,d3e4,6,20,14
r2q1rk1/p3bppp/1p2pn2/2p5/4PB2/5N2/PPP2PPP/R2QR1K1 w - - 1 15,e4e5,26,-4,-30
r2q1rk1/p3bpp1/1p2p2p/2pnP3/8/5NB1/PPP2PPP/R2QR1K1 w - - 0 17,c2c4,12,-68,-80
r2q1rk1/p3bpp1/1p2p2p/2p1P3/1nP5/5NB1/PP3PPP/R2QR1K1 w - - 1 18,a2a3,-54,-75,21
8/p1b2p2/1pn1p1k1/2p1P1pp/2P1K3/P5B1/1P1N1PPP/8 w - - 0 28,h2h4,-12,-169,157
8/p1b2p2/1p2p1k1/2p1P2p/2PnKB1p/P7/1P1N1PP1/8 w - - 2 30,b2b4,-41,-92,51
8/p1b2p2/1p2p1k1/2p1P2p/1PP1KB1p/P7/3NnPP1/8 w - - 1 31,b4c5,-21,-32,11
8/p1b2p2/4p1k1/2p1P2p/2P2K1p/P7/3N1PP1/8 w - - 0 33,a3a4,37,0,-37
8/8/p7/2N1pp1p/P1P2bk1/3K3p/5PP1/8 w - - 0 43,g2h3,-120,-138,18
1b6/8/p3N3/5p1p/P1P1p3/7k/4KP2/8 w - - 2 46,c4c5,-13,-12,-1
1b6/8/p3N3/2P4p/P3pp2/7k/4KP2/8 w - - 0 47,c5c6,-7,-10,3
1b6/8/p1P1N3/7p/P3pp2/8/4KPk1/8 w - - 1 48,c6c7,15,2,-13
rnbqkbnr/pppppppp/8/8/8/8/PPPPPPPP/RNBQKBNR w KQkq - 0 1,d2d4,29,21,-8
r1bqkbnr/ppp1pppp/2n5/3p4/3P4/5N2/PPP1PPPP/RNBQKB1R w KQkq - 2 3,h2h3,65,30,-35
r1bqkbnr/ppp2ppp/2n1p3/3p4/3P4/5N1P/PPP1PPP1/RNBQKB1R w KQkq - 0 4,e2e3,42,38,-4
r1bqk2r/2p2ppp/p1nbpn2/1p1p4/3P4/1B2PN1P/PPP2PP1/RNBQK2R w KQkq - 2 8,c2c3,-50,-45,-5
r1b2rk1/4qppp/p1pbpnn1/1p1p4/3P4/2P1PN1P/PPBN1PP1/R1BQR1K1 w - - 2 13,e3e4,93,101,8
r1b2rk1/4qppp/p1p1pnn1/1p1p4/3PPb2/2P2N1P/PPBN1PP1/R1BQR1K1 w - - 1 14,e4e5,192,207,15
r1b2rk1/4qppp/p1p1p1n1/1p1pP2n/3P1b2/2P2N1P/PPBN1PP1/R1BQR1K1 w - - 1 15,b2b3,276,200,-76
r1b2rk1/4q1pp/p1p1ppn1/1p1pP2n/3P1b2/1PP2N1P/P1BN1PP1/R1BQR1K1 w - - 0 16,a2a4,237,237,0
5rk1/3b1qpp/p1p1ppn1/1p1pP2n/P2P1b2/1PP2N1P/2BN1PP1/R2QR1K1 w - - 0 19,g2g3,268,103,-165
5rk1/3b1qpp/p1p1p1nb/1p1pp2n/P2P4/1PP2NPP/2BN1P2/R2Q1RK1 w - - 0 21,d4e5,340,218,-122
5rk1/3b1qpp/p1p1p2b/1p1pP2n/P4n2/1PP2NPP/2BN1P2/R2Q1RK1 w - - 1 22,g3f4,242,192,-50
5rk1/3b2pp/p1p1p2b/1p1p4/P4n2/1Pq2N1P/2B2P2/R2Q1RNK w - - 0 26,a4b5,198,194,-4
5rk1/3b2pp/2p1p2b/pP1p4/5n2/1Pq2N1P/2B2P2/R2Q1RNK w - - 0 27,b5b6,283,225,-58
rnbqkbnr/pppppppp/8/8/8/8/PPPPPPPP/RNBQKBNR w KQkq - 0 1,e2e4,29,27,-2
rnbqkbnr/pppp1ppp/4p3/8/4P3/8/PPPP1PPP/RNBQKBNR w KQkq - 0 2,d2d4,42,27,-15
rnbqkbnr/ppp2ppp/4p3/3p4/3PP3/8/PPP2PPP/RNBQKBNR w KQkq - 0 3,e4e5,26,28,2
rnbqkbnr/pp3ppp/4p3/2ppP3/3P4/8/PPP2PPP/RNBQKBNR w KQkq - 0 4,c2c3,26,29,3
r1bqkb1r/pp2npp1/2n1p3/3pP2p/2pP4/2P2N2/PP2BPPP/RNBQ1RK1 w kq - 0 8,b2b3,177,184,7
r1bqkb1r/pp2npp1/2n1p3/3pP2p/3P4/1pP2N2/P3BPPP/RNBQ1RK1 w kq - 0 9,a2b3,178,177,-1
rnbqkbnr/pppppppp/8/8/8/8/PPPPPPPP/RNBQKBNR w KQkq - 0 1,e2e4,29,30,1
r1bqkbnr/pppp1ppp/2n5/4p3/4P3/5N2/PPPP1PPP/RNBQKB1R w KQkq - 2 3,b2b3,40,-55,-95
r1bqk1nr/ppp2ppp/2np4/2b1p3/4P3/1P3N2/PBPP1PPP/RN1QKB1R w KQkq - 0 5,d2d4,-2,-21,19
r1b1k1nr/ppp2ppp/2np1q2/2b5/3NP3/1P6/PBP2PPP/RN1QKB1R w KQkq - 1 7,c2c3,-95,-90,-5
r1b1k1nr/ppp2ppp/3p1q2/2b5/3nP3/1PP5/PB3PPP/RN1QKB1R w KQkq - 0 8,c3d4,24,23,-1
r1b1k1nr/pp3ppp/3p1q2/2p5/1b1PP3/1PN5/PB3PPP/R2QKB1R w KQkq - 0 10,d4c5,290,-569,-859
r1b1k2r/pp3ppp/2n2q2/1Bp5/4P3/1P2K3/P2Q1PPP/7R w kq - 6 17,h2h4,-812,-827,15
rnbqkbnr/ppp1pppp/8/3p4/8/5N2/PPPPPPPP/RNBQKB1R w KQkq - 0 2,h2h3,18,4,-14
rn1qkbnr/ppp1pppp/8/3p1b2/8/5N1P/PPPPPPP1/RNBQKB1R w KQkq - 1 3,a2a3,14,-13,-27
r2qkbnr/ppp2ppp/2n1p3/3p1b2/8/P1N2N1P/1PPPPPP1/R1BQKB1R w KQkq - 2 5,d2d3,-21,-12,-9
r2qk2r/ppp1bppp/2n1pn2/3p1bB1/8/P1NP1N1P/1PP1PPP1/R2QKB1R w KQkq - 3 7,d3d4,-13,-34,21
r4rk1/p1pnqppp/2p1p3/3p1b2/3P4/P1N4P/1PP1PPP1/R2QKB1R w KQ - 0 11,f2f3,-54,-342,288
r4rk1/p1pnqppp/4p3/2pp1b2/3P4/P1N2P1P/1PP1P1P1/R2QKB1R w KQ - 0 12,e2e4,-255,-371,116
r4rk1/p1pnqppp/4p3/2p2b2/3Pp3/P1N2P1P/1PP3P1/R2QKB1R w KQ - 0 13,f3e4,-302,-444,142
r4rk1/p1p1qppp/4p1b1/1Nn5/3pP3/P2B3P/1PP3P1/R2QK2R w KQ - 2 16,e4e5,-339,-555,216
r4rk1/p1p1qppp/4p1b1/1N2P3/3p4/P2n3P/1PP3P1/R2QK2R w KQ - 0 17,c2d3,-579,-597,18
r4rk1/p1p2ppp/4p1b1/1Nq1P3/3p4/P2P3P/1P4P1/R2QK2R w KQ - 1 18,a3a4,-460,-488,28
r4rk1/p4ppp/4p1b1/1Np5/P2pq3/7P/1P3QP1/3R1K1R w - - 0 23,b2b4,-595,-629,34
r4rk1/p4ppp/4p1b1/1Np2q2/PP1p4/7P/5QP1/3R1K1R w - - 1 24,b4c5,-262,-470,208
2N2k2/5ppp/r3p3/p7/P7/7P/2b2KP1/8 w - - 6 34,g2g4,-835,-883,48
2N2k2/5ppp/r3p3/p7/b5P1/7P/5K2/8 w - - 0 35,h3h4,-900,-947,47
2N2k2/3b1ppp/r3p3/p7/6PP/8/5K2/8 w - - 1 36,h4h5,-949,-929,-20
2b2k2/5ppp/r3p3/p6P/6P1/8/5K2/8 w - - 0 37,g4g5,-948,-962,14
2b2k2/5ppp/3rp3/p5PP/8/8/5K2/8 w - - 1 38,h5h6,-904,-960,56
2b2k2/5ppp/3rp2P/6P1/p7/8/5K2/8 w - - 0 39,h6g7,-908,-971,63
2b5/5pkp/3rp3/6P1/p7/8/5K2/8 w - - 0 40,g5g6,-1113,-1205,92
rnbqkbnr/pppppppp/8/8/8/8/PPPPPPPP/RNBQKBNR w KQkq - 0 1,e2e4,39,27,-12
r1bqkbnr/ppp2ppp/2np4/1B2p3/4P3/5N2/PPPP1PPP/RNBQK2R w KQkq - 0 4,h2h3,61,28,-33
r1bqkb1r/ppp1nppp/2np4/1B2p3/4P3/5N1P/PPPP1PP1/RNBQK2R w KQkq - 1 5,c2c3,30,30,0
r1bqkb1r/ppp1n1pp/2np4/1B2pp2/4P3/2P2N1P/PP1P1PP1/RNBQK2R w KQkq - 0 6,d2d3,42,39,-3
r1bqkb1r/ppp1n1pp/2np4/1B2p3/4p3/2PP1N1P/PP3PP1/RNBQK2R w KQkq - 0 7,d3e4,31,29,-2
r6k/pppb2p1/2np3p/4p1r1/2B1P3/2P4P/PP1N1PPK/R4R2 w - - 0 20,f2f4,41,23,-18
7k/ppp3p1/4b1np/3p2r1/4P3/2P4P/PP1NBRPK/8 w - - 0 27,e4e5,222,-25,-247
7k/pppb2p1/6np/3pPr2/8/2P2N1P/PP2BRPK/8 w - - 3 29,g2g4,408,33,-375
rnbqkbnr/pppppppp/8/8/8/8/PPPPPPPP/RNBQKBNR w KQkq - 0 1,e2e4,39,41,2
r1bqkbnr/pppp1ppp/2n5/4p3/4P3/5N2/PPPP1PPP/RNBQKB1R w KQkq - 2 3,d2d3,39,-9,-48
r1bqkbnr/1ppp1ppp/p1n5/4p3/4P3/3P1N2/PPP2PPP/RNBQKB1R w KQkq - 0 4,c2c4,17,-7,-24
r1bqk2r/1pp2pp1/p1np1n1p/2b1p3/2P1P3/3P1N2/PP1BBPPP/RN1Q1RK1 w kq - 2 8,h2h3,-17,-21,4
r1bq1rk1/1pp2pp1/p1np3p/3np3/2P1P3/3P1N1P/PP2BPP1/R2Q1RK1 w - - 0 12,c4d5,22,27,5
r1bq1rk1/1pp1npp1/p2p3p/3Pp3/4P3/3P1N1P/PP2BPP1/R2Q1RK1 w - - 1 13,a2a4,21,-35,-56
r1bq1rk1/1p2npp1/p1pp3p/3Pp3/P3P3/3P1N1P/1P2BPP1/R2Q1RK1 w - - 0 14,b2b3,2,-201,-203
r1bq1rk1/1p2npp1/p2p3p/3pp3/P3P3/1P1P1N1P/4BPP1/R2Q1RK1 w - - 0 15,e4d5,-219,-213,-6
r1bq1rk1/1p3pp1/p2p3p/3np3/P7/1P1P1N1P/4BPP1/R2Q1RK1 w - - 0 16,d3d4,-233,-254,21
r2q1rk1/1p3pp1/p2p3p/3n1b2/P2Pp3/1P5P/3NBPP1/R2Q1RK1 w - - 2 18,g2g4,-256,-347,91
r5k1/1p3pp1/p2p1n1p/8/P2P2Pq/1P5P/3Q1P1K/4R3 w - - 3 26,f2f4,-472,-556,84
r5k1/1p3pp1/p2p1n1p/8/P2P1P1q/1P5P/3Q2K1/4R3 w - - 2 28,f4f5,-583,-627,44
4n1k1/1p3pp1/p2p3p/5P2/P2P3q/1P5P/3Q2K1/8 w - - 0 30,f5f6,-586,-659,73
6k1/1p3pp1/p2p1n1p/8/P2P3q/1P5P/3Q2K1/8 w - - 0 31,d4d5,-634,-735,101
8/1p4p1/2np1k1p/pK6/P7/1P5P/8/8 w - - 2 43,b3b4,-562,-753,191
8/1p4p1/2np1k1p/1K6/Pp6/7P/8/8 w - - 0 44,a4a5,-745,-826,81
8/1p4p1/2np1k1p/PK6/8/1p5P/8/8 w - - 0 45,a5a6,-877,-866,-11
8/6p1/2q1k2p/K2pn3/8/7P/8/8 w - - 0 53,h3h4,-1108,-1609,501
8/6p1/2q1k2p/K3n3/3p3P/8/8/8 w - - 0 54,h4h5,-10000,-10000,0
rnbqkbnr/pppppppp/8/8/8/8/PPPPPPPP/RNBQKBNR w KQkq - 0 1,e2e4,27,25,-2
rnbqkbnr/pp1ppppp/8/2p5/4P3/8/PPPP1PPP/RNBQKBNR w KQkq - 0 2,d2d3,38,-7,-45
rnbqkbnr/p2ppppp/1p6/2p5/4P3/3P4/PPP2PPP/RNBQKBNR w KQkq - 0 3,f2f4,28,3,-25
r2qk2r/pb1pppbp/1pn2np1/2p5/4PP2/3P1B2/PPP1N1PP/RNBQ1RK1 w kq - 4 8,c2c3,20,2,-18
r2q1rk1/pb3pbp/1pn1pnp1/2p5/4pPB1/2PP1QN1/PP4PP/RNB2RK1 w - - 0 12,d3e4,-126,-146,20
r4rk1/pb3pbp/1pn1p1p1/2p5/4PPQ1/2Pq2N1/PP4PP/RNB2RK1 w - - 1 14,e4e5,-144,-134,-10
3r1rk1/p4p1p/bp2p1pb/n1p1P3/5P2/2P5/PP1NNRPP/R1B3K1 w - - 5 19,g2g3,-188,-209,21
3r1r1k/p4pbp/bp2p3/2p1P3/2n1NB2/2P3P1/PP2NR1P/R5K1 w - - 5 24,b2b3,-134,-257,123
3r1r1k/p4p1p/bp2p3/2p1b3/4N3/1PP3P1/P3NR1P/R5K1 w - - 0 26,c3c4,-273,-729,456
5rk1/pb3p1R/1p2p3/2p3N1/2P5/1P4P1/P3r2P/b5K1 w - - 1 31,h2h4,-821,-1067,246
5rk1/pb3p1R/1p2p3/2p3N1/2Pb3P/1P4P1/P5r1/5K2 w - - 3 33,h4h5,-745,-954,209
5rk1/pb3p1R/1p2p3/2p3NP/2Pb4/1P4r1/P7/5K2 w - - 0 34,h5h6,-932,-1005,73
5r2/pb3p1k/1p2p2P/2p3r1/2Pb4/1P6/P3K3/8 w - - 0 36,a2a3,-1228,-10000,8772
5r2/p4p1k/1p2p2P/2p3r1/2Pbb3/PP6/4K3/8 w - - 1 37,b3b4,-10000,-10000,0
6r1/p4p1k/1p2p2P/2p5/1PPbb3/P7/6r1/5K2 w - - 3 39,b4c5,-10000,-10000,0
rnbqkbnr/pppppppp/8/8/8/8/PPPPPPPP/RNBQKBNR w KQkq - 0 1,e2e4,25,34,9
rnbqkbnr/ppp1pppp/8/3p4/4P3/8/PPPP1PPP/RNBQKBNR w KQkq - 0 2,e4d5,63,74,11
rnb1kbnr/ppp1pppp/8/q7/8/2N5/PPPP1PPP/R1BQKBNR w KQkq - 2 4,h2h3,98,34,-64
rnbqk2r/pp2bppp/2p1pn2/8/8/2N4P/PPPPBPPN/R1BQ1RK1 w kq - 6 9,d2d3,47,31,-16
1r2k1r1/pb1n3p/1pp1p1q1/5p2/8/2NP3P/PPP1QPP1/R4RK1 w - - 7 22,g2g3,-400,-430,30
4r3/p4k1p/1p1Qp1q1/2pb1p2/8/3PR1PP/PPP2P2/4R1K1 w - - 1 32,c2c4,457,461,4
8/pb2rk2/1p1Qp1q1/2p2p1p/2P5/3PR1PP/PP3P2/4R1K1 w - - 0 35,h3h4,540,430,-110
8/pb2rk2/1p1Qpq2/2p2p1p/2P4P/3PR1P1/PP3P2/4R1K1 w - - 1 36,a2a3,443,388,-55
8/pb2rk2/1p1Qp1q1/2p2p1p/2P4P/P2PR1P1/1P3P2/4R1K1 w - - 1 37,b2b4,547,474,-73
8/pb2rk2/1p1Qp1q1/5p1p/1pP4P/P2PR1P1/5P2/4R1K1 w - - 0 38,a3b4,499,477,-22
8/pb2rk2/1p1Qpq2/5p1p/1PP4P/3PR1P1/5P2/4R1K1 w - - 1 39,c4c5,503,386,-117
8/pb2rk2/3Qpq2/2p2p1p/1P5P/3PR1P1/5P2/4R1K1 w - - 0 40,b4c5,455,419,-36
8/p3rk2/3Qpq2/2Pb1p1p/7P/3PR1P1/5P2/4R1K1 w - - 1 41,c5c6,489,506,17
8/p3rk2/2PQp1q1/3b1p1p/7P/3PR1P1/5P2/4R1K1 w - - 1 42,c6c7,748,592,-156
3Q4/p1P1rk2/4p1q1/7p/5p1P/3P1bP1/5P2/4R1K1 w - - 0 45,c7c8q,10000,10000,0
rnbqkbnr/pppppppp/8/8/8/8/PPPPPPPP/RNBQKBNR w KQkq - 0 1,d2d4,27,23,-4
rnbqkbnr/ppp1pppp/8/3p4/3P4/8/PPP1PPPP/RNBQKBNR w KQkq - 0 2,c2c4,23,24,1
rnbqkbnr/ppp2ppp/4p3/3p4/2PP4/8/PP2PPPP/RNBQKBNR w KQkq - 0 3,e2e3,23,4,-19
rnbqkb1r/ppp2ppp/4pn2/3p4/2PP4/4P3/PP3PPP/RNBQKBNR w KQkq - 1 4,c4d5,5,-7,-12
rn1q1rk1/ppp1bppp/5n2/3p4/3P2b1/2NBPN2/PP3PPP/R1BQK2R w KQ - 6 8,h2h3,-12,-12,0
rn1q1rk1/ppp1bppp/5n2/3p3b/3P4/2NBPN1P/PP3PP1/R1BQK2R w KQ - 1 9,g2g4,-13,-30,17
r2q1rk1/pp1nbpp1/2p2np1/3pN3/3P2P1/2N1P2P/PP1B1P2/R2QK2R w KQ - 2 13,f2f4,-44,-50,6
r2q1rk1/pp2bpp1/2p2np1/3pn3/3P1PP1/2N1P2P/PP1B4/R2QK2R w KQ - 0 14,f4e5,-52,-104,52
r2q1rk1/pp3pp1/1np3p1/3pP3/3P2Pb/2N1PQ1P/PP1B4/R4RK1 w - - 5 17,b2b3,3,-136,-139
r2q1rk1/pp4p1/1np2pp1/3pP3/3P2Pb/1PN1PQ1P/P2B4/R4RK1 w - - 0 18,e5e6,-104,-181,77
r4rk1/pp4p1/1npqPpp1/3p4/3P2Pb/1PN1PQ1P/P2B4/R4RK1 w - - 1 19,e3e4,-205,-197,-8
r4rk1/pp4p1/1np1qpp1/3p4/3PP1Pb/1PN2Q1P/P2B4/R4RK1 w - - 0 20,e4d5,-191,-196,5
rnbqkbnr/pppppppp/8/8/8/8/PPPPPPPP/RNBQKBNR w KQkq - 0 1,e2e4,35,39,4
rnbqkbnr/ppp1pppp/8/3p4/4P3/8/PPPP1PPP/RNBQKBNR w KQkq - 0 2,e4e5,49,-9,-58
r1bqkbnr/ppp1pppp/2n5/3pP3/8/8/PPPP1PPP/RNBQKBNR w KQkq - 1 3,d2d4,45,44,-1
r2qkbnr/ppp2ppp/2n1p3/1B1pPb2/3P4/8/PPP2PPP/RNBQK1NR w KQkq - 0 5,f2f4,36,-39,-75
r2qkbnr/2p2pp1/p1p1p2p/3pPb2/3P1P2/5N2/PPP3PP/RNBQK2R w KQkq - 0 8,c2c3,16,-24,-40
r3kbnr/2pq2p1/p1p1pp1p/3pPb2/Q2P1P2/2P2N2/PP4PP/RNB1K2R w KQkq - 2 10,c3c4,19,-21,-40
r3kbnr/2pq4/p1p1pp1p/3pPbp1/Q1PP1P2/5N2/PP4PP/RNB1K2R w KQkq - 0 11,c4d5,274,-5,-279
1r3rk1/2pq4/p1p2p1b/3pPn1p/Q2P1Pp1/8/PP1BN1PP/2R2RK1 w - - 6 19,b2b3,168,168,0
1r4k1/2pqn3/prp2p1b/3pP2p/Q2P1Pp1/1P6/P1RBN1PP/2R3K1 w - - 5 22,e5f6,221,240,19
rnbqkbnr/pppppppp/8/8/8/8/PPPPPPPP/RNBQKBNR w KQkq - 0 1,e2e4,35,35,0
rnbqk1nr/ppp2pbp/3p2p1/4p3/2B1P3/2N2N2/PPPP1PPP/R1BQK2R w KQkq - 2 5,d2d3,38,26,-12
rnbqk2r/ppp2pbp/3p1np1/4p3/2B1P3/2NP1N2/PPP2PPP/R1BQK2R w KQkq - 1 6,h2h3,21,19,-2
rn1q1rk1/pp3pbp/2p2np1/4N1B1/4b3/1B1P3P/PPP2PP1/R2Q1RK1 w - - 0 12,d3e4,183,196,13
3q1rk1/pp3p1p/6p1/8/2Q1P2b/7P/P1P2PP1/4R1K1 w - - 1 24,e4e5,-422,-447,25
5rk1/pp5p/6p1/4PpQ1/8/7P/PqP2PP1/4R1K1 w - - 2 27,e5e6,164,141,-23
5rk1/pp5p/4P1p1/5pQ1/8/7P/P1q2PP1/4R1K1 w - - 0 28,e6e7,152,35,-117
2r5/pp2P1kp/6p1/5p2/8/7P/P4PP1/4R1K1 w - - 0 32,e7e8q,610,664,54
8/7p/7k/6p1/5p2/3R3P/P4PP1/6K1 w - - 0 39,a2a4,752,713,-39
8/7p/8/6pk/P4p2/3R3P/5PP1/6K1 w - - 1 40,a4a5,759,780,21
8/7p/8/P6k/5pp1/3R3P/5PP1/6K1 w - - 0 41,h3g4,805,851,46
8/7p/8/P7/5pk1/3R4/5PP1/6K1 w - - 0 42,a5a6,879,998,119
8/8/P7/7p/6k1/5R2/5PP1/6K1 w - - 0 44,a6a7,10000,10000,0
8/P7/8/8/6kp/5R2/5PP1/6K1 w - - 0 45,a7a8q,10000,10000,0
rnbqkbnr/pppppppp/8/8/8/8/PPPPPPPP/RNBQKBNR w KQkq - 0 1,d2d4,33,22,-11
rnbqkb1r/pppppppp/5n2/8/3P4/8/PPP1PPPP/RNBQKBNR w KQkq - 1 2,h2h3,22,4,-18
rnbqkb1r/pp1p1ppp/4pn2/2p5/3P4/5N1P/PPP1PPP1/RNBQKB1R w KQkq - 0 4,c2c3,6,-10,-16
rnbqkb1r/pp3ppp/4pn2/2pp4/3P4/2P2N1P/PP2PPP1/RNBQKB1R w KQkq - 0 5,a2a3,2,-24,-26
rnbqkb1r/5ppp/1p2pn2/p1pp4/3P4/P1P2N1P/1P1NPPP1/R1BQKB1R w KQkq - 0 7,d4c5,-20,-32,12
rnbqk2r/5ppp/1p2pn2/p1bp4/8/P1P2N1P/1P1NPPP1/R1BQKB1R w KQkq - 0 8,e2e3,-30,-33,3
rn1qk2r/3b1ppp/1p2pn2/p1bp4/8/P1P1PN1P/1P1N1PP1/R1BQKB1R w KQkq - 1 9,b2b4,4,-108,-112
rn1qk2r/3b1ppp/1p2pn2/2bp4/1p6/P1P1PN1P/3N1PP1/R1BQKB1R w KQkq - 0 10,c3b4,-117,-124,7
1r2qrk1/5pp1/4p2p/pN1p4/4n3/P3P2P/3B1PP1/1R2QRK1 w - - 3 22,a3a4,434,398,-36
5k2/5pp1/7p/3ppN2/2n5/4P2P/3q1PP1/5QK1 w - - 2 36,e3e4,0,-12,-12
8/5pk1/6pp/3pp3/4q3/Q6P/5PPK/8 w - - 0 42,f2f3,-403,-415,12
8/5pk1/6pp/3pp3/5q2/Q4P1P/6PK/8 w - - 1 43,g2g3,-422,-530,108
rnbqkbnr/pppppppp/8/8/8/8/PPPPPPPP/RNBQKBNR w KQkq - 0 1,d2d4,35,25,-10
rnbqkbnr/pppppp1p/6p1/8/3P4/8/PPP1PPPP/RNBQKBNR w KQkq - 0 2,e2e4,65,61,-4
rnbqk1nr/ppppppbp/6p1/8/3PP3/8/PPP2PPP/RNBQKBNR w KQkq - 1 3,c2c4,65,42,-23
rn1qk2r/pbp1npb1/1p1pp1pp/8/2PPPB2/2NB1N2/PPQ2PPP/R3K2R w KQkq - 2 9,h2h3,104,79,-25
rn1q1rk1/1bp1npb1/pp1pp1pp/8/2PPPB2/2NB1N1P/PPQ2PP1/2R1K2R w K - 2 11,b2b4,66,-2,-68
r2q1rk1/1bpnnpb1/pp1pp1pp/8/1PPPPB2/2NB1N1P/P1Q2PP1/2R1K2R w K - 1 12,a2a4,42,-102,-144
r2q1rk1/1bpnnpb1/pp1p2pp/4p3/PPPPPB2/2NB1N1P/2Q2PP1/2R1K2R w K - 0 13,d4e5,-31,-39,8
r2q1rk1/1b1nnpb1/pp4pp/2p1p3/PPP1P3/2NB1NBP/2Q2PP1/2R1K2R w K - 0 15,b4b5,62,67,5
r1bq1rk1/3nn1b1/1p4pp/pPpNpp2/P1P1P3/3B1NBP/2Q2PP1/2R2RK1 w - - 0 18,e4f5,273,277,4
r2q2k1/3n2b1/1p4Np/pPpbp1r1/P1P5/6BP/2Q2PP1/2R1R1K1 w - - 0 23,c4d5,345,345,0
4r2k/5qb1/1p3n1p/pPpP3r/P3pB1N/7P/3Q1PP1/4RRK1 w - - 4 37,g2g3,-156,-214,58
rnbqkbnr/pppppppp/8/8/8/8/PPPPPPPP/RNBQKBNR w KQkq - 0 1,e2e4,35,38,3
rnbqkbnr/pppp1ppp/8/4p3/4P3/8/PPPP1PPP/RNBQKBNR w KQkq - 0 2,f2f4,37,-60,-97
rnbqkbnr/ppp3pp/3p1p2/8/2B1Pp2/5N2/PPPP2PP/RNBQK2R w KQkq - 0 5,d2d4,127,119,-8
rnbqkbnr/ppp4p/3p1p2/6p1/2BPPp2/5N2/PPP3PP/RNBQK2R w KQkq - 0 6,h2h3,124,98,-26
rn1qkbnr/pppb3p/3p1p2/3N2p1/2BPPp2/5N1P/PPP3P1/R1BQK2R w KQkq - 5 9,e4e5,460,273,-187
rn1qkb1r/pp1b3p/2pp1n2/4P1p1/2BP1p2/5N1P/PPP3P1/R1BQK2R w KQkq - 0 11,e5f6,202,56,-146
2krr3/pp2b2p/2p2q2/3pn1p1/3P1p2/2BR3P/PPP1Q1P1/2K1R3 w - - 0 20,d4e5,-164,-150,-14
2krr3/pp2b2p/2p5/3pPqp1/5p2/2BR3P/PPP1Q1P1/2K1R3 w - - 1 21,e5e6,-146,-210,64
rnbqkbnr/pppppppp/8/8/8/8/PPPPPPPP/RNBQKBNR w KQkq - 0 1,e2e4,38,38,0
rnbqkbnr/pp3ppp/2pp4/4p3/4P3/2N2N2/PPPP1PPP/R1BQKB1R w KQkq - 0 4,b2b3,82,22,-60
rnbqkbnr/pp4pp/2pp4/4pp2/4P3/1PN2N2/P1PP1PPP/R1BQKB1R w KQkq - 0 5,e4f5,23,1,-22
rn1qkb1r/pp4pp/2pp1n2/4pbN1/8/1PN5/P1PP1PPP/R1BQKB1R w KQkq - 2 7,d2d4,-57,-50,-7
r7/p2kb1pp/p1pp1n2/5b2/8/1PN5/P4PPP/R1B2RK1 w - - 0 16,a2a4,157,-153,-310
r7/p2k2pp/p1p2n2/5b2/P7/RPNp4/5PPP/3R2K1 w - - 0 20,b3b4,98,39,-59
r7/p1k3pp/p1p2n2/5b2/PP6/R1Np4/5PPP/3R2K1 w - - 1 21,b4b5,122,-3,-125
r7/p1k3pp/2p2n2/1p3b2/P7/R1Np4/5PPP/3R2K1 w - - 0 22,a4b5,189,191,2
r7/p1k3pp/5n2/1Pp2b2/8/R1Np4/5PPP/3R2K1 w - - 0 23,g2g4,217,109,-108
r7/p1k3pp/5nb1/1Pp5/6P1/R1Np4/5P1P/3R2K1 w - - 1 24,f2f4,195,115,-80
8/R5pp/6r1/1Pp5/2k2P2/4n3/7P/1R5K w - - 3 35,b5b6,532,582,50
8/R5pp/1P4r1/2p5/5Pn1/2k5/1R5P/7K w - - 3 37,b6b7,589,545,-44
rnbqkbnr/pppppppp/8/8/8/8/PPPPPPPP/RNBQKBNR w KQkq - 0 1,e2e4,31,39,8
rnbqk1nr/pp1pppbp/6p1/2p5/2B1P3/5N2/PPPP1PPP/RNBQK2R w KQkq - 2 4,d2d4,32,18,-14
rnbqk1nr/pp2ppbp/3p2p1/2p5/2BPP3/5N2/PPP2PPP/RNBQK2R w KQkq - 0 5,d4c5,111,105,-6
rnb2rk1/pp3pbp/3pp1p1/2q5/4P1n1/1BN2N2/PPPQ1PPP/R1BR2K1 w - - 2 11,h2h3,127,116,-11
rnb2rk1/1p2q1bp/p3ppp1/4p3/4P1Q1/1BN4P/PPP2PP1/R1BR2K1 w - - 0 16,a2a3,297,79,-218
r3r1k1/1b2q1bp/p1n1ppp1/1p2p3/4P1Q1/PB2B2P/1PPRNPP1/R5K1 w - - 4 20,f2f3,88,32,-56
5k2/1b4bp/p1nr2p1/1p2pp2/4P3/PB2BP1P/1PP1NKP1/R7 w - - 0 26,e4f5,537,283,-254
rnbqkbnr/pppppppp/8/8/8/8/PPPPPPPP/RNBQKBNR w KQkq - 0 1,d2d4,36,24,-12
rnbqkbnr/pppp1ppp/4p3/8/3P4/8/PPP1PPPP/RNBQKBNR w KQkq - 0 2,e2e4,42,35,-7
r1bqkbnr/pppp1ppp/2n1p3/8/3PP3/8/PPP2PPP/RNBQKBNR w KQkq - 1 3,e4e5,99,-4,-103
r1bq1rk1/2p3pp/p1p1pn2/3pb3/3P4/2NB1Q2/PPP2PPP/R4RK1 w - - 0 13,d4e5,147,158,11
8/6p1/2k2r2/2p1p3/3p4/8/5PPP/1R1R2K1 w - - 0 37,f2f3,309,281,-28
8/6p1/2r5/2pkp3/3p4/5P2/5KPP/1R1R4 w - - 3 39,h2h4,355,385,30
8/6p1/2r5/3kp3/2pp3P/5P2/5KP1/1R1R4 w - - 0 40,g2g4,403,254,-149
8/8/2r3p1/3kp3/2p3PP/3pKP2/8/1R1R4 w - - 0 42,h4h5,436,421,-15
8/8/2r5/3kp2p/2p3P1/3pKP2/8/1R1R4 w - - 0 43,g4h5,394,450,56
8/8/7r/4p2P/1kp5/3pKP2/8/2R4R w - - 5 46,f3f4,421,331,-90
8/8/3r4/7P/1k6/2p1K3/2Rp4/7R w - - 2 50,h5h6,0,-7,-7
8/8/7P/8/1k6/2p1K3/2R5/3r4 w - - 0 52,h6h7,0,-416,-416
rnbqkbnr/pppppppp/8/8/8/8/PPPPPPPP/RNBQKBNR w KQkq - 0 1,e2e4,36,35,-1
rnbqkbnr/p1pppppp/1p6/8/4P3/8/PPPP1PPP/RNBQKBNR w KQkq - 0 2,c2c3,82,18,-64
rn1qkbnr/p1pppppp/bp6/8/4P3/2P5/PP1P1PPP/RNBQKBNR w KQkq - 1 3,d2d3,131,35,-96
r3k1nr/p1pp1ppp/b1nq4/1pb1p3/4P3/1NPP1N2/PP2BPPP/R1BQ1RK1 w kq - 0 9,a2a4,361,313,-48
r3k1nr/p1pp1ppp/1bnq4/1b2p3/4P3/1NPP1N2/1P2BPPP/R1BQ1RK1 w kq - 3 12,c3c4,528,480,-48
r3k1nr/p1pp1ppp/1bnq4/4p3/2b1P3/1N1P1N2/1P2BPPP/R1BQ1RK1 w kq - 0 13,d3c4,493,486,-7
r3k1r1/p1p2p1p/1bnp1q1p/4p3/2P1P3/1N6/1P1QBPPP/R3NR1K w q - 4 20,f2f3,626,485,-141
2k3r1/p1p2p1p/1bnp1qrp/4p3/2P1P3/1N1N1P2/1P1QB1PP/2R2R1K w - - 5 23,c4c5,385,248,-137
2k3r1/p1p2p1p/1b3qrp/2N1p3/3nP3/3N1P2/1P1QB1PP/2R2R1K w - - 1 25,b2b4,391,-19,-410
2k5/p1p2p1p/1b5p/2N1pq2/1P2P3/3N4/4B1rP/2R4K w - - 0 31,e4f5,339,333,-6
3k4/p1p5/8/5Pp1/1P2R3/1r2p3/7P/7K w - - 4 45,f5f6,-3,-4,1
3k4/p1p5/5P2/6p1/1r6/8/4R1KP/8 w - - 0 48,f6f7,513,533,20
rnbqkbnr/pppppppp/8/8/8/8/PPPPPPPP/RNBQKBNR w KQkq - 0 1,d2d4,34,25,-9
rnbqkbnr/ppp1pppp/8/3p4/3P4/8/PPP1PPPP/RNBQKBNR w KQkq - 0 2,c2c4,29,29,0
rn1qkb1r/ppp2ppp/4pn2/3p1bB1/2PP4/2N5/PP2PPPP/R2QKBNR w KQkq - 0 5,c4d5,122,109,-13
rn1qk2r/ppp1bppp/4pn2/3P1bB1/3P4/2N5/PP2PPPP/R2QKBNR w KQkq - 1 6,d5e6,203,197,-6
rn1qk2r/ppp1bppp/4bn2/6B1/3P4/2N5/PP2PPPP/R2QKBNR w KQkq - 0 7,a2a3,201,114,-87
r2qk2r/ppp2ppp/2n1bb2/8/3P4/P1N5/1P2PPPP/R2QKBNR w KQkq - 0 9,d4d5,159,-165,-324
r2qk2r/ppp2ppp/2n1b3/3P4/8/P1b5/1P2PPPP/R2QKBNR w KQkq - 0 10,b2c3,-163,-143,-20
r2q1rk1/ppp2ppp/2n5/3b4/8/P1P2N2/4PPPP/R2QKB1R w KQ - 2 12,e2e3,-110,-247,137
r2q2k1/pp3ppp/2p5/3br3/8/P1P1P3/4BPPP/R2Q1RK1 w - - 0 16,f2f4,-19,-288,269
r2q2k1/pp3ppp/2p5/3b4/5P2/P1P1r3/4B1PP/R2Q1RK1 w - - 0 17,c3c4,-304,-339,35
1r4k1/pp1R1p1p/2p3p1/8/2b2P2/P4B2/5KPP/8 w - - 2 24,h2h3,-209,-245,36
1r3k2/pp1R1p1p/2p3p1/8/2b2P2/P4B1P/5KP1/8 w - - 1 25,g2g4,-346,-336,-10
1r2k3/pp3p1p/2p3p1/1b6/3R1PP1/P4B1P/5K2/8 w - - 7 29,a3a4,-227,-226,-1
1r2k3/pp3p1p/b1p3p1/8/P2R1PP1/5B1P/5K2/8 w - - 1 30,h3h4,-245,-313,68
3r1k2/pp3p1p/b1p3p1/8/P3RPPP/5B2/5K2/8 w - - 3 32,g4g5,-305,-296,-9
8/4kp1R/1p4p1/5bP1/p6P/6K1/8/8 w - - 0 47,h4h5,-102,-288,186
rnbqkbnr/pppppppp/8/8/8/8/PPPPPPPP/RNBQKBNR w KQkq - 0 1,e2e4,41,39,-2
rnbqkbnr/ppp1pppp/8/3p4/4P3/8/PPPP1PPP/RNBQKBNR w KQkq - 0 2,e4d5,79,66,-13
rnbqkbnr/ppp2ppp/4p3/3P4/8/8/PPPP1PPP/RNBQKBNR w KQkq - 0 3,d5e6,112,110,-2
rn1qk2r/ppp2ppp/4bn2/2b5/8/2N2N2/PPPP1PPP/R1BQKB1R w KQkq - 4 6,h2h3,166,106,-60
r2qr1k1/ppp2ppp/2n1bn2/2b5/8/2N2N1P/PPPPBPP1/R1BQ1RK1 w - - 5 9,a2a3,92,-38,-130
r2qr1k1/ppp2ppp/4bn2/2b5/3n4/P1N2N1P/1PPPBPP1/R1BQ1RK1 w - - 1 10,b2b4,47,-14,-61
r2qr1k1/ppp2ppp/3bbn2/8/1P6/P4N1P/2PPNPP1/R1BQ1RK1 w - - 1 12,d2d3,20,17,-3
r2qr1k1/ppp2ppp/3b4/3b3n/1P1N4/P2P1N1P/2P2PP1/R1BQ1RK1 w - - 3 14,c2c4,142,154,12
3q2k1/2p4p/6p1/2Q2p2/1PP5/r1bP3P/5PP1/3R2K1 w - - 0 26,b4b5,-237,-276,39
6k1/2p1q2p/6p1/1P3p2/2Pb4/1Q1P3P/5PP1/6K1 w - - 4 30,c4c5,-296,-481,185
8/2p3kp/6p1/1PP2p2/8/3P3P/2Q2bPK/4q3 w - - 0 33,b5b6,-748,-10000,9252
rnbqkbnr/pppppppp/8/8/8/8/PPPPPPPP/RNBQKBNR w KQkq - 0 1,e2e4,38,40,2
r1bqkbnr/pppp2pp/2n2p2/4p3/2B1P3/5Q2/PPPP1PPP/RNB1K1NR w KQkq - 2 4,c2c3,115,22,-93
r1bqk1nr/pppp2pp/2n2p2/4p3/1bB1P3/2P2Q2/PP1P1PPP/RNB1K1NR w KQkq - 1 5,c3b4,331,325,-6
r1bq1rk1/3p2pp/2p2p1n/1p2p3/pn2P3/2N2Q1N/PP1P1PPP/R1BBK2R w KQ - 2 12,d2d3,374,351,-23
r1b2rk1/5npp/2p2p2/qp1pp3/pn2P3/2NP2QN/PP3PPP/R1BB1RK1 w - - 0 15,e4d5,490,404,-86
r1b2rk1/5npp/5p2/qp1pp3/pn6/2NP2QN/PP3PPP/R1BB1RK1 w - - 0 16,a2a3,399,403,4
r1b2rk1/5npp/5p2/q3p3/pn6/P2P2QN/1P3PPP/R1BB1RK1 w - - 0 19,a3b4,381,375,-6
rnbqkbnr/pppppppp/8/8/8/8/PPPPPPPP/RNBQKBNR w KQkq - 0 1,d2d4,39,22,-17
rnbqkbnr/p1pppppp/1p6/8/3P4/8/PPP1PPPP/RNBQKBNR w KQkq - 0 2,e2e4,83,84,1
rn2kbnr/pbpp1pp1/1p2p1q1/6Bp/3PP3/3B1N2/PPP2PPP/RN1Q1RK1 w kq - 2 7,e4e5,254,220,-34
rn2kbnr/pbpp2p1/1p2p1q1/4PpBp/3P4/3B1N2/PPP2PPP/RN1Q1RK1 w kq f6 0 8,e5f6,631,635,4
rn2kbnr/pbpp1qp1/1p2pP2/6Bp/3P4/3B1N2/PPP2PPP/RN1Q1RK1 w kq - 1 9,f6g7,638,198,-440
rn2k1nr/pbpp1qb1/1p2p3/6Bp/3P4/3B1N2/PPP2PPP/RN1Q1RK1 w kq - 0 10,c2c3,243,128,-115
rn2k2r/p1ppnqb1/1p2p3/6Bp/3P4/2PB1b2/PP3PPP/RN1QR1K1 w kq - 0 12,g2f3,90,1,-89
1k4rr/p1pp1qb1/Bpn1p3/5n2/3P4/2P2PN1/PP3P1P/R2QR1K1 w - - 1 19,b2b4,-565,-561,-4
1k4rr/p1pp1qb1/Bpn1p3/8/1P1P4/2P2Pn1/P4P1P/R2QR1K1 w - - 0 20,f2g3,-434,-434,0
1k4rr/p1pp2b1/Bpn1p3/8/1P1P4/2q3P1/P5RP/R2Q2K1 w - - 0 23,b4b5,-654,-718,64
1k4rr/p1pp4/Bpn1p3/1P6/8/6P1/P5RP/b6K w - - 0 26,b5c6,-669,-650,-19
1k3r2/p1p5/1p2R3/8/8/4K1P1/r3B2P/8 w - - 2 38,h2h4,-388,-481,93
1k4r1/p1p5/1p2R3/8/7P/4K1P1/r3B3/8 w - - 1 39,g3g4,-324,-388,64
rnbqkbnr/pppppppp/8/8/8/8/PPPPPPPP/RNBQKBNR w KQkq - 0 1,e2e4,33,40,7
rnbqkbnr/pp2pppp/3p4/2p5/4P3/5N2/PPPP1PPP/RNBQKB1R w KQkq - 0 3,c2c3,48,6,-42
r1b1kbnr/ppq1pppp/2np4/1Bp5/4P3/2P2N2/PP1P1PPP/RNBQK2R w KQkq - 3 5,d2d4,76,70,-6
r1b1kbnr/p1q1pppp/1pnp4/1Bp5/3PP3/2P2N2/PP3PPP/RNBQK2R w KQkq - 0 6,d4d5,551,543,-8
r3kbnr/pbq1pppp/1pnp4/1BpP4/4P3/2P2N2/PP3PPP/RNBQK2R w KQkq - 1 7,d5c6,534,533,-1
3rkb1r/p3pppp/1pqp4/2p3B1/4P1n1/2PQ1N2/PP3PPP/RN2R1K1 w k - 10 14,h2h3,582,572,-10
3qkb1r/p3p3/5p1p/1p2p1p1/2p1P3/2P2NBP/PP2QPP1/4R1K1 w k - 0 24,h3h4,603,493,-110
4kb1r/p3p3/5p1p/qp2p1p1/2p1P2P/2P2NB1/PP2QPP1/4R1K1 w k - 1 25,a2a3,626,486,-140
4kb1r/p7/4pp1p/qp2p1p1/2p1P2P/P1P2NB1/1P2QPP1/4R1K1 w k - 0 26,h4g5,542,372,-170
rnbqkbnr/pppppppp/8/8/8/8/PPPPPPPP/RNBQKBNR w KQkq - 0 1,e2e4,30,34,4
r1bqkbnr/1p1ppppp/p7/2pB4/1n2P3/8/PPPP1PPP/RNBQK1NR w KQkq - 4 5,c2c4,0,-436,-436
r1bqkbnr/1p1p1ppp/p3p3/2pB4/1nP1P3/8/PP1P1PPP/RNBQK1NR w KQkq - 0 6,a2a3,-239,-506,267
r1bqkbnr/1p1p1ppp/p7/2pp4/1nP1P3/P7/1P1P1PPP/RNBQK1NR w KQkq - 0 7,a3b4,-133,-137,4
r1bqkbnr/1p1p1ppp/p7/2p5/1PP1p3/8/1P1P1PPP/RNBQK1NR w KQkq - 0 8,b4c5,-133,-104,-29
r1b1k1nr/1p1p1ppp/p7/2b3q1/2P1p3/2N5/1P1P1PPP/R1BQK1NR w KQkq - 2 10,g2g3,-80,-131,51
r1b1k1nr/1p1p1p1p/p5p1/2b1q3/2P1N3/6P1/1P1P1P1P/R1BQK1NR w KQkq - 1 12,d2d3,173,-128,-301
rnbqkbnr/pppppppp/8/8/8/8/PPPPPPPP/RNBQKBNR w KQkq - 0 1,e2e4,32,42,10
rnbqkbnr/pppp1ppp/8/4p3/4P3/8/PPPP1PPP/RNBQKBNR w KQkq - 0 2,f2f4,37,-77,-114
rnb1kbnr/ppppqppp/8/8/4Pp2/5N2/PPPP2PP/RNBQKB1R w KQkq - 2 4,e4e5,42,-108,-150
rnb1kbnr/ppp1qppp/3p4/4P3/5p2/5N2/PPPP2PP/RNBQKB1R w KQkq - 0 5,d2d4,-61,-76,15
rnb1kbnr/ppp1qppp/8/4p3/3P1p2/5N2/PPP3PP/RNBQKB1R w KQkq - 0 6,d4e5,-58,-113,55
rnb1kbnr/ppp1qp1p/8/4P1p1/5p2/5N2/PPP3PP/RNBQKB1R w KQkq - 0 7,h2h3,-97,-213,116
2kr1bnr/pppbqp2/2n5/4P2p/5B2/5B2/PPP3pN/RN1QR1K1 w - - 4 14,c2c3,-367,-480,113
rnbqkbnr/pppppppp/8/8/8/8/PPPPPPPP/RNBQKBNR w KQkq - 0 1,d2d4,36,22,-14
rnbqkb1r/pppppppp/5n2/8/3P4/8/PPP1PPPP/RNBQKBNR w KQkq - 1 2,c2c4,14,15,1
rnbqk2r/ppp1ppbp/3p1np1/8/2PP4/2N2N2/PP2PPPP/R1BQKB1R w KQkq - 0 5,e2e4,39,43,4
rnbq1rk1/ppp1ppbp/3p1np1/8/2PPP3/2N2N2/PP3PPP/R1BQKB1R w KQ - 1 6,h2h3,38,38,0
r1bq1rk1/pp1nppbp/3p1np1/2p5/2PPP3/2NB1N1P/PP3PP1/R1BQK2R w KQ - 0 8,d4d5,96,103,7
r1bq1rk1/1p1nppbp/p2p1np1/2pP4/2P1P3/2NB1N1P/PP3PP1/R1BQK2R w KQ - 0 9,a2a4,111,113,2
r1bqnrk1/1p1n2bp/p2p2p1/2pPpp2/P1P1P3/2NBBN1P/1P3PP1/R2Q1RK1 w - - 0 12,e4f5,80,90,10
r2qnrk1/1p4bp/p2pbn2/2pPpp2/P1P5/2NBB2P/1P3PP1/R2Q1RK1 w - - 0 15,d5e6,20,12,-8
r3nrk1/1p2q1bp/p2pPn2/2p1p3/P1P2p2/2NB3P/1P1B1PP1/R2Q1RK1 w - - 2 17,g2g4,114,112,-2
rnbqkbnr/pppppppp/8/8/8/8/PPPPPPPP/RNBQKBNR w KQkq - 0 1,e2e4,30,34,4
r1b1k1nr/p1pp1ppp/2p5/2b1q3/4P3/5Q2/PPPP1PPP/RNB1K2R w KQkq - 0 7,c2c3,-422,-478,56
r1b1k1nr/p1p2ppp/1bpp4/4q3/4P3/2P2Q2/PP1P1PPP/RNB2RK1 w kq - 0 9,d2d4,-445,-439,-6
r1b1k2r/p1p2ppp/1bpp1n2/8/3PP3/2P5/PP3PPP/RNB2RK1 w kq - 0 11,e4e5,-494,-507,13
r3k2r/p1p2ppp/1bppb3/3nP3/3P4/2P5/PP3PPP/RNB1R1K1 w kq - 3 13,e5d6,-464,-517,53
r3r1k1/5ppp/1pppb3/8/3P4/2P1R3/PP3PPP/R5K1 w - - 1 19,b2b3,-482,-505,23
r3r1k1/5ppp/2ppb3/1p6/3P4/1PP1R3/P4PPP/R5K1 w - - 0 20,c3c4,-467,-487,20
r3r1k1/5ppp/2ppb3/8/2pP4/1P2R3/P4PPP/R5K1 w - - 0 21,b3c4,-506,-522,16
4r1k1/5ppp/2pp4/8/2bP4/8/P4PPP/R5K1 w - - 0 23,h2h3,-486,-513,27
rnbqkbnr/pppppppp/8/8/8/8/PPPPPPPP/RNBQKBNR w KQkq - 0 1,e2e4,27,33,6
rnbqkbnr/pppp1ppp/8/4p3/4P3/8/PPPP1PPP/RNBQKBNR w KQkq - 0 2,g2g3,33,-62,-95
r1bqk1nr/pppp1ppp/2n5/2b1p3/4P3/6P1/PPPP1PBP/RNBQK1NR w KQkq - 3 4,d2d3,12,8,-4
r1bqk2r/ppp2pp1/2np1n1p/2b1p3/4P3/3P2P1/PPP1NPBP/RNBQ1RK1 w kq - 0 7,h2h3,6,2,-4
r1bq1rk1/ppp2pp1/2np3p/2n1p3/4P3/3P2PP/PPP1NPB1/RN1Q1RK1 w - - 0 10,a2a3,56,16,-40
r2q1rk1/1ppb1pp1/p1np3p/2n1p3/4P3/P2P2PP/1PPNNPB1/R2Q1RK1 w - - 2 12,f2f4,34,33,-1
r2q1rk1/1ppb2p1/p1np1p1p/2n1p3/4PP2/P2P2PP/1PPNN1B1/R2Q1RK1 w - - 0 13,f4f5,39,22,-17
r2q1rk1/2pb2p1/p1np1p1p/1pn1pP2/4P3/P2P2PP/1PPNN1B1/R2Q1RK1 w - - 0 14,c2c3,41,11,-30
r2q1rk1/1npb2p1/p1np1p1p/1p2pP2/4P3/P1PP2PP/1P1NN1B1/R2Q1RK1 w - - 1 15,g3g4,60,66,6
r2q1rk1/1n2n1p1/p1b2p1p/1pp1pP2/3pP1P1/P1PP1NNP/1P2Q1B1/3R1RK1 w - - 0 20,c3d4,89,88,-1
r2q1rk1/1n2n1p1/p1b2p1p/1p2pP2/3pP1P1/P2P1NNP/1P2Q1B1/3R1RK1 w - - 0 21,h3h4,83,93,10
r2q1rk1/4n1p1/p1bn1p1p/1p2pP2/3pP1PP/P2P1NN1/1P2Q1B1/3R1RK1 w - - 1 22,g4g5,137,112,-25
r2q1rk1/4n1p1/p1bn3p/1p2pPp1/3pP2P/P2P1NN1/1P2Q1B1/3R1RK1 w - - 0 23,h4g5,320,319,-1
5rk1/4q1p1/p1b4n/1p2pnNQ/3pP3/P2P4/1P4B1/5RK1 w - - 0 30,e4f5,223,-18,-241
8/6pk/p3N3/1p2pP2/3pK3/Pr6/8/8 w - - 2 50,f5f6,-593,-646,53
rnbqkbnr/pppppppp/8/8/8/8/PPPPPPPP/RNBQKBNR w KQkq - 0 1,e2e4,34,29,-5
rnbqkbnr/pp1ppppp/8/2p5/4P3/8/PPPP1PPP/RNBQKBNR w KQkq - 0 2,b2b3,37,-10,-47
r1b1kb1r/pp3ppp/2n1pq2/2pp4/4P3/1PN2N2/P1PP1PPP/R2QKB1R w KQkq - 0 7,e4d5,59,41,-18
r1b2b1r/pp2kppp/8/4q3/2B5/1P2p3/P1PP1PPP/R2Q1RK1 w - - 0 14,d2e3,-120,-208,88
7r/pp2k1bp/4p1p1/4q3/8/1P1QP3/P1P2PPP/3R2K1 w - - 2 20,g2g3,64,-261,-325
7r/ppq1k1bp/4p1p1/8/8/1P1QP1P1/P1P2P1P/3R2K1 w - - 1 21,c2c4,-253,-246,-7
8/pp2k1bp/4p1p1/8/2P5/1Pq1P1P1/P4P1P/1Q4K1 w - - 5 26,a2a4,-74,-399,325
8/p6p/1p1k2p1/4p3/P1P1K3/1P2P1P1/1b3P1P/8 w - - 0 31,f2f4,-312,-334,22
8/p6p/1p1k2p1/8/P1P1Kp2/1P2P1P1/1b5P/8 w - - 0 32,e3f4,-355,-369,14
8/p6p/1p4p1/8/PkP2P2/1Pb3P1/2K4P/8 w - - 5 35,h2h3,-390,-540,150
8/p6p/1p4p1/8/PkP2P2/1P4PP/2K5/4b3 w - - 1 36,g3g4,-527,-573,46
8/p6p/1p4p1/8/PkP2PP1/1P4bP/2K5/8 w - - 1 37,f4f5,-493,-528,35
8/p6p/1p6/5p2/PkP3P1/1P4bP/2K5/8 w - - 0 38,g4f5,-531,-535,4
8/p6p/1p6/4bP2/PkP5/1P5P/2K5/8 w - - 1 39,h3h4,-489,-543,54
8/p6p/1p6/2k1bP2/P1P4P/1P6/2K5/8 w - - 1 40,h4h5,-420,-449,29
8/p6p/1p3k2/4bP1P/P1P1K3/1P6/8/8 w - - 5 43,b3b4,-312,-369,57
8/p7/1p3k1p/4bP1P/PPP1K3/8/8/8 w - - 0 44,c4c5,-210,-368,158
8/p7/5k1p/2p1bP1P/PP2K3/8/8/8 w - - 0 45,b4c5,-367,-409,42
8/p1b5/5k1p/2P2P1P/P3K3/8/8/8 w - - 1 46,c5c6,-36,-417,381
8/p7/1bPK3p/6kP/P7/8/8/8 w - - 2 49,c6c7,0,0,0
8/p1K5/7p/7k/P7/8/8/8 w - - 0 51,a4a5,0,0,0
8/p1K5/7p/P7/6k1/8/8/8 w - - 1 52,a5a6,0,0,0
8/1K6/P7/8/6k1/8/7p/8 w - - 0 56,a6a7,-8,-4,-4
rnbqkbnr/pppppppp/8/8/8/8/PPPPPPPP/RNBQKBNR w KQkq - 0 1,d2d4,33,16,-17
rnbqkbnr/ppppp1pp/8/5p2/3P4/8/PPP1PPPP/RNBQKBNR w KQkq - 0 2,c2c4,47,48,1
rnbqkbnr/pppp2pp/4p3/5p2/2PP4/8/PP2PPPP/RNBQKBNR w KQkq - 0 3,a2a3,48,51,3
rnbqkbnr/ppp3pp/4p3/3p1p2/2PP4/P7/1P2PPPP/RNBQKBNR w KQkq - 0 4,c4c5,79,7,-72
rnbqkbnr/p1p3pp/1p2p3/2Pp1p2/3P4/P7/1P2PPPP/RNBQKBNR w KQkq - 0 5,b2b4,39,43,4
rnbqkbnr/p1p3pp/4p3/2pp1p2/1P1P4/P7/4PPPP/RNBQKBNR w KQkq - 0 6,b4c5,37,18,-19
rnbqkbnr/p1p3pp/8/2Pppp2/3P4/P7/4PPPP/RNBQKBNR w KQkq - 0 7,e2e3,20,8,-12
rnbqkbnr/p1p3pp/8/2Pp1p2/3p4/P3P3/5PPP/RNBQKBNR w KQkq - 0 8,e3d4,93,90,-3
1R6/2p2k1p/p3q1p1/2Pp4/3Bpr2/P7/4QPPP/6K1 w - - 6 27,g2g3,511,458,-53
4q3/2R5/pQ4p1/2Ppk2p/4p1r1/P5P1/5P1P/6K1 w - - 0 33,f2f4,428,68,-360
rnbqkbnr/pppppppp/8/8/8/8/PPPPPPPP/RNBQKBNR w KQkq - 0 1,g2g4,26,-126,-152
rnbqkbnr/pppppppp/8/8/8/8/PPPPPPPP/RNBQKBNR w KQkq - 0 1,e2e4,30,35,5
rnbqkbnr/ppp2ppp/3p4/4p3/4P3/5N2/PPPP1PPP/RNBQKB1R w KQkq - 0 3,d2d4,38,50,12
r1bqkbnr/pppn1pp1/3p3p/4p3/2BPP3/5N2/PPP2PPP/RNBQK2R w KQkq - 0 5,d4e5,145,108,-37
rnbqkbnr/pppppppp/8/8/8/8/PPPPPPPP/RNBQKBNR w KQkq - 0 1,d2d3,31,-15,-46
rnbqkbnr/pp1ppppp/2p5/8/8/3P4/PPP1PPPP/RNBQKBNR w KQkq - 0 2,e2e4,15,9,-6
rnbqkbnr/pp2pppp/2pp4/8/4P3/3P4/PPP2PPP/RNBQKBNR w KQkq - 0 3,f2f3,30,-8,-38
rnbqkbnr/pp3ppp/2ppp3/8/4P3/3P1P2/PPP3PP/RNBQKBNR w KQkq - 0 4,g2g3,18,14,-4
rnbqkbnr/pp4pp/2pppp2/8/4P3/3P1PP1/PPP4P/RNBQKBNR w KQkq - 0 5,b2b3,39,-5,-44
rnbqk2r/pp2b1pp/2pppp1n/8/4P3/1P1P1PP1/PBP4P/RN1QKBNR w KQkq - 3 7,c2c3,-20,-63,43
rnbqk2r/pp2bnpp/2pppp2/8/4P3/1PPP1PP1/PB5P/RN1QKBNR w KQkq - 1 8,c3c4,-43,-78,35
rn1qk2r/pp1bbnpp/2pppp2/8/2P1P3/1P1P1PP1/PB5P/RN1QKBNR w KQkq - 1 9,d3d4,1,-8,-9
rn1qk2r/p2bbnpp/1pp1pp2/3p4/2PPP3/1P3PP1/PB4BP/RN1QK1NR w KQkq - 0 11,e4d5,38,20,-18
rn1qk2r/p2bbnpp/1p2pp2/3p4/2PP4/1P3PP1/PB4BP/RN1QK1NR w KQkq - 0 12,c4d5,20,25,5
rn1qk2r/p2bbnpp/1p3p2/3p4/3P4/1P3PP1/PB4BP/RN1QK1NR w KQkq - 0 13,f3f4,15,-15,-30
8/6pp/5pk1/BN6/5P2/5NP1/P2K3P/5R2 w - - 1 31,a2a4,1043,1009,-34
8/7p/5k2/B3Npp1/P2N1P2/6P1/3K3P/5R2 w - - 0 34,f4g5,998,976,-22
8/5Nk1/8/5R2/P2N3B/6P1/3K3P/8 w - - 1 39,g3g4,10000,1142,-8858
8/7k/8/4NR2/P2N2PB/8/3K3P/8 w - - 7 43,a4a5,10000,10000,0
8/8/7k/P3NR2/3N2PB/8/3K3P/8 w - - 1 44,a5a6,10000,10000,0
6k1/8/P4R2/4N3/3N2PB/8/3K3P/8 w - - 3 46,a6a7,10000,10000,0
7k/P7/5R2/4N3/3N2PB/8/3K3P/8 w - - 1 47,a7a8q,10000,10000,0
rnbqkbnr/pppppppp/8/8/8/8/PPPPPPPP/RNBQKBNR w KQkq - 0 1,e2e4,32,29,-3
rnbqkbnr/ppp1pppp/8/3p4/4P3/8/PPPP1PPP/RNBQKBNR w KQkq - 0 2,e4d5,71,68,-3
rnbqkb1r/pp2pp1p/2p2np1/8/8/1BN5/PPPP1PPP/R1BQK1NR w KQkq - 0 7,d2d4,25,23,-2
rnbqk2r/pp2ppbp/2p2np1/8/3P4/1BN5/PPP2PPP/R1BQK1NR w KQkq - 1 8,d4d5,25,-65,-90
rn1qk2r/pp2ppbp/2p2np1/3P4/6b1/1BN5/PPP2PPP/R1BQK1NR w KQkq - 1 9,d5c6,-11,-366,355
rn1qk2r/pp2ppbp/2P2np1/8/8/1BN5/PPP2PPP/R1BbK1NR w KQkq - 0 10,c6b7,-364,-349,-15
r2qk2r/pP2ppbp/2n2np1/8/8/1BN5/PPP2PPP/R1BbK1NR w KQkq - 1 11,b7a8q,-279,-291,12
q4rk1/p4pbp/2n1p1p1/8/4n3/1B6/PPP1NPPP/R1BN1RK1 w - - 0 15,c2c3,-218,-225,7
q4rk1/p4pbp/2n1pnp1/8/8/1BP5/PP2NPPP/R1BN1RK1 w - - 1 16,g2g3,-193,-312,119
q4rk1/p4pbp/4p1p1/8/8/1BP1n1P1/PP2NP1P/3R1RK1 w - - 0 21,f2e3,-332,-313,-19
rnbqkbnr/pppppppp/8/8/8/8/PPPPPPPP/RNBQKBNR w KQkq - 0 1,e2e4,30,32,2
rnbqkbnr/pppp1ppp/8/4p3/4P3/8/PPPP1PPP/RNBQKBNR w KQkq - 0 2,d2d3,33,-1,-34
r4rk1/pp1n1pp1/2p4p/2bpp1qN/4P1b1/2NP4/PPP2PPP/R2Q1R1K w - - 0 13,f2f3,-721,-733,12
r4rk1/pp1n1pp1/2p4p/2bpp1qb/4P3/2NP1P2/PPP3PP/R2Q1R1K w - - 0 14,g2g4,-733,-732,-1
r4rk1/pp1n1pp1/2p3bp/2bpp1q1/4P1P1/2NP1P2/PPP4P/R2Q1R1K w - - 1 15,e4d5,-736,-750,14
3r1rk1/pp3pp1/7p/2bnp1q1/4b1P1/3P1P2/PPP1Q2P/R4R1K w - - 0 20,f3e4,-820,-826,6
3r1rk1/pp3pp1/7p/2b1p3/4PnP1/3P2q1/PPP4P/R4R1K w - - 0 23,h2g3,-770,-753,-17
3r1rk1/p5p1/5p1p/1pb1p1n1/4P1P1/3P2P1/PPP4K/R4R2 w - - 0 27,b2b3,-729,-757,28
3r1rk1/6p1/5p1p/pp2p1n1/3bP1P1/1P1P2P1/P1P4K/3R1R2 w - - 2 29,a2a3,-740,-724,-16
2r3k1/6p1/5p1p/pp2p1n1/3bP1P1/PPrP2P1/2P1R2K/5R2 w - - 5 32,a3a4,-740,-817,77
2r3k1/6p1/5p1p/p3p1n1/p2bP1P1/1PrP2P1/2P1R2K/5R2 w - - 0 33,b3a4,-813,-843,30
6k1/6p1/5p1p/p3p3/P2bP1P1/2rP1KP1/2n5/8 w - - 3 39,g4g5,-1019,-1053,34
6k1/6p1/5p1p/p3p1P1/P2bP1K1/r5P1/2n5/8 w - - 2 41,g5h6,-862,-936,74
8/5k2/5p1p/p3pK2/P2bP3/r5P1/2n5/8 w - - 2 43,g3g4,-10000,-10000,0
8/5k2/5p1p/p3pK2/r2bP1P1/8/2n5/8 w - - 0 44,g4g5,-10000,-10000,0
rnbqkbnr/pppppppp/8/8/8/8/PPPPPPPP/RNBQKBNR w KQkq - 0 1,e2e4,32,32,0
r1bqkb1r/pppp1ppp/2n2n2/4p3/2B1P3/5N2/PPPP1PPP/RNBQK2R w KQkq - 4 4,d2d3,29,30,1
r1bq1rk1/ppp1bppp/2np1n2/4p3/2B1P3/2NP1N2/PPP2PPP/R1BQ1RK1 w - - 0 7,h2h3,24,-5,-29
r1bq1rk1/ppp1bppp/3p1n2/n3p3/2B1P3/2NP1N1P/PPP2PP1/R1BQ1RK1 w - - 1 8,b2b3,-12,-38,26
r1bq1rk1/ppp1bppp/3p1n2/4p3/2n1P3/1PNP1N1P/P1P2PP1/R1BQ1RK1 w - - 0 9,d3c4,-18,-30,12
r4rk1/1pq1bppp/2ppbn2/p3p3/2P1P3/1PN2N1P/P1PBQPP1/3R1RK1 w - - 0 14,a2a4,-1,5,6
rnbqkbnr/pppppppp/8/8/8/8/PPPPPPPP/RNBQKBNR w KQkq - 0 1,e2e4,29,27,-2
rn1qkbnr/pbpppppp/1p6/8/2B1P3/8/PPPP1PPP/RNBQK1NR w KQkq - 2 3,d2d3,23,-4,-27
rn1qkb1r/pbp2ppp/1p2pn2/3p2B1/2B1P3/3P4/PPP1NPPP/RN1QK2R w KQkq - 0 6,e4e5,-33,-314,281
rn1qkb1r/pbp2ppp/1p2pn2/4P1B1/2p5/3P4/PPP1NPPP/RN1QK2R w KQkq - 0 7,e5f6,-313,-336,23
r2qkb1r/p1pn1p1p/1pb1pp2/8/5N2/2NQB3/PPP2P1P/2KR2R1 w kq - 8 14,h2h4,175,-138,-313
2k2b1r/p1p1qp2/1pb2p1p/4p3/1n5P/2N1Q1N1/PPP2P1B/2KR4 w - - 4 22,a2a3,-189,-189,0
1k5r/p1pR1p2/1pQb1p1p/2n1p3/7P/P7/1PP2P1B/2K5 w - - 5 29,b2b4,527,501,-26
1k3r2/p1p5/1p1b3p/4p3/1P2Q2P/P7/2P2P1B/2K5 w - - 3 34,f2f3,537,516,-21
rnbqkbnr/pppppppp/8/8/8/8/PPPPPPPP/RNBQKBNR w KQkq - 0 1,d2d3,28,-14,-42
rnbqkbnr/pp1ppppp/2p5/8/8/3P4/PPP1PPPP/RNBQKBNR w KQkq - 0 2,c2c3,10,-16,-26
rnbqkbnr/pp2pppp/2pp4/8/8/2PP4/PP2PPPP/RNBQKBNR w KQkq - 0 3,b2b3,21,-24,-45
rnbqkbnr/pp3ppp/2p1p3/3p4/8/1PPP4/PB2PPPP/RN1QKBNR w KQkq - 0 5,e2e4,1,-11,-12
rnbqkbnr/pp4pp/2p1pp2/3p4/4P3/1PPP4/PB3PPP/RN1QKBNR w KQkq - 0 6,e4d5,35,-12,-47
rnb1kbnr/pp2q1pp/2p2p2/3p4/8/1PPP4/PB2BPPP/RN1QK1NR w KQkq - 2 8,h2h3,52,21,-31
rnb1kb1r/pp2q1pp/2p2p1n/3p4/8/1PPP3P/PB2BPP1/RN1QK1NR w KQkq - 1 9,g2g4,50,-69,-119
rnb1kb1r/pp2qnpp/2p2p2/3p4/6P1/1PPP3P/PB2BP2/RN1QK1NR w KQkq - 1 10,f2f4,-59,-184,125
r1b1kb1r/pp1nqnpp/2p2p2/3p4/5PP1/1PPP3P/PB2B3/RN1QK1NR w KQkq - 1 11,f4f5,-120,-143,23
2kr1b1r/pbqn2pp/1pp2p2/3pnP2/6P1/1PPP1N1P/PBQNB3/2KR3R w - - 12 18,c3c4,192,-44,-236
2kr1b1r/pbq3pp/1pp5/3ppP2/2P3P1/1P1P1B1P/P1QN4/2KR3R w - - 0 21,c4d5,-61,-115,54
2kr3r/pbq3pp/1ppb4/3PpP2/6P1/1P1P1B1P/P1QN4/2KR3R w - - 1 22,d5c6,255,229,-26
rnbqkbnr/pppppppp/8/8/8/8/PPPPPPPP/RNBQKBNR w KQkq - 0 1,e2e4,32,38,6
rnbqkbnr/pp1ppppp/8/2p5/4P3/8/PPPP1PPP/RNBQKBNR w KQkq - 0 2,f2f4,38,-14,-52
r1bqkbnr/3p1ppp/p1p1p3/2p5/4PP2/5N2/PPPP2PP/RNBQK2R w KQkq - 0 6,c2c4,84,94,10
r1bqkbnr/5ppp/p1p1p3/2pp4/2P1PP2/5N2/PP1P2PP/RNBQK2R w KQkq - 0 7,e4d5,97,-85,-182
r1bqkbnr/5ppp/p3p3/2pp4/2P2P2/5N2/PP1P2PP/RNBQK2R w KQkq - 0 8,c4d5,-70,-66,-4
r1bqkb1r/5ppp/p4n2/2pp4/5P2/5N2/PP1P2PP/RNBQ1RK1 w kq - 2 10,d2d4,-42,-47,5
r1bqk2r/4bppp/p7/2pp4/3PnP2/5N2/PP4PP/RNBQR1K1 w kq - 3 12,d4c5,-21,-38,17
rnbqkbnr/pppppppp/8/8/8/8/PPPPPPPP/RNBQKBNR w KQkq - 0 1,e2e4,31,31,0
rnb2knr/pp1p1Bpp/2p2q2/2b1N3/4P3/8/PPPP1PPP/RNBQK2R w KQ - 1 6,d2d4,374,365,-9
r4kr1/pp4pp/3p4/2p5/1n1bP1b1/8/PPP1NPPP/R1B1R1K1 w - - 2 15,c2c3,-456,-457,1
r4kr1/pp4pp/3p4/2p5/3bP1b1/2P5/PPn1NPPP/R1B1R1K1 w - - 1 16,c3d4,-448,-462,14
r4kr1/pp4pp/3p4/2p5/3PP1b1/8/PP2NPPP/R1B1n1K1 w - - 0 17,f2f3,-432,-471,39
r3k1r1/pp4pp/3Bb3/2p5/3PP3/3n1P2/PP2N1PP/R5K1 w - - 1 20,d4c5,-302,-331,29
3r4/5kpp/4b3/2P1B3/R3P3/5P2/6PP/6K1 w - - 1 31,c5c6,489,493,4
8/2R4p/2P1b1k1/8/3BP3/5PK1/6PP/2r5 w - - 9 40,h2h4,598,590,-8
8/8/2P3k1/2R5/2bBP2P/5PK1/6P1/2r5 w - - 9 46,c6c7,885,933,48
8/2P5/6k1/2R5/2bBP2P/5PK1/2r3P1/8 w - - 1 47,c7c8q,10000,10000,0
rnbqkbnr/pppppppp/8/8/8/8/PPPPPPPP/RNBQKBNR w KQkq - 0 1,a2a4,31,-20,-51
rnbqkbnr/pppp1ppp/8/4p3/P7/8/1PPPPPPP/RNBQKBNR w KQkq - 0 2,e2e4,-17,-22,5
rnbq1rk1/1pp2ppp/p2p1n2/2b1p1N1/P1B1P3/2N5/1PPP1PPP/R1BQK2R w KQ - 2 7,h2h4,-26,-159,133
r1bq1rk1/1pp2ppp/p1np1n2/2b1p1N1/P1B1P2P/2N5/1PPP1PP1/R1BQK2R w KQ - 1 8,h4h5,-127,-272,145
r2q1rk1/1pp2ppp/p1np4/2b1p2P/P3P3/5N2/1PPPNnP1/R1BQK2R w KQ - 0 12,b2b4,-523,-627,104
r2q1rk1/1pp2ppp/p1np4/4p2P/Pb2P3/5N2/2PPN1P1/R1BK3R w - - 0 14,c2c3,-655,-653,-2
r2q1rk1/2p2ppp/p1np4/bp2p2P/P3P3/B1P2N2/3PN1P1/R2K3R w - - 0 16,a4b5,-610,-607,-3
r4rk1/2p3p1/1bn1Nq1p/1p1p2NP/4p3/2P5/1B1P2P1/1R1K3R w - - 0 24,c3c4,-627,-669,42
rnbqkbnr/pppppppp/8/8/8/8/PPPPPPPP/RNBQKBNR w KQkq - 0 1,e2e4,31,36,5
rnbqkbnr/pppp1ppp/8/4p3/4P3/8/PPPP1PPP/RNBQKBNR w KQkq - 0 2,f2f4,36,-38,-74
r1bqk1nr/ppp2ppp/2np4/2b1p3/2B1PP2/5N2/PPPP2PP/RNBQK2R w KQkq - 0 5,c2c3,-16,-61,45
r2qk1nr/ppp2ppp/2np4/2b1p3/2B1PPb1/2P2N2/PP1P2PP/RNBQK2R w KQkq - 1 6,d2d4,53,-120,-173
r2qk1nr/ppp2ppp/2np4/2b5/2BpPPb1/2P2N2/PP4PP/RNBQK2R w KQkq - 0 7,c3d4,-122,-247,125
r4k1r/ppp1q1pp/3pnn2/2b3N1/4PP2/2N5/PP4PP/R1BQK2R w KQ - 5 13,a2a3,33,-61,-94
r4k1r/ppp1q1pp/3p1n2/2b3n1/4PP2/P1N5/1P4PP/R1BQK2R w KQ - 0 14,f4g5,-15,-9,-6
2k3r1/ppp2Rpp/8/8/8/P7/1P2K1PP/8 w - - 1 28,h2h4,-2,-39,37
2k3r1/p1p2Rpp/1p6/8/7P/P7/1P2K1P1/8 w - - 0 29,g2g4,2,2,0
6r1/pkp2R2/1p5p/6p1/2K3PP/P7/1P6/8 w - - 0 32,h4h5,-15,-25,10
4k3/2R5/pp6/6KP/6P1/P7/r7/8 w - - 1 43,h5h6,562,562,0
4k3/2R5/pp5P/6K1/6P1/P7/7r/8 w - - 1 44,h6h7,650,707,57
6R1/5k1P/pp6/6K1/6P1/P7/7r/8 w - - 5 47,h7h8q,740,778,38
rnbqkbnr/pppppppp/8/8/8/8/PPPPPPPP/RNBQKBNR w KQkq - 0 1,g2g3,36,7,-29
rnbqkbnr/pppp1ppp/8/4p3/8/6P1/PPPPPP1P/RNBQKBNR w KQkq - 0 2,e2e3,8,-53,-61
r2qkbnr/ppp2ppp/2n5/3ppb2/8/4P1P1/PPPPQPBP/RNB1K1NR w KQkq - 2 5,d2d3,-105,-99,-6
r3kbnr/ppp1qppp/2n5/3ppb2/8/3PP1P1/PPP1QPBP/RNB1K1NR w KQkq - 1 6,g3g4,101,-165,-266
r3kbnr/ppp1qppp/2n3b1/3pp3/6P1/3PP3/PPP1QPBP/RNB1K1NR w KQkq - 1 7,e3e4,49,-228,-277
r3kb1r/ppp1qppp/2n2nb1/3pp3/4P1P1/3P4/PPP1QPBP/RNB1K1NR w KQkq - 1 8,e4d5,-103,-105,2
r3kb1r/ppp1qppp/5nb1/3Pp3/1n4P1/3P4/PPP1QPBP/RNB1K1NR w KQkq - 1 9,c2c3,266,-568,-834
r3kb1r/ppp1qppp/n4nb1/3Pp3/6P1/2PP4/PP2QPBP/RNB1K1NR w KQkq - 1 10,c3c4,58,-267,-325
r3kb1r/pppq1ppp/n4nb1/3Pp3/2P3P1/3P4/PP2QPBP/RNB1K1NR w KQkq - 1 11,b2b3,114,-295,-409
r3r1k1/pppq1ppp/n4nb1/3PN3/2P3P1/1P1P4/PQ3PBP/RN2K2R w KQ - 1 16,d3d4,253,51,-202
rnbqkbnr/pppppppp/8/8/8/8/PPPPPPPP/RNBQKBNR w KQkq - 0 1,e2e4,35,32,-3
rnbqkb1r/pppppppp/5n2/8/4P3/8/PPPP1PPP/RNBQKBNR w KQkq - 1 2,e4e5,51,53,2
rnbqkb1r/pppppppp/8/3nP3/8/8/PPPP1PPP/RNBQKBNR w KQkq - 1 3,c2c4,60,56,-4
r1bqkb1r/pppppppp/1nn5/4P3/2P5/5N2/PP1P1PPP/RNBQKB1R w KQkq - 3 5,d2d4,104,115,11
r1bqkb1r/ppp1pppp/1nnp4/4P3/2PP4/5N2/PP3PPP/RNBQKB1R w KQkq - 0 6,e5d6,95,77,-18
r2q1rk1/ppp1bppp/1nnp4/8/2PP2b1/3BBN2/PP3PPP/RN1Q1RK1 w - - 6 10,a2a3,44,2,-42
r2q1rk1/ppp2ppp/1nnp1b2/8/2PP4/P3Bb2/1P2BPPP/RN1Q1RK1 w - - 0 12,g2f3,-95,-151,56
4rr1k/pp3ppp/2np1q2/7n/2PP2R1/P3BP2/1PB2P1P/R2Q3K w - - 8 25,f3f4,499,255,-244
4rr1k/pp3p1p/2np1qp1/7n/2PP1PR1/P3B3/1PB2P1P/R2Q3K w - - 0 26,d4d5,293,287,-6
5r1k/pp3p1p/2np1qp1/3P3n/2P2PR1/P3r3/1PB2P1P/R2Q3K w - - 0 27,f2e3,293,277,-16
5r1k/pp2np1p/3p1np1/3P4/2P2P2/P2QP3/1qB4P/6RK w - - 2 33,h2h4,-334,-527,193
rnbqkbnr/pppppppp/8/8/8/8/PPPPPPPP/RNBQKBNR w KQkq - 0 1,e2e4,34,35,1
rn1qkbnr/pbpp1ppp/1p2p3/8/2B1P3/5Q2/PPPP1PPP/RNB1K1NR w KQkq - 2 4,c2c3,-41,-45,4
rn1qkb1r/pbpp1ppp/1p2pn2/8/2B1P3/2P2Q2/PP1P1PPP/RNB1K1NR w KQkq - 1 5,d2d4,-28,-230,202
rn1qk2r/p1pp1p1p/1p2pbp1/8/2BPb3/2P3Q1/PP3PPP/RN2K1NR w KQkq - 0 9,f2f3,-171,-592,421
2kr3r/pbppq1b1/1pn1pp2/7p/2BP2p1/2P2P1N/PP1NQ1PP/4RRK1 w - - 0 18,f3g4,-108,-217,109
2kr3r/pbpp2b1/1pn1p3/5p2/3P2pq/1BP5/PP1NQNPP/4RRK1 w - - 2 21,h2h3,-588,-631,43
2k3r1/pbppn3/1p2pb2/5p2/3P1R2/1BP3r1/PP1N1RP1/5K2 w - - 4 29,c3c4,-685,-766,81
2k3r1/pbppn3/1p2pb2/5p2/2PP1R2/1B4r1/PP1N1R2/4K3 w - - 2 31,d4d5,-757,-732,-25
2k3r1/pbppn3/1p3b2/3p1p2/2P2R2/1B6/PP1NKR2/6r1 w - - 0 33,c4d5,-742,-755,13
2k5/p1pp4/1p1b4/8/8/3K1R2/Pr6/8 w - - 0 43,a2a3,-695,-728,33
rnbqkbnr/pppppppp/8/8/8/8/PPPPPPPP/RNBQKBNR w KQkq - 0 1,c2c3,35,2,-33
rnbqkbnr/pppp1ppp/8/4p3/8/2P5/PP1PPPPP/RNBQKBNR w KQkq - 0 2,d2d4,5,19,14
rnbqkbnr/pp1p1ppp/2p5/4p3/3P4/2P5/PP2PPPP/RNBQKBNR w KQkq - 0 3,d4e5,138,118,-20
rnbqk1nr/pp1p1ppp/2p5/2b1P3/8/2P5/PP2PPPP/RNBQKBNR w KQkq - 1 4,f2f4,147,13,-134
rnbqk1nr/pp3ppp/2pp4/2b1P3/5P2/2P5/PP2P1PP/RNBQKBNR w KQkq - 0 5,e2e3,63,4,-59
rnbqk2r/pp2nppp/2pp4/2b1P3/5P2/2P1P3/PP4PP/RNBQKBNR w KQkq - 1 6,e5d6,69,74,5
rnb1k2r/pp2nppp/2pb4/8/5P2/2P1P3/PP4PP/RNB1KBNR w KQkq - 0 8,b2b4,115,-10,-125
rn3rk1/ppb2ppp/2p3n1/5b2/1P3P2/2P1PB2/PB4PP/RN2K1NR w KQ - 7 12,g2g4,65,-31,-96
r5k1/pp3ppp/2p5/7N/1P4P1/2Pnr3/P5BP/1R3RK1 w - - 5 21,h2h3,342,334,-8
rnbqkbnr/pppppppp/8/8/8/8/PPPPPPPP/RNBQKBNR w KQkq - 0 1,e2e4,32,35,3
r1bqkbnr/pp3ppp/2np4/2p1p3/2B1P3/5N2/PPPP1PPP/RNBQ1RK1 w kq - 0 5,c2c3,65,77,12
r1bqkb1r/pp3pp1/2np1n1p/2p1p3/2B1P3/2P2N2/PP1P1PPP/RNBQR1K1 w kq - 0 7,d2d4,84,94,10
r2qkb1r/pp3pp1/2np1n1p/2p1p3/2BPP1b1/2P2N2/PP3PPP/RNBQR1K1 w kq - 1 8,d4e5,92,41,-51
r2qkb1r/1p3pp1/p2p1n1p/2p1n3/2B1P3/2P5/PP2QPPP/RNB1R1K1 w kq - 0 11,b2b4,186,-6,-192
r2qkb1r/5pp1/p1np1n1p/1p6/1Pp1P3/2P5/P1B1QPPP/RNB1R1K1 w kq - 2 14,a2a4,124,122,-2
r2qk2r/4bpp1/p1np1n1p/1p6/PPp1P3/2P5/2B1QPPP/RNB1R1K1 w kq - 1 15,e4e5,130,15,-115
r3k2r/1q2bpp1/p1n4p/1p2p3/PPp1n3/2P1B3/4QPPP/RN1R2K1 w kq - 0 19,a4a5,-415,-499,84
1q1r2k1/5p1n/p1n2b1Q/Pp2pN2/1Pp1R3/2Pr4/5PPP/R5K1 w - - 9 32,h2h3,-306,-393,87
1q5k/5Q1n/p1n2b2/Pp2pN2/1Pp3r1/2r4P/5PP1/R5K1 w - - 0 36,h3g4,-430,-428,-2
rnbqkbnr/pppppppp/8/8/8/8/PPPPPPPP/RNBQKBNR w KQkq - 0 1,f2f4,32,-33,-65
rnbqkbnr/ppp1pppp/3p4/8/5P2/8/PPPPP1PP/RNBQKBNR w KQkq - 0 2,e2e3,8,-28,-36
rnbqkb1r/ppp1pppp/3p1n2/8/5P2/4P3/PPPP2PP/RNBQKBNR w KQkq - 1 3,d2d4,-12,-14,2
rnbqkb1r/ppp2ppp/3p4/8/3P1p2/4PN2/PPPB2PP/R2QKB1R w KQkq - 0 7,e3f4,60,56,-4
r1bq1rk1/ppp2ppp/2nb4/3p4/3P1P2/3B1N2/PPPB2PP/R2Q1RK1 w - - 6 11,c2c3,58,67,9
r2qrk2/2p2pp1/p1nbb3/1p1p2NQ/3P1P2/2PB4/PP1B2PP/R4RK1 w - - 2 16,f4f5,827,888,61
r2qr2Q/2p1kp2/p1nbb1p1/1p1p1PN1/3P4/2PB4/PP1B2PP/R4RK1 w - - 2 18,f5f6,593,400,-193
r2q4/2pk1p2/p1nbrPpQ/3p4/3P4/2pB4/PP1B2PP/R4RK1 w - - 0 22,b2c3,139,144,5
rnbqkbnr/pppppppp/8/8/8/8/PPPPPPPP/RNBQKBNR w KQkq - 0 1,d2d4,36,23,-13
rnbqkbnr/pppp1ppp/4p3/8/3P4/8/PPP1PPPP/RNBQKBNR w KQkq - 0 2,a2a3,38,-3,-41
rn1qkbnr/pbp3pp/1p1ppp2/1N6/3P1B2/P7/1PP1PPPP/R2QKBNR w KQkq - 0 6,e2e4,105,108,3
3q3r/Q3bk1p/1p2ppbn/1N4p1/3P4/P6N/1Pr3PP/K2R1B1R w - - 4 19,g2g3,-12,-438,426
7r/Q3bk1p/1p2ppbn/3q2p1/3P4/P1r3PN/1P5P/K2R1B1R w - - 0 21,b2c3,-448,-489,41
8/4bk1p/4p3/4p1p1/3n4/P6B/K1b5/1r6 w - - 0 34,a3a4,-1008,-1034,26
8/4bk2/4p3/4p3/P2n2p1/3b3p/K7/1r6 w - - 0 39,a4a5,-10000,-10000,0
8/4bk2/4p3/P3p3/3n2p1/3b4/K6p/1r6 w - - 0 40,a5a6,-10000,-10000,0
rnbqkbnr/pppppppp/8/8/8/8/PPPPPPPP/RNBQKBNR w KQkq - 0 1,d2d3,33,-7,-40
rnbqkbnr/ppp1pppp/8/3p4/8/3P4/PPP1PPPP/RNBQKBNR w KQkq - 0 2,b2b3,-7,-63,56
r2qkbnr/ppp1pppp/2n5/3p1b2/8/1P1P4/PBP1PPPP/RN1QKBNR w KQkq - 3 4,e2e3,3,-41,-44
r2qkbnr/ppp2ppp/2n1p3/3p1b2/8/1P1PP3/PBP2PPP/RN1QKBNR w KQkq - 0 5,f2f3,18,-135,-153
r2qkbnr/ppp2p1p/2n1p1p1/3p1b2/8/1P1PPP2/PBP3PP/RN1QKBNR w KQkq - 0 6,g2g4,316,133,-183
r2qkbnr/ppp2p1p/2n1p1p1/3p4/6b1/1P1PPP2/PBP4P/RN1QKBNR w KQkq - 0 7,f3g4,292,272,-20
r2qkb1r/ppp2p1p/2n1pnp1/3p4/6P1/1P1PP3/PBP4P/RN1QKBNR w KQkq - 1 8,h2h3,336,250,-86
2kr1b2/ppp1q2p/1nn1ppp1/3p4/6P1/1PBPP2P/P1P2Q2/RN2KBNR w KQ - 4 13,g4g5,629,536,-93
2k2b2/ppp4p/1nnqp1p1/3p1pP1/8/1PNPP2P/P1P2Q2/R3KBNR w KQ - 2 17,h3h4,601,498,-103
2k2b2/ppp4p/1nq1p1p1/5pP1/1n1p3P/1PNPP3/PKP2Q2/3R1BNR w - - 0 20,e3d4,409,527,118
2k2b2/ppp4p/1nq3p1/4ppP1/1n1P3P/1PNP4/PKP2Q2/3R1BNR w - - 0 21,d4e5,589,584,-5
2k5/ppp1b2p/1nq3p1/4PpP1/1n5P/1PNP4/PKP2Q2/3R1BNR w - - 1 22,e5e6,635,533,-102
2k5/ppp1b2p/4q1p1/5pP1/1n5P/1P1P4/PKPR1QB1/6NR w - - 0 26,c2c3,652,691,39
2k5/ppp1b2p/3q2p1/5pP1/1n5P/1PPP4/PK1R1QB1/6NR w - - 1 27,c3b4,796,808,12
rnbqkbnr/pppppppp/8/8/8/8/PPPPPPPP/RNBQKBNR w KQkq - 0 1,d2d4,32,23,-9
rnbqkb1r/ppp2ppp/4pn2/3p2B1/3P4/2N5/PPP1PPPP/R2QKBNR w KQkq - 0 4,e2e4,33,39,6
rn1r2k1/pb2qpp1/1pp1p2p/4N3/3P4/5B2/PPP2PPP/R2Q1RK1 w - - 4 15,c2c3,52,32,-20
rn1r2k1/pq3pp1/1p2p2p/4N3/3p2Q1/2P5/PP3PPP/R4RK1 w - - 0 18,c3d4,-24,-81,57
3Q4/p4ppk/1pq1p2p/2n5/8/8/2r2PPP/5RK1 w - - 4 34,h2h3,-598,-656,58
8/p4p1k/1p4pp/3p4/8/7P/4rPPK/8 w - - 2 41,f2f3,-911,-927,16
rnbqkbnr/pppppppp/8/8/8/8/PPPPPPPP/RNBQKBNR w KQkq - 0 1,e2e4,29,34,5
rnbqkb1r/ppp2ppp/5n2/3pp1N1/2B1P3/8/PPPP1PPP/RNBQK2R w KQkq - 0 5,e4d5,-16,-42,26
rnbqkbnr/pppppppp/8/8/8/8/PPPPPPPP/RNBQKBNR w KQkq - 0 1,d2d4,27,21,-6
rnbqkbnr/p1pppppp/1p6/8/3P4/8/PPP1PPPP/RNBQKBNR w KQkq - 0 2,e2e4,87,87,0
rn1qkbnr/pbpppppp/1p6/8/3PP3/8/PPP2PPP/RNBQKBNR w KQkq - 1 3,d4d5,86,47,-39
rn1qkbnr/pbpp1ppp/1p6/3p4/4P3/5N2/PPP2PPP/RNBQKB1R w KQkq - 0 5,e4d5,43,39,-4
rn2kbnr/pbpp1ppp/1p6/3P4/1q6/5N2/PPP1BPPP/RNBQK2R w KQkq - 3 7,c2c3,267,220,-47
rn2kbnr/p1pp1ppp/1p6/3b4/8/N1P2N2/PP2BPPP/R1B1K2R w KQkq - 0 10,c3c4,12,-64,-76
3r1bnr/pbkp1ppp/1p6/8/2P5/5N2/PP2BPPP/R4RK1 w - - 0 16,a2a4,-515,-456,-59
3r1bnr/pbkp2pp/1p3p2/8/P1P5/5N2/1P2BPPP/R4RK1 w - - 0 17,b2b4,-401,-426,25
1k5r/p2pn1pp/1pb2p2/8/P1P5/R7/4rPPP/3R2K1 w - - 1 26,a4a5,-747,-775,28
1kn4r/p2p2pp/1pb2p2/P7/2P5/R7/4rPPP/3R2K1 w - - 1 27,a5b6,-791,-789,-2
2k4r/R2p2pp/1pb2p2/8/2P5/8/4rPPP/6K1 w - - 1 31,g2g3,-836,-10000,9164
rnbqkbnr/pppppppp/8/8/8/8/PPPPPPPP/RNBQKBNR w KQkq - 0 1,e2e4,31,26,-5
rnbqkbnr/pp1ppppp/8/2p5/4P3/8/PPPP1PPP/RNBQKBNR w KQkq - 0 2,c2c3,39,31,-8
r1bqkbnr/pp1ppppp/2n5/2p5/4P3/2P5/PP1P1PPP/RNBQKBNR w KQkq - 1 3,d2d4,29,23,-6
r1bqkbnr/pp1ppppp/2n5/8/3pP3/2P5/PP3PPP/RNBQKBNR w KQkq - 0 4,c3c4,48,-252,-300
r1bqkb1r/pp2pppp/2np1n2/8/2PpP3/3B4/PP3PPP/RNBQK1NR w KQkq - 0 6,b2b3,-244,-275,31
r2qkb1r/pp2pppp/2n1bn2/3p4/2PpP3/1P1B1N2/P4PPP/RNBQK2R w KQkq - 0 8,e4d5,228,232,4
r2qkb1r/pp2pppp/2n1b3/3n4/2Pp4/1P1B1N2/P4PPP/RNBQK2R w KQkq - 0 9,c4d5,228,235,7
8/5p1p/8/1B6/8/1P2K3/5PPP/2k5 w - - 0 40,b3b4,713,745,32
8/5p1p/8/8/1P6/2kBK3/5PPP/8 w - - 3 42,b4b5,812,917,105
8/5p1p/8/1P6/1k6/3BK3/5PPP/8 w - - 1 43,b5b6,894,982,88
8/5p1p/1P6/k7/8/3BK3/5PPP/8 w - - 1 44,b6b7,1060,1109,49
8/1P3p1p/1k6/8/8/3BK3/5PPP/8 w - - 1 45,b7b8b,10000,829,-9171
8/8/8/1k1KB3/4B3/8/5PPP/8 w - - 9 60,h2h4,1107,1222,115
8/8/1k6/3KB3/4B2P/8/5PP1/8 w - - 1 61,g2g4,1304,1192,-112
8/1k6/8/3KB3/4B1PP/8/5P2/8 w - - 1 62,f2f4,1392,10000,8608
2k5/8/8/3KB3/4BPPP/8/8/8 w - - 1 63,f4f5,10000,1327,-8673
3k4/8/8/3KBP2/4B1PP/8/8/8 w - - 1 64,g4g5,10000,10000,0
4k3/8/8/3KBPP1/4B2P/8/8/8 w - - 1 65,h4h5,10000,10000,0
5k2/8/8/3KBPPP/4B3/8/8/8 w - - 1 66,h5h6,10000,10000,0
6k1/8/7P/3KBPP1/4B3/8/8/8 w - - 1 67,g5g6,10000,10000,0
5k2/8/6PP/3KBP2/4B3/8/8/8 w - - 1 68,h6h7,10000,10000,0
8/4k2P/6P1/3KBP2/4B3/8/8/8 w - - 1 69,g6g7,10000,10000,0
8/3k2PP/8/3KBP2/4B3/8/8/8 w - - 1 70,f5f6,10000,10000,0
2k5/6PP/5P2/3KB3/4B3/8/8/8 w - - 1 71,f6f7,10000,10000,0
8/1k3PPP/8/3KB3/4B3/8/8/8 w - - 1 72,h7h8b,10000,10000,0
7B/5PP1/k7/3KB3/4B3/8/8/8 w - - 1 73,g7g8b,10000,10000,0
6BB/5P2/8/k2KB3/4B3/8/8/8 w - - 1 74,f7f8q,10000,10000,0
rnbqkbnr/pppppppp/8/8/8/8/PPPPPPPP/RNBQKBNR w KQkq - 0 1,e2e4,24,35,11
rnbqkbnr/ppp1pppp/8/3p4/4P3/8/PPPP1PPP/RNBQKBNR w KQkq - 0 2,e4d5,67,58,-9
rnbqkbnr/ppp1pppp/8/8/8/2N5/PPPP1PPP/R1BQKBNR w KQkq - 2 4,g2g3,84,39,-45
rnbqkbnr/pp3ppp/2p1p3/8/8/2N3P1/PPPP1PBP/R1BQK1NR w KQkq - 0 6,b2b3,74,67,-7
3r1rk1/pp1b1p1p/4pp2/2p5/8/bPN3PB/P1PP1P1P/1K1R3R w - - 0 20,d2d4,-44,-91,47
3r4/5pkp/5p2/1B6/3rp3/1K3bP1/PR3P1P/6R1 w - - 3 38,a2a4,-29,-22,-7
8/5pkp/8/1B3p2/P7/1K2pbP1/1R1r1P1P/8 w - - 0 42,f2e3,300,275,-25
8/7p/2bk1p2/5p2/P7/4P1P1/4BK1P/8 w - - 4 49,a4a5,338,382,44
8/7p/2b2p2/P1k2p2/8/4P1P1/4BK1P/8 w - - 1 50,a5a6,376,388,12
8/7p/Pkb2p2/5p2/8/4P1P1/4BK1P/8 w - - 1 51,h2h3,399,369,-30
8/8/Pkb2p1p/5p2/8/4P1PP/4BK2/8 w - - 0 52,g3g4,396,116,-280
8/8/Pkb2p1p/8/6p1/4P2P/4BK2/8 w - - 0 53,h3g4,134,120,-14
8/k7/P6p/5p2/4b1PK/4P3/4B3/8 w - - 0 56,g4f5,418,415,-3
8/8/1k4K1/8/8/4P3/8/8 w - - 2 61,e3e4,645,608,-37
8/2k5/6K1/8/4P3/8/8/8 w - - 1 62,e4e5,534,546,12
3k4/5K2/8/4P3/8/8/8/8 w - - 3 64,e5e6,553,554,1
8/2k2K2/4P3/8/8/8/8/8 w - - 1 65,e6e7,552,566,14
8/3kPK2/8/8/8/8/8/8 w - - 1 66,e7e8r,614,496,-118
rnbqkbnr/pppppppp/8/8/8/8/PPPPPPPP/RNBQKBNR w KQkq - 0 1,f2f4,34,-30,-64
r1bqkbnr/ppp1pppp/2n5/3p4/5P2/5N2/PPPPP1PP/RNBQKB1R w KQkq - 2 3,e2e3,16,15,-1
r2qkbnr/ppp2ppp/2n1p3/3p4/5Pb1/4PN2/PPPPB1PP/RNBQK2R w KQkq - 0 5,b2b3,12,-30,-42
r2q1rk1/ppp1b1pp/2n1p3/3pNp2/4nP2/1PN1P3/PBPPQ1PP/R4RK1 w - - 3 11,g2g3,110,-1,-111
r4rk1/p1p3pp/2p2q2/4pp2/4pP2/1P2P1P1/P1PPQ2P/3R1RK1 w - - 0 16,f4e5,111,31,-80
r4rk1/p1p3pp/2p5/4qp2/4p3/1P2P1P1/P1PPQ2P/3R1RK1 w - - 0 17,d2d3,28,40,12
3r1rk1/p1p3pp/2p5/4qp2/4p3/1P1PP1P1/P1P1Q2P/3R1RK1 w - - 1 18,d3e4,42,40,-2
5r1k/p1p3p1/2Q4p/4q3/4p3/1P2P1P1/P1P4P/3R2K1 w - - 0 22,c2c4,71,-279,-350
rnbqkbnr/pppppppp/8/8/8/8/PPPPPPPP/RNBQKBNR w KQkq - 0 1,e2e3,39,9,-30
rnbqkbnr/pppp1ppp/8/4p3/8/4P3/PPPP1PPP/RNBQKBNR w KQkq - 0 2,d2d4,16,18,2
r1bqkbnr/pppp1ppp/2n5/4p3/3P4/4P3/PPP2PPP/RNBQKBNR w KQkq - 1 3,d4d5,36,32,-4
r1bqkbnr/ppppnppp/8/3Pp3/8/4P3/PPP2PPP/RNBQKBNR w KQkq - 1 4,e3e4,33,29,-4
r1bqkbnr/pppp1ppp/6n1/3Pp3/4P3/8/PPP2PPP/RNBQKBNR w KQkq - 1 5,f2f3,54,-7,-61
r1bqkb1r/pppp1ppp/5nn1/3Pp3/4P3/5P2/PPP3PP/RNBQKBNR w KQkq - 1 6,g2g3,70,-44,-114
r1bqk2r/pppp1ppp/3b1nn1/3Pp3/4P3/5PP1/PPP4P/RNBQKBNR w KQkq - 1 7,h2h4,43,26,-17
r1bq1rk1/pppp1ppp/3b1nn1/3Pp3/4P2P/5PP1/PPP5/RNBQKBNR w KQ - 1 8,h4h5,100,95,-5
r1bq1rk1/ppppnppp/3b1n2/3Pp2P/4P3/5PP1/PPP5/RNBQKBNR w KQ - 1 9,g3g4,103,67,-36
r1bq1r1k/ppppnppp/3b1n2/3Pp2P/4P1P1/5P2/PPP5/RNBQKBNR w KQ - 1 10,g4g5,125,121,-4
r1bq1rnk/ppppnppp/3b4/3Pp1PP/4P3/5P2/PPP5/RNBQKBNR w KQ - 1 11,h5h6,120,33,-87
r1bq1rnk/ppppnp1p/3b2pP/3Pp1P1/4P3/5P2/PPP5/RNBQKBNR w KQ - 0 12,f3f4,183,123,-60
r1bq1rnk/pp1pnp1p/2pb2pP/3Pp1P1/4PP2/8/PPP5/RNBQKBNR w KQ - 0 13,f4f5,223,-119,-342
r1bq1rnk/pp1pnp1p/3b2pP/3ppPP1/4P3/8/PPP5/RNBQKBNR w KQ - 0 14,f5f6,89,99,10
r1bq1rnk/pp1p1p1p/2nb1PpP/3pp1P1/4P3/8/PPP5/RNBQKBNR w KQ - 1 15,e4d5,169,175,6
r1bq1rnk/pp1p1p1p/3b1PpP/3Pp1P1/1n6/8/PPP5/RNBQKBNR w KQ - 1 16,c2c4,294,130,-164
rnbqkbnr/pppppppp/8/8/8/8/PPPPPPPP/RNBQKBNR w KQkq - 0 1,e2e4,35,38,3
r1bqkbnr/p1p2ppp/2pp4/4p3/4P3/5N2/PPPP1PPP/RNBQK2R w KQkq - 0 5,d2d3,26,-28,-54
r2qkbnr/p1p2ppp/2pp4/4p3/4P1b1/3P1N2/PPP2PPP/RNBQK2R w KQkq - 1 6,h2h3,20,11,-9
1r1q1rk1/p1p1bppp/2pp1n2/4p1B1/N3P3/3P1Q1P/PPP2PP1/R4RK1 w - - 7 12,b2b3,40,32,-8
1r1q1rk1/p1p2pp1/2pp1b1p/4p3/N3P3/1P1P1Q1P/P1P2PP1/R4RK1 w - - 0 14,c2c4,10,-34,-44
5rk1/p1p2pp1/Nrpq1b1p/4p3/2PpP3/1P1P1Q1P/P4PP1/3R1RK1 w - - 4 18,c4c5,351,358,7
5rk1/p1p1qpp1/Nrp2b1p/2P1p3/3pP3/1P1P1Q1P/P4PP1/3R1RK1 w - - 1 19,c5b6,344,320,-24
5rk1/p3qpp1/Np3b1p/2p1p3/3pP3/1P1P1Q1P/P4PP1/2R2RK1 w - - 0 21,b3b4,408,413,5
2r3k1/p3qpp1/Np3b1p/2p1p3/1P1pP3/3P1Q1P/P4PP1/2R2RK1 w - - 1 22,b4b5,448,323,-125
2r3k1/p4pp1/Np2qb1p/1Pp1p3/3pP3/3P1Q1P/P4PP1/2R2RK1 w - - 1 23,a2a4,420,339,-81
2r3k1/p7/1p2q1pp/1P1Nppb1/P2pP3/2pP3P/2R1QPP1/5RK1 w - - 0 28,e4f5,335,149,-186
2r3k1/p7/1p2q2p/1P3pb1/PN1pp3/2pP3P/2R1QPP1/5RK1 w - - 0 30,f2f4,234,243,9
6k1/8/1pN1q2p/1Pb2p2/r2ppP2/2pP3P/2R1Q1P1/5RK1 w - - 0 34,d3e4,262,-483,-745
rnbqkbnr/pppppppp/8/8/8/8/PPPPPPPP/RNBQKBNR w KQkq - 0 1,c2c3,31,8,-23
rnbqkbnr/pppp1ppp/8/4p3/8/2P5/PP1PPPPP/RNBQKBNR w KQkq - 0 2,d2d4,19,19,0
rnbqkbnr/pp1p1ppp/8/2p1p3/3P4/2P5/PP2PPPP/RNBQKBNR w KQkq - 0 3,d4d5,140,50,-90
rnbqkbnr/pp3ppp/3p4/2pPp3/8/2P5/PP2PPPP/RNBQKBNR w KQkq - 0 4,e2e4,116,112,-4
rn1qkbnr/pp1b1ppp/3p4/2pPp3/4P3/2P5/PP3PPP/RNBQKBNR w KQkq - 1 5,c3c4,144,95,-49
rn1qkb1r/pp1b1ppp/3p1n2/2pPp3/2P1P3/8/PP3PPP/RNBQKBNR w KQkq - 1 6,b2b3,103,-110,-213
rn1qk2r/pp1bbppp/3p1n2/2pPp3/2P1P3/1P6/P4PPP/RNBQKBNR w KQkq - 1 7,f2f3,100,61,-39
rn1q1rk1/pp1bbppp/3p1n2/2pPp3/2P1P3/1P3P2/P5PP/RNBQKBNR w KQ - 1 8,g2g4,58,30,-28
rn1q1rk1/1p1bbppp/p2p1n2/2pPp3/2P1P1P1/1P3P2/P6P/RNBQKBNR w KQ - 0 9,g4g5,88,-41,-129
rn1q1rk1/3bbppp/p2p1n2/1ppPp1P1/2P1P3/1P3P2/P6P/RNBQKBNR w KQ - 0 10,g5f6,209,224,15
rn1q1rk1/3b1ppp/p2p1b2/1ppPp3/2P1P3/1P3P2/P6P/RNBQKBNR w KQ - 0 11,h2h4,223,175,-48
rn3rk1/3b1ppp/pq1p1b2/2pPp3/2B1P2P/1P3P2/P2B4/RN1QK1NR w KQ - 3 14,a2a4,402,358,-44
rn1q1rk1/3b1ppp/p2p1b2/2pPp3/P1B1P2P/1P3P2/3B4/RN1QK1NR w KQ - 1 15,a4a5,366,320,-46
rn1q1rk1/3b1p1p/p2p1bp1/P1pPp3/2B1P2P/1P3P2/3B4/RN1QK1NR w KQ - 0 16,h4h5,397,356,-41
rn1q1rk1/3b1pbp/p2p2p1/P1pPp2P/2B1P3/1P3P2/3B4/RN1QK1NR w KQ - 1 17,h5g6,484,474,-10
rnbqkbnr/pppppppp/8/8/8/8/PPPPPPPP/RNBQKBNR w KQkq - 0 1,d2d4,38,23,-15
rnbqkbnr/pp1ppppp/8/2p5/3P4/8/PPP1PPPP/RNBQKBNR w KQkq - 0 2,d4d5,65,68,3
rnbqkbnr/pp2pppp/3p4/2pP4/8/8/PPP1PPPP/RNBQKBNR w KQkq - 0 3,e2e4,74,82,8
rnb1k1nr/pp2q1pp/3p4/2pPpp2/4P3/5N2/PPP2PPP/RN1QKB1R w KQkq - 0 7,e4f5,20,7,-13
rnb2rk1/pp2q1pp/3p4/2pnpP2/7N/3B4/PPP2PPP/RN1QK2R w KQ - 0 10,g2g3,-5,-84,79
r4r1k/pp3qpp/2n5/2pN4/4Q2N/6P1/PPP2P1P/R4RK1 w - - 3 19,c2c4,428,329,-99
5r1k/pp3qpp/8/2pN4/2Pn3N/2Q3P1/PP2rP1P/R4RK1 w - - 5 22,b2b3,324,122,-202
7k/pp4pp/8/2p5/2P2r2/1P4P1/P3rP1P/R4RK1 w - - 0 26,g3f4,660,661,1
4R3/pp4p1/8/2p4p/2P1RPk1/1P6/P4PKP/8 w - - 0 33,f2f3,1014,978,-36
rnbqkbnr/pppppppp/8/8/8/8/PPPPPPPP/RNBQKBNR w KQkq - 0 1,e2e3,28,20,-8
rnbqkbnr/pppp1ppp/8/4p3/8/4P3/PPPP1PPP/RNBQKBNR w KQkq - 0 2,d2d4,21,25,4
r1bqkbnr/pppp1ppp/2n5/4p3/3P4/4P3/PPP2PPP/RNBQKBNR w KQkq - 1 3,d4d5,34,39,5
r1bqkbnr/ppppnppp/8/3Pp3/8/4P3/PPP2PPP/RNBQKBNR w KQkq - 1 4,e3e4,38,43,5
r1bqkbnr/pppp1ppp/6n1/3Pp3/4P3/8/PPP2PPP/RNBQKBNR w KQkq - 1 5,f2f3,48,-14,-62
r1bqk1nr/ppppbppp/6n1/3Pp3/4P3/5P2/PPP3PP/RNBQKBNR w KQkq - 1 6,g2g3,68,17,-51
r1bqk1nr/ppp1bppp/3p2n1/3Pp3/4P3/5PP1/PPP4P/RNBQKBNR w KQkq - 0 7,h2h4,67,77,10
r1bqk2r/ppp1bppp/3p1nn1/3Pp3/4P2P/5PP1/PPP5/RNBQKBNR w KQkq - 1 8,h4h5,103,105,2
r1bqk2r/pppnbppp/3p2n1/3Pp2P/4P3/5PP1/PPP5/RNBQKBNR w KQkq - 1 9,h5g6,459,460,1
r1bq1rk1/ppp1b1pp/3p1np1/3Pp3/4P3/5PPB/PPP1Q3/RNB1K1NR w KQ - 4 12,g3g4,378,263,-115
r1bq1rk1/ppp1b1p1/3p1npp/3Pp3/4P1P1/5P1B/PPP1Q3/RNB1K1NR w KQ - 0 13,g4g5,319,361,42
r5r1/pp1k2p1/3pNbp1/3pp3/4P3/4BP2/PPPN4/R3K2R w KQ - 0 26,e4d5,665,660,-5
r5r1/pp1k2p1/3pNbp1/3P4/4p3/4BP2/PPPN4/R3K2R w KQ - 0 27,f3e4,711,682,-29
6r1/k5p1/3pN1p1/p2P4/1bN1P3/8/P1P1K3/7R w - - 2 35,e4e5,602,526,-76
rnbqkbnr/pppppppp/8/8/8/8/PPPPPPPP/RNBQKBNR w KQkq - 0 1,d2d4,31,24,-7
rnbqkbnr/pppp1ppp/8/4p3/3P4/8/PPP1PPPP/RNBQKBNR w KQkq - 0 2,d4e5,119,135,16
rnbqkbnr/ppp2ppp/3p4/4P3/8/8/PPP1PPPP/RNBQKBNR w KQkq - 0 3,e5d6,154,105,-49
rnbqk2r/ppp2ppp/3b1n2/8/8/5N2/PPP1PPPP/RNBQKB1R w KQkq - 2 5,c2c3,103,61,-42
rnbq1rk1/ppp1bppp/5n2/6B1/8/2P2N2/PP2PPPP/RN1QKB1R w KQ - 3 7,g2g3,122,56,-66
r1b1r1k1/pppnqppp/8/7n/8/2P2NP1/PP2PPBP/RN1Q1RK1 w - - 2 11,e2e3,185,131,-54
r1b1r1k1/ppp1qppp/8/2n5/3N4/2P1P1P1/PPQ2PBP/R4RK1 w - - 2 16,b2b3,206,182,-24
8/p1Q2pk1/4r3/8/8/1PP1P1P1/q4P1P/5RK1 w - - 0 30,b3b4,495,484,-11
8/5pk1/7r/8/1P1q4/2P1P1P1/5P1P/5RK1 w - - 0 33,e3d4,616,625,9
rnbqkbnr/pppppppp/8/8/8/8/PPPPPPPP/RNBQKBNR w KQkq - 0 1,d2d4,33,24,-9
rnbqkbnr/pppp1ppp/4p3/8/3P4/8/PPP1PPPP/RNBQKBNR w KQkq - 0 2,c2c4,35,26,-9
rnbq1rk1/ppp1bppp/4pn2/3p2B1/2PP4/2N2N2/PP2PPPP/R2QKB1R w KQ - 6 6,e2e3,21,20,-1
r1b2rk1/ppp1q1pp/4pn2/5p2/2PPp3/4P3/PP1NBPPP/R2Q1RK1 w - - 4 12,a2a3,-4,-25,21
r1b2rk1/pp2q1pp/2p1pn2/5p2/2PPp3/P3P3/1P1NBPPP/R2Q1RK1 w - - 0 13,b2b4,54,21,-33
r1b2rk1/pp2q1pp/2p2n2/4pp2/1PPPp3/P3P3/3NBPPP/R2Q1RK1 w - - 0 14,c4c5,20,-95,-115
r1b2rk1/pp2q1pp/2p2n2/2P2p2/1P1pp3/P3P3/3NBPPP/R2Q1RK1 w - - 0 15,e3d4,-87,-89,2
8/pp4k1/2p4p/2P2pp1/1P1qp3/P7/4QPPP/6K1 w - - 0 30,g2g3,-141,-198,57
8/1p6/p1p2k1p/2Pq1pp1/1P2p3/P3Q1P1/5PKP/8 w - - 4 33,h2h4,-216,-211,-5
8/1p6/p1p2k1p/2P1qpp1/1P2p2P/P3Q1P1/5PK1/8 w - - 1 34,h4g5,-158,-181,23
8/1p6/p1p2k2/2P1q1p1/1P2pp2/P5P1/3Q1PK1/8 w - - 0 38,g3f4,-142,-239,97
8/8/p1p5/2P2kp1/1P6/P3q3/5P2/5K2 w - - 0 51,f2e3,268,284,16
8/8/p1p5/2P5/1P2k1p1/P3P3/5K2/8 w - - 0 53,a3a4,354,354,0
8/8/p1p5/2P5/PP6/4k1K1/8/8 w - - 0 55,b4b5,506,540,34
8/8/p7/1pP5/P7/4k1K1/8/8 w - - 0 56,a4b5,556,563,7
8/8/8/1pP5/8/4k1K1/8/8 w - - 0 57,c5c6,564,563,-1
8/8/2P5/8/1p6/4k1K1/8/8 w - - 0 58,c6c7,568,574,6
8/2P5/8/8/8/1p2k1K1/8/8 w - - 0 59,c7c8q,579,584,5
rnbqkbnr/pppppppp/8/8/8/8/PPPPPPPP/RNBQKBNR w KQkq - 0 1,d2d4,38,25,-13
rnb1k1nr/ppp2ppp/3qp3/3p4/3P4/5N2/PPP1PPPP/RN1QKB1R w KQkq - 0 5,e2e3,22,-19,-41
r4rk1/p2b1ppp/1ppqpn2/3p4/3P4/2NBP3/PPP2PPP/R2QK2R w KQ - 0 11,a2a3,-32,-34,2
r4rk1/3n1ppp/pp1qp3/2pp4/3P4/P1N1P3/1PP2PPP/R2QK2R w KQ - 0 14,d4c5,-29,-51,22
r4rk1/5ppp/pn1q4/2ppp3/8/P1NQP3/1PP2PPP/R4RK1 w - - 0 17,b2b4,-18,-28,10
5rk1/5ppp/pn6/3r4/1Pp1N3/P2pP3/2PR1PPP/R5K1 w - - 0 24,c2d3,199,180,-19
3r4/5pkp/6p1/8/nP6/P3P3/R2N1PPP/6K1 w - - 1 33,g2g3,434,412,-22
3r4/5pkp/6p1/1n6/1P6/P3P1P1/2RN1P1P/6K1 w - - 3 35,a3a4,485,489,4
3r4/n4pkp/6p1/8/PP6/4P1P1/2RN1P1P/6K1 w - - 1 36,b4b5,508,528,20
8/5pkp/6p1/1n6/P7/3rP1P1/R2N1P1P/6K1 w - - 0 38,a4b5,631,688,57
5k2/5p1p/6p1/1P1r4/8/4P1P1/1R1N1P1P/6K1 w - - 3 40,b5b6,689,689,0
3r1k2/5p1p/1P4p1/8/8/4P1P1/1R1N1P1P/6K1 w - - 1 41,b6b7,685,666,-19
rnbqkbnr/pppppppp/8/8/8/8/PPPPPPPP/RNBQKBNR w KQkq - 0 1,e2e4,32,41,9
r1bqkb1r/pp1p1pp1/2n1pn1p/2p5/2B1P3/5Q1N/PPPP1PPP/RNB2RK1 w kq - 2 6,d2d3,-109,-147,38
r1bqk2r/pp1p1pp1/3bpn1p/2p5/2BnP3/3P3N/PPP2PPP/RNBQ1RK1 w kq - 3 8,c2c3,24,25,1
r1bqk2r/pp1p1pp1/2nbpn1p/2p5/2B1P3/2PP3N/PP3PPP/RNBQ1RK1 w kq - 1 9,g2g4,29,-137,-166
rbbqk2r/pp1p1pp1/2n1pn1p/2p5/2B1P1P1/2PP3N/PP3P1P/RNBQ1RK1 w kq - 1 10,g4g5,-93,-236,143
rnbqkbnr/pppppppp/8/8/8/8/PPPPPPPP/RNBQKBNR w KQkq - 0 1,e2e4,40,32,-8
rnbqkbnr/ppp1pppp/8/3p4/4P3/8/PPPP1PPP/RNBQKBNR w KQkq - 0 2,e4e5,76,-16,-92
rnbqkbnr/ppp1p1pp/5p2/3pP3/8/8/PPPP1PPP/RNBQKBNR w KQkq - 0 3,e5f6,40,-18,-58
rn1q1rk1/p3R3/2p2np1/1p1p1p1p/8/3B4/PPPPQPPP/RNB3K1 w - - 0 13,c2c3,505,333,-172
r4rk1/p1qn4/2p1Rnp1/1p1p1p1p/8/2P5/PPBPQPPP/RNB3K1 w - - 5 16,d2d4,506,456,-50
4r1k1/2qn4/2p2np1/pp1p1p1p/3P4/2P5/PPBQ1PPP/RNB3K1 w - - 0 19,g2g3,403,289,-114
4r3/6k1/2p2n2/1p1p1B1n/p2P4/N1P3p1/PP3PKP/R1B5 w - - 0 26,h2g3,524,515,-9
6n1/6k1/8/1ppp1BBn/p2P4/2P3P1/PPN1rPK1/R7 w - - 0 29,d4c5,758,772,14
6n1/6k1/8/1pP1rBBn/p2p4/2P1N1P1/PP3PK1/R7 w - - 0 31,c3d4,848,867,19
4r1n1/6k1/8/1pP2BBn/p2P4/4N1P1/PP3PK1/R7 w - - 1 32,g3g4,893,866,-27
rnbqkbnr/pppppppp/8/8/8/8/PPPPPPPP/RNBQKBNR w KQkq - 0 1,d2d4,32,26,-6
r2qkb1r/ppp1pppp/n4n2/1N1p1b2/3P1B2/8/PPP1PPPP/R2QKBNR w KQkq - 6 5,a2a3,-6,-6,0
r2qkb1r/pp3ppp/n1p1pn2/3p1b2/3P1B2/P1N5/1PP1PPPP/R2QKBNR w KQkq - 0 7,e2e3,-6,-1,-5
r2q1rk1/pp4pp/n1pbpnp1/3p2B1/3P4/P1N1P3/1PP2PPP/R2QK1NR w KQ - 0 11,f2f3,0,-93,-93
r2q1rk1/pp1n2p1/n1p1p2p/3p2p1/3P4/P1N1PPb1/1PP3PP/R2QK1NR w KQ - 0 15,h2g3,-57,-77,20
r2q1rk1/pp4p1/nnp1p2p/3p2p1/3P4/P1N1PPP1/1PP3P1/R2QK1NR w KQ - 1 16,b2b3,-15,-23,8
r4r2/pp3kp1/nnp1pq1p/3p2p1/3P4/PPNQPPP1/2P3P1/2KR2NR w - - 5 19,e3e4,145,64,-81
r4r2/pp2qkp1/nnp1p2p/6p1/3PN3/PP1Q1PP1/2P3P1/2KR2NR w - - 1 21,f3f4,170,-80,-250
r3kr2/pp2q1p1/n1p1p2p/3n2p1/3PNP2/PP1Q2P1/2P1N1P1/2KR3R w - - 3 23,f4g5,144,90,-54
rnbqkbnr/pppppppp/8/8/8/8/PPPPPPPP/RNBQKBNR w KQkq - 0 1,d2d4,34,27,-7
rnbqkbnr/ppp1pppp/8/3p4/3P4/8/PPP1PPPP/RNBQKBNR w KQkq - 0 2,c2c4,23,28,5
r2qkbnr/p1p1pppp/2n5/1N6/2pP2b1/5N2/PP2PPPP/R1BQKB1R w KQkq - 1 6,e2e3,303,178,-125
r2qkb1r/2p1pp1p/p4np1/n7/3P2b1/2N1PN2/PP2BPPP/R1BQK2R w KQkq - 0 10,h2h3,432,392,-40
q4rk1/4ppbp/pn4p1/8/3p4/2N1P2P/PP3PP1/R1BQ1RK1 w - - 0 18,e3d4,584,562,-22
q2r2k1/4ppbp/p5p1/8/2nP4/2N1B2P/PP3PP1/R2Q1RK1 w - - 3 20,b2b3,597,576,-21
q2r2k1/4ppbp/p5p1/8/3P4/1PN1n2P/P4PP1/R2Q1RK1 w - - 0 21,f2e3,548,550,2
rnbqkbnr/pppppppp/8/8/8/8/PPPPPPPP/RNBQKBNR w KQkq - 0 1,d2d4,33,25,-8
rnbqkbnr/ppp1pppp/8/3p4/3P4/8/PPP1PPPP/RNBQKBNR w KQkq - 0 2,c2c4,25,28,3
rnbqkbnr/ppp2ppp/4p3/8/2pP4/2N5/PP2PPPP/R1BQKBNR w KQkq - 0 4,e2e3,53,29,-24
rnbqk1nr/ppp2ppp/4p3/8/2BP4/2b1P3/PP3PPP/R1BQK1NR w KQkq - 0 6,b2c3,113,133,20
rn2k1nr/2p2ppp/p3p3/1p6/3P4/1BP1Pq2/P4PPP/R1B1R1K1 w kq - 0 12,g2f3,99,104,5
r3k2r/2p2ppp/p1n1pn2/1p6/3P4/BBP1PP2/P4P1P/R3R1K1 w kq - 3 14,e3e4,43,35,-8
r3k2r/2p2ppp/2n1pn2/pp6/3PP3/BBP2P2/P4P1P/R3R1K1 w kq - 0 15,d4d5,91,0,-91
r3k2r/2p2ppp/4pn2/p2Pn3/1p2P3/BBP1RP2/P4P1P/R5K1 w kq - 0 17,c3b4,201,131,-70
r3k2r/2pn1ppp/4p3/3Pn3/1B2P3/1B2RP2/P4P1P/R5K1 w kq - 1 19,f3f4,345,304,-41
r3k2r/2pn1ppp/4pn2/3P4/1B2PP2/1B4R1/P4P1P/R5K1 w kq - 3 21,d5e6,391,356,-35
r3k2r/2pn2pp/4pn2/8/1B2PP2/1B4R1/P4P1P/R5K1 w kq - 0 22,e4e5,374,254,-120
r3kr2/6Rp/1n2B3/2p1P3/4nP2/8/P4P1P/R3B1K1 w q - 1 26,f2f3,615,557,-58
4k3/3n2Rp/8/2p1P3/r7/5rn1/P6P/R5K1 w - - 0 32,h2g3,-366,-354,-12
rnbqkbnr/pppppppp/8/8/8/8/PPPPPPPP/RNBQKBNR w KQkq - 0 1,e2e4,38,35,-3
rnbqkbnr/pp1ppppp/2p5/8/4P3/8/PPPP1PPP/RNBQKBNR w KQkq - 0 2,d2d4,78,55,-23
rnbqkbnr/pp2pppp/2p5/3p4/3PP3/8/PPP2PPP/RNBQKBNR w KQkq - 0 3,e4e5,52,47,-5
rn1qkbnr/pp3pp1/4p1p1/2ppP3/3P4/5N2/PPP2PPP/RNBQ1RK1 w kq - 0 8,d4c5,45,51,6
3r1rk1/pp2qpp1/2n3p1/2b1P3/8/1Q3N2/PPP2PPP/R4RK1 w - - 3 15,h2h4,-386,-505,119
4r1k1/pp2qpp1/1b4p1/4P3/7r/1Q6/PPP2PP1/4RRK1 w - - 2 20,g2g3,-468,-467,-1
6k1/pp3pp1/1b4p1/3r4/8/6P1/PPP2PK1/7R w - - 0 26,f2f3,-534,-543,9
6k1/pp3pp1/1b4p1/6K1/8/5PP1/r7/7R w - - 0 30,f3f4,-662,-676,14
6k1/pp3pp1/1b4p1/6K1/5P2/6P1/3r4/7R w - - 1 31,g3g4,-682,-10000,9318
rnbqkbnr/pppppppp/8/8/8/8/PPPPPPPP/RNBQKBNR w KQkq - 0 1,e2e4,28,34,6
rnbqkbnr/pppppppp/8/8/8/8/PPPPPPPP/RNBQKBNR w KQkq - 0 1,e2e4,28,30,2
r1bqkbnr/ppp2ppp/2np4/4p3/2B1P3/5N2/PPPP1PPP/RNBQK2R w KQkq - 0 4,a2a3,36,26,-10
r1bqkbnr/1pp2ppp/p1np4/4p3/2B1P3/P4N2/1PPP1PPP/RNBQK2R w KQkq - 0 5,d2d3,46,46,0
r1bqkb1r/1pp2ppp/p1n2n2/3pp1N1/2B1P3/P2P4/1PP2PPP/RNBQK2R w KQkq - 0 7,e4d5,143,155,12
2kr3r/1ppq2bp/p3p1p1/8/2BnNp2/P2P4/1PP2PPP/R2Q1RK1 w - - 0 17,c2c3,223,206,-17
1k1r1r2/2p4p/2p2bp1/4pn2/2B1Np2/P1PP4/1P3PPP/R3R1K1 w - - 11 27,a3a4,376,267,-109
1k1r1r2/7p/2pp1bp1/4p3/P1B2p2/2PP4/1P3PPP/R3R1K1 w - - 0 29,b2b4,86,63,-23
1k3r2/3r3p/2pp1bp1/4p3/PPB2p2/2PP4/5PPP/R3R1K1 w - - 1 30,b4b5,269,244,-25
1k3r2/3r3p/3p1bp1/1p2p3/P1B2p2/2PP4/5PPP/R3R1K1 w - - 0 31,a4b5,245,73,-172
1k3r2/r6p/3p1bp1/1P2p3/2B2p2/2PP4/5PPP/R3R1K1 w - - 1 32,b5b6,378,148,-230
1k1b1r2/7p/1P1p2p1/3Bp3/5p2/2PP4/5PPP/1R4K1 w - - 5 36,b6b7,640,382,-258
R2b1r2/1Pk4p/3p2p1/3Bp3/5p2/2PP4/5PPP/6K1 w - - 5 39,b7b8q,10000,10000,0
rnbqkbnr/pppppppp/8/8/8/8/PPPPPPPP/RNBQKBNR w KQkq - 0 1,e2e4,34,35,1
r1bqkbnr/pp1ppppp/2n5/2p5/2B1P3/8/PPPP1PPP/RNBQK1NR w KQkq - 2 3,c2c3,4,-21,-25
r1bqkbnr/pp3ppp/3pp3/n1p5/4P3/2P2N2/PP1PBPPP/RNBQK2R w KQkq - 0 6,d2d4,100,106,6
2r1kb1r/1p3pp1/p1np2p1/3Qp3/4P2q/2P5/PP3PPP/RNB2RK1 w k - 4 18,f2f3,-71,-400,329
rnbqkbnr/pppppppp/8/8/8/8/PPPPPPPP/RNBQKBNR w KQkq - 0 1,d2d4,32,22,-10
rnbqkbnr/pppppp1p/6p1/8/3P4/8/PPP1PPPP/RNBQKBNR w KQkq - 0 2,c2c4,69,53,-16
rnbqk1nr/pp1pppbp/2p3p1/8/2PP4/2N5/PP2PPPP/R1BQKBNR w KQkq - 0 4,e2e4,82,86,4
rnbqk1nr/pp2ppbp/2p3p1/3p4/2PPP3/2N5/PP3PPP/R1BQKBNR w KQkq - 0 5,e4e5,111,96,-15
rn1qk1nr/pp2ppbp/2p1b1p1/3pP3/2PP4/2N5/PP3PPP/R1BQKBNR w KQkq - 1 6,b2b3,103,72,-31
r2q1rk1/pp1npp1p/2p1b1p1/3pPn2/2PP4/1PN2N2/P3BPPP/R2Q1RK1 w - - 6 11,c4d5,98,61,-37
2rq1rk1/1p2pp1p/pn4p1/3pP3/3P4/1PN2n2/P2Q1PPP/2R2RK1 w - - 0 19,g2f3,-26,-42,16
2rq1rk1/1p3p1p/pn2p1p1/3pP3/3P4/1PN2P2/P2Q1P1P/2R2RK1 w - - 0 20,f3f4,-39,-64,25
6k1/1p2np1p/p3p1p1/3pP3/3P2q1/1P2Q1N1/P4PKP/8 w - - 2 28,h2h3,-279,-282,3
8/1p3pkp/p3p3/3pPp2/3P3K/1P5P/P4P2/8 w - - 3 36,f2f4,-37,-63,26
8/1p3p1p/p3p3/3pPp1k/3P1P2/1P4KP/P7/8 w - - 3 38,a2a3,-50,-48,-2
8/5p1p/p3p3/1p1pPp1k/3P1P2/PP4KP/8/8 w - - 0 39,a3a4,-24,-32,8
8/7p/p3ppk1/1p1pPp2/P2P1P2/1P3K1P/8/8 w - - 0 41,e5f6,-18,-26,8
8/7p/p3pk2/1p1p1p2/P2P1P2/1P3K1P/8/8 w - - 0 42,a4a5,-15,-14,-1
rnbqkbnr/pppppppp/8/8/8/8/PPPPPPPP/RNBQKBNR w KQkq - 0 1,d2d3,31,-10,-41
rnbqkbnr/ppp1pppp/8/3p4/8/3P4/PPP1PPPP/RNBQKBNR w KQkq - 0 2,e2e4,-12,-12,0
rnbqkbnr/pp2pppp/2p5/3p4/4P3/3P4/PPP2PPP/RNBQKBNR w KQkq - 0 3,e4d5,13,-27,-40
rnb1kbnr/pp2pppp/2p5/3q4/8/3P4/PPP2PPP/RNBQKBNR w KQkq - 0 4,c2c4,55,33,-22
rnbqkbnr/pp2pppp/2p5/8/2P5/3P4/PP3PPP/RNBQKBNR w KQkq - 1 5,f2f3,41,-53,-94
rnbqkb1r/pp2pppp/2p2n2/8/2P5/3P1P2/PP4PP/RNBQKBNR w KQkq - 1 6,g2g4,-38,-77,39
rn1qkb1r/pp2pppp/2p1bn2/8/2P3P1/3P1P2/PP5P/RNBQKBNR w KQkq - 1 7,g4g5,-9,-92,83
rn1qkb1r/pp1npppp/2p1b3/6P1/2P5/3P1P2/PP5P/RNBQKBNR w KQkq - 1 8,h2h4,-60,-62,2
rn1qkb1r/pp1npp1p/2p1b1p1/6P1/2P4P/3P1P2/PP6/RNBQKBNR w KQkq - 0 9,b2b3,-51,-309,258
rn1qk2r/pp1nppbp/2p1b1p1/6P1/2P4P/1P1P1P2/P7/RNBQKBNR w KQkq - 1 10,d3d4,-293,-300,7
rnbqkbnr/pppppppp/8/8/8/8/PPPPPPPP/RNBQKBNR w KQkq - 0 1,e2e4,32,30,-2
rnbqkbnr/pp1ppppp/8/2p5/4P3/8/PPPP1PPP/RNBQKBNR w KQkq - 0 2,f2f4,32,-10,-42
r1bqkbnr/pp1p1ppp/2n1p3/2p5/4PP2/5N2/PPPP2PP/RNBQKB1R w KQkq - 0 4,e4e5,13,-46,-59
r1bqkb1r/4nppp/p1p1p3/2ppP3/5P2/5N2/PPPP2PP/RNBQ1RK1 w kq - 2 8,d2d3,47,20,-27
r2qk2r/1b2bpp1/p1p1p2p/2ppPn2/5P2/3P3N/PPP3PP/RNBQ1R1K w kq - 2 12,c2c4,-44,-45,1
r2q1rk1/1b2bpp1/p1p1p2p/2ppPn2/2P2P2/3P3N/PP4PP/RNBQ1R1K w - - 1 13,b2b3,-29,-203,174
r2q1rk1/1b2b1p1/2p1pp1p/p1ppPn2/2P2P2/1PNP3N/P5PP/R1BQ1R1K w - - 0 15,a2a4,13,-100,-113
r2q1rk1/1b2b1p1/2p1p2p/p1pppn2/P1P2P2/1PNP3N/6PP/R1BQ1R1K w - - 0 16,f4e5,-64,-68,4
r5k1/1bq1brp1/2p1p2p/p1ppPn2/P1P2B2/1PNP3N/6PP/1R1Q1R1K w - - 5 19,c4d5,-87,-252,165
r5k1/1b2brp1/1q2p2p/pNppPn2/P4B2/1P1P3N/6PP/1R1Q1R1K w - - 2 21,d3d4,-200,-268,68
5rk1/4brp1/1q2p2p/pb1pPn2/P2p1B2/1P1Q1R1N/6PP/5R1K w - - 0 25,a4b5,-229,-255,26
5rk1/4b1p1/1q2p2p/pP1pP3/3p4/1P1QBr1N/6PP/5R1K w - - 0 27,g2f3,-131,-284,153
6k1/4b1p1/1q2p2p/pP1pPr2/8/1P1QpP1N/6KP/5R2 w - - 2 29,f3f4,-232,-259,27
8/8/4p3/p3Pk1p/1bq2Pp1/1P1Kp3/7P/5R2 w - - 0 41,b3c4,-40,-72,32
8/8/4p3/p3Pk1p/2P2Pp1/3Kp3/3b3P/5R2 w - - 1 42,c4c5,267,391,124
8/8/4p3/p1P1Pk1p/1b3Pp1/3Kp3/7P/5R2 w - - 1 43,c5c6,612,645,33
rnbqkbnr/pppppppp/8/8/8/8/PPPPPPPP/RNBQKBNR w KQkq - 0 1,e2e4,37,35,-2
rnbqkbnr/pp1ppppp/8/2p5/4P3/8/PPPP1PPP/RNBQKBNR w KQkq - 0 2,d2d4,38,13,-25
r1bqkbnr/pp1ppp1p/2n3p1/8/4P3/4Q3/PPP2PPP/RNB1KBNR w KQkq - 0 5,b2b3,14,-113,-127
r1b2rk1/1p2npbp/p1n1p1p1/q2p4/4P3/1PN1QN2/PBP1BPPP/1K1R3R w - - 4 12,e4e5,51,14,-37
r1b2rk1/4npbp/p1n1p1p1/qp1pP3/8/1PN1QN2/PBP1BPPP/1K1R3R w - - 0 13,a2a3,83,-80,-163
r1b2rk1/4npbp/p1n1p1p1/q2pP3/1p6/PPN1QN2/1BP1BPPP/1K1R3R w - - 0 14,a3b4,-69,-69,0
rnbqkbnr/pppppppp/8/8/8/8/PPPPPPPP/RNBQKBNR w KQkq - 0 1,d2d4,28,26,-2
rnbqkbnr/ppp1pppp/8/3p4/3P4/8/PPP1PPPP/RNBQKBNR w KQkq - 0 2,e2e3,29,18,-11
rnbqkbnr/ppp2ppp/4p3/3p4/3P4/4P3/PPP2PPP/RNBQKBNR w KQkq - 0 3,c2c4,11,11,0
rn1qk2r/ppp2ppp/2b1pn2/3p4/1bPP4/2N1PN2/PP1B1PPP/R2QKB1R w KQkq - 7 7,a2a3,83,32,-51
r2qk2r/pppn1ppp/2b1pn2/3p4/2PP4/P1B1PN2/1P3PPP/R2QKB1R w KQkq - 1 9,b2b4,51,25,-26
r2qk2r/ppp2ppp/1nb1pn2/3p4/1PPP4/P1B1PN2/5PPP/R2QKB1R w KQkq - 1 10,b4b5,88,88,0
r2qk2r/pppb1ppp/1n2pn2/1P1p4/2PP4/P1B1PN2/5PPP/R2QKB1R w KQkq - 1 11,c4c5,92,92,0
r2qk2r/pppb1ppp/4pn2/1PP5/2pP4/P1B1PN2/5PPP/R2QK2R w KQkq - 0 13,a3a4,67,75,8
r3k2r/1ppq1ppp/4pn2/1pP5/P1pP4/2B1P3/5PPP/R2QK2R w KQkq - 0 16,a4b5,-129,-120,-9
5rk1/1p1q1ppp/2p1pn2/QPP5/2pP4/2B1P3/5PPP/4K2R w K - 0 19,b5c6,1,-36,-37
r5k1/5ppp/1pq1p3/2P5/2QP4/4P3/5PPP/1R4K1 w - - 0 24,h2h3,96,95,-1
6k1/5p1p/1R2p1p1/2P5/2QPq3/4P2P/5PPK/r7 w - - 0 27,c5c6,437,466,29
6k1/5p1p/1RP3p1/4p3/2QPq3/4P2P/5PPK/r7 w - - 0 28,c6c7,700,773,73
6k1/2P2p1p/1R4p1/8/2Qpq3/4P2P/5PPK/r7 w - - 0 29,c7c8q,866,894,28
2Q5/5pkp/1R4p1/8/3q4/4P2P/5PPK/r7 w - - 0 31,e3d4,893,919,26
rnbqkbnr/pppppppp/8/8/8/8/PPPPPPPP/RNBQKBNR w KQkq - 0 1,d2d3,36,-10,-46
rnbqkbnr/ppp1pppp/8/3p4/8/3P4/PPP1PPPP/RNBQKBNR w KQkq - 0 2,e2e4,-6,-5,-1
rnbqkbnr/pp2pppp/2p5/3p4/4P3/3P4/PPP2PPP/RNBQKBNR w KQkq - 0 3,e4d5,21,-25,-46
rnb1kbnr/pp2pppp/2p5/3q4/8/3P4/PPP2PPP/RNBQKBNR w KQkq - 0 4,c2c4,43,35,-8
rnbqkbnr/pp2pppp/2p5/8/2P5/3P4/PP3PPP/RNBQKBNR w KQkq - 1 5,b2b3,30,-177,-207
rn1qkb1r/pp2pppp/2p2n2/8/2P3b1/1P1P4/PB3PPP/RN1QKBNR w KQkq - 3 7,f2f3,24,-64,-88
rn1qkb1r/pp2pppp/2p2n2/5b2/2P5/1P1P1P2/PB4PP/RN1QKBNR w KQkq - 1 8,g2g4,-53,-62,9
rn1qkb1r/pp2pppp/2p2nb1/8/2P3P1/1P1P1P2/PB5P/RN1QKBNR w KQkq - 1 9,g4g5,-61,-183,122
rn1qkb1r/pp1npppp/2p3b1/6P1/2P5/1P1P1P2/PB5P/RN1QKBNR w KQkq - 1 10,h2h4,-133,-160,27
rn1qkb1r/pp1nppp1/2p3bp/6P1/2P4P/1P1P1P2/PB6/RN1QKBNR w KQkq - 0 11,h4h5,-167,-197,30
rn1qkb1r/pp1npppb/2p4p/6PP/2P5/1P1P1P2/PB6/RN1QKBNR w KQkq - 1 12,g5g6,-38,-50,12
rn1qkb1r/pp1np1pb/2p3pp/7P/2P5/1P1P1P2/PB6/RN1QKBNR w KQkq - 0 13,h5g6,-53,-76,23
r3kb1r/pp1np1p1/n1p3bp/2q5/2P5/1PBP1P1B/P3Q3/RN2K1NR w KQkq - 8 18,d3d4,0,-102,-102
1k1r1b1r/ppn3p1/2p1pnbp/8/2PP4/1PN2P1B/P2N4/2K1R2R w - - 0 29,d4d5,-551,-725,174
1k1r3r/ppn3p1/2p1p1bp/3P4/2P1n3/1P3P1B/P2K4/4R2R w - - 0 32,f3e4,-528,-531,3
rnbqkbnr/pppppppp/8/8/8/8/PPPPPPPP/RNBQKBNR w KQkq - 0 1,e2e4,33,32,-1
rnbqkbnr/p1pppppp/1p6/8/4P3/8/PPPP1PPP/RNBQKBNR w KQkq - 0 2,g2g3,99,40,-59
Bn2kbnr/p5pp/1pp2p2/4q3/8/6P1/PPPPQP1P/R1B1K2R w KQk - 0 11,d2d3,426,324,-102
rnbqkbnr/pppppppp/8/8/8/8/PPPPPPPP/RNBQKBNR w KQkq - 0 1,e2e4,31,41,10
r1bqkb1r/ppp2ppp/2np4/1B2p3/4P1n1/2N2N2/PPPP1PPP/R1BQ1RK1 w kq - 2 6,h2h3,160,151,-9
r1bqkb1r/ppp2pp1/2np4/1B2p2p/4P1n1/2N2N1P/PPPP1PP1/R1BQ1RK1 w kq - 0 7,h3g4,179,-234,-413
r1b1kb1r/ppp2pp1/2np4/1B2p3/4P1pq/2N5/PPPP1PPN/R1BQ1RK1 w kq - 2 9,g2g3,-408,-10000,9592
rnbqkbnr/pppppppp/8/8/8/8/PPPPPPPP/RNBQKBNR w KQkq - 0 1,e2e4,39,45,6
rnb1kbnr/ppp2pp1/3p1q1p/4p3/2B1P3/5N2/PPPP1PPP/RNBQ1RK1 w kq - 2 5,d2d3,116,75,-41
r1b1kb1r/p1p2pp1/2pp3p/4p3/4P1nq/2NP1Q2/PPP2PPP/R1B2R1K w kq - 4 12,h2h3,-509,-472,-37
rnbqkbnr/pppppppp/8/8/8/8/PPPPPPPP/RNBQKBNR w KQkq - 0 1,d2d4,43,19,-24
rnbqkbnr/ppp1pppp/8/3p4/3P4/8/PPP1PPPP/RNBQKBNR w KQkq - 0 2,c2c4,25,28,3
rnbqkb1r/pp2pppp/2p2n2/3p4/2PP4/2N5/PP2PPPP/R1BQKBNR w KQkq - 2 4,c4d5,31,21,-10
rnbqkb1r/pp2pppp/2p5/8/3P4/2n2N2/PP2PPPP/R1BQKB1R w KQkq - 0 6,b2c3,65,69,4
rn1qkb1r/pp2pppp/2p5/8/3P2b1/2P2N2/P3PPPP/R1BQKB1R w KQkq - 1 7,e2e3,108,39,-69
r2qk2r/p2n1ppp/1ppbp3/8/3P2b1/2P1PN2/P3BPPP/1RBQ1RK1 w kq - 0 11,c3c4,32,22,-10
r2qk2r/p1bn1ppp/1p2p3/8/2Pp2b1/B3PN2/P1Q1BPPP/1R3RK1 w kq - 0 14,e3d4,238,235,-3
r4rk1/p4ppp/1p1qpn2/4N3/2PP4/3Q4/P4PPP/1R1R2K1 w - - 2 20,f2f4,10,-12,-22
r2r2k1/p2q1ppp/1p2p3/8/2PP1P2/3Q4/P5PP/1R1R3K w - - 0 23,d4d5,-40,-41,1
r2r2k1/p2q1ppp/1p6/3p4/2P2P2/3Q4/P5PP/1R1R3K w - - 0 24,c4d5,-16,-9,-7
r2r2k1/p4ppp/1p1q4/3P4/5P2/3Q4/P5PP/1R1R3K w - - 1 25,g2g3,-6,-16,10
rnbqkbnr/pppppppp/8/8/8/8/PPPPPPPP/RNBQKBNR w KQkq - 0 1,e2e4,38,36,-2
rnbqkbnr/ppp2ppp/3p4/4p3/4P3/5N2/PPPP1PPP/RNBQKB1R w KQkq - 0 3,d2d4,52,58,6
rn2kb1r/pp3ppp/3pbq2/8/4P3/1p1B4/PPP2PPP/R1BQ1RK1 w kq - 0 11,c2b3,-282,-349,67
3r1rk1/p1R2ppp/4b1q1/3p4/1b2PB2/1P6/PP3PPP/3QR1K1 w - - 2 19,a2a3,-498,-589,91
3r1rk1/R4ppp/6q1/8/4pB2/Pb6/1P3PPP/4Q1K1 w - - 0 22,h2h3,-582,-663,81
5rk1/3R1ppp/6q1/8/4pB2/P4b1P/1P3PP1/6K1 w - - 2 25,g2g3,-689,-735,46
rnbqkbnr/pppppppp/8/8/8/8/PPPPPPPP/RNBQKBNR w KQkq - 0 1,f2f3,38,-73,-111
rnbqkbnr/pppp1ppp/4p3/8/8/5P2/PPPPP1PP/RNBQKBNR w KQkq - 0 2,e2e4,-42,-46,4
rnbqkbnr/ppp2ppp/3pp3/8/4P3/5P2/PPPP2PP/RNBQKBNR w KQkq - 0 3,b2b3,36,-32,-68
rnbqkb1r/pp3ppp/2pppn2/8/4P3/1P3P2/PBPP2PP/RN1QKBNR w KQkq - 2 5,g2g4,16,-41,-57
rnbqk2r/pp2bppp/2pppn2/8/4P1P1/1P3P2/PBPP3P/RN1QKBNR w KQkq - 1 6,g4g5,-30,-119,89
rnbqk2r/pp2bpnp/2ppp3/6P1/4P3/1P3P2/P1PP3P/RN1QKBNR w KQkq - 0 8,h2h4,-473,-449,-24
rnbqkbnr/pppppppp/8/8/8/8/PPPPPPPP/RNBQKBNR w KQkq - 0 1,e2e4,36,33,-3
rnbqkbnr/ppp1pppp/3p4/8/4P3/8/PPPP1PPP/RNBQKBNR w KQkq - 0 2,d2d4,52,47,-5
rnbqkb1r/ppp2ppp/3p1n2/4p3/3PP3/2N5/PPP2PPP/R1BQKBNR w KQkq - 0 4,d4d5,52,24,-28
rn1qk2r/pppbbppp/3p1n2/3Pp1B1/4P3/2N5/PPP2PPP/R2QKBNR w KQkq - 3 6,h2h3,18,-98,-116
rnbqkbnr/pppppppp/8/8/8/8/PPPPPPPP/RNBQKBNR w KQkq - 0 1,e2e4,32,38,6
rnbqkbnr/pppp1ppp/8/4p3/4P3/8/PPPP1PPP/RNBQKBNR w KQkq - 0 2,f2f3,39,-73,-112
rnb1kbnr/pppp1p1p/5qp1/4p3/4P3/5P2/PPPPN1PP/RNBQKB1R w KQkq - 0 4,c2c3,97,14,-83
rnb1k1nr/pppp1pbp/5qp1/4p3/4P3/2P2P2/PP1PN1PP/RNBQKB1R w KQkq - 1 5,d2d3,66,-8,-74
rnb1k2r/ppppnpbp/5qp1/4p3/4P3/2PP1P2/PP2N1PP/RNBQKB1R w KQkq - 1 6,g2g3,-17,-190,173
rnb1k2r/ppp1npbp/5qp1/3pp3/4P3/2PP1PP1/PP2N2P/RNBQKB1R w KQkq - 0 7,e4d5,-57,-197,140
rnb2rk1/ppp2pbp/5qp1/3np3/8/2PP1PP1/PP2N1BP/RNBQK2R w KQ - 2 9,f3f4,-99,-130,31
rnb2rk1/ppp2pbp/5qp1/3np3/5P2/2PP2P1/PP2N2P/RNBQK2R w KQ - 0 11,f4e5,-674,-654,-20
rnb2rk1/ppp2pbp/6p1/3nq3/8/2PP2P1/PP2N2P/RNBQK2R w KQ - 0 12,d3d4,-684,-714,30
rnbqkbnr/pppppppp/8/8/8/8/PPPPPPPP/RNBQKBNR w KQkq - 0 1,d2d4,39,28,-11
rnbqkbnr/pppp1ppp/8/4p3/3P4/8/PPP1PPPP/RNBQKBNR w KQkq - 0 2,d4d5,129,-22,-151
rnbqkb1r/pppp1ppp/5n2/3Pp3/8/8/PPP1PPPP/RNBQKBNR w KQkq - 1 3,c2c4,-18,-22,4
rnbqk2r/pppp1ppp/5n2/2bPp3/2P5/8/PP2PPPP/RNBQKBNR w KQkq - 1 4,a2a3,-7,-9,2
rnbqk2r/pppp1ppp/8/2bP4/2P1p1n1/P6N/1P2PPPP/RNBQKB1R w KQkq - 0 6,f2f3,85,-24,-109
rnbqk2r/pppp1ppp/8/2bP4/2P3n1/P4p1N/1P2P1PP/RNBQKB1R w KQkq - 0 7,e2f3,-43,-56,13
rnbqkbnr/pppppppp/8/8/8/8/PPPPPPPP/RNBQKBNR w KQkq - 0 1,d2d4,39,29,-10
rnbqkb1r/pppppppp/5n2/8/3P4/8/PPP1PPPP/RNBQKBNR w KQkq - 1 2,e2e3,25,8,-17
rnbqk2r/pp1pppbp/2p2np1/8/3P4/4PN2/PPP1BPPP/RNBQK2R w KQkq - 0 5,a2a3,38,14,-24
rnb1k2r/ppqpppbp/5np1/8/3p4/P3PN2/1PPNBPPP/R1BQ1RK1 w kq - 0 8,e3d4,22,25,3
r1b1k2r/ppqpppbp/2n3p1/8/3P2n1/PN3N2/1PP1BPPP/R1BQ1RK1 w kq - 3 10,h2h3,126,115,-11
r1b1k2r/ppqpppb1/2n3p1/7p/3P2n1/PN3N1P/1PP1BPP1/R1BQ1RK1 w kq - 0 11,c2c3,266,137,-129
r1b1k2r/1pqpppb1/2n3p1/p6p/3P2n1/PNP2N1P/1P2BPP1/R1BQ1RK1 w kq - 0 12,a3a4,182,151,-31
4k2r/2qp1pb1/b1n3p1/p3p2p/P2P2n1/1BP2N1P/1P3PP1/R1BQR1K1 w k - 0 17,d4e5,518,480,-38
5r2/3p1pk1/4b1p1/pB5p/P7/2P1R2P/1P3PP1/6K1 w - - 8 28,b2b4,212,186,-26
5r2/3p1pk1/4b1p1/1B5p/Pp6/2P1R2P/5PP1/6K1 w - - 0 29,c3b4,216,226,10
8/8/3k2p1/4pp1p/PPr5/1R5P/4KPP1/8 w - - 2 39,a4a5,252,163,-89
8/8/2k3p1/P3pp1p/1Pr5/1R5P/4KPP1/8 w - - 1 40,b4b5,242,232,-10
8/8/6p1/PPk1pp1p/2r5/1R5P/4KPP1/8 w - - 1 41,b5b6,526,565,39
8/8/1P4p1/P3pp1p/1k6/7P/4KPP1/8 w - - 0 43,b6b7,853,882,29
8/1P6/6p1/k3pp1p/8/7P/4KPP1/8 w - - 0 44,b7b8q,1011,10000,8989
rnbqkbnr/pppppppp/8/8/8/8/PPPPPPPP/RNBQKBNR w KQkq - 0 1,d2d4,38,23,-15
rnbqkbnr/ppp1pppp/8/3p4/3P4/8/PPP1PPPP/RNBQKBNR w KQkq - 0 2,e2e3,22,9,-13
rnbqkb1r/pp2pppp/5n2/2pp4/3P4/3BP3/PPP2PPP/RNBQK1NR w KQkq - 0 4,c2c3,-12,-28,16
r2qkb1r/pp2pppp/2n2n2/2pp4/3P2b1/2PBPN2/PP3PPP/RNBQK2R w KQkq - 3 6,h2h3,-38,-28,-10
r2qkb1r/pp3ppp/2n2n2/2ppp2b/3P4/2PBPN1P/PP3PP1/RNBQ1RK1 w kq - 0 8,d4e5,4,1,-3
r4rk1/p2q1ppp/Qp1b1nb1/2pp4/8/2P1PB1P/PP1N1PP1/R1B2RK1 w - - 6 15,c3c4,-177,-228,51
r3r1k1/p2q1ppp/Qp1b1nb1/2pp4/2P5/4PB1P/PP1N1PP1/R1B2RK1 w - - 1 16,c4d5,-85,-84,-1
r3r1k1/p4ppp/Qp1b1nb1/2pP1q2/8/4PB1P/PP1N1PP1/R1B2RK1 w - - 1 17,e3e4,66,-35,-101
r3r1k1/p4ppp/Qp1b1nb1/2pPq3/4P3/5B1P/PP1N1PP1/R1B2RK1 w - - 1 18,g2g3,-15,-28,13
r3r1k1/p4ppp/Qp1b4/2pPq2n/4P3/6PP/PP1N1P2/R1B2RK1 w - - 0 20,f2f4,89,-26,-115
rnbqkbnr/pppppppp/8/8/8/8/PPPPPPPP/RNBQKBNR w KQkq - 0 1,e2e4,32,34,2
rn1qkbnr/ppp2ppp/3p4/4p3/4P3/1b3N2/PPPP1PPP/RNBQK2R w KQkq - 0 5,c2b3,23,-22,-45
r3kbnr/ppp2ppp/2np1q2/4p3/4P3/1PN2N2/PP1P1PPP/R1BQK2R w KQkq - 3 7,d2d3,77,54,-23
3k1bnr/ppp2p2/2np2q1/3NpN1p/4P1p1/1P1P4/PP1Q1PPP/1K1R3R w - - 4 18,f2f3,357,363,6
3k1bnr/ppp2p2/2np2q1/3NpN1p/4P3/1P1P1p2/PP1Q2PP/1K1R3R w - - 0 19,g2f3,389,374,-15
3k1bn1/pp2q3/2p2p1r/3p4/3pP3/1P1P1PQN/PP5P/1K1R2R1 w - - 0 29,e4d5,693,620,-73
rnbqkbnr/ppp1pppp/8/3p4/8/2N5/PPPPPPPP/R1BQKBNR w KQkq - 0 2,e2e4,-1,-36,35
rnbqkbnr/ppp2ppp/8/4p3/3pP3/8/PPPPNPPP/R1BQKBNR w KQkq - 0 4,d2d3,-32,-49,17
rnbqkbnr/ppp3pp/8/4pp2/3pP3/3P4/PPP1NPPP/R1BQKBNR w KQkq - 0 5,f2f3,13,-112,-125
rnbqkb1r/ppp3pp/5n2/4pp2/3pP3/3P1P2/PPP1N1PP/R1BQKBNR w KQkq - 1 6,g2g3,-122,-118,-4
rnbqk2r/ppp3pp/5n2/4p3/3pp3/3P1PP1/PPPQN2P/R3KBNR w KQkq - 0 9,f3e4,-127,-258,131
rnbq1rk1/ppp3pp/5n2/4p3/3pP3/3P2P1/PPPQN2P/R3KBNR w KQ - 1 10,h2h3,-122,-246,124
r2q1rk1/1pp3pp/4bn2/p3p3/1n1pP3/3P2PP/PPPQN1B1/1K1R2NR w - - 2 14,a2a3,-217,-212,-5
r2q1rk1/2pb2pp/2n2n2/p3p1N1/1p1pP3/P2P2PP/1PPQN1B1/1K1R1R2 w - - 0 18,a3a4,-101,-109,8
r1q2rk1/2pb2p1/2n4p/p3p2n/Pp1pP3/3P1NPP/1PPQN1B1/1K1R3R w - - 4 21,b2b3,104,34,-70
r4rk1/2pq2p1/2n1b2p/p3p2n/Pp1pP3/1P1P1NPP/1KPQN1B1/3R3R w - - 3 23,g3g4,92,128,36
r4rk1/2p3p1/2n4p/p3pbq1/Pp1pP1P1/1P1P3P/1KP3Q1/2N2R1R w - - 0 29,e4f5,194,172,-22
4rrk1/6p1/7p/p3pP2/PpppR1P1/1PqP3P/2P1Q3/1K5R w - - 0 41,d3c4,217,203,-14
rnbqkbnr/pppppppp/8/8/8/8/PPPPPPPP/RNBQKBNR w KQkq - 0 1,d2d4,40,24,-16
rnbqkbnr/ppp1pppp/8/3p4/3P4/8/PPP1PPPP/RNBQKBNR w KQkq - 0 2,c2c4,27,23,-4
rnbqkb1r/ppp1pppp/5n2/8/2pP4/2N5/PP2PPPP/R1BQKBNR w KQkq - 0 4,e2e3,23,15,-8
rn1qk2r/pp3ppp/2pbpn2/7b/3P4/2N1PN2/PP2BPPP/R1BQ1RK1 w kq - 2 9,b2b3,85,18,-67
r4rk1/pp1n2pp/2pb1qp1/3p4/3P4/1P2PN2/PBQ2PPP/2R2RK1 w - - 2 16,h2h3,-20,-76,56
1br3k1/pp4pp/2pq2p1/3p4/3Pn3/1P1QPr1P/PB3PP1/2RR2K1 w - - 0 23,g2f3,-831,-10000,9169
rnbqkbnr/pppppppp/8/8/8/8/PPPPPPPP/RNBQKBNR w KQkq - 0 1,e2e4,33,38,5
rnbqkbnr/pppp1ppp/8/4p3/4P3/8/PPPP1PPP/RNBQKBNR w KQkq - 0 2,d2d4,35,-3,-38
r3k2r/ppp2ppp/2np1n2/4q3/3pPNb1/3B2Q1/PPPN1PPP/R4RK1 w kq - 8 11,f2f3,298,30,-268
r6r/ppp1kp1p/3p3Q/2q4n/1nNpP3/3B1P2/PPP3PP/R4RK1 w - - 2 16,e4e5,410,454,44
r6r/ppp1kp1p/3p3Q/2q1P2n/2Np4/3n1P2/PPP3PP/R4RK1 w - - 0 17,c2d3,533,538,5
rnbqkbnr/pppppppp/8/8/8/8/PPPPPPPP/RNBQKBNR w KQkq - 0 1,d2d4,36,28,-8
rnbqkb1r/pppp2pp/4pn2/5pB1/3P4/5N2/PPP1PPPP/RN1QKB1R w KQkq - 2 4,e2e3,38,42,4
rnbq1rk1/ppppb1pp/4pn2/5pB1/3P4/3BPN2/PPP2PPP/RN1QK2R w KQ - 3 6,c2c3,30,15,-15
r2q1rk1/pppbb1pp/4pn2/3pnpB1/3P4/2P1P3/PPBN1PPP/R2QK2R w KQ - 0 10,d4e5,-26,-29,3
r4rk1/pppbq1pp/4p3/3pPp2/4n3/2P1P3/PPBN1PPP/R2QK2R w KQ - 0 12,f2f3,-37,-419,382
r4rk1/pp1bq1pp/4p3/2ppPp2/8/2P1PP2/PPBQ2PP/R3K2R w KQ - 0 14,f3f4,-5,20,25
r4rk1/p3q1pp/2b1p3/2ppPp2/1p3P2/2P1P3/PPBQ2PP/2KR2R1 w - - 0 17,g2g4,91,105,14
rr4k1/p3q1pp/2b1p3/3pPp2/2p2PP1/2Q1P3/PPB4P/1K1R2R1 w - - 2 20,g4f5,214,266,52
rr4k1/p5pp/2b5/3pPB2/1q3P2/2p1P3/PPQ4P/1K1R2R1 w - - 0 23,b2b3,285,310,25
rnbqkbnr/pppppppp/8/8/8/8/PPPPPPPP/RNBQKBNR w KQkq - 0 1,d2d4,37,27,-10
rnbqkbnr/ppp1pppp/8/3p4/3P4/8/PPP1PPPP/RNBQKBNR w KQkq - 0 2,e2e3,25,9,-16
rnbqkb1r/ppp1pppp/5n2/3p4/3P4/4P3/PPP2PPP/RNBQKBNR w KQkq - 1 3,c2c4,11,13,2
rnbqkb1r/pp2pppp/2p2n2/3p4/2PP4/4P3/PP3PPP/RNBQKBNR w KQkq - 0 4,b2b3,34,-6,-40
r3r1k1/ppq2ppp/2pb1n2/3p4/2PPp3/1P2P3/PB1NQPPP/2R2RK1 w - - 2 15,c4d5,-120,-114,-6
r3r1k1/ppq2ppp/2pb1n2/3P4/3Pp3/1P2P3/PB1NQPP1/2R2R1K w - - 2 17,d5c6,-37,-40,3
rnbqkbnr/pppppppp/8/8/8/8/PPPPPPPP/RNBQKBNR w KQkq - 0 1,e2e4,37,39,2
r1bqk1nr/pppp1ppp/2n5/2b1p3/2B1P3/5N2/PPPP1PPP/RNBQK2R w KQkq - 4 4,d2d3,20,20,0
r1bqk2r/pppp1ppp/2n2n2/4p3/2B1P3/3PbN2/PPP2PPP/RN1QK2R w KQkq - 0 6,f2e3,15,13,-2
r1bq1rk1/1p3ppp/2pp4/p3p3/1nB1P1n1/2NPPN2/PPP1Q1PP/R4RK1 w - - 0 12,a2a3,35,14,-21
r1b2rk1/6pp/1qpp4/pp2pp2/4P1n1/P2PPN2/NPP1Q1PP/4RRK1 w - - 0 16,e4f5,-31,-27,-4
r1b3k1/6pp/1qpp4/pp2pr2/6n1/P2PPN2/NPP1Q1PP/4RRK1 w - - 0 17,h2h3,28,24,-4
rnbqkbnr/pppppppp/8/8/8/8/PPPPPPPP/RNBQKBNR w KQkq - 0 1,d2d4,39,23,-16
rnbqk1nr/pppp1ppp/3bp3/8/3P4/2N5/PPP1PPPP/R1BQKBNR w KQkq - 2 3,a2a3,142,116,-26
rnb1k1nr/pppp1ppp/3bpq2/8/3P4/P1N5/1PP1PPPP/R1BQKBNR w KQkq - 1 4,e2e4,231,222,-9
rnb1k1nr/pp1p1ppp/3bpq2/2p5/3PP3/P1N5/1PP2PPP/R1BQKBNR w KQkq - 0 5,e4e5,519,462,-57
rnb1k1nr/pp1p1ppp/3bp3/2p1Pq2/3P4/P1N5/1PP2PPP/R1BQKBNR w KQkq - 1 6,e5d6,661,674,13
2b2k1B/1p1p3p/p2P4/8/2Bn1p2/P7/1PP2KPP/4R1NR w - - 5 23,c2c3,1213,1097,-116
rnbqkbnr/pppppppp/8/8/8/8/PPPPPPPP/RNBQKBNR w KQkq - 0 1,d2d4,32,22,-10
rnbqkbnr/pppppp1p/6p1/8/3P4/8/PPP1PPPP/RNBQKBNR w KQkq - 0 2,c2c4,65,29,-36
rnbqk1nr/ppp1ppbp/3p2p1/8/2PP4/2N5/PP2PPPP/R1BQKBNR w KQkq - 0 4,e2e4,53,49,-4
rnbqk1nr/ppp2pbp/3p2p1/4p3/2PPP3/2N5/PP3PPP/R1BQKBNR w KQkq - 0 5,d4d5,43,52,9
r1bqk1nr/ppp2pbp/n2p2p1/3Pp3/2P1P3/2N5/PP3PPP/R1BQKBNR w KQkq - 1 6,a2a3,57,35,-22
r1bqk2r/ppp2pbp/n2p2pn/3Pp3/2P1P3/P1N5/1P3PPP/R1BQKBNR w KQkq - 1 7,b2b4,82,80,-2
2rqk2r/pppb1pbp/n2p2pn/3Pp3/1PP1P3/P1N1B3/5PPP/R2QKBNR w KQk - 3 9,c4c5,127,132,5
2rqk2r/p2b1pbp/p2p2pn/2Ppp3/1P2P3/P1NQB3/5PPP/R3K1NR w KQk - 0 12,c5d6,91,-203,-294
rnbqkbnr/pppppppp/8/8/8/8/PPPPPPPP/RNBQKBNR w KQkq - 0 1,d2d4,33,23,-10
rnbqkbnr/pp3ppp/4p3/2pp4/3P4/2N2N2/PPP1PPPP/R1BQKB1R w KQkq - 0 4,d4c5,64,21,-43
rnbqk1nr/pp3ppp/4p3/2bp4/8/2N2N2/PPP1PPPP/R1BQKB1R w KQkq - 0 5,e2e4,17,19,2
rnb1k1nr/pp3ppp/4p3/q1b5/N2pP3/5N2/PPP2PPP/R1BQKB1R w KQkq - 2 7,c2c3,58,60,2
r3k2r/ppRn1ppp/4pn2/8/N3P3/q3BN2/5RPP/3Q2K1 w kq - 4 18,e4e5,333,10,-323
rnbqkbnr/pppppppp/8/8/8/8/PPPPPPPP/RNBQKBNR w KQkq - 0 1,e2e4,35,39,4
r1bqkbnr/1pp2ppp/p1p5/4p3/4P3/5N2/PPPP1PPP/RNBQK2R w KQkq - 0 5,d2d4,23,-25,-48
2kr3r/1p4pp/p2pbp2/2p5/4P1n1/2N2N2/PPP3PP/R1K1R3 w - - 0 17,h2h3,-180,-220,40
2kr3r/1p4pp/p3bp2/2p1p3/4P3/2N4P/PPP3P1/R1K1R3 w - - 0 19,g2g4,-170,-291,121
3r3r/2k3pp/pp2bp2/2p1p3/N3P1P1/7P/PPP5/R1K1R3 w - - 2 21,b2b3,-278,-275,-3
7r/2k3pp/pp2bp2/2p1p3/N2rP1P1/1P5P/P1P5/R1K1R3 w - - 1 22,c2c3,-283,-423,140
7r/2k3pp/pp1rbp2/2p1p3/N3P1P1/1PP4P/P7/R1K1R3 w - - 1 23,c3c4,-296,-332,36
8/2k3pp/pp3p2/2pbp3/2P1P1P1/1P1rr2P/PK6/R6R w - - 0 28,e4d5,-425,-439,14
8/6pp/p2k1p2/1ppP4/2P1p1P1/1P5r/P1K3R1/8 w - - 0 33,g4g5,-263,-397,134
8/6pp/p2k4/1ppP1pP1/2P1p3/1P5r/P1K3R1/8 w - - 0 34,g5g6,-386,-431,45
8/6p1/p2k2Pp/2pP1p2/2p1p3/1P5r/P2K2R1/8 w - - 0 36,b3c4,-473,-485,12
rnbqkbnr/pppppppp/8/8/8/8/PPPPPPPP/RNBQKBNR w KQkq - 0 1,d2d4,40,26,-14
rnbqkbnr/pppp2pp/4p3/5p2/3P4/5N2/PPP1PPPP/RNBQKB1R w KQkq - 0 3,e2e3,54,26,-28
rnbqkb1r/pppp2pp/4pn2/5p2/3P4/4PN2/PPP2PPP/RNBQKB1R w KQkq - 1 4,b2b3,32,31,-1
r1bqkb1r/pp4pp/2p1pn2/3pnp2/3P4/1P1BP3/PBP2PPP/RN1QK2R w KQkq - 0 8,d4e5,32,32,0
r1bqkb1r/pp4pp/2p1p3/3pPp2/4n3/1P1BP3/PBP2PPP/RN1QK2R w KQkq - 1 9,f2f3,37,-391,-428
r1bq1rk1/pp2b1pp/2p1p3/3pP1n1/5p2/1P1BPP2/PBPNQ1PP/R4RK1 w - - 0 13,e3e4,158,-37,-195
r1b2rk1/ppq1bnpp/2p1p3/3pP3/4Pp2/1P1B1P2/PBPNQ1PP/3R1RK1 w - - 3 15,e4d5,-4,-49,45
r1b2rk1/ppq1bnpp/4p3/3pP3/5p2/1P1B1P2/PBPNQ1PP/3R1RK1 w - - 0 16,c2c4,17,34,17
rnbqkbnr/pppppppp/8/8/8/8/PPPPPPPP/RNBQKBNR w KQkq - 0 1,e2e4,41,37,-4
rnb1k1nr/ppp2ppp/3p1q2/2b1p3/4P3/5N2/PPPPBPPP/RNBQ1RK1 w kq - 0 5,c2c3,123,108,-15
rnb1k1nr/ppp2pp1/3p1q1p/2b1p3/4P3/2P2N2/PP1PBPPP/RNBQ1RK1 w kq - 0 6,d2d4,108,122,14
rnb1k1nr/ppp2pp1/1b1p1q1p/4p3/3PP3/2P2N2/PP2BPPP/RNBQ1RK1 w kq - 1 7,d4d5,98,47,-51
rn2k1nr/ppp2pp1/1b1p1q1p/3Pp3/4P1b1/2P2N2/PP2BPPP/RNBQ1RK1 w kq - 1 8,h2h3,96,85,-11
rn2k1nr/ppp2pp1/1b1p1q1p/3Pp2b/4P3/2P2N1P/PP2BPP1/RNBQ1RK1 w kq - 1 9,c3c4,84,29,-55
r3k1nr/pppn1pp1/1b1p1q1p/3Pp2b/2P1P3/5N1P/PP2BPP1/RNBQ1RK1 w kq - 1 10,b2b4,29,-248,-277
r3k2r/1ppn1p2/pb1p1qn1/3Pp1pp/1PP1P3/7P/PB1NQPPN/2R2RK1 w kq - 2 16,c4c5,91,-13,-104
r3k2r/1ppn1p2/pb3qn1/2pPp1pp/1P2P3/7P/PB1NQPPN/2R2RK1 w kq - 0 17,b4c5,0,-41,-41
2kr2r1/1pp1qp2/p7/3P3p/4PQ2/7P/P4PPN/2R3K1 w - - 3 26,f2f3,-32,-169,137
2k3r1/1pp1qp2/p5r1/3P3p/4PQ2/5P1P/P5P1/2R2NK1 w - - 3 28,g2g3,50,-135,-185
2k3r1/1pp2p2/p2r4/3P3p/4P3/5PPP/P7/2R2NK1 w - - 0 30,g3g4,-36,-40,4
6r1/1p1k1p2/p1p5/3P3p/4P1P1/4NP1P/P1R3K1/1r6 w - - 0 34,d5c6,13,0,-13
6r1/3k1p2/p1p5/8/4P1p1/4NPKP/P1R5/1r6 w - - 0 36,h3g4,7,5,-2
4k3/5p2/prpR4/5N2/4P1P1/5PK1/Pr6/8 w - - 7 40,a2a4,0,-27,-27
4k3/5p2/prpR4/5N2/P3P1P1/5PK1/r7/8 w - - 1 41,g4g5,84,64,-20
4k3/1r3p2/p6N/5RP1/1rp1PK2/5P2/8/8 w - - 2 46,e4e5,-269,-569,300
rnbqkbnr/pppppppp/8/8/8/8/PPPPPPPP/RNBQKBNR w KQkq - 0 1,e2e4,42,32,-10
rnbqkb1r/pppppppp/5n2/8/4P3/8/PPPP1PPP/RNBQKBNR w KQkq - 1 2,e4e5,62,57,-5
rnbqkb1r/pppppppp/8/3nP3/8/8/PPPP1PPP/RNBQKBNR w KQkq - 1 3,c2c4,68,64,-4
rnbqkb1r/pppp1ppp/1n2p3/4P3/2P5/2N5/PP1P1PPP/R1BQKBNR w KQkq - 0 5,d2d4,121,115,-6
rnbqkb1r/pp3ppp/1n2p3/2ppP3/2PP4/2N1B3/PP3PPP/R2QKBNR w KQkq d6 0 7,e5d6,205,201,-4
rnb1kb1r/pp3ppp/1n1qp3/8/2PB4/2N5/PP3PPP/R2QKBNR w KQkq - 0 9,c4c5,510,507,-3
rnb1kb1r/pp3ppp/1n2p3/2P5/3B1q2/2N5/PP3PPP/R2QKBNR w KQkq - 1 10,c5b6,555,539,-16
r1b1kb1r/1p3ppp/1pn1p3/8/1q6/2N1B3/PPQ2PPP/R3KBNR w KQkq - 0 13,a2a3,530,514,-16
r4rk1/5ppp/2p1p3/q1p5/2b5/P1N5/1PQ1NPPP/R2R2K1 w - - 6 20,b2b3,458,453,-5
r4rk1/5ppp/2p1p3/q2b4/2p5/PPN5/2Q1NPPP/R1R3K1 w - - 0 22,b3c4,465,421,-44
r4rk1/5ppp/2p1p3/q2b4/3N4/P1N5/2Q2PPP/R1R3K1 w - - 2 24,a3a4,406,416,10
6k1/5pp1/4p2p/3r4/8/5N2/q4PPP/2R1Q1K1 w - - 7 36,h2h3,396,384,-12
8/5p1k/3qp1pp/5r2/8/5N1P/2Q2PP1/2R3K1 w - - 0 41,h3h4,405,380,-25
rnbqkbnr/pppppppp/8/8/8/8/PPPPPPPP/RNBQKBNR w KQkq - 0 1,e2e4,35,30,-5
rnbqkbnr/pp2pppp/2p5/3p4/4P3/5N2/PPPP1PPP/RNBQKB1R w KQkq - 0 3,e4d5,32,22,-10
rnbqkbnr/pp2pppp/8/3p4/8/5N2/PPPP1PPP/RNBQKB1R w KQkq - 0 4,d2d4,18,14,-4
r1bqkb1r/pp2pppp/2n2n2/3p4/3P4/3B1N2/PPP2PPP/RNBQK2R w KQkq - 3 6,c2c3,25,33,8
r2qkb1r/pp2ppp1/2n2n1p/3p4/3P2b1/2PB1N2/PP3PPP/RNBQ1RK1 w kq - 0 8,h2h3,56,34,-22
1r2k2r/ppq2pp1/2nbpn1p/3p3b/3P4/1QPBB2P/PP1N1PPN/R4RK1 w k - 6 13,g2g3,-15,-298,283
1r2k2r/ppq2pp1/2n1pn1p/3p3b/3P4/1QPBB1bP/PP1N1P1N/R4RK1 w k - 0 14,f2g3,-279,-357,78
rnbqkbnr/pppppppp/8/8/8/8/PPPPPPPP/RNBQKBNR w KQkq - 0 1,e2e4,25,16,-9
rnbqkbnr/pppp1ppp/8/4p3/4P3/8/PPPP1PPP/RNBQKBNR w KQkq - 0 2,c2c3,34,-23,-57
rnbqk1nr/pppp1ppp/8/2b1p3/4P3/2P5/PP1P1PPP/RNBQKBNR w KQkq - 1 3,b2b3,67,-47,-114
r1bq1rk1/ppp2ppp/2np1n2/4p3/2N1P3/1PP2N2/P2P1PPP/R2QKB1R w KQ - 0 8,b3b4,-49,-240,191
r2q1rk1/ppp2ppp/2np4/4p3/1PN1n1b1/2P2N2/P2PBPPP/R2QK2R w KQ - 0 10,h2h3,-141,-215,74
r2q1rk1/ppp2ppp/2np4/4p2b/1PN1n3/2P2N1P/P2PBPP1/R2QK2R w KQ - 1 11,g2g4,-107,-255,148
r2q1rk1/ppp2ppp/2np2b1/4p3/1PN1n1P1/2P2N1P/P2PBP2/R2QK2R w KQ - 1 12,h3h4,-224,-250,26
r2q1rk1/ppp2ppp/2np1nb1/4p3/1PN3PP/2P2N2/P2PBP2/R2QK2R w KQ - 1 13,h4h5,-191,-206,15
r2q1rk1/ppp2ppp/2np1n2/4p2P/1PN1b1P1/2P2N2/P2PBP2/R2QK2R w KQ - 1 14,g4g5,-195,-222,27
r2qnrk1/ppp2ppp/2np4/4p1PP/1PN1b3/2P2N2/P2PBP2/R2QK2R w KQ - 1 15,d2d3,-164,-240,76
r2qnrk1/ppp2ppp/2npb3/4p1PP/1P6/2PPNN2/P3BP2/R2QK2R w KQ - 3 17,h5h6,-135,-169,34
r2qnrk1/ppp2p1p/2n1b1pP/3pp1P1/1P6/2PPNN2/P3BP2/R2QK1R1 w Q - 0 19,b4b5,-83,-81,-2
r3nrk1/ppp1np1p/3qb1pP/1P1pN1P1/8/2PPN3/P3BP2/R2QK1R1 w Q - 1 21,d3d4,-79,-73,-6
r3nrk1/pp2np1p/3q2pP/1PppN1P1/3P2N1/2P5/P4P2/R2QK1R1 w Q - 0 24,a2a4,111,0,-111
r3nrk1/pp2np1p/3q2pP/1P1pN1P1/P2p2N1/2P5/5P2/R2QK1R1 w Q - 0 25,c3d4,0,-102,-102
r3nrk1/pp3p1p/3q2pP/1P1pNnP1/P2P2N1/8/3Q1P2/2R1K1R1 w - - 5 28,f2f4,29,-84,-113
rnbqkbnr/pppppppp/8/8/8/8/PPPPPPPP/RNBQKBNR w KQkq - 0 1,d2d4,29,26,-3
rnbqkb1r/pppppp1p/5np1/8/3P4/5N2/PPP1PPPP/RNBQKB1R w KQkq - 0 3,g2g3,24,2,-22
rnbq1rk1/ppp1ppbp/5np1/3p4/3P4/5NP1/PPP1PPBP/RNBQ1RK1 w - - 0 6,c2c4,19,21,2
rnbq1rk1/pp3pbp/2p1pnp1/3p4/2PP4/5NP1/PP1NPPBP/R1BQ1RK1 w - - 0 8,b2b3,36,26,-10
rnbq1rk1/pp3pbp/2p1pnp1/8/2pP4/1P3NP1/P2NPPBP/R1BQ1RK1 w - - 0 9,b3c4,166,128,-38
rn1q1rk1/pb3pbp/1pp1pnp1/8/2PP4/5NP1/PB1NPPBP/R2Q1RK1 w - - 2 11,e2e4,90,108,18
r2q1rk1/pb1n1pbp/1pp1pnp1/8/2PPP3/5NP1/PB1N1PBP/R2Q1RK1 w - - 1 12,e4e5,164,192,28
r3nrk1/pb1nq1bp/1pp1p1p1/4PpN1/2PP4/5NP1/PB3PBP/R2Q1RK1 w - - 2 15,a2a4,188,130,-58
r3nrk1/pb1n1qb1/1pp1p2p/4Ppp1/P1PP4/6PN/1B1N1PBP/R2Q1RK1 w - - 2 18,f2f4,273,198,-75
rnbqkbnr/pppppppp/8/8/8/8/PPPPPPPP/RNBQKBNR w KQkq - 0 1,d2d4,27,22,-5
rnbqkbnr/pp1ppppp/8/2p5/3P4/8/PPP1PPPP/RNBQKBNR w KQkq - 0 2,d4c5,66,32,-34
r1bqkbnr/pp1p1ppp/2n5/2P1p3/8/2N5/PPP1PPPP/R1BQKBNR w KQkq - 2 4,g2g3,35,-51,-86
r1bq1rk1/pp2bppp/2np1n2/2P1p3/8/2N2NP1/PPP1PPBP/R1BQ1RK1 w - - 0 8,c5d6,141,155,14
2rr2k1/pp2n1pp/2n1p3/4p3/8/5NP1/PPP1PPBP/3R1RK1 w - - 0 16,c2c3,406,254,-152
6k1/p2R2pp/1p6/8/2n1p3/2P3P1/PP2PP1P/6K1 w - - 3 26,b2b3,588,584,-4
6k1/R5pp/1p6/8/4p3/1PP3P1/P3PP1P/3n2K1 w - - 1 28,c3c4,606,626,20
6k1/R5pp/1p6/8/2P5/1P2p1P1/P3PP1P/3n2K1 w - - 0 29,f2e3,630,667,37
8/5kpp/1R6/8/2P5/1P4P1/P1n1P2P/6K1 w - - 1 32,a2a4,747,712,-35
8/5k1p/1R6/6p1/P1P5/1P4P1/2n1P2P/6K1 w - - 0 33,a4a5,751,751,0
8/5k1p/1R2n3/P5p1/2P5/1P4P1/4PK1P/8 w - - 3 35,a5a6,810,832,22
8/4k2p/PR2n3/6p1/2P5/1P4P1/4PK1P/8 w - - 1 36,a6a7,869,927,58
rnbqkbnr/pppppppp/8/8/8/8/PPPPPPPP/RNBQKBNR w KQkq - 0 1,d2d4,22,21,-1
rnbqkbnr/ppp1pppp/8/3p4/3P4/8/PPP1PPPP/RNBQKBNR w KQkq - 0 2,c2c4,22,22,0
rnbqk2r/ppp2ppp/4pb2/3p4/2PP4/2N5/PP2PPPP/R2QKBNR w KQkq - 0 6,c4d5,-17,-18,1
rnbq1rk1/ppp2ppp/5b2/3p4/3P4/2N2N2/PP2PPPP/R2QKB1R w KQ - 2 8,e2e3,-11,-16,5
rn1q1rk1/1bp2ppp/p4b2/1p1p4/3P4/2N1PN2/PP2BPPP/R2Q1RK1 w - - 2 11,b2b4,27,-6,-33
r2q1rk1/1bpn1ppp/p4b2/1p1p4/1P1P4/2N1PN2/P3BPPP/R2Q1RK1 w - - 1 12,a2a3,4,-11,-15
r2qr1k1/1bp2pp1/p3nb1p/1p1p4/1P1P4/P1NBPN2/2Q2PPP/R3R1K1 w - - 0 16,e3e4,99,-160,-259
r3r1k1/6q1/p1p1np2/1p5Q/1P1P4/P7/5PPP/3RR1K1 w - - 3 28,d4d5,-87,-86,-1
rnbqkbnr/pppppppp/8/8/8/8/PPPPPPPP/RNBQKBNR w KQkq - 0 1,d2d4,18,20,2
rnbqkbnr/ppp1pppp/8/3p4/3P4/8/PPP1PPPP/RNBQKBNR w KQkq - 0 2,e2e3,25,6,-19
rnbqkbnr/ppp2ppp/4p3/3p4/3P4/4P3/PPP2PPP/RNBQKBNR w KQkq - 0 3,f2f4,8,-28,-36
rnbqk2r/ppp2ppp/4pn2/3p4/1b1P1P2/4P3/PPPN2PP/R1BQKBNR w KQkq - 3 5,c2c3,21,8,-13
r1bq1rk1/ppp3pp/2nb1p2/4p3/3P1P2/2PBPN2/PP4PP/R1BQ1RK1 w - - 0 12,d4d5,326,182,-144
r1bq1rk1/ppp1n1pp/3b1p2/3Pp3/5P2/2PBPN2/PP4PP/R1BQ1RK1 w - - 1 13,e3e4,214,-5,-219
r1bq1rk1/ppp1n1pp/3b1p2/3P4/4Pp2/2PB1N2/PP4PP/R1BQ1RK1 w - - 0 14,c3c4,-7,-32,25
r1bq1rk1/ppp3pp/6n1/3Pp3/2P1Pp2/3B4/PP4PP/1RBQ1RK1 w - - 0 17,b2b3,45,-15,-60
r1bq1rk1/p1p3pp/1p4n1/3Pp3/2P1Pp2/1P1B4/P5PP/1RBQ1RK1 w - - 0 18,b3b4,79,42,-37
r1bq1rk1/2p3pp/1p4n1/p2Pp3/1PP1Pp2/3B4/P5PP/1RBQ1RK1 w - - 0 19,a2a3,93,-29,-122
r1bq1rk1/2p3pp/1p4n1/3Pp3/1pP1Pp2/P2B4/6PP/1RBQ1RK1 w - - 0 20,a3b4,-21,-30,9
r2q1rk1/2p3pp/bp4n1/3Pp3/1PP1Pp2/3B4/6PP/1RBQ1RK1 w - - 1 21,c4c5,101,15,-86
r2q1rk1/2p3pp/b5n1/2pPp3/1P2Pp2/3B4/6PP/1RBQ1RK1 w - - 0 22,b4c5,11,21,10
r2q1rk1/6pp/2p3n1/2PPp3/4Pp2/3Q4/6PP/1RB2RK1 w - - 0 24,d5d6,35,61,26
1R6/6pk/2pP3p/2P5/3QPp1n/r7/6PP/6K1 w - - 2 38,e4e5,689,658,-31
6k1/1R6/2pP2pp/2P1Pn2/4QK2/r7/6PP/8 w - - 2 44,g2g4,10000,831,-9169
6k1/1R6/2pP2pp/2P1P3/4QKPn/r7/7P/8 w - - 1 45,g4g5,10000,740,-9260
rnbqkbnr/pppppppp/8/8/8/8/PPPPPPPP/RNBQKBNR w KQkq - 0 1,e2e4,23,26,3
r1k2bB1/p1qp1Npp/1p2p3/n1p5/4b3/8/PPPP1PPP/RNBQ1RK1 w - - 2 11,d2d3,724,731,7
rnbqkbnr/pppppppp/8/8/8/8/PPPPPPPP/RNBQKBNR w KQkq - 0 1,d2d4,26,25,-1
rnbqkbnr/p1pppppp/1p6/8/3P4/8/PPP1PPPP/RNBQKBNR w KQkq - 0 2,c2c4,86,67,-19
rn1qkbnr/pbpppppp/1p6/8/2PP4/8/PP2PPPP/RNBQKBNR w KQkq - 1 3,e2e3,46,12,-34
rn1qkbnr/pbpp1ppp/1p2p3/8/2PP4/4P3/PP3PPP/RNBQKBNR w KQkq - 0 4,a2a3,11,9,-2
rn2kbnr/p1pp1ppp/1p2p3/8/2PP4/P3Pq2/1P3PPP/RNB1KB1R w KQkq - 0 7,g2f3,75,80,5
2kr1bnr/p1pp1ppp/1pn1p3/8/2PP4/P3PP2/1P3PBP/RNB1K2R w KQ - 3 9,b2b4,105,108,3
2kr1bnr/p1p2ppp/1pn1p3/3p4/1PPP4/P3PP2/5PBP/RNB1K2R w KQ - 0 10,b4b5,116,-23,-139
2kr1bnr/p1p2ppp/1p2p3/nP1p4/2PP4/P3PP2/5PBP/RNB1K2R w KQ - 1 11,c4d5,-10,-74,64
2kr3r/p1p2ppp/1p1b1n2/nP1p4/3P4/P1N1PP2/5PBP/R1B2RK1 w - - 4 14,a3a4,107,97,-10
2kr3r/p1p2pp1/1p3n2/nP1p4/P2P3p/R1N1PP2/5PBP/5RK1 w - - 0 17,h2h3,120,71,-49
2k3rr/p1p2p2/1p3n2/nP1p2p1/P2P3p/2N1PP1P/R4PB1/5RK1 w - - 2 19,f3f4,167,-16,-183
2k3rr/p1p2p2/1p3n2/nP1p4/P2P1p1p/2N1P2P/R4PB1/5RK1 w - - 0 20,e3f4,-13,-22,9
1k4rr/p1p2p2/1p3n2/nP6/P2P1P1p/7P/R4PBK/5R2 w - - 2 23,d4d5,-378,-461,83
1k1r4/p1p2p2/1pR5/1n1n4/5P1p/5B1P/5P1K/8 w - - 0 35,f4f5,-626,-733,107
8/3k4/3n4/8/7p/2r4P/4RPK1/2q5 w - - 2 56,f2f3,-926,-10000,9074
rnbqkbnr/pppppppp/8/8/8/8/PPPPPPPP/RNBQKBNR w KQkq - 0 1,d2d4,27,27,0
rnbqkbnr/pppp1ppp/4p3/8/3P4/8/PPP1PPPP/RNBQKBNR w KQkq - 0 2,c2c4,38,22,-16
rnbqk2r/pp2bpp1/2p1pn1p/3p4/2PP3B/2N2N2/PP2PPPP/R2QKB1R w KQkq - 0 7,e2e3,30,33,3
rnb1k2r/pp2qpp1/2p1p2p/3p4/2PPn3/2N1PN2/PP3PPP/R2QKB1R w KQkq - 0 9,c4d5,51,10,-41
3r1r1k/pp1bq1p1/2p4p/5p1Q/2BPp3/4P3/PP3PPP/2R2RK1 w - - 2 17,a2a3,-2,-7,5
3r1r2/pp1bq1pk/2p4p/5p1Q/2BPp3/P3P3/1P3PPP/2R2RK1 w - - 1 18,b2b4,4,0,-4
4rr2/pp2q2k/2p1b1pp/5p2/1PBPp3/P3P3/4QPPP/2RR2K1 w - - 4 21,d4d5,74,47,-27
5r2/pp1r3k/3q2pp/2R2p2/1P2p3/P3P3/1Q3PPP/2R3K1 w - - 5 26,g2g3,37,35,-2
8/pp1r4/4k1pp/5p2/1P2p3/P1R1P1PK/5P1P/8 w - - 6 34,g3g4,2,-4,-6
8/p2r4/1p2k1pp/5p2/1P2p1P1/P1R1P2K/5P1P/8 w - - 0 35,g4f5,97,11,-86
8/p6r/1pR4p/4k2K/1P2p3/P3p3/5P1P/8 w - - 0 41,f2e3,-18,0,18
8/p7/1pR4K/4k3/1P2p3/P3P3/5r1P/8 w - - 1 43,h2h4,6,3,-3
8/p7/1p5K/5k2/1P2p2P/P1R1Pr2/8/8 w - - 3 45,a3a4,0,0,0
8/p7/1p5K/8/PP2p1kP/2R1Pr2/8/8 w - - 1 46,h4h5,0,-1,-1
8/2R5/1p4K1/p6r/PP2p1k1/4P3/8/8 w - - 0 49,b4a5,0,-14,-14
rnbqkbnr/pppppppp/8/8/8/8/PPPPPPPP/RNBQKBNR w KQkq - 0 1,e2e4,22,26,4
rnb1k1nr/ppppqppp/8/4N3/1b2P3/8/PPPP1PPP/RNBQKB1R w KQkq - 1 4,a2a3,96,104,8
rnb1k2r/pp3ppp/2p2n2/2bp4/8/P4N2/1PPPBPPP/RNB1K2R w KQkq - 2 10,h2h3,-14,-25,11
rnb1k2r/pp3ppp/2p5/2bp4/4n3/P4N1P/1PPPBPP1/RNB1K2R w KQkq - 1 11,d2d4,-2,3,5
r1b1k2r/pp1n1ppp/8/8/2pN4/P1N4P/1PP2PP1/R2R2K1 w kq - 0 19,b2b4,279,137,-142
r1b2rk1/5p1p/5np1/1N6/1ppN4/P5RP/2PR1PPK/8 w - - 0 26,a3b4,11,-51,-62
2b2rk1/5p1p/5np1/1N6/rPpN4/6RP/2PR1PPK/8 w - - 1 27,c2c3,199,-31,-230
rnbqkbnr/pppppppp/8/8/8/8/PPPPPPPP/RNBQKBNR w KQkq - 0 1,e2e4,24,26,2
rnbqkbnr/ppp2ppp/4p3/3p4/4P3/5N2/PPPP1PPP/RNBQKB1R w KQkq - 0 3,e4d5,22,22,0
rnbqkbnr/ppp2ppp/8/3p4/8/5N2/PPPP1PPP/RNBQKB1R w KQkq - 0 4,d2d4,21,17,-4
rnbq1rk1/pp2nppp/2pb4/3p4/3P4/3B1N2/PPPN1PPP/R1BQ1RK1 w - - 6 8,h2h3,25,-2,-27
r4rk1/ppqn1ppp/2pb4/3p1n2/3P4/5N1P/PPP2PPN/R1BQ1RK1 w - - 4 12,g2g3,-18,-163,145
r5k1/ppqnr2p/2pb1pp1/3p1n2/3P4/3Q1NPP/PPPB1P1N/R4RK1 w - - 2 16,c2c4,3,-133,-136
rnbqkbnr/pppppppp/8/8/8/8/PPPPPPPP/RNBQKBNR w KQkq - 0 1,d2d4,26,19,-7
r1bqkb1r/ppp2p2/2n1pn1p/3p2p1/3P4/2N2NB1/PPP1PPPP/R2QKB1R w KQkq - 2 7,a2a3,55,12,-43
r1b1k2r/ppp2p2/2nqpn1p/3p2p1/3P4/P1N2N2/1PP1PPPP/R2QKB1R w KQkq - 0 9,e2e3,7,-10,-17
r1b1k2r/ppp1qp2/2n1p2p/1N1p2p1/3Pn3/P3PN2/1PP2PPP/R2QKB1R w KQkq - 3 11,c2c4,35,59,24
r1b2rk1/ppp1qp2/2n4p/1N1pp1p1/2PPn3/P2BPN2/1P3PPP/R2QK2R w KQ - 0 13,c4d5,280,280,0
r2n1rk1/ppp5/7p/1N1Pqpp1/3p4/P2QPb2/1P3PPP/R4RK1 w - - 0 19,e3d4,0,-135,-135
r2n1rk1/ppp5/7p/1N1P1pp1/3P4/P4q2/1P3PPP/R4RK1 w - - 0 21,g2f3,57,51,-6
4r1k1/1p6/p3N2p/3P1pp1/2nP4/P4P2/1P3P1P/R5K1 w - - 2 28,b2b3,182,106,-76
6k1/1p2r3/p3N2p/3P1pp1/3P4/P4P2/2R2PKP/1n6 w - - 10 35,a3a4,404,154,-250
8/5k2/R3N2p/3r1pp1/P2P4/2n2P2/5PKP/8 w - - 1 41,h2h3,136,87,-49
8/8/8/1r1k1p2/P2P1p1p/3K1P1P/5P2/8 w - - 0 50,a4b5,722,831,109
8/1k6/8/1PK2p2/3P1p1p/5P1P/5P2/8 w - - 5 53,d4d5,1028,10000,8972
8/2k5/8/1PKP1p2/5p1p/5P1P/5P2/8 w - - 1 54,d5d6,10000,10000,0
8/3k4/3P4/1PK2p2/5p1p/5P1P/5P2/8 w - - 1 55,b5b6,10000,10000,0
3k4/8/1PKP4/5p2/5p1p/5P1P/5P2/8 w - - 3 57,b6b7,10000,10000,0
4k3/1P6/2KP4/5p2/5p1p/5P1P/5P2/8 w - - 1 58,b7b8q,10000,10000,0
2K5/4Q3/3P2k1/5p2/5p1p/5P1P/5P2/8 w - - 9 63,d6d7,10000,10000,0
2K5/3PQ3/7k/5p2/5p1p/5P1P/5P2/8 w - - 1 64,d7d8r,10000,10000,0
rnbqkbnr/pppppppp/8/8/8/8/PPPPPPPP/RNBQKBNR w KQkq - 0 1,d2d4,23,17,-6
r2qkbnr/ppp1pppp/2n5/3p1b2/3P1B2/5N2/PPP1PPPP/RN1QKB1R w KQkq - 4 4,e2e3,37,17,-20
r4rk1/ppp1nppp/2nq4/3p1p2/3P4/4PN2/PPPN1PPP/R2Q1RK1 w - - 4 10,c2c4,34,33,-1
r2q1rk1/1p3p1p/p1p3p1/2QnNp2/3P4/4P3/PP3PPP/2R2RK1 w - - 2 17,a2a3,-4,2,6
r2q1r2/1p3pkp/2p3p1/p1Qn1p2/3P4/P2NP3/1P3PPP/2R2RK1 w - - 0 19,b2b4,12,-11,-23
1r3r2/1p3pkp/2p2qp1/5p2/1Q1P4/P3P3/5PPP/R4RK1 w - - 3 23,a3a4,-2,-4,2
1r3r2/1p3pkp/2p2qp1/8/PQ1P1p2/4P3/5PPP/R4RK1 w - - 0 24,a4a5,-2,-6,4
1r3r2/1p3pkp/2p2qp1/P7/1Q1P4/4Pp2/5PPP/R4RK1 w - - 0 25,g2g3,3,-52,-55
1r6/1p3pkp/2p1q1p1/P2r4/3P4/4PpP1/5P1P/R4QRK w - - 9 30,h2h3,-70,-112,42
1r6/1p3pkp/2p1q1p1/P7/3P4/4PpPP/1r3P1K/R4QR1 w - - 3 32,g3g4,-169,-388,219
5r2/1p3pkp/6p1/P1p5/1q4P1/5R1P/6K1/R7 w - - 0 39,a5a6,-638,-793,155
rnbqkbnr/pppppppp/8/8/8/8/PPPPPPPP/RNBQKBNR w KQkq - 0 1,e2e3,26,12,-14
rnbqkbnr/pppp1ppp/8/4p3/8/4P3/PPPP1PPP/RNBQKBNR w KQkq - 0 2,g2g3,22,-61,-83
r1bqkbnr/ppp4p/n7/3p1pp1/3Np3/2N1P1P1/PPPP1PBP/R1BQK2R w KQkq - 0 7,b2b3,289,65,-224
r1bqkbnr/pp5p/8/1Npp1p2/1n2p1p1/1PN1P1P1/PBPP1PBP/R2QK2R w KQkq - 2 10,a2a4,360,-41,-401
r1bqkbnr/1p5p/p7/2p2p2/Pn2p1p1/NP1pP1P1/1BPPNPBP/R2QK2R w KQkq - 0 13,c2d3,327,-508,-835
r1bqk1nr/1p5p/p7/2p2p2/P1N1pNp1/1P1nP1P1/2QP1PBP/b4K1R w kq - 0 18,a4a5,-607,-660,53
1rbqk1nr/1p5p/pN3b2/P1Q2p2/4pNp1/1P2P1P1/1n1P1PBP/5K1R w k - 1 21,h2h4,-483,-590,107
1bb4r/5k1p/p7/Ppn2p2/4p1pP/1P2N1P1/6BK/8 w - - 0 32,h4h5,-906,-929,23
7r/1bb2k1p/p7/npN4P/4ppp1/6P1/6BK/8 w - - 0 37,g3f4,-822,-845,23
rnbqkbnr/pppppppp/8/8/8/8/PPPPPPPP/RNBQKBNR w KQkq - 0 1,e2e4,32,25,-7
rnbqkbnr/pppp1ppp/8/4p3/4P3/8/PPPP1PPP/RNBQKBNR w KQkq - 0 2,d2d4,35,12,-23
rnbqkbnr/ppp2ppp/3p4/4p3/3PP3/8/PPP2PPP/RNBQKBNR w KQkq - 0 3,d4e5,57,42,-15
r1bn2k1/p2n1ppp/2p5/1p2p3/4P3/2NB1N2/PPP2PPP/4R1K1 w - - 6 16,b2b4,-30,-53,23
r2n2k1/pb3ppp/2p2n2/1p2N3/1P2P3/2NB4/P1P2PPP/4R1K1 w - - 1 18,a2a4,196,214,18
r2n2k1/1b3ppp/p1p2n2/1p2N3/PP2P3/2NB4/2P2PPP/4R1K1 w - - 0 19,a4b5,248,204,-44
r2n2k1/1b3ppp/2p2n2/1p2N3/1P2P3/2NB4/2P2PPP/4R1K1 w - - 0 20,h2h3,214,196,-18
r5k1/1b3ppp/2p1nn2/1p2N3/1P2P3/2NB3P/2P2PP1/4R1K1 w - - 1 21,g2g3,209,135,-74
r5k1/1b3ppp/2p5/1p2N2n/1P1nP3/2NB2PP/2P2PK1/4R3 w - - 3 23,h3h4,206,201,-5
2b2k2/7p/2p2p2/1p5n/1P2P2P/r2BR1P1/2P2PK1/8 w - - 2 29,e4e5,-187,-206,19
5k2/1b6/5p2/1pp1P2n/1P2B2P/4r1P1/2P2PK1/8 w - - 0 32,f2e3,-450,-575,125
rnbqkbnr/pppppppp/8/8/8/8/PPPPPPPP/RNBQKBNR w KQkq - 0 1,d2d4,28,25,-3
rnbqkb1r/ppp1pppp/5n2/3p4/3P4/2N5/PPP1PPPP/R1BQKBNR w KQkq - 2 3,f2f4,0,-60,-60
rnbqk2r/ppp1ppbp/5np1/3p4/3P1P2/2N2N2/PPP1P1PP/R1BQKB1R w KQkq - 2 5,g2g3,-44,-90,46
r1bqk2r/ppp1ppbp/2n2np1/3p4/3P1P2/2N2NP1/PPP1P2P/R1BQKB1R w KQkq - 1 6,e2e3,-33,-39,6
r1bqk2r/ppp1ppbp/2n3p1/3p4/3P1Pn1/2N1PNP1/PPP4P/R1BQKB1R w KQkq - 1 7,h2h3,58,41,-17
r1bqk2r/ppp1ppbp/2n3pn/3p4/3P1P2/2N1PNPP/PPP5/R1BQKB1R w KQkq - 1 8,g3g4,85,86,1
r1bqk2r/ppp2pbp/2n1p1pn/3p4/3P1PP1/2N1PN1P/PPP5/R1BQKB1R w KQkq - 0 9,e3e4,114,-9,-123
r1bq1rk1/ppp2pbp/2n1p1pn/3p4/3PPPP1/2N2N1P/PPP5/R1BQKB1R w KQ - 1 10,g4g5,202,-54,-256
r1bq1rk1/ppp2pbp/4p1p1/5nP1/3nNP2/2N4P/PPP5/R1BQKB1R w KQ - 0 13,h3h4,-287,-279,-8
r1bq1rk1/p1p2pbp/1p2p1p1/5nP1/3nNP1P/2N5/PPP5/R1BQKB1R w KQ - 0 14,h4h5,-288,-301,13
r2q1r1k/pbp2pb1/1p2pN1p/5nPQ/3nNP2/8/PPP5/R1B1KB1R w KQ - 4 18,g5h6,0,-700,-700
r4r1k/p1p2pb1/1p2pq1n/7Q/3nBP2/8/PPP5/R1B1K2R w KQ - 0 21,f4f5,-273,-291,18
5r1k/p1p4r/1p4R1/4p3/4B3/8/PPP5/2KR4 w - - 0 33,b2b4,555,497,-58
rnbqkbnr/pppppppp/8/8/8/8/PPPPPPPP/RNBQKBNR w KQkq - 0 1,d2d4,28,23,-5
rnbqkbnr/ppp1pppp/8/3p4/3P4/8/PPP1PPPP/RNBQKBNR w KQkq - 0 2,c2c4,25,27,2
rnbqkbnr/ppp1pppp/8/8/2pP4/8/PP2PPPP/RNBQKBNR w KQkq - 0 3,e2e3,43,25,-18
rn2k2r/p3n1pp/1p2Bp2/2p5/8/2B1P3/PP3PPP/2KR3R w kq - 0 14,f2f4,354,267,-87
r3k2r/p3n1pp/1pn1Bp2/2p5/5P2/2B1P3/PP4PP/2KR3R w kq - 1 15,e3e4,278,195,-83
3rk2r/p3n1pp/1pn1Bp2/2p5/4PP2/2B5/PP4PP/2KR3R w k - 1 16,e4e5,181,22,-159
3rk2r/p3n1pp/1pn1B3/2p1p3/5P2/2B5/PP4PP/2KR3R w k - 0 17,f4e5,16,14,-2
rnbqkbnr/pppppppp/8/8/8/8/PPPPPPPP/RNBQKBNR w KQkq - 0 1,e2e4,35,36,1
rnbqkbnr/pppppppp/8/8/8/8/PPPPPPPP/RNBQKBNR w KQkq - 0 1,d2d4,36,22,-14
rnbqkbnr/ppp1pppp/8/3p4/3P4/8/PPP1PPPP/RNBQKBNR w KQkq - 0 2,c2c4,28,23,-5
r1bqkbnr/ppp1pppp/2n5/8/2pP4/2N5/PP2PPPP/R1BQKBNR w KQkq - 2 4,d4d5,76,65,-11
r1bqkbnr/ppp1pppp/8/3Pn3/2p5/2N5/PP2PPPP/R1BQKBNR w KQkq - 1 5,e2e4,68,20,-48
r1bqkb1r/ppp1pppp/5n2/3Pn3/2p1P3/2N5/PP3PPP/R1BQKBNR w KQkq - 1 6,h2h3,29,-21,-50
r1bqkb1r/p1p1pppp/5n2/1p1Pn3/2p1P3/2N4P/PP3PP1/R1BQKBNR w KQkq - 0 7,f2f4,43,-4,-47
r1bqkb1r/p1p1pppp/5nn1/1p1P4/2p1PP2/2N4P/PP4P1/R1BQKBNR w KQkq - 1 8,e4e5,126,-62,-188
r1bqkb1r/p1pn1ppp/4p1n1/1N1PP3/2p2P2/7P/PP4P1/R1BQKBNR w KQkq - 0 10,d5e6,77,-76,-153
r3kr2/1bp1b1pp/p3p1n1/2n1P3/5P2/2N2N1P/PP2B1P1/R1BR2K1 w - - 8 18,g2g3,254,257,3
r4r2/2p1bkpp/p5n1/3pP3/3N1P2/6PP/PP6/R1BR2K1 w - - 0 23,e5e6,267,150,-117
r2n1b2/5kpp/p1p5/3p1N2/5P2/2B3PP/PP2R3/7K w - - 2 36,g3g4,16,-18,-34
8/6k1/6pp/8/2r1NPP1/5K1P/8/8 w - - 6 57,f4f5,-22,-23,1
8/6k1/7p/5p2/2r1N1P1/5K1P/8/8 w - - 0 58,g4f5,-22,-19,-3
8/6k1/7p/5P2/r3N3/5K1P/8/8 w - - 1 59,h3h4,-21,-27,6
8/5k2/7p/5P2/r3NK1P/8/8/8 w - - 5 62,h4h5,-25,-60,35
8/5k2/7p/5P1P/4NK2/8/8/r7 w - - 1 63,f5f6,-70,-335,265
7k/8/6K1/7P/8/8/8/8 w - - 3 80,h5h6,0,0,0
6k1/8/6KP/8/8/8/8/8 w - - 1 81,h6h7,0,0,0
rnbqkbnr/pppppppp/8/8/8/8/PPPPPPPP/RNBQKBNR w KQkq - 0 1,d2d4,33,24,-9
rnbqkb1r/pppppppp/5n2/8/3P4/8/PPP1PPPP/RNBQKBNR w KQkq - 1 2,c2c4,22,22,0
rnbqk2r/pp1p1ppp/4pn2/2p5/1bPP4/2N5/PP1BPPPP/R2QKBNR w KQkq - 0 5,d4d5,11,1,-10
rnbqk2r/pp3ppp/3ppn2/2pP4/1bP5/2N5/PP1BPPPP/R2QKBNR w KQkq - 0 6,a2a3,-1,-1,0
rnbqk2r/pp3ppp/3ppn2/2pP4/2P5/P1b5/1P1BPPPP/R2QKBNR w KQkq - 0 7,b2c3,9,-119,-128
rnbqk2r/pp3ppp/3p1n2/2pp4/2P5/P1P5/3BPPPP/R2QKBNR w KQkq - 0 8,c4d5,-119,-107,-12
r3k2r/pp3ppp/2npb3/2pn4/8/P7/3BPPPP/2R1KBNR w Kkq - 1 16,e2e3,-313,-347,34
5rk1/5rp1/p2p3p/1p1p4/3B4/P2pP3/5PPP/3R2K1 w - - 2 30,f2f3,-401,-412,11
5r2/7k/p2p3p/1p1p1rp1/3B4/P2RPP2/5KPP/8 w - - 0 33,h2h3,-122,-320,198
5r2/7k/p2p4/1p1p1r1p/3B2p1/P1R1PP1P/5KP1/8 w - - 0 35,f3f4,0,-99,-99
5r2/7k/p2p4/1p1p1r1p/3B1P2/P1R1P2p/5KP1/8 w - - 0 36,g2h3,-104,-121,17
5r2/8/p2p2k1/1p1p1r1p/3B1P2/P1R1P2P/5K2/8 w - - 1 37,h3h4,-47,-112,65
3r4/8/1R1p2k1/p2p1r1p/1p1B1P1P/P3P3/5K2/8 w - - 0 40,a3b4,-24,0,24
8/8/8/3p1r1p/3B1P1k/4P1r1/4R2K/8 w - - 0 59,e3e4,-274,-263,-11
rnbqkbnr/pppppppp/8/8/8/8/PPPPPPPP/RNBQKBNR w KQkq - 0 1,d2d4,33,23,-10
rnbqkbnr/pp1ppppp/8/2p5/3P4/8/PPP1PPPP/RNBQKBNR w KQkq - 0 2,d4d5,72,88,16
rnbqkbnr/pp1p1ppp/4p3/2pP4/8/8/PPP1PPPP/RNBQKBNR w KQkq - 0 3,e2e4,90,74,-16
rnbqk1nr/pp1p1ppp/3bp3/2pP4/4P3/8/PPP2PPP/RNBQKBNR w KQkq - 1 4,d5e6,220,59,-161
r1b3nr/pp2kpp1/2nbp3/qBp4p/4P3/2N2N2/PPP2PPP/R1BQ1RK1 w - - 0 9,e4e5,359,170,-189
r1b3nr/p1b1k1p1/2p1pp2/1q2P2p/8/1N3N2/PPPB1PPP/R2Q1RK1 w - - 0 15,e5f6,365,293,-72
r1b4r/p1b1k1p1/2p1pn2/1q5p/8/1N3N2/PPPB1PPP/R2Q1RK1 w - - 0 16,a2a3,385,259,-126
rnbqkbnr/pppppppp/8/8/8/8/PPPPPPPP/RNBQKBNR w KQkq - 0 1,d2d4,31,22,-9
rnbqkbnr/ppp1pppp/8/3p4/3P4/8/PPP1PPPP/RNBQKBNR w KQkq - 0 2,c2c4,27,27,0
rnbqkbnr/pp2pppp/2p5/3p4/2PP4/8/PP2PPPP/RNBQKBNR w KQkq - 0 3,c4d5,31,33,2
r1bqkb1r/pp2pppp/2n2n2/3p4/3P4/2N2N2/PP2PPPP/R1BQKB1R w KQkq - 4 6,e2e3,23,22,-1
r2qkb1r/1p3ppp/p1n1pn2/3p4/3P2b1/2N1PN2/PP2BPPP/R1BQ1RK1 w kq - 0 9,b2b3,-13,-20,7
2rq1rk1/1p3ppp/p1nbpn2/3p4/3P2b1/1PN1PN2/PB2BPPP/2RQ1RK1 w - - 5 12,h2h3,-23,-30,7
1br2rk1/4qpp1/2n1p3/p1Np2p1/1p1Pn3/1P2PN1P/PB3PP1/2R1QRK1 w - - 2 23,a2a3,14,-115,-129
1br2rk1/4q1p1/4p3/p2pn1p1/1p1Pp3/PP2P2P/1B3PP1/2R1QRK1 w - - 0 26,d4e5,-107,-109,2
rnbqkbnr/pppppppp/8/8/8/8/PPPPPPPP/RNBQKBNR w KQkq - 0 1,e2e4,35,36,1
rnbqkbnr/ppp1pppp/8/3p4/4P3/8/PPPP1PPP/RNBQKBNR w KQkq - 0 2,e4d5,65,69,4
rnbqkbnr/ppp2ppp/4p3/3P4/8/8/PPPP1PPP/RNBQKBNR w KQkq - 0 3,d5e6,158,117,-41
r2q1rk1/ppp2ppp/2n1bn2/1B6/1b6/2N2N2/PPPP1PPP/R1BQ1RK1 w - - 8 8,a2a3,134,122,-12
r2q1rk1/ppp2ppp/2n1bn2/1B6/8/P1b2N2/1PPP1PPP/R1BQ1RK1 w - - 0 9,b2c3,165,101,-64
r2q1rk1/ppp1nppp/4bn2/1B6/8/P1P2N2/2PP1PPP/R1BQ1RK1 w - - 1 10,d2d4,200,112,-88
r2q1rk1/p4ppp/2p1bn2/1p1n4/3P4/P1PB1N2/2PB1PPP/R2Q1RK1 w - - 0 13,c3c4,223,129,-94
r2q1rk1/p4ppp/1np2n2/8/3P2b1/P4N2/2PBBPPP/R2Q1RK1 w - - 3 16,c2c3,183,142,-41
2r2rk1/p5pp/1n6/3qN3/2pPp3/P3B3/1Q3PPP/R4RK1 w - - 0 26,f2f4,499,416,-83
2r2rk1/p5pp/8/3qN3/n1pPpP2/P3B3/5QPP/1R3RK1 w - - 5 29,f4f5,486,458,-28
5k2/p5pp/8/5q2/2QP4/P2pB3/6PP/6K1 w - - 2 37,d4d5,649,506,-143
rnbqkbnr/pppppppp/8/8/8/8/PPPPPPPP/RNBQKBNR w KQkq - 0 1,e2e4,31,36,5
rnbqkbnr/5ppp/p2p4/1pp1p3/4P3/2N2N2/PPPPBPPP/R1BQ1RK1 w kq - 0 6,a2a3,96,-2,-98
rn2kbnr/1b3ppp/p2p4/qppNp3/4P3/P4N2/1PPPBPPP/R1BQ1RK1 w kq - 3 8,c2c4,179,154,-25
rn2k1nr/1b2bppp/p2p4/q1pNp3/2B1P3/P4N2/1P1P1PPP/R1BQ1RK1 w kq - 1 10,d2d3,343,306,-37
r2qk1nr/1b2bppp/p1np4/2pNp3/2B1P3/P2P1N2/1P1B1PPP/R2Q1RK1 w kq - 3 12,b2b4,292,295,3
r2qk2r/1b2bppp/p2p1n2/2pNp1B1/1PBnP3/P2P1N2/5PPP/R2Q1RK1 w kq - 3 14,b4c5,327,147,-180
7r/1bk4p/p3Bp2/2p1p3/4P3/P2r4/5PPP/1R3RK1 w - - 2 22,a3a4,-34,-144,110
6r1/7p/p2k1p2/2p1p3/P3b3/3r3B/5PPP/2R2RK1 w - - 4 25,f2f3,-258,-250,-8
6r1/7p/p2k1p2/2p1p3/P7/3r1b1B/6PP/2R2RK1 w - - 0 26,g2g3,-183,-293,110
8/7p/p5r1/8/P1pkpp2/R2b2P1/5K1P/3R4 w - - 0 35,g3f4,-423,-422,-1
rnbqkbnr/pppppppp/8/8/8/8/PPPPPPPP/RNBQKBNR w KQkq - 0 1,e2e4,28,26,-2
rnbqkbnr/pp1ppppp/8/2p5/4P3/8/PPPP1PPP/RNBQKBNR w KQkq - 0 2,f2f4,35,1,-34
r1bqkb1r/pp2nppp/2npp3/1Bp5/4PP2/5N2/PPPP2PP/RNBQ1RK1 w kq - 2 6,d2d4,26,35,9
r1b1kb1r/p4ppp/1qnpp3/2p5/4PP2/4BN2/PPP3PP/RN1Q1RK1 w kq - 2 11,b2b3,-30,-30,0
r1b1k2r/p3bppp/1qnpp3/2p5/4PP2/1P2BN2/P1P3PP/RN1Q1RK1 w kq - 1 12,c2c4,-32,-163,131
r4rk1/1b2bppp/1qnpp3/p1p5/2P1PP2/1P2BN2/P2N2PP/1R1Q1RK1 w - - 2 15,e4e5,-79,-187,108
r2r2k1/1b2b1pp/1q2pp2/p1p1N3/1nP2P2/1P2B3/PQ1N2PP/1R3RK1 w - - 0 19,a2a3,-248,-234,-14
rnbqkbnr/pppppppp/8/8/8/8/PPPPPPPP/RNBQKBNR w KQkq - 0 1,e2e4,25,25,0
rnbqkbnr/pppppppp/8/8/8/8/PPPPPPPP/RNBQKBNR w KQkq - 0 1,d2d4,27,20,-7
rnbqkbnr/ppp1pppp/3p4/8/3P4/8/PPP1PPPP/RNBQKBNR w KQkq - 0 2,c2c4,40,30,-10
rnbqkb1r/ppp1pppp/3p1n2/8/2PP4/8/PP2PPPP/RNBQKBNR w KQkq - 1 3,d4d5,48,11,-37
rnbqk2r/ppp1ppbp/3p1np1/3P4/2P5/2N5/PP2PPPP/R1BQKBNR w KQkq - 2 5,e2e4,10,8,-2
rnb1r1k1/pp3pbp/3p1pp1/q2p4/2P1P3/2NB4/PP2NPPP/R2QK2R w KQ - 0 11,c4d5,-83,-97,14
rnbqkbnr/pppppppp/8/8/8/8/PPPPPPPP/RNBQKBNR w KQkq - 0 1,c2c4,28,-2,-30
rnbqkbnr/pp1p1ppp/4p3/2p5/2P5/2N5/PP1PPPPP/R1BQKBNR w KQkq - 0 3,d2d3,23,-16,-39
rnbqkbnr/pp3ppp/3pp3/2p5/2P5/2NP4/PP2PPPP/R1BQKBNR w KQkq - 0 4,e2e4,20,21,1
rn1qkbnr/pp1b1ppp/3pp3/2p5/2P1P3/2NP4/PP3PPP/R1BQKBNR w KQkq - 1 5,f2f4,42,25,-17
rn1qk1nr/pp3ppp/2bpp3/2p5/2P1PP1b/2NP1N2/PP2B1PP/R1BQK2R w KQkq - 5 8,g2g3,115,108,-7
rn2k1nr/pp3ppp/1qbppb2/2p5/2P1PP2/2NP1NP1/PPQBB2P/R3K2R w KQkq - 5 11,b2b3,119,51,-68
rnbqkbnr/pppppppp/8/8/8/8/PPPPPPPP/RNBQKBNR w KQkq - 0 1,d2d4,22,21,-1
rnbqkbnr/ppppp1pp/8/5p2/3P4/8/PPP1PPPP/RNBQKBNR w KQkq - 0 2,c2c4,55,52,-3
rnbqkb1r/ppppp2p/5np1/5p2/2PP4/2N5/PP2PPPP/R1BQKBNR w KQkq - 0 4,g2g3,69,60,-9
rn1q1rk1/pbppp1bp/1p3np1/5p2/2PP4/2N2NP1/PP2PPBP/R1BQ1RK1 w - - 2 8,e2e3,104,35,-69
rnbqkbnr/pppppppp/8/8/8/8/PPPPPPPP/RNBQKBNR w KQkq - 0 1,d2d4,26,20,-6
rnbqkbnr/ppp1pppp/8/3p4/3P4/8/PPP1PPPP/RNBQKBNR w KQkq - 0 2,c2c4,22,28,6
rnbqkb1r/ppp1pppp/5n2/3p4/2PP4/8/PP2PPPP/RNBQKBNR w KQkq - 1 3,e2e3,81,9,-72
rnbqkb1r/p1p2ppp/1p2pn2/3p4/2PP4/4PN2/PP3PPP/RNBQKB1R w KQkq - 0 5,a2a3,18,11,-7
rn1qkb1r/pbp2ppp/1p2pn2/3p4/2PP4/P3PN2/1P3PPP/RNBQKB1R w KQkq - 1 6,b2b4,13,8,-5
rn1qkb1r/1bp2ppp/1p2pn2/p2p4/1PPP4/P3PN2/5PPP/RNBQKB1R w KQkq - 0 7,b4a5,-7,-11,4
3qkb1r/2pn1ppp/1p2pn2/r7/2BP4/PQN1Pb2/5PPP/R1B1K2R w KQk - 0 11,g2f3,-25,-25,0
rnbqkbnr/pppppppp/8/8/8/8/PPPPPPPP/RNBQKBNR w KQkq - 0 1,e2e4,27,26,-1
rnbqkb1r/pppppppp/5n2/8/4P3/8/PPPP1PPP/RNBQKBNR w KQkq - 1 2,e4e5,69,70,1
rnbqkb1r/pppppppp/8/3nP3/8/8/PPPP1PPP/RNBQKBNR w KQkq - 1 3,c2c4,71,63,-8
rnbqkb1r/ppp1pppp/1n1p4/4P3/2P5/2N5/PP1P1PPP/R1BQKBNR w KQkq - 0 5,e5d6,70,77,7
rnb1kb1r/ppp1pppp/1n1q4/8/2P5/2N5/PP1P1PPP/R1BQKBNR w KQkq - 0 6,d2d4,169,164,-5
r1b1kb1r/ppp2ppp/2n1p3/8/2qP4/2N1B3/PP2NPPP/2RQK2R w Kkq - 0 11,d4d5,60,-27,-87
r1b1k2r/ppp2ppp/q2bp3/3Pn3/5N2/2N1B3/PP3PPP/2RQ1RK1 w kq - 5 14,d5e6,114,85,-29
rnbqkbnr/pppppppp/8/8/8/8/PPPPPPPP/RNBQKBNR w KQkq - 0 1,e2e4,30,28,-2
rn1qkbnr/pbpp1pp1/1p2p2p/8/2B1P3/2N2N2/PPPP1PPP/R1BQK2R w KQkq - 0 5,d2d3,53,17,-36
2kr2nr/pbpp1pp1/1pn1pq1p/1N6/1bB1P3/3P1N2/PPPBQPPP/R4RK1 w - - 9 10,c2c3,216,114,-102
2kr2nr/pbpp1pp1/1pn1pq1p/1Nb5/2B1P3/2PP1N2/PP1BQPPP/R4RK1 w - - 1 11,b2b4,241,200,-41
2kr2nr/pbpp1pp1/1pnbpq1p/1N6/1PB1P3/2PP1N2/P2BQPPP/R4RK1 w - - 1 12,d3d4,318,310,-8
2kr2nr/pbpp1pp1/1pnb1q1p/1N2p3/1PBPP3/2P2N2/P2BQPPP/R4RK1 w - - 0 13,d4d5,425,436,11
3r2nr/1k1pnpp1/2pq3p/1p1Pp3/1P2P3/2P2N2/P2BQPPP/R4RK1 w - - 0 19,a2a4,473,519,46
r5nr/1k1pnpp1/2pq3p/1p1Pp3/PP2P3/2P2N2/3BQPPP/R4RK1 w - - 1 20,a4b5,530,531,1
r5nr/1k1pnpp1/3q3p/1PpPp3/1P2P3/2P2N2/3BQPPP/R4RK1 w - - 0 21,b4c5,759,751,-8
6nr/2kpnpp1/7p/1P1Pp3/4P3/2P1BN2/4QPPP/6K1 w - - 0 27,b5b6,853,946,93
6nr/1k1p1pp1/1Pn4p/3Pp3/2Q1P3/2P1BN2/5PPP/6K1 w - - 3 29,d5c6,1268,10000,8732
rnbqkbnr/pppppppp/8/8/8/8/PPPPPPPP/RNBQKBNR w KQkq - 0 1,e2e4,29,29,0
rnbqkb1r/pppppppp/5n2/8/4P3/8/PPPP1PPP/RNBQKBNR w KQkq - 1 2,e4e5,72,66,-6
rnbqkb1r/pppppppp/8/4P3/4n3/8/PPPP1PPP/RNBQKBNR w KQkq - 1 3,d2d4,249,188,-61
rnbqkb1r/ppp1pppp/8/3pP3/3Pn3/8/PPP2PPP/RNBQKBNR w KQkq d6 0 4,c2c3,357,119,-238
rnbqkb1r/pp3ppp/4p3/2ppP3/3Pn3/2P5/PP3PPP/RNBQKBNR w KQkq - 0 7,f2f3,44,-259,-303
rnb1kb1r/pp3ppp/4p3/2ppP3/3Pn2q/2P2P2/PP4PP/RNBQKBNR w KQkq - 1 8,g2g3,-248,-272,24
r3kb1r/pp1n1ppp/4p3/2ppP3/3P3q/2P2Pn1/PP5P/RNBQK1NR w KQkq - 0 11,h2g3,-434,-427,-7
r3kb1r/pp1n1pp1/4p3/2ppP3/3P3p/2P2PP1/PP2Q3/RNB2KNq w kq - 0 14,g3g4,-548,-616,68
r3kb1r/pp1n2p1/4p3/2ppp3/3P2P1/2P2P1p/PP5B/RN3KN1 w kq - 0 18,d4e5,-459,-489,30
r3kb2/pp4p1/4p3/2pp4/6P1/2P2P2/PP5r/RN3KN1 w q - 0 21,b2b3,-575,-575,0
r3kb2/pp4p1/4p3/3p4/2p3P1/1PP2P2/P6r/RN3KN1 w q - 0 22,b3b4,-600,-604,4
r3kb2/1p4p1/4p3/p2p4/1Pp3P1/2P2P2/P6r/RN3KN1 w q - 0 23,a2a3,-616,-611,-5
r3kb2/1p4p1/4p3/3p4/1pp3P1/P1P2P2/7r/RN3KN1 w q - 0 24,c3b4,-569,-602,33
r3k3/1p4p1/4p3/3p4/1bp3P1/P4P2/7r/RN3KN1 w q - 0 25,a3a4,-663,-643,-20
rnbqkbnr/pppppppp/8/8/8/8/PPPPPPPP/RNBQKBNR w KQkq - 0 1,e2e4,22,22,0
rnbqk1nr/ppppppbp/6p1/8/4P3/3B4/PPPP1PPP/RNBQK1NR w KQkq - 2 3,f2f3,-17,-75,58
rnbq1rk1/ppp1npbp/3pp1p1/8/3NP3/3B1P2/PPPP2PP/RNBQ1RK1 w - - 0 7,c2c3,-93,-90,-3
rnbq1rk1/pp2npbp/3pp1p1/8/3pP3/2PB1P2/PP1PQ1PP/RNB2RK1 w - - 0 9,c3d4,-644,-710,66
r1bq1rk1/pp2np1p/2npp1p1/8/4P3/2bB1P2/PP1PQ1PP/R1B2R1K w - - 0 12,b2c3,-412,-458,46
r1b2rk1/pp3p1p/4p1p1/3qn3/8/2P2P2/PB1PQ1PP/2R2R1K w - - 2 17,c3c4,-37,-39,2
r1b2rk1/pp5p/5pp1/2q1p3/2P5/5P2/PB1PQ1PP/2R2R1K w - - 0 20,f3f4,38,31,-7
r4rk1/pp5p/4bpp1/2q1p3/2P2P2/8/PB1PQ1PP/2R2R1K w - - 1 21,f4e5,211,97,-114
6k1/pp5p/3qb1p1/5r2/2PB4/8/P2PQ1PP/2R4K w - - 3 25,g2g4,119,-139,-258
6k1/pp5p/3qb1p1/8/2PB1rP1/8/P2PQ2P/2R4K w - - 1 26,c4c5,-149,-603,454
8/pp4kp/4Q1p1/2P5/3q1rP1/8/P2P3P/2R4K w - - 1 28,h2h3,-3,-17,14
8/pp4kp/4Q1p1/2P5/5rP1/7P/P2q4/2R4K w - - 0 29,c5c6,-12,-10000,9988
rnbqkbnr/pppppppp/8/8/8/8/PPPPPPPP/RNBQKBNR w KQkq - 0 1,e2e4,29,28,-1
rnbqkbnr/pppp1ppp/8/4p3/4P3/8/PPPP1PPP/RNBQKBNR w KQkq - 0 2,d2d4,25,-3,-28
rnbqkbnr/ppp2ppp/3p4/4p3/3PP3/8/PPP2PPP/RNBQKBNR w KQkq - 0 3,d4e5,39,35,-4
r1bqkbnr/ppp2ppp/2np4/4P3/4P3/8/PPP2PPP/RNBQKBNR w KQkq - 1 4,e5d6,76,74,-2
r3k1nr/ppp2ppp/2bb1q2/8/4P3/8/PPP1QPPP/RNB1K1NR w KQkq - 2 8,c2c3,21,-115,-136
rnbqkbnr/pppppppp/8/8/8/8/PPPPPPPP/RNBQKBNR w KQkq - 0 1,e2e4,28,30,2
rnbqkb1r/ppp1pppp/3p1n2/8/2B1P3/8/PPPP1PPP/RNBQK1NR w KQkq - 2 3,d2d3,13,-2,-15
rnbqk2r/ppp1ppbp/3p1np1/6B1/2B1P3/3P4/PPP2PPP/RN1QK1NR w KQkq - 2 5,h2h4,-4,-53,49
rnbq1rk1/ppp2pbp/3p1pp1/8/2B1P2P/3P4/PPP2PP1/RN1QK1NR w KQ - 0 7,h4h5,-78,-75,-3
rnbq1rk1/ppp2pbp/3p2p1/5p1P/2B1P3/3P4/PPP2PP1/RN1QK1NR w KQ - 0 8,h5g6,-78,-82,4
4r1k1/p1p1qp1p/3p2b1/8/2Q5/8/PrPRNPP1/4K2R w K - 0 20,f2f3,-169,-695,526
rnbqkbnr/pppppppp/8/8/8/8/PPPPPPPP/RNBQKBNR w KQkq - 0 1,e2e4,32,27,-5
rnbqkbnr/ppp2ppp/3p4/4p3/4P3/5N2/PPPP1PPP/RNBQKB1R w KQkq - 0 3,g2g3,51,16,-35
rnb1kbnr/pp3ppp/2pp4/q3p3/4P3/5NP1/PPPP1PBP/RNBQK2R w KQkq - 2 5,c2c3,69,49,-20
rnb1kbnr/p4ppp/2pp4/qp2p3/4P3/2P2NP1/PP1P1PBP/RNBQK2R w KQkq - 0 6,b2b4,113,85,-28
rnb1kbnr/p4ppp/1qpp4/1p2p3/1P2P3/2P2NP1/P2P1PBP/RNBQK2R w KQkq - 1 7,d2d4,152,153,1
rnb1k2r/p3bpp1/1qpp1n2/1p2p2p/1P1PP3/2P1B1PN/P4PBP/RN1QK2R w KQkq - 2 11,d4d5,539,17,-522
rnb1k2r/4bpp1/1ppp1n2/1p1Pp3/1P2P2p/2P2BPN/P4P1P/RN1Q1RK1 w kq - 2 15,g3g4,578,569,-9
rnb1k2r/4bpp1/1p1p1n2/1ppPp3/1P2P1Pp/2P2B1N/P4P1P/RN1Q1RK1 w kq - 0 16,b4c5,610,554,-56
rn2k2r/3bbpp1/3p1n2/1p1Pp3/2p1P1Pp/2P2B1N/P4P1P/RN1Q1RK1 w kq - 0 19,a2a3,529,448,-81
rn2k2r/3bbp2/3p2p1/1p1Pp3/2p1n1Pp/P1P4N/4BP1P/RN1Q1RK1 w kq - 0 21,f2f3,473,441,-32
rn2k2r/3bb3/3p2p1/1pnPpp2/2p3Pp/P1P2P1N/4B1KP/RN1Q1R2 w kq - 0 23,g4g5,395,319,-76
rn1Q4/5k2/b2p2p1/1p1Pp1P1/2pn1p1p/P4P1N/5RKP/1R6 w - - 1 39,a3a4,691,596,-95
rn1Q4/5k2/b2p2p1/1p1Pp1P1/P1p2p1p/1n3P1N/5RKP/1R6 w - - 1 40,a4b5,732,666,-66
rnbqkbnr/pppppppp/8/8/8/8/PPPPPPPP/RNBQKBNR w KQkq - 0 1,d2d4,29,23,-6
rnbqkbnr/ppp1pppp/8/3p4/3P4/8/PPP1PPPP/RNBQKBNR w KQkq - 0 2,c2c4,28,27,-1
rnbqkbnr/ppp1pppp/8/8/2pP4/8/PP2PPPP/RNBQKBNR w KQkq - 0 3,e2e3,26,26,0
rnbqkbnr/p1p1pppp/8/1p6/2pP4/4P3/PP3PPP/RNBQKBNR w KQkq - 0 4,a2a4,91,94,3
rnbqkbnr/p3pppp/2p5/1p6/P1pP4/4P3/1P3PPP/RNBQKBNR w KQkq - 0 5,a4b5,172,177,5
3qkbnr/3n3p/Q4p2/4p1p1/2pP4/4PN2/1P2BPPP/1NB1K2R w Kk - 0 13,d4d5,738,607,-131
8/7p/8/6p1/3Nk3/2R1P3/1B3PPP/6K1 w - - 0 32,f2f3,956,10000,9044
8/8/8/3k1Npp/8/2R1PP2/1B4PP/6K1 w - - 0 34,e3e4,10000,10000,0
8/8/8/3R2pN/4P2p/5P2/6PP/2B1k1K1 w - - 6 40,e4e5,10000,1054,-8946
8/8/8/3RP2N/6pp/5P2/6PP/2B1k1K1 w - - 0 41,f3f4,10000,997,-9003
8/8/8/3RP2N/5P1p/6p1/6PP/2B1k1K1 w - - 0 42,h2g3,10000,10000,0
8/8/8/3RP2N/5P2/6p1/3Bk1P1/6K1 w - - 2 44,e5e6,1214,10000,8786
8/8/4P3/3R3N/5P2/6p1/3B2P1/3k2K1 w - - 1 45,e6e7,10000,10000,0
8/4P3/8/3R3N/5P2/6p1/2kB2P1/6K1 w - - 1 46,e7e8q,10000,10000,0
rnbqkbnr/pppppppp/8/8/8/8/PPPPPPPP/RNBQKBNR w KQkq - 0 1,e2e4,25,30,5
r1bqk2r/2p1bppp/p1np1n2/1p2p3/4P3/1B3N2/PPPP1PPP/RNBQR1K1 w kq - 0 8,c2c3,51,38,-13
r1bq1rk1/2p1bppp/p1np1n2/1p2p3/4P3/1BP2N2/PP1P1PPP/RNBQR1K1 w - - 1 9,h2h3,48,45,-3
r1bq1rk1/4bppp/p2p1n2/npp1p3/4P3/2P2N1P/PPBP1PP1/RNBQR1K1 w - - 0 11,d2d4,53,62,9
r1b2rk1/2q1bppp/p2p1n2/npp1p3/3PP3/2P2N1P/PPB2PP1/RNBQR1K1 w - - 1 12,d4e5,65,-23,-88
r2r2k1/2qbbppp/p1n2n2/1p2p1N1/2p1P3/2P1B1NP/PPB1QPP1/3RR1K1 w - - 10 20,f2f3,25,-287,-312
5rk1/2R3p1/p6p/1p2p2n/2p1Pn2/2P2P1P/PPB2bP1/3R3K w - - 5 32,b2b3,-179,-255,76
5rk1/2R3p1/p6p/1p2p2n/2p1Pn2/1PP2PbP/P1B3P1/3R3K w - - 1 33,b3c4,-99,-107,8
5rk1/6p1/p1R4p/4p2n/4Pb2/2P2P1P/P1B1n1P1/3R3K w - - 3 36,g2g4,82,37,-45
5rk1/6p1/p1R5/4p2p/4PbP1/2P2PnP/P1B1n1K1/3R4 w - - 0 38,g4h5,71,0,-71
5r1k/6p1/3R4/4p3/4Pb1n/1BP2P1P/P3K3/8 w - - 3 45,c3c4,-115,-118,3
5r1k/6p1/8/4p3/2P1Pb1n/1B1R1P1P/P3K3/8 w - - 3 47,c4c5,-28,-21,-7
5r1k/6p1/8/2P1p3/4P2n/1B1R1PbP/P3K3/8 w - - 1 48,c5c6,39,63,24
2r4k/3R2p1/2P5/4p3/4P3/1B3PbP/P3K1n1/8 w - - 3 50,c6c7,179,193,14
2r5/2PR2pk/8/1n2p3/4P3/5PbP/PK6/8 w - - 4 55,a2a4,-547,-535,-12
2r5/2nR2pk/8/4p3/P3P3/5PbP/1K6/8 w - - 0 56,a4a5,-521,-538,17
1r6/3R2pk/8/P3p3/2KnP3/5PbP/8/8 w - - 5 59,a5a6,-463,-476,13
r7/3R2pk/P7/4p3/2KnP3/5PbP/8/8 w - - 1 60,a6a7,-481,-501,20
rnbqkbnr/pppppppp/8/8/8/8/PPPPPPPP/RNBQKBNR w KQkq - 0 1,e2e4,32,28,-4
rnbqkbnr/pp1ppppp/2p5/8/4P3/8/PPPP1PPP/RNBQKBNR w KQkq - 0 2,d2d4,37,35,-2
rnbqkbnr/pp2pppp/2p5/3p4/3PP3/8/PPP2PPP/RNBQKBNR w KQkq - 0 3,e4e5,37,36,-1
rn1qkbnr/pp2pppp/2p5/3pPb2/3P4/8/PPP2PPP/RNBQKBNR w KQkq - 1 4,h2h3,37,16,-21
rn2kbnr/1p3ppp/p1p1p3/q2pPbB1/3P4/5N1P/PPP2PP1/RN1QKB1R w KQkq - 2 7,c2c3,29,16,-13
rn2kbnr/1p3pp1/p3p2p/q1ppPb2/3P3B/2P2N1P/PP3PP1/RN1QKB1R w KQkq - 0 9,b2b4,-23,-228,205
rn2kbnr/1p3pp1/p3p2p/q2pPb2/1p1P3B/2P2N1P/P4PP1/RN1QKB1R w KQkq - 0 10,a2a3,-217,-422,205
1r3rk1/5pp1/p1p1p2p/3pn3/3P4/P1R4P/5PP1/R4K2 w - - 0 28,d4e5,-311,-304,-7
2r3k1/5pp1/prp1p2p/3pP3/8/P1R4P/5PP1/2R2K2 w - - 3 30,a3a4,-309,-318,9
8/6p1/4pp1p/2kpP3/P7/2K4P/5PP1/8 w - - 0 48,f2f4,345,-132,-477
8/6p1/4p2p/2kpp3/P4P2/2K4P/6P1/8 w - - 0 49,f4e5,-110,-156,46
8/6p1/4p2p/2k1P3/P7/1K1p3P/6P1/8 w - - 0 51,a4a5,357,-286,-643
8/6p1/4p2p/2k1P3/4K3/7P/6P1/8 w - - 4 56,g2g4,-354,-485,131
8/8/4p2p/2k1P1p1/4K1P1/7P/8/8 w - - 0 57,h3h4,-515,-607,92
rnbqkbnr/pppppppp/8/8/8/8/PPPPPPPP/RNBQKBNR w KQkq - 0 1,e2e4,27,29,2
r1bqkbnr/p1p2ppp/2pp4/4p3/4P3/5N2/PPPP1PPP/RNBQK2R w KQkq - 0 5,d2d4,13,18,5
r1bqkbnr/p1p3pp/2pp4/4pp2/3PP3/5N2/PPP2PPP/RNBQK2R w KQkq - 0 6,d4e5,83,25,-58
r2k1bnr/p1p3pp/2p1b3/4Np2/4P3/8/PPP2PPP/RNB1K2R w KQ - 1 9,e4f5,353,380,27
r2k1bnr/p1p3pp/2p5/3bNP2/8/8/PPP2PPP/RNB1K2R w KQ - 1 10,c2c4,378,281,-97
r7/p1p3b1/2p2kp1/5b2/2P5/2N5/PP3P1P/2KR2R1 w - - 0 19,f2f3,170,-25,-195
8/p1p5/2p5/5p2/2P5/3K4/PP2N1kP/8 w - - 2 28,h2h4,626,689,63
8/p1p5/2p5/5p2/2P4P/3K1k2/PP2N3/8 w - - 1 29,h4h5,754,847,93
rnbqkbnr/pppppppp/8/8/8/8/PPPPPPPP/RNBQKBNR w KQkq - 0 1,d2d4,28,24,-4
rnbqkbnr/ppp1pppp/3p4/8/3P4/8/PPP1PPPP/RNBQKBNR w KQkq - 0 2,c2c4,59,30,-29
rnbqkbnr/ppp2ppp/3pp3/8/2PP4/8/PP2PPPP/RNBQKBNR w KQkq - 0 3,e2e4,73,68,-5
rnbqkbnr/pp3p2/2ppp2p/6p1/2PPP3/2N2N2/PP3PPP/R1BQKB1R w KQkq - 0 6,h2h3,178,146,-32
rnbqkbnr/pp6/2pppp2/6pp/2PPP3/2N2N1P/PP2BPP1/R1BQK2R w KQkq - 0 8,e4e5,303,273,-30
rnbqkbnr/pp6/2p1pp2/4p1pp/2PP4/2N2N1P/PP2BPP1/R1BQK2R w KQkq - 0 9,d4e5,313,273,-40
rnb1k1nr/pp2b3/2p1pp2/4P1pp/2P5/2N2N1P/PP3PP1/R1BBK2R w KQkq - 1 11,e5f6,389,387,-2
rnb1k1nr/pp6/2p1pb2/7p/2P1N1p1/5N1P/PP3PP1/R1BBK2R w KQkq - 0 13,h3g4,474,487,13
rnb1k1nb/pp6/2p5/4p3/2P1N1p1/8/PP1N1PP1/R1BBK3 w Qq - 0 16,g2g3,325,156,-169
rnb5/1p2k1b1/2p2n2/p5N1/2P3p1/6P1/PP1N1P2/R1BBK3 w Q - 0 22,a2a3,81,31,-50
r7/1p2k1b1/2p2n2/p1n2bN1/2P3p1/P5P1/RP1NKP2/2BB4 w - - 5 25,b2b4,-204,-332,128
4r3/1p4b1/2p5/p5k1/1PP3p1/P5P1/2bNBP2/2n2K2 w - - 0 31,f2f4,-803,-878,75
4r3/1p4b1/2p2k2/p7/1PP2Pp1/P5P1/2bNB3/2n2K2 w - - 1 32,c4c5,-675,-905,230
4r3/1p4b1/2p5/p1P1Nk2/1P2nPp1/P7/2b3K1/8 w - - 4 36,b4b5,-949,-1103,154
4r3/1p6/2p5/pPP1bk2/4nPp1/P7/2b3K1/8 w - - 0 37,f4e5,-1141,-1140,-1
4r3/1p6/8/ppP1Pk2/4n1p1/P7/2b3K1/8 w - - 0 38,c5c6,-952,-1059,107
4r3/8/2p5/pp2Pk2/4n1p1/P7/2b3K1/8 w - - 0 39,e5e6,-1139,-1136,-3
8/8/2p1r3/pp3k2/4n1p1/P7/2b3K1/8 w - - 0 40,a3a4,-1134,-1163,29
8/8/2p5/pp3k2/P7/2n3p1/2b1r3/5K2 w - - 0 43,a4b5,-10000,-10000,0
rnbqkbnr/pppppppp/8/8/8/8/PPPPPPPP/RNBQKBNR w KQkq - 0 1,e2e4,25,34,9
rnbqkbnr/pp1ppppp/8/2p5/4P3/8/PPPP1PPP/RNBQKBNR w KQkq - 0 2,g2g3,38,-1,-39
rn1qkbnr/pb1p1ppp/1p2p3/2p5/4P3/6P1/PPPPNPBP/RNBQK2R w KQkq - 0 5,d2d4,54,52,-2
rn1qk2r/1b2bppp/pp2pn2/2pp2B1/3PP3/2N3P1/PPP1NPBP/R2Q1RK1 w kq - 0 9,d4c5,225,80,-145
rn1qk2r/1b2bppp/p3pn2/2pp2B1/4P3/2N3P1/PPP1NPBP/R2Q1RK1 w kq - 0 10,e4d5,261,218,-43
3n1rk1/r4ppp/p7/2pN4/3b4/6P1/P1P2P1P/1R3RK1 w - - 2 19,c2c3,-396,-390,-6
3n1rk1/r4ppp/p7/2pNb3/8/2P3P1/P4P1P/1R3RK1 w - - 1 20,f2f4,-375,-377,2
1R1nr2k/5ppp/p2r4/R7/8/2P3PK/7P/8 w - - 3 32,c3c4,-404,-387,-17
1R1nr1k1/5ppp/p2r4/R7/2P5/6PK/7P/8 w - - 1 33,c4c5,-436,-455,19
R7/3r1pk1/p1r4p/2n3p1/8/R5P1/6KP/8 w - - 2 46,h2h4,-544,-603,59
R7/3r1pk1/p1r4p/2n5/7p/R5P1/6K1/8 w - - 0 47,g3h4,-547,-535,-12
R7/5p2/p1r2k1p/2n5/3r3P/6R1/6K1/8 w - - 3 49,h4h5,-517,-543,26
rnbqkbnr/pppppppp/8/8/8/8/PPPPPPPP/RNBQKBNR w KQkq - 0 1,c2c4,39,9,-30
rnbqkbnr/pppppp1p/6p1/8/2P5/8/PP1PPPPP/RNBQKBNR w KQkq - 0 2,d2d4,45,35,-10
rnbqk1nr/pppp1pbp/6p1/4p3/2PP4/2N5/PP2PPPP/R1BQKBNR w KQkq - 0 4,d4e5,82,63,-19
rnbqk1nr/pppp1pbp/6p1/8/2P5/2N2N2/PP2PPPP/R1BQKB1R w KQkq - 2 6,e2e3,69,11,-58
r1bq1rk1/pp2npbp/n1pp2p1/8/2P5/2N1PN2/PP1BBPPP/2RQ1RK1 w - - 2 11,b2b3,47,43,-4
r1bq1rk1/pp2npbp/2pp2p1/2n5/2P5/1PN1PN2/P2BBPPP/2RQ1RK1 w - - 1 12,h2h3,47,26,-21
r1bq1rk1/pp2npb1/2pp2pp/2n5/2P5/1PN1PN1P/P2BBPP1/2RQ1RK1 w - - 0 13,b3b4,61,69,8
r1bq1rk1/pp2npb1/2ppn1pp/8/1PP5/2N1PN1P/P2BBPP1/2RQ1RK1 w - - 1 14,a2a3,70,39,-31
r1bq1rk1/ppn1npb1/2pp2pp/8/1PP5/P1N1PN1P/3BBPP1/2RQ1RK1 w - - 1 15,a3a4,101,71,-30
r1bq1r2/ppn1npbk/2pp2pp/8/PPP5/2N1PN1P/3BBPP1/2RQ1RK1 w - - 1 16,b4b5,100,97,-3
1r2n3/4qr1k/1pQp2pp/pPp2p2/P1P5/4PN1P/3R1PP1/3R2K1 w - - 8 37,g2g3,150,42,-108
4n3/1r3r1k/1p1p3p/pPp3p1/P1P1p3/4P1PP/3R1PN1/3R2K1 w - - 0 41,h3h4,55,1,-54
4n3/5r1k/1N1p2r1/pPp5/P1P1p2p/4P1P1/3R1P2/3R1K2 w - - 0 48,g3h4,302,378,76
8/2r5/6kr/pPpp4/P1P1pR2/4P3/4KP2/5R2 w - - 0 56,c4d5,507,483,-24
8/3r4/7r/pP1Pk3/P2R4/2pKP3/5P2/2R5 w - - 6 61,f2f4,567,560,-7
8/2r2k2/8/RP1P4/P3RP2/3KP2r/8/8 w - - 3 67,d5d6,629,581,-48
8/R7/3P1k2/1P6/P3RP2/3KP2r/8/2r5 w - - 3 69,d6d7,599,642,43
8/R2P4/5k2/1P1K4/P2R1P2/4P3/3r4/3r4 w - - 7 73,d7d8q,10000,10000,0
rnbqkbnr/pppppppp/8/8/8/8/PPPPPPPP/RNBQKBNR w KQkq - 0 1,d2d4,39,25,-14
rnbqkbnr/pppp1ppp/4p3/8/3P4/8/PPP1PPPP/RNBQKBNR w KQkq - 0 2,e2e4,41,44,3
rnbqkbnr/ppp2ppp/4p3/3p4/3PP3/8/PPP2PPP/RNBQKBNR w KQkq - 0 3,e4d5,39,22,-17
r1b1k2r/ppp2ppp/2n1p3/3q4/3P4/2nB1N2/PPP2PPP/R2Q1RK1 w kq - 0 10,b2c3,80,93,13
r1bq1rk1/ppp2ppp/4p3/4n3/3P4/2PB4/P1PQ1PPP/R4RK1 w - - 0 13,d4e5,20,20,0
r1b2rk1/ppp1qp1p/4p1p1/4P3/8/2PB4/P1PQ1PPP/3R1RK1 w - - 2 15,h2h3,51,27,-24
r4rk1/pppbqp1p/4p1p1/4P3/8/2PB3P/P1PQ1PP1/3R1RK1 w - - 1 16,c3c4,65,-11,-76
3r1rk1/Q1p1qp1p/1pb1p1p1/4P3/2P5/3B3P/P1P2PP1/3R1RK1 w - - 1 19,c4c5,-452,-480,28
r4rk1/Q1p1qp1p/1pb1p1p1/2P1P3/8/3B3P/P1P2PP1/3R1RK1 w - - 1 20,c5b6,-482,-497,15
5rk1/r1p1qp1p/1Pb1p1p1/4P3/8/3B3P/P1P2PP1/3R1RK1 w - - 0 21,b6a7,-496,-494,-2
rnbqkbnr/pppppppp/8/8/8/8/PPPPPPPP/RNBQKBNR w KQkq - 0 1,e2e4,35,30,-5
r1b1kbnr/p1qpp1pp/2p2p2/2p5/4P3/5N2/PPPP1PPP/RNBQ1RK1 w kq - 2 6,d2d4,47,-9,-56
r1b1kb1r/p1qpp2p/2p2p1p/8/3NP3/8/PPP2PPP/RN1Q1RK1 w kq - 0 9,c2c4,300,137,-163
r1b1kb1r/p2pp2p/5p1p/1Np1q3/2P1P3/8/PP3PPP/RN1Q1RK1 w kq - 2 11,a2a4,295,211,-84
2r3r1/p3k2p/5p1p/3Q4/P3P3/8/5PPP/6K1 w - - 2 32,g2g3,366,345,-21
8/p3k2p/5p1p/3Q2r1/P3P3/6P1/5PKP/2r5 w - - 3 34,h2h4,353,-724,-1077
8/p3k2p/5p1p/3r4/P3P2P/6P1/5PK1/2r5 w - - 0 35,e4d5,-734,-715,-19
8/p3k2p/5p1p/3r4/P6P/5KP1/5P2/8 w - - 0 37,g3g4,-718,-731,13
8/p3k2p/5p1p/8/r5PP/6K1/5P2/8 w - - 0 39,f2f3,-728,-746,18
8/p6p/4kp1p/8/r5PP/5PK1/8/8 w - - 1 40,h4h5,-762,-787,25
8/p6p/4k2p/5p1P/r5P1/5PK1/8/8 w - - 0 41,g4f5,-734,-790,56
8/p6p/7p/5k1P/r7/5PK1/8/8 w - - 0 42,f3f4,-734,-1011,277
rnbqkbnr/pppppppp/8/8/8/8/PPPPPPPP/RNBQKBNR w KQkq - 0 1,e2e4,26,31,5
rnbqkbnr/pppp1ppp/4p3/8/4P3/8/PPPP1PPP/RNBQKBNR w KQkq - 0 2,a2a4,38,-12,-50
rnbqkbnr/ppp2ppp/8/4p3/P2pP3/8/1PPP1PPP/RNBQKBNR w KQkq - 0 5,c2c3,17,-36,-53
rnbqkb1r/pp3ppp/8/2p1p3/P1Bpn3/2P4N/1P1P1PPP/RNBQK2R w KQkq - 0 8,d2d3,-153,-155,2
rnbqkb1r/pp3ppp/8/2p1p1N1/P1np4/2PP4/1P3PPP/RNBQK2R w KQkq - 0 10,d3c4,-376,-402,26
rnbq1rk1/pp2bppp/8/2p1p3/P1PpN3/2P5/1P3PPP/RNBQK2R w KQ - 3 12,g2g4,-426,-442,16
r1bq1rk1/pp2bppp/2n5/2p1p3/P1PpN1P1/2P5/1P3P1P/RNBQK2R w KQ - 1 13,g4g5,-410,-450,40
r3r1k1/pp3ppp/8/8/P1P2pb1/R7/5P1P/1N3RK1 w - - 0 25,f2f3,-369,-415,46
6k1/pp3p1p/4b3/6p1/P1P2p2/R1N1rP2/5K1P/8 w - - 4 32,c4c5,-431,-494,63
6k1/pp3p2/4b3/2P3pp/P4p2/R1N1rP2/5K1P/8 w - - 0 33,a4a5,-451,-462,11
rnbqkbnr/ppp1pppp/8/3p4/8/5N2/PPPPPPPP/RNBQKB1R w KQkq - 0 2,d2d4,26,24,-2
rn1qkbnr/ppp1pppp/8/3p4/3P4/2N2b2/PPP1PPPP/R1BQKB1R w KQkq - 0 4,g2f3,59,57,-2
r2qk1nr/1ppn1ppp/4p3/pQ1p4/1b1P4/2N2P2/PPP1PPBP/R1B1K2R w KQkq - 2 8,a2a3,-30,-32,2
r2q1rk1/3n1pp1/3Qpn1p/p2p4/3P4/P4P2/1PP1PPBP/R1B1K2R w KQ - 0 15,e2e4,167,128,-39
r2q1rk1/3n1pp1/3Qpn1p/p7/3Pp3/P4P2/1PP2PBP/R1B1K2R w KQ - 0 16,f3e4,208,231,23
r1q2rk1/3n1pp1/3Qpn1p/p7/3PP3/P7/1PP2PBP/R1B1K2R w KQ - 1 17,e4e5,220,-59,-279
r1q2rk1/3n1pp1/3Qp2p/p2nP3/3P4/P7/1PP2PBP/R1B1K2R w KQ - 1 18,c2c3,-72,-413,341
5rk1/3n1pp1/q3p2p/p2nP3/3P4/P1P5/1P3PBP/R1B1K2R w KQ - 0 20,b2b4,-473,-550,77
5rk1/3n1pp1/q3p2p/3nP3/1p1P4/P1P5/5PBP/R1B1K2R w KQ - 0 21,c3b4,-565,-572,7
rnbqkbnr/pppppppp/8/8/8/8/PPPPPPPP/RNBQKBNR w KQkq - 0 1,e2e4,29,37,8
rnbqkbnr/ppp1pppp/8/3p4/4P3/8/PPPP1PPP/RNBQKBNR w KQkq - 0 2,d2d4,71,-57,-128
rnbqkb1r/pp2pppp/2p2n2/8/3Pp3/2N1B3/PPP2PPP/R2QKBNR w KQkq - 0 5,f2f3,-82,-74,-8
r2qkb1r/pp1nppp1/2p2n1p/5b2/3Pp3/2N1BP2/PPPQ2PP/2KR1BNR w kq - 2 8,f3e4,-50,-44,-6
2kr1b1r/pp1npp2/2p4p/q5p1/3P4/3QBN2/PPP3PP/1K1R3R w - - 3 14,d4d5,37,35,-2
2kr1b1r/pp2pp2/2p2n1p/q2P2p1/8/3QBN2/PPP3PP/1K1R3R w - - 1 15,c2c4,213,88,-125
1k1r1b2/pp2pp1r/5n1p/q2pNQp1/2P5/4B3/PP4PP/1K1R3R w - - 4 18,c4c5,316,196,-120
rnbqkbnr/pppppppp/8/8/8/8/PPPPPPPP/RNBQKBNR w KQkq - 0 1,e2e4,33,31,-2
rnbqkbnr/ppp1pppp/8/3p4/4P3/8/PPPP1PPP/RNBQKBNR w KQkq - 0 2,e4d5,68,69,1
rnb1kbnr/ppp1pppp/8/3q4/8/8/PPPP1PPP/RNBQKBNR w KQkq - 0 3,d2d4,71,34,-37
rn3rk1/ppq2ppp/2p1pn2/4bbB1/3P4/2N5/PPP1BPPP/R2QR1K1 w - - 0 12,d4e5,43,28,-15
r4k2/ppq2p1p/2pR2p1/4np2/5N2/8/PPP2PPP/3R2K1 w - - 6 22,h2h4,-474,-503,29
3q4/pp3p1p/2p2kp1/4np2/7P/7N/PPP2PP1/4R1K1 w - - 2 26,f2f4,-582,-702,120
rnbqkbnr/pppppppp/8/8/8/8/PPPPPPPP/RNBQKBNR w KQkq - 0 1,d2d4,32,25,-7
rnbqkbnr/ppp1pppp/8/3p4/3P4/8/PPP1PPPP/RNBQKBNR w KQkq - 0 2,h2h3,25,-1,-26
r1bqkbnr/pp2pppp/n1p5/3p4/3P1B2/7P/PPP1PPP1/RN1QKBNR w KQkq - 2 4,e2e3,86,80,-6
r1bqkb1r/pp2pppp/2p2n2/3p4/1n1P1B2/3BP2P/PPP2PP1/RN1QK1NR w KQkq - 3 6,c2c3,18,-32,-50
r1b1k2r/ppn1qp1p/2p1pnpB/3pb3/3P4/2PBP2P/PPQN1PP1/R4RK1 w kq - 0 13,d4e5,272,256,-16
r1b1k2r/ppn1qp1p/2p1p1pB/3pP2n/8/2PBP2P/PPQN1PP1/R4RK1 w kq - 1 14,c3c4,374,315,-59
r3k2r/ppnbqp1p/2p1p1pB/3pP2n/2P5/3BP2P/PPQN1PP1/R4RK1 w kq - 1 15,c4d5,307,178,-129
r6r/p1kbq2p/2pNp1pB/2QnPp1n/8/3BP2P/PP3PP1/R4RK1 w - - 5 21,e3e4,571,555,-16
1r3k1r/p6p/2pN2p1/3pP1Bn/8/3b3P/PP3PP1/4RRK1 w - - 6 29,e5e6,350,387,37
1r3k1r/p7/2pNP1pp/3p2Bn/8/7P/PP3PP1/4RK2 w - - 0 31,e6e7,516,501,-15
1r5r/4P3/p1pN1kpp/3p4/8/7P/PP3PP1/4RK2 w - - 0 35,e7e8q,484,472,-12
1r3k2/8/p1pN2pp/3p4/8/7P/PP3PP1/4RK2 w - - 3 38,b2b3,450,451,1
rnbqkbnr/pppppppp/8/8/8/8/PPPPPPPP/RNBQKBNR w KQkq - 0 1,e2e4,33,33,0
rnbqkbnr/pppppp1p/6p1/8/4P3/8/PPPP1PPP/RNBQKBNR w KQkq - 0 2,d2d4,61,68,7
rnbqk1nr/ppppppbp/6p1/8/3PP3/8/PPP2PPP/RNBQKBNR w KQkq - 1 3,e4e5,64,-13,-77
rnbqk1nr/p1pp2bp/1p2ppp1/4P1B1/3P4/5N2/PPP2PPP/RN1QKB1R w KQkq - 0 6,e5f6,101,70,-31
rnbqk2r/p1pp2bp/1p2pnp1/6B1/3P4/5N2/PPP2PPP/RN1QKB1R w KQkq - 0 7,h2h4,83,47,-36
rnb1k2r/p1pp2b1/1p2pqpp/8/3P3P/5N2/PPP2PP1/RN1QKB1R w KQkq - 0 9,h4h5,-25,-70,45
rn4k1/p1p2rb1/bp1ppqNp/6pP/3P4/8/PPPNQPP1/R3KBR1 w Q - 4 15,c2c4,-214,-332,118
r5k1/p1p2rb1/bpnppqNp/6pP/2PP4/8/PP1NQPP1/R3KBR1 w Q - 1 16,b2b3,-291,-659,368
r5k1/p1p2rb1/bp1pp1Np/6pP/2P5/1P1Q1n2/P5P1/R2K1Bq1 w - - 0 20,g2f3,-815,-812,-3
rnbqkbnr/pppppppp/8/8/8/8/PPPPPPPP/RNBQKBNR w KQkq - 0 1,d2d4,29,22,-7
rnbqkb1r/pppppppp/5n2/8/3P4/8/PPP1PPPP/RNBQKBNR w KQkq - 1 2,c2c4,21,15,-6
rnbqkb1r/pppp1ppp/5n2/4p3/2PP4/8/PP2PPPP/RNBQKBNR w KQkq - 0 3,d4d5,63,-15,-78
rnbqkb1r/pppp1ppp/8/3Pp3/2P3n1/8/PP2PPPP/RNBQKBNR w KQkq - 1 4,h2h3,62,-3,-65
rnb1kb1r/pppp1ppp/8/3Pp3/2P4q/7P/PP2PKP1/RNBQ1BNR w kq - 1 6,g2g3,343,320,-23
rnb1kb1r/pppp1ppp/8/3Pp3/2q5/6PP/PP2PK2/RNBQ1BNR w kq - 0 7,e2e3,372,325,-47
rnb1kb1r/pppp1ppp/8/2qPp3/8/4P1PP/PP3K2/RNBQ1BNR w kq - 1 8,a2a3,332,327,-5
rnb1kb1r/qp3ppp/2pp4/pB1Pp3/8/P1N1PNPP/1P3K2/R1BQ3R w kq - 0 12,d5c6,328,206,-122
1n1r2k1/4b1pp/8/p2bp3/8/P2qPQPP/1P1B2K1/R4R2 w - - 4 26,e3e4,-711,-853,142
rnbqkbnr/pppppppp/8/8/8/8/PPPPPPPP/RNBQKBNR w KQkq - 0 1,e2e4,27,28,1
rn1qkbnr/ppp3pp/3pp3/4p3/4P3/5N2/PPPP1PPP/RNBQK2R w KQkq - 0 5,d2d4,72,56,-16
rnbqkbnr/pppp1ppp/4p3/8/8/5N2/PPPPPPPP/RNBQKB1R w KQkq - 0 2,c2c4,21,21,0
rnbqkbnr/ppp2ppp/4p3/3p4/2P5/5N2/PP1PPPPP/RNBQKB1R w KQkq - 0 3,c4d5,21,14,-7
rnbqkbnr/ppp2ppp/8/3p4/8/5N2/PP1PPPPP/RNBQKB1R w KQkq - 0 4,d2d4,17,18,1
rnbqkb1r/pp3ppp/2p2n2/3p4/3P4/2N2N2/PP2PPPP/R1BQKB1R w KQkq - 0 6,e2e3,13,-22,-35
2kr3r/pp1nb3/2p5/5ppp/3P4/2N1P3/PP3PPP/R1B2RK1 w - - 0 17,d4d5,75,49,-26
1k6/1p2b3/8/2p1nppp/8/2NrP3/PP3PPP/R1B3K1 w - - 0 24,g2g3,53,-75,-128
1k6/1p2b3/8/2p2p1p/6p1/2NrPnP1/PP3PKP/R1B5 w - - 2 26,a2a4,48,-161,-209
1k6/1p6/5b2/2p2p1p/P5p1/4PnP1/1P2NPKP/R1Br4 w - - 3 28,a4a5,-406,-668,262
1k6/1p6/5b2/P1p2p1p/6p1/4PnP1/1P2NPKP/R1B1r3 w - - 1 29,b2b4,-461,-753,292
rnbqkbnr/pppppppp/8/8/8/8/PPPPPPPP/RNBQKBNR w KQkq - 0 1,d2d4,29,20,-9
rnbqkb1r/ppp1pppp/5n2/3p4/3P4/5N2/PPP1PPPP/RNBQKB1R w KQkq - 2 3,e2e3,21,13,-8
rn1qkb1r/ppp1pppp/5n2/3p4/3P2b1/4PN2/PPP2PPP/RNBQKB1R w KQkq - 1 4,c2c4,21,29,8
rn1qk2r/ppp2ppp/3bpn2/3p4/2PP2b1/2N1PN2/PP3PPP/R1BQKB1R w KQkq - 2 6,b2b4,54,-132,-186
rn1qk2r/p1p2ppp/1p1bpn2/3p4/1PPP2b1/2N1PN2/P4PPP/R1BQKB1R w KQkq - 0 7,c4c5,49,55,6
rn1qk2r/p1p2ppp/3bpn2/2pp4/1P1P2b1/2N1PN2/P4PPP/R1BQKB1R w KQkq - 0 8,b4c5,99,100,1
5rk1/5ppp/1R2p3/qBPp4/3Pn2b/4Pb2/3r1PPP/4QRK1 w - - 0 19,g2f3,-569,-580,11
5rk1/5ppp/1R2p3/2Pp4/3P4/4PP2/q2r1n1P/4QBK1 w - - 2 22,e3e4,-476,-610,134
5rk1/5ppp/1R2p3/2Pp4/3PP3/3r1P2/q6P/4Q1K1 w - - 0 24,e4d5,-579,-657,78
5rk1/5ppp/1R2p3/2Pr4/8/5P2/7P/6K1 w - - 0 27,c5c6,-627,-683,56
6k1/1R3pp1/2r1p2p/3r4/4K3/5P2/7P/8 w - - 2 32,f3f4,-687,-745,58
8/5ppk/2r1p2p/5r2/1R2KP2/8/7P/8 w - - 3 34,h2h4,-712,-748,36
rnbqkbnr/pppppppp/8/8/8/8/PPPPPPPP/RNBQKBNR w KQkq - 0 1,e2e4,32,25,-7
rnbqkbnr/pp1ppppp/8/2p5/4P3/8/PPPP1PPP/RNBQKBNR w KQkq - 0 2,d2d3,33,-8,-41
r1bqkbnr/pp1ppppp/2n5/2p5/4P3/3P4/PPP2PPP/RNBQKBNR w KQkq - 1 3,h2h3,-6,-22,16
r1b1k1nr/pp1pppbp/1qn3p1/2p5/4P3/3P1N1P/PPP1BPP1/RNBQK2R w KQkq - 4 6,c2c3,0,-4,-4
r4r2/ppqbn1kp/2npp1p1/2p2p2/4P1N1/2PP3P/PP2BPP1/RN1Q1RK1 w - - 0 15,e4f5,-31,-168,137
r4r2/ppqbn1kp/2n3p1/2p2p2/3p4/2PPNB1P/PP3PP1/RN1Q1RK1 w - - 0 18,c3d4,-60,-64,4
rnbqkbnr/pppppppp/8/8/8/8/PPPPPPPP/RNBQKBNR w KQkq - 0 1,e2e4,22,25,3
rnbqkbnr/ppp2ppp/3p4/4p3/4P3/5N2/PPPP1PPP/RNBQKB1R w KQkq - 0 3,d2d4,46,51,5
r1bqkbnr/pppn1ppp/3p4/4p3/3PP3/5N2/PPP2PPP/RNBQKB1R w KQkq - 1 4,d4e5,71,25,-46
r4rk1/1pp2ppn/1p2q2p/4p3/4P3/5N2/PPPRQPPP/3R2K1 w - - 0 18,a2a3,2,-2,-4
4r1k1/1pp2pp1/1p3n1p/5N2/q3P3/P7/1PP1QPPP/3R2K1 w - - 0 24,f2f3,233,238,5
4r1k1/1pp2pp1/1p3n1p/5N2/q3P3/P4P2/1PPQ2PP/3R2K1 w - - 3 26,c2c3,311,230,-81
rnbqkbnr/pppppppp/8/8/8/8/PPPPPPPP/RNBQKBNR w KQkq - 0 1,e2e4,26,25,-1
rnbqkb1r/pppp1ppp/5n2/4p3/2B1P3/8/PPPP1PPP/RNBQK1NR w KQkq - 2 3,d2d3,-1,14,15
rnb1k2r/ppp2ppp/3p1q2/2b1p3/2B1P3/3P4/PPP2PPP/RN1QK1NR w KQkq - 0 6,f2f3,-78,-172,94
rnbq1rk1/ppp2ppp/3p4/8/2B1Pp2/3P1P2/PPP1Q1PP/R2K2NR w - - 0 12,g2g3,43,-55,-98
rnb2rk1/ppp2ppp/3p1q2/8/2B1Pp2/3P1PP1/PPP1Q2P/R2K2NR w - - 1 13,g3f4,-24,-144,120
rn3rk1/pp4pp/2ppp3/8/4PP2/3P1P2/PqP1Q2P/2RK2NR w - - 0 17,f4f5,-120,-244,124
r4rk1/pp1n2pp/2ppp3/5P2/4P3/3P1P1N/q1P1Q2P/2RK3R w - - 2 19,f5e6,-247,-259,12
5rk1/pp3rpp/2p1Q3/2qp4/4P3/3P4/2PK3P/5R2 w - - 2 32,e4e5,-644,-732,88
5rk1/pp3rpp/2p1Q3/3pP3/1q6/3P4/2PK3P/5R2 w - - 1 33,c2c3,-740,-745,5
rnbqkbnr/pppppppp/8/8/8/8/PPPPPPPP/RNBQKBNR w KQkq - 0 1,e2e4,26,31,5
rnbqkbnr/ppp1pppp/8/3p4/4P3/8/PPPP1PPP/RNBQKBNR w KQkq - 0 2,e4e5,72,-17,-89
rnbqkbnr/ppp1pp1p/6p1/3pP3/8/8/PPPP1PPP/RNBQKBNR w KQkq - 0 3,d2d4,56,54,-2
rnbqkbnr/ppp1pp2/6p1/3pP2p/3P4/8/PPP2PPP/RNBQKBNR w KQkq - 0 4,f2f4,106,26,-80
rnbqkbnr/ppp2p2/4p1p1/3pP2p/3P1P2/8/PPP3PP/RNBQKBNR w KQkq - 0 5,c2c4,57,-1,-58
rnb1kbnr/ppp2p2/4p1p1/3pP2p/2PP1P1q/8/PP4PP/RNBQKBNR w KQkq - 1 6,g2g3,66,70,4
rnb1kbnr/ppp2p2/4p1p1/3pP2p/2PP1Pq1/6P1/PP5P/RNBQKBNR w KQkq - 1 7,c4d5,226,-19,-245
rnb1kb1r/ppp2p2/4p1pn/3PP2p/3P1Pq1/6P1/PP5P/RNBQKBNR w KQkq - 1 8,d5e6,261,-57,-318
r4rk1/ppp2p2/2n1b1pn/4Pq1p/3P1P2/2B3P1/PP2B2P/RN1QK1NR w KQ - 7 15,d4d5,576,348,-228
3r1rk1/ppp2p2/2n1b1p1/3PP2p/2B2P2/2B3P1/PPK4P/RN4q1 w - - 0 22,d5e6,-813,-10000,9187
3r1rk1/ppp5/2n1P1p1/4Pp1p/2B2P2/2B3P1/PPKN1q1P/R7 w - f6 0 24,e6e7,-350,-365,15
3r2k1/ppp1Pr2/2n3p1/4Pp1p/2B2P2/2B3P1/PPKN1q1P/R7 w - - 1 25,e7d8q,-236,-239,3
3n2k1/ppp2r2/6p1/4Pp1p/2B2P2/2B3P1/PPKN1q1P/R7 w - - 0 26,e5e6,-289,-299,10
rnbqkbnr/pppppppp/8/8/8/8/PPPPPPPP/RNBQKBNR w KQkq - 0 1,e2e4,28,29,1
rn1qkb1r/pbpppppp/1p3n2/8/4P3/2N2N2/PPPP1PPP/R1BQKB1R w KQkq - 4 4,e4e5,66,83,17
rn1qkb1r/pbpppppp/1p6/4P3/2B5/2n2N2/PPPP1PPP/R1BQK2R w KQkq - 0 6,b2c3,50,-5,-55
rn1qkb1r/pbpp1ppp/1p2p3/4P3/2B5/2P2N2/P1PP1PPP/R1BQK2R w KQkq - 0 7,d2d4,13,21,8
r3kb1r/pbqp1ppp/1pn1p3/2p1P1B1/2BP4/2P2N2/P1P2PPP/R2Q1RK1 w kq - 4 10,a2a4,-36,-27,-9
r6r/pbqpkppp/1pn1p3/4P3/P1Bp4/2P2N2/2PQ1PPP/R4RK1 w - - 0 13,c3d4,62,51,-11
r4k1r/p1qp1ppp/1p2p3/n3P1Q1/P2P4/3B1b2/2P2PPP/R4RK1 w - - 0 16,g2f3,37,26,-11
r4k1r/p1qp1pp1/1pn1p2p/4P3/P2P3Q/3B1P2/2P2P1P/R4RK1 w - - 2 18,c2c4,-4,-4,0
2r2k1r/p1q2pp1/1p1pp2p/4P3/PnPPB2Q/5P2/5P1P/2R2RK1 w - - 0 21,e5d6,65,35,-30
2r2k1r/p4pp1/1p1qp2p/8/PnPPB2Q/5P2/5P1P/2R2RK1 w - - 0 22,d4d5,14,0,-14
2r5/p7/1p5R/3P2p1/P1k2n2/5P2/3K1P1P/8 w - - 0 39,d5d6,-252,-349,97
3r4/8/1p1P1R2/p5p1/P1k2n2/5P2/3K1P1P/8 w - - 0 41,h2h4,-385,-446,61
3r4/8/1p1P3R/p7/kn6/5P2/3K1P2/8 w - - 0 46,f3f4,-514,-445,-69
3r4/8/1p1P3R/pk6/1n3P2/8/3K1P2/8 w - - 1 47,f4f5,-460,-460,0
rnbqkbnr/pppppppp/8/8/8/8/PPPPPPPP/RNBQKBNR w KQkq - 0 1,e2e4,29,32,3
rnbqkb1r/pp1ppppp/5n2/2p5/2B1P3/8/PPPP1PPP/RNBQK1NR w KQkq - 2 3,d2d3,14,-18,-32
rnbqkb1r/pp3ppp/3p1n2/2p1p3/2B1P3/3P1N2/PPP2PPP/RNBQK2R w KQkq - 0 5,h2h3,174,19,-155
r1bq1rk1/pp2bppp/2np1n2/2p1p3/2B1P3/3P1N1P/PPP2PP1/RNBQR1K1 w - - 5 8,c2c3,16,18,2
r1bq1rk1/4bppp/p2p1n2/np2p1B1/2p1P3/2PP1N1P/PPB2PP1/RN1QR1K1 w - - 0 12,d3d4,90,94,4
r2q1rk1/1b2bppp/p2p1n2/np2p1B1/2pPP3/2P2N1P/PPB2PP1/RN1QR1K1 w - - 1 13,d4d5,126,45,-81
r1bq1rk1/4bppp/p2p1n2/np1Pp1B1/2p1P3/2P2N1P/PPB2PP1/RN1QR1K1 w - - 1 14,b2b3,130,119,-11
r1bq1rk1/1n2bppp/p2p1n2/1p1Pp1B1/4P3/1pP2N1P/P1BN1PP1/R2QR1K1 w - - 0 16,a2b3,-25,-63,38
r1b2rk1/4qppp/p2p4/1pnPp3/4P3/1PP2NnP/2B2PP1/R2QR1K1 w - - 0 20,f2g3,8,23,15
r1b2rk1/5pp1/p2p1q1p/1pnPp3/4P3/1PP2NPP/2B3P1/R2Q1RK1 w - - 0 22,b3b4,85,72,-13
rnbqkbnr/pppppppp/8/8/8/8/PPPPPPPP/RNBQKBNR w KQkq - 0 1,e2e3,33,-4,-37
rnbqkbnr/ppp1pppp/8/3p4/8/4P3/PPPP1PPP/RNBQKBNR w KQkq - 0 2,d2d4,8,7,-1
rnbqk1nr/ppp2ppp/4p3/3p4/1b1P4/4PQ2/PPP2PPP/RNB1KBNR w KQkq - 2 4,c2c3,-20,-33,13
r1bqk2r/p2n1ppp/2p1pn2/b2p4/3P4/2PBPQ2/PP2NPPP/RNB2RK1 w kq - 2 10,c3c4,113,72,-41
r2qk2r/p2n1ppp/b1p1pn2/b2p4/2PP4/3BPQ2/PP2NPPP/RNB2RK1 w kq - 1 11,b2b3,78,73,-5
r2qk2r/p2n1ppp/b1p1pn2/b7/2pP4/1P1BPQ2/P3NPPP/RNB2RK1 w kq - 0 12,b3c4,140,129,-11
r2qk2r/p2n1ppp/b3pn2/b1p5/2PP4/3BPQ2/P3NPPP/RNB2RK1 w kq - 0 13,d4c5,124,-420,-544
r2qk2r/p4ppp/b3pn2/b1n5/2P5/3BPQ2/P3NPPP/RNB2RK1 w kq - 0 14,e3e4,48,-433,-481
6r1/N1Q5/4pkrp/8/3RP3/8/P4PPP/6K1 w - - 1 32,e4e5,10000,10000,0
rnbqkbnr/pppppppp/8/8/8/8/PPPPPPPP/RNBQKBNR w KQkq - 0 1,e2e4,26,26,0
rnbqkbnr/ppp1pppp/8/3p4/4P3/8/PPPP1PPP/RNBQKBNR w KQkq - 0 2,e4e5,50,-13,-63
rnbqkbnr/ppp1p1pp/5p2/3pP3/8/8/PPPP1PPP/RNBQKBNR w KQkq - 0 3,e5f6,33,-17,-50
rnbqkb1r/ppp1p1pp/5n2/3p4/8/8/PPPP1PPP/RNBQKBNR w KQkq - 0 4,d2d4,-24,-33,9
rn2kb1r/pppqp1pp/5n2/3p4/3P2b1/8/PPP1BPPP/RNBQK1NR w KQkq - 3 6,h2h3,29,23,-6
r3kb1r/pppqp1pp/2n2n2/3p4/3P4/7P/PPP1NPP1/RNBQK2R w KQkq - 1 8,c2c3,-25,-76,51
r3kb1r/pppqp1pp/2n5/3p4/3Pn3/2P4P/PP2NPP1/RNBQK2R w KQkq - 1 9,f2f3,5,-15,-20
2kr1b1r/1pp3pp/5n2/q2p4/8/2P2P1P/PP4P1/R1BQ1R1K w - - 0 17,b2b4,-403,-414,11
2kr1b1r/1pp3pp/5n2/1q1p4/1P6/2P2P1P/P5P1/R1BQ1R1K w - - 1 18,a2a4,-388,-405,17
2kr3r/1pp3pp/3b1n2/8/PP6/R1p2P1P/1BQ3PK/5q2 w - - 2 23,g2g3,-1055,-1091,36
rnbqkbnr/pppppppp/8/8/8/8/PPPPPPPP/RNBQKBNR w KQkq - 0 1,e2e4,29,28,-1
rnbqkbnr/pp1ppppp/8/2p5/4P3/8/PPPP1PPP/RNBQKBNR w KQkq - 0 2,f2f4,26,-13,-39
r1bqkbnr/pp2pppp/2n5/2pp4/4PP2/5N2/PPPP2PP/RNBQKB1R w KQkq - 0 4,e4d5,16,15,-1
r3kb1r/pp1bpppp/2nq1n2/2p5/5P2/2N2N2/PPPPB1PP/R1B1QRK1 w kq - 8 9,d2d3,40,40,0
rq2kb1r/pp1bppp1/2n2n1p/1Np5/5P2/3P1N2/PPP1B1PP/R1B1QRK1 w kq - 2 11,a2a4,66,77,11
rq2kb1r/1p1b1p2/p3pn1p/2p3p1/Pn3P1N/2NP4/1PP1B1PP/R1BQ1RK1 w kq - 0 15,f4g5,170,177,7
rnbqkbnr/pppppppp/8/8/8/8/PPPPPPPP/RNBQKBNR w KQkq - 0 1,d2d4,24,19,-5
rnbqkbnr/ppp1pppp/8/3p4/3P4/8/PPP1PPPP/RNBQKBNR w KQkq - 0 2,c2c4,21,27,6
rnbqkbnr/ppp2ppp/4p3/3p4/2PP4/8/PP2PPPP/RNBQKBNR w KQkq - 0 3,c4d5,25,23,-2
rnbqkbnr/ppp2ppp/8/3p4/3P4/8/PP2PPPP/RNBQKBNR w KQkq - 0 4,a2a3,27,5,-22
r2qk2r/ppp1bppp/2n2n2/3p1bB1/3P4/P1N2N2/1P2PPPP/R2QKB1R w KQkq - 7 8,h2h3,28,-1,-29
r2qk2r/ppp2pp1/2n2b1p/3p1b2/3P4/P1N2N1P/1P2PPP1/R2QKB1R w KQkq - 0 10,e2e3,2,-1,-3
r2q1rk1/1pp2pb1/p1n1b1pp/3p4/3P4/P1NBPN1P/1PQ2PP1/3R1RK1 w - - 2 15,b2b4,44,27,-17
r4rk1/1pp2pb1/p1n1bqpp/3p4/1P1P4/P1NBPN1P/2Q2PP1/3R1RK1 w - - 1 16,e3e4,46,-8,-54
r4rk1/1pp2pb1/p4qpp/3b4/1P2P3/P2B1n1P/2Q2PP1/3R1R1K w - - 0 19,e4d5,-493,-478,-15
5rk1/1Q3pb1/p4qpp/3P4/1P6/P2R3P/2r2PP1/5R1K w - - 1 23,d5d6,-374,-382,8
rnbqkbnr/pppppppp/8/8/8/8/PPPPPPPP/RNBQKBNR w KQkq - 0 1,e2e4,24,33,9
rnbqkbnr/ppp2ppp/4p3/3p4/2B1P3/8/PPPP1PPP/RNBQK1NR w KQkq - 0 3,e4d5,-23,-25,2
rnb1kbnr/pp3ppp/2p5/3p4/8/1B3q1N/PPPP1PPP/RNB1K2R w KQkq - 0 7,g2f3,-608,-615,7
rn2kbnr/pp3ppp/2p5/3p4/8/1BN2b2/PPPP1P1P/R1B1K1R1 w Qkq - 0 10,d2d3,-493,-514,21
2kr1bnr/pp1n1ppp/2p5/3p3b/8/1BNPB1R1/PPP2P1P/R3K3 w Q - 5 13,f2f3,-583,-630,47
2kr2nr/p2n1pRp/1ppb2b1/3p4/N7/1B1PB3/PPP4P/2K2R2 w - - 4 18,c2c4,-540,-576,36
2kr1br1/p2n1p1p/1pp3b1/3p4/N1P5/1B1PB3/PP5P/2K2R2 w - - 0 20,c4d5,-581,-592,11
2k3r1/p4p1p/Np4b1/8/8/3r4/PP5P/2K2R2 w - - 0 25,b2b3,-706,-770,64
2k3r1/p4p1p/bp6/8/8/1P5r/PK5P/3R4 w - - 0 28,a2a4,-761,-819,58
8/pb1k1p1p/1p6/8/PK6/1P6/3r4/8 w - - 2 34,a4a5,-886,-904,18
8/pb5p/2k5/8/8/KP3p2/3r4/8 w - - 0 39,b3b4,-1143,-10000,8857
8/1b5p/p1k5/8/KP6/8/3r1p2/8 w - - 0 41,b4b5,-10000,-10000,0
rnbqkbnr/pppppppp/8/8/8/8/PPPPPPPP/RNBQKBNR w KQkq - 0 1,d2d4,34,25,-9
rnbqkbnr/ppp1pppp/8/3p4/3P4/8/PPP1PPPP/RNBQKBNR w KQkq - 0 2,e2e3,27,6,-21
rnbqkb1r/ppp1pppp/5n2/3p4/3P4/4P3/PPP2PPP/RNBQKBNR w KQkq - 1 3,h2h3,7,-8,-15
rn1qkb1r/ppp1pppp/5n2/3p1b2/3P4/4P2P/PPP2PP1/RNBQKBNR w KQkq - 1 4,a2a3,-8,-22,14
N2r2k1/3b1ppp/3q4/pR5B/Q3p3/P3P2P/1PP2PPb/R1B4K w - - 1 24,c2c4,501,435,-66
N2r2k1/5ppp/3q4/pb5B/Q1P1p3/P3P2P/1P3PPb/R1B4K w - - 0 25,c4b5,481,434,-47
3r2k1/5ppp/3q4/pP5B/4Q3/P3P2P/1P3PPb/R1B4K w - - 1 27,b2b4,632,421,-211
1q1r2k1/5p1p/6p1/1P5B/1p4Q1/P3P2P/1B3PPb/R6K w - - 0 30,f2f4,620,538,-82
3r2k1/5p1p/8/7p/1p3P2/P3P2P/1B4PK/R7 w - - 0 33,a3b4,704,713,9
3r4/4kp1p/8/7p/1P3P2/B3P2P/6PK/R7 w - - 3 35,b4b5,682,696,14
3k4/5p1p/8/1P5p/5P2/B3P2P/6PK/8 w - - 0 38,g2g4,793,729,-64
8/2k2p1p/8/1P5p/5PP1/B3P2P/7K/8 w - - 1 39,g4h5,727,675,-52
8/5p2/7p/7P/3BkPK1/4P2P/8/8 w - - 0 45,h3h4,673,639,-34
8/8/5p1p/3k3P/3B1P1P/4P1K1/8/8 w - - 2 47,f4f5,725,720,-5
8/6k1/8/5PBP/6KP/4P3/8/8 w - - 3 53,f5f6,1070,1355,285
8/5k2/5P2/6BP/6KP/4P3/8/8 w - - 1 54,h5h6,1405,1128,-277
8/7k/5P1P/6BK/7P/4P3/8/8 w - - 3 56,e3e4,10000,10000,0
7k/8/5PKP/6B1/4P2P/8/8/8 w - - 3 58,e4e5,10000,10000,0
6k1/8/5PKP/4P1B1/7P/8/8/8 w - - 1 59,h6h7,10000,10000,0
7k/7P/5PK1/4P1B1/7P/8/8/8 w - - 1 60,e5e6,10000,0,-10000
rnbqkbnr/pppppppp/8/8/8/8/PPPPPPPP/RNBQKBNR w KQkq - 0 1,d2d4,34,28,-6
rnbqkbnr/pppp1ppp/4p3/8/3P4/8/PPP1PPPP/RNBQKBNR w KQkq - 0 2,e2e3,41,9,-32
rnbqkbnr/pp1p1ppp/4p3/8/3p4/3BP3/PPP2PPP/RNBQK1NR w KQkq - 0 4,e3d4,46,37,-9
r1bqkbnr/pp1p1ppp/2n1p3/8/3P4/3B4/PPP2PPP/RNBQK1NR w KQkq - 1 5,c2c3,54,36,-18
r1b1kb1r/pp3ppp/2n1pn2/q2p4/3P4/2PB1N2/PP3PPP/RNBQ1RK1 w kq - 2 8,b2b4,86,42,-44
r1bqk2r/pp2bppp/2n1pn2/3p2B1/1P1P4/2PB1N2/P4PPP/RN1Q1RK1 w kq - 3 10,a2a4,99,84,-15
r1bq1rk1/1p2bppp/p1n1pn2/3p2B1/PP1P4/2PB1N2/3N1PPP/R2Q1RK1 w - - 2 12,b4b5,109,36,-73
r1bq1rk1/4bppp/ppn1pn2/1P1p2B1/P2P4/2PB4/3N1PPP/R2Q1RK1 w - - 0 15,b5c6,-11,-14,3
2b2rk1/4bppp/pr2pn2/3pN1B1/P2P4/2qB4/5PPP/3Q1RK1 w - - 0 20,h2h3,-372,-383,11
3Q4/1b3ppk/p2bp3/3p4/P1r1n3/5N1P/5PP1/5RK1 w - - 17 32,a4a5,355,224,-131
rnbqkbnr/pppppppp/8/8/8/8/PPPPPPPP/RNBQKBNR w KQkq - 0 1,e2e4,29,26,-3
rn1qkbnr/ppp2ppp/3p4/4p3/2B1P1b1/5N2/PPPP1PPP/RNBQK2R w KQkq - 2 4,h2h3,78,80,2
rn1qkbnr/pp3pp1/2pp3p/4p2b/2B1P3/2N2N1P/PPPP1PP1/R1BQ1RK1 w kq - 0 7,b2b4,69,10,-59
rn1qkbnr/pp3p2/2pp3p/4p2b/1P2P1p1/2N2N1P/P1PPBPP1/R1BQ1RK1 w kq - 0 9,h3g4,231,126,-105
rn1qkbnr/pp3p2/2pp3p/4p3/1P2P1b1/2N2N2/P1PPBPP1/R1BQ1RK1 w kq - 0 10,d2d3,119,72,-47
rn1qkbnr/pp3p2/2pp4/4p2p/1P2P1b1/2NP1N2/P1P1BPP1/R1BQ1RK1 w kq - 0 11,a2a4,87,72,-15
rn1qkbnr/pp3p2/2pp4/4p3/PP2P3/2NP3p/2P1QPPN/R1B2RK1 w kq - 0 14,g2h3,154,-32,-186
rnbqkbnr/pppppppp/8/8/8/8/PPPPPPPP/RNBQKBNR w KQkq - 0 1,d2d4,28,28,0
rnbqkbnr/ppp1pppp/8/3p4/3P4/8/PPP1PPPP/RNBQKBNR w KQkq - 0 2,c2c4,29,26,-3
rnbqkbnr/ppp1pppp/8/8/2pP4/8/PP2PPPP/RNBQKBNR w KQkq - 0 3,e2e4,31,33,2
r2qkb1r/pp1b1ppp/1np1pn2/8/3PP3/5N2/PPB2PPP/RNBQK2R w KQkq - 0 9,a2a3,107,46,-61
r3kb1r/ppqb1ppp/1np1pn2/8/3PP3/P4N2/1PB2PPP/RNBQK2R w KQkq - 1 10,b2b3,87,-6,-93
r3kb1r/ppqb1pp1/1np1p2p/8/3PP1n1/PP3N2/2B2PPP/RNBQ1RK1 w kq - 2 12,h2h3,202,184,-18
r3kb1r/ppqb1pp1/1np1pn1p/8/3PP3/PP3N1P/2B2PP1/RNBQ1RK1 w kq - 1 13,e4e5,198,63,-135
r3kb1r/ppqb1pp1/1n2p2p/2pnP3/3P4/PP2BN1P/2B2PP1/RN1Q1RK1 w kq - 0 15,d4c5,-19,-19,0
r3k2r/pp1b1pp1/1n2p2p/2qnP3/8/PP3N1P/2B2PP1/RN1Q1RK1 w kq - 0 17,b3b4,-4,-45,41
1r2k2r/pp3pp1/1n2p2p/1b2P3/1P2B3/P1n2N1P/3N1PPK/R3R3 w k - 9 24,h3h4,39,10,-29
1r3rk1/1p3pp1/pnbNp2p/4P3/1P1N3P/P7/5PPK/R3R3 w - - 0 28,b4b5,202,-9,-211
r5k1/1pR2pp1/1n1Np2p/4P3/7P/Pr4K1/5PP1/R7 w - - 9 35,f2f3,31,29,-2
4N3/1R4pk/4p2p/4Pn2/3r2KP/5P2/6P1/8 w - - 9 43,f3f4,59,56,-3
4N3/1R4pk/4p2p/4Pn2/3r1P1P/5K2/6P1/8 w - - 3 45,g2g4,10000,457,-9543
rnbqkbnr/pppppppp/8/8/8/8/PPPPPPPP/RNBQKBNR w KQkq - 0 1,e2e4,28,17,-11
r1bqkbnr/pp1ppppp/2n5/2p5/4P3/5N2/PPPP1PPP/RNBQKB1R w KQkq - 2 3,d2d4,30,11,-19
r1bqkbnr/pp1p1ppp/2n1p3/8/3NP3/8/PPP2PPP/RNBQKB1R w KQkq - 0 5,c2c4,46,11,-35
3r2k1/p2b1pp1/5n1p/q3p3/2P1P2Q/8/3NRPPP/5NK1 w - - 2 26,h2h3,-100,-157,57
4r1k1/5pp1/1q2bn1p/4N3/p1P1P3/2Q4P/4RPP1/5NK1 w - - 1 31,c4c5,-35,-101,66
8/5pp1/6kp/3N4/8/7P/5PP1/6K1 w - - 1 43,f2f4,539,359,-180
8/5pp1/7p/3N1k2/5P2/7P/6P1/6K1 w - - 1 44,g2g3,388,397,9
8/8/5pkp/6p1/5P2/4N1PP/5K2/8 w - - 2 47,f4f5,568,610,42
8/8/5p1p/5Ppk/8/4N1PP/5K2/8 w - - 1 48,g3g4,677,625,-52
rnbqkbnr/pppppppp/8/8/8/8/PPPPPPPP/RNBQKBNR w KQkq - 0 1,e2e4,28,21,-7
rnbqkb1r/ppp1pppp/3p1n2/8/2B1P3/8/PPPP1PPP/RNBQK1NR w KQkq - 2 3,d2d3,-6,1,7
r2qkb1r/ppp2ppp/3ppn2/4n3/4P1b1/1B1P4/PPP1NPPP/RNBQ1RK1 w kq - 0 7,f2f3,167,162,-5
r2qkb1r/ppp2ppp/3ppn2/4n2b/4P3/1B1P1P2/PPP1N1PP/RNBQ1RK1 w kq - 1 8,d3d4,161,135,-26
r2qk2r/ppp1bppp/3ppnn1/7b/3PP3/1B2BP2/PPP1N1PP/RN1Q1RK1 w kq - 3 10,g2g4,220,237,17
r2qk2r/ppp1bppp/3ppnn1/8/3PP1b1/1B2BP2/PPP1N2P/RN1Q1RK1 w kq - 0 11,f3g4,241,246,5
r2qk2r/ppp2ppp/3pp1n1/8/3PP1n1/1B4b1/PPP2B1P/RN1Q1RK1 w kq - 0 14,h2g3,330,203,-127
r2q1rk1/ppp2ppp/3ppnn1/8/3PP3/1B4P1/PPPN1B2/R2Q1RK1 w - - 3 16,c2c3,354,360,6
r2q1rk1/ppp2pp1/3p1nn1/4p3/3PP2p/1BP2QP1/PP1N1B2/3R1RK1 w - - 0 19,g3h4,428,449,21
r2q1rk1/ppp2ppn/3p2n1/8/3pP1QP/1BP5/PP1N1B2/3R1RK1 w - - 0 21,c3d4,503,522,19
8/pRp2kp1/1p1p4/1n6/8/8/PP3K2/8 w - - 2 35,a2a4,197,207,10
8/8/8/4k3/P5p1/8/1P3K2/8 w - - 0 43,b2b4,555,568,13
8/8/3k4/8/PP4p1/8/5K2/8 w - - 1 44,b4b5,592,556,-36
8/2k5/8/1P6/P5p1/8/5K2/8 w - - 1 45,a4a5,566,576,10
8/8/3k4/PP6/6K1/8/8/8 w - - 1 48,a5a6,696,554,-142
8/2k5/P7/1P6/6K1/8/8/8 w - - 1 49,a6a7,563,559,-4
8/Pk6/8/1P6/6K1/8/8/8 w - - 1 50,b5b6,586,607,21
8/Pk1K4/1P6/8/8/8/8/8 w - - 23 62,a7a8q,627,10000,9373
1k6/8/1PK5/8/8/8/8/8 w - - 2 64,b6b7,10000,10000,0
rnbqkbnr/pppppppp/8/8/8/8/PPPPPPPP/RNBQKBNR w KQkq - 0 1,d2d4,22,22,0
rnbqkbnr/ppp1pppp/8/3p4/3P4/8/PPP1PPPP/RNBQKBNR w KQkq - 0 2,e2e3,28,8,-20
rnbqkbnr/ppp2ppp/4p3/3p4/3P4/4P3/PPP2PPP/RNBQKBNR w KQkq - 0 3,a2a4,11,-17,-28
rnbqk1nr/ppp2ppp/4p3/3p4/Pb1P4/4P3/1PP2PPP/RNBQKBNR w KQkq - 1 4,c2c3,23,9,-14
rnbqk1nr/ppp2ppp/4p3/b2p4/P2P4/2P1P3/1P3PPP/RNBQKBNR w KQkq - 1 5,b2b4,538,533,-5
rnbqk1nr/ppp2ppp/1b2p3/3p4/PP1P4/2P1P3/5PPP/RNBQKBNR w KQkq - 1 6,a4a5,544,549,5
rnbqk1nr/pp3ppp/1bp1p3/P2p4/1P1P4/2P1P3/5PPP/RNBQKBNR w KQkq - 0 7,a5b6,611,606,-5
r1b1k1nr/pp3ppp/1qp1p3/3pN3/1n1P4/2P1P3/5PPP/RNBQKB1R w KQkq - 0 10,c3b4,697,660,-37
r1b2rk1/pp3ppp/2p1pn2/3pN3/3P4/2N1P3/3B1PPP/1R2KB1R w K - 1 15,h2h4,668,660,-8
r1b2rk1/p4ppp/2p1pn2/1p1pN3/3P3P/2N1P3/3B1PP1/1R2KB1R w K - 0 16,g2g4,670,655,-15
r1b2rk1/5ppp/2p1pn2/pp1pN3/3P2PP/2N1P3/3B1P2/1R2KB1R w K - 0 17,g4g5,670,641,-29
1rr4k/6pp/4pp2/p5P1/Bp1Pp2P/4P3/3B1P2/1R2K2R w K - 0 24,g5f6,600,605,5
rnbqkbnr/pppppppp/8/8/8/8/PPPPPPPP/RNBQKBNR w KQkq - 0 1,c2c4,29,13,-16
rnbqkb1r/p1pppppp/1p3n2/8/2P5/2N5/PP1PPPPP/R1BQKBNR w KQkq - 0 3,g2g3,61,22,-39
rn1qk2r/pb1pbppp/1p2pn2/2p5/2P5/2N2NP1/PP1PPPBP/R1BQ1RK1 w kq - 2 7,e2e3,57,26,-31
rn1q1rk1/pb1pbppp/1p2pn2/2p5/2P5/2N1PNP1/PP1P1PBP/R1BQ1RK1 w - - 1 8,d2d4,28,16,-12
rn1q1rk1/pb1pbppp/1p2pn2/8/2Pp4/2N1PNP1/PP3PBP/R1BQ1RK1 w - - 0 9,e3d4,36,39,3
rn1q1rk1/1b2bppp/pp1ppn2/8/2PP1B2/2N2NP1/PP3PBP/R2Q1RK1 w - - 0 11,d4d5,66,68,2
rn3rk1/1bq1bppp/pp1p1n2/3Pp3/2P5/2N1BNP1/PP3PBP/R2Q1RK1 w - - 2 13,b2b3,100,83,-17
1r3rk1/1bqnbppp/p2p1n2/3Pp3/2p5/1PN1BNP1/P3QPBP/1RR3K1 w - - 0 17,b3c4,62,66,4
br3rk1/2q3pp/p2p4/3Pp3/2P2p2/6P1/P3QPBP/1RR3K1 w - - 0 25,g3f4,121,21,-100
rnbqkbnr/pppppppp/8/8/8/8/PPPPPPPP/RNBQKBNR w KQkq - 0 1,d2d4,26,30,4
rnbqkb1r/pppp1ppp/4pn2/8/3P4/2N5/PPP1PPPP/R1BQKBNR w KQkq - 0 3,a2a3,27,-28,-55
rnbqkb1r/pp3ppp/4pn2/2pp4/3P1B2/P1N5/1PP1PPPP/R2QKBNR w KQkq - 0 5,e2e3,-26,-33,7
rnbqk2r/pp2bppp/4pn2/2pp4/3P1B2/P1N1P3/1PP2PPP/R2QKBNR w KQkq - 1 6,d4c5,25,19,-6
rnbqk2r/pp3ppp/4pn2/2bp4/5B2/P1N1P3/1PP2PPP/R2QKBNR w KQkq - 0 7,b2b4,9,-25,-34
rnbqk2r/pp2bppp/4pn2/3p4/1P3B2/P1N1P3/2P2PPP/R2QKBNR w KQkq - 1 8,g2g4,30,-86,-116
rnbqk2r/1p2bppp/p3pn2/3p4/1P3BP1/P1N1P3/2P2P1P/R2QKBNR w KQkq - 0 9,h2h4,-27,-120,93
r1bqk2r/1p1nbppp/p3pn2/3p4/1P3BPP/P1N1P3/2P2P2/R2QKBNR w KQkq - 1 10,h4h5,104,-164,-268
3rk2r/1p3pp1/p4b1p/4p2P/1P4b1/P3P3/2P2P2/R3KBNR w KQk - 0 16,f2f3,-78,-205,127
3rk2r/1p3pp1/p4b1p/3bp2P/1P6/P3PP2/2P5/R3KBNR w KQk - 5 19,e3e4,-92,-96,4
3r1rk1/3b2p1/p6p/1p2p1bP/1P2p3/P2B1P2/2P1N3/5RRK w - - 0 26,f3e4,-114,-116,2
5rk1/6p1/p4b1p/1p2pb1P/1P2P3/P2B4/2P4K/6R1 w - - 0 31,e4f5,-36,-20,-16
rnbqkbnr/pppppppp/8/8/8/8/PPPPPPPP/RNBQKBNR w KQkq - 0 1,e2e4,27,16,-11
rn1qkbnr/ppp2ppp/3p4/4p3/2B1P1b1/5N2/PPPP1PPP/RNBQK2R w KQkq - 2 4,h2h3,77,85,8
rn1qkb1r/ppp2ppp/3p1nb1/4p3/2B1P3/5N1P/PPPP1PP1/RNBQR1K1 w kq - 5 7,d2d3,91,63,-28
r2qkb1r/ppp2ppp/2np1nb1/4p3/2B1P3/3P1N1P/PPP2PP1/RNBQR1K1 w kq - 1 8,c2c3,92,101,9
r1q1k2r/ppp5/2np1pb1/4p1p1/2B1Pn2/2PPQ2P/PP3PP1/R1B1R1K1 w kq - 4 18,f2f3,-446,-495,49
r3k3/pppq4/2np1pb1/4p3/2B1Pp2/2PP1P2/PP4P1/R3R1K1 w q - 0 24,d3d4,-601,-619,18
r7/pppqk3/2np1pb1/4p3/2BPPp2/2P2P2/PP4P1/R3R1K1 w - - 1 25,d4e5,-629,-820,191
rnbqkbnr/pppppppp/8/8/8/8/PPPPPPPP/RNBQKBNR w KQkq - 0 1,e2e4,27,15,-12
r1bqkbnr/pppp1ppp/2n5/4p3/2B1P3/8/PPPP1PPP/RNBQK1NR w KQkq - 2 3,d2d3,32,14,-18
r1bqkb1r/pppp1ppp/2n2n2/4p3/2B1P3/3P4/PPP2PPP/RNBQK1NR w KQkq - 1 4,c2c3,12,-9,-21
r1b1qrk1/pppp1ppp/2n5/4p1B1/2B1P1n1/2PP1N2/PP4PP/RN1QK2R w - - 3 9,h2h3,564,535,-29
r3q2k/ppp2p1p/2np1p2/4pbr1/2B1P2Q/2PP3P/PP6/RN3K1R w - - 0 17,e4f5,-71,-89,18
rnbqkbnr/pppppppp/8/8/8/8/PPPPPPPP/RNBQKBNR w KQkq - 0 1,e2e4,27,12,-15
rnb1k1nr/pppp1ppp/3b1q2/4p3/2B1P3/5N2/PPPP1PPP/RNBQK2R w KQkq - 4 4,c2c3,163,123,-40
rnb1k1nr/pp1p1ppp/2pb1q2/4p3/2B1P3/2P2N2/PP1P1PPP/RNBQK2R w KQkq - 0 5,d2d4,239,229,-10
rnb1k1nr/pp1p1ppp/2pb1q2/8/2BpP3/2P2N2/PP3PPP/RNBQK2R w KQkq - 0 6,c3d4,301,239,-62
rnb1k1nr/p2p1ppp/2pb1q2/1p6/2BPP3/5N2/PP3PPP/RNBQK2R w KQkq - 0 7,e4e5,301,296,-5
rnb1k1nr/p2p1ppp/2p2q2/1p2P3/2BP4/2b2N2/PP3PPP/R1BQK2R w KQkq - 0 9,b2c3,346,356,10
rnb1k2r/3p1ppp/2p1q2n/pp2P3/3P4/B1PB1N2/P4PPP/R2Q1RK1 w kq - 0 13,h2h3,483,437,-46
rnb1k2r/3p1ppp/2p1q2n/p3P3/1p1P4/B1PB1N1P/P4PP1/R2Q1RK1 w kq - 0 14,c3b4,466,500,34
8/3pQ3/2pB1pp1/3qPk2/3P4/7P/P4PP1/R4K2 w - - 4 31,g2g4,10000,1024,-8976
rnbqkbnr/pppppppp/8/8/8/8/PPPPPPPP/RNBQKBNR w KQkq - 0 1,e2e4,26,12,-14
rnbqkbnr/pp2pppp/3p4/2p5/2B1P3/8/PPPP1PPP/RNBQK1NR w KQkq - 0 3,f2f4,5,-9,-14
rnbqkbnr/pp3ppp/3p4/2p1p3/2B1PP2/8/PPPP2PP/RNBQK1NR w KQkq - 0 4,f4f5,58,-321,-379
rn2k1nr/ppqbbppp/3p4/2p1pP2/2B1P3/5N2/PPPP2PP/RNBQ1RK1 w kq - 5 7,d2d3,115,96,-19
r2k3r/pp2b1p1/2qpBn1p/2pNpP2/3nP3/3P4/PPP3PP/R1BQ1RK1 w - - 5 14,c2c3,367,118,-249
r2k3r/pp4p1/2qpnb1p/2p1pP2/4P3/2PP4/PP4PP/R1BQ1RK1 w - - 0 16,f5e6,106,93,-13
2rkr3/p5p1/1pqpPb1p/2pQp3/4P3/2PP4/PP4PP/R1B2RK1 w - - 2 19,g2g4,295,189,-106
2rkr3/p1q3p1/1p1pPb1p/2pQp3/4P1P1/2PP4/PP5P/R1B2RK1 w - - 1 20,h2h4,362,133,-229
2rkr3/p2q2p1/1p1pP2p/2pQp3/4P1Pb/2PP4/PP6/R1B3K1 w - - 0 25,e6d7,478,510,32
8/8/8/2Q5/4Pk2/8/3K4/8 w - - 1 56,e4e5,1198,1218,20
8/8/8/2Q1P3/8/5k2/3K4/8 w - - 1 57,e5e6,10000,10000,0
8/8/4P3/2Q5/8/6k1/3K4/8 w - - 1 58,e6e7,10000,10000,0
rnbqkbnr/pppppppp/8/8/8/8/PPPPPPPP/RNBQKBNR w KQkq - 0 1,d2d4,26,29,3
rnbqkbnr/ppp1pppp/8/3p4/3P4/8/PPP1PPPP/RNBQKBNR w KQkq - 0 2,c2c3,25,15,-10
r2qkbnr/ppp2ppp/2n1p3/3p1b2/3P4/2P2N2/PP1NPPPP/R1BQKB1R w KQkq - 0 5,g2g3,-4,-9,5
r2q1rk1/ppp1nppp/2nbp1b1/3p4/3P4/2P2NP1/PP1NPPBP/R1BQR1K1 w - - 7 9,a2a4,90,51,-39
r2q1rk1/ppp1n1pp/2nbp1b1/3p1p2/P2P4/2P2NP1/1P1NPPBP/R1BQR1K1 w - - 0 10,b2b4,32,33,1
r2q1rk1/1pp1n1pp/2nbp1b1/p2p1p2/PP1P4/2P2NP1/3NPPBP/R1BQR1K1 w - - 0 11,b4b5,177,179,2
rn1q1rk1/1pp1n1pp/3bp1b1/pP1p1p2/P2P4/2P2NP1/3NPPBP/R1BQR1K1 w - - 1 12,e2e3,164,146,-18
rn1q1rk1/1p2n1pp/2pbp1b1/pP1p1p2/P2P4/2P1PNP1/3N1PBP/R1BQR1K1 w - - 0 13,b5c6,155,87,-68
1r1q1rk1/1p2n1pp/2nbp1b1/p2p1p2/P2P4/2P1PNP1/1B1N1PBP/R2QR1K1 w - - 2 15,c3c4,85,72,-13
1r1q1rk1/1p2n1p1/4p1bp/p2pnp2/PbPP4/4P1P1/1B1N1PBP/R2Q1RK1 w - - 0 18,d4e5,35,40,5
1r1r2k1/4n1p1/4p1bp/pp2Pp2/P1p5/4P1P1/1B3PBP/2R2RK1 w - - 0 22,a4b5,-72,-71,-1
2r1b1k1/6p1/4p2p/3nPp2/8/4P1P1/2pB1PBP/2R3K1 w - - 2 30,e3e4,-90,-90,0
2r1b1k1/6p1/1n2p2p/4Pp2/4P3/6P1/2pB1PBP/2R3K1 w - - 1 31,e4f5,-4,-16,12
2r1b1k1/6p1/1n5p/4Pp2/8/6P1/2pB1PBP/2R3K1 w - - 0 32,h2h4,19,-112,-131
2r3k1/6p1/1n5p/4Pp2/b6P/6P1/2pB1PB1/2R3K1 w - - 1 33,h4h5,-130,-253,123
7k/6p1/7p/4Pp1P/2r2B2/1b4P1/2p2P2/2R3K1 w - - 2 37,e5e6,-71,-96,25
5k2/6p1/4P2p/5p1P/2r2B2/1b4P1/2p2P2/4R1K1 w - - 3 39,e6e7,-86,-99,13
rnbqkbnr/pppppppp/8/8/8/8/PPPPPPPP/RNBQKBNR w KQkq - 0 1,e2e4,25,20,-5
rnbqkbnr/p1pppppp/1p6/8/4P3/8/PPPP1PPP/RNBQKBNR w KQkq - 0 2,d2d4,104,99,-5
rn1qkbnr/pbpppp1p/1p4p1/8/3PP3/3B4/PPP2PPP/RNBQK1NR w KQkq - 0 4,c2c3,95,82,-13
rn2kbnr/pbpp1p1p/1p2p1p1/8/3PP2q/2PBB3/PP3PPP/RN1QK1NR w KQkq - 2 6,d4d5,149,38,-111
rn2kb1r/pbpp1p1p/1p3np1/3p4/3BP2q/2PB4/PP3PPP/RN1QK1NR w KQkq - 2 8,e4e5,259,-118,-377
rn2k2r/pbpp1pbp/1p3np1/3pP3/3B3q/2PB4/PP3PPP/RN1QK1NR w KQkq - 1 9,e5f6,414,435,21
r2kr3/1bp1q3/1p1p2Q1/p7/3R4/1NP5/PP3PPP/2KR4 w - - 0 24,h2h4,242,162,-80
r2kr3/1bp1q3/1p1p4/p7/3R2QP/1NP5/PP3PP1/2KR4 w - - 3 26,h4h5,279,225,-54
r2kr3/2p1q3/1p1pb1Q1/p6P/3R4/1NP5/PP3PP1/2KR4 w - - 3 28,h5h6,339,264,-75
7r/2p1k3/1p1pb1rP/p7/4R3/1NP5/PP3PP1/2K1R3 w - - 2 33,g2g4,419,283,-136
8/2p1k3/1p1pb1rr/p7/4R1P1/1NP5/PP3P2/2K1R3 w - - 0 34,f2f4,384,399,15
8/2p1k3/1p1pb2r/p7/4RPr1/1NP5/PP6/2K1R3 w - - 0 35,f4f5,384,372,-12
8/2pk4/1p2R3/p2p1P2/3N4/2PK4/Pr6/8 w - - 0 41,f5f6,443,501,58
8/4R3/1pk2P2/p1pp1N2/8/2PK4/Pr6/8 w - - 4 44,f6f7,636,672,36
8/4RP2/1pk5/p1pp1N2/8/2PK4/P4r2/8 w - - 1 45,f7f8q,899,975,76
rnbqkbnr/pppppppp/8/8/8/8/PPPPPPPP/RNBQKBNR w KQkq - 0 1,e2e4,29,25,-4
rnbqkb1r/pppp1ppp/5n2/4p3/2B1P3/8/PPPP1PPP/RNBQK1NR w KQkq - 2 3,d2d3,3,7,4
rnbqkb1r/ppp2ppp/5n2/3pp3/2B1P3/3P4/PPP2PPP/RNBQK1NR w KQkq - 0 4,e4d5,67,67,0
r2qkb1r/p1p2ppp/2n1b3/1p1np3/8/1B1P1Q1N/PPP2PPP/RNB1K2R w KQkq - 2 8,c2c3,-5,-150,145
r2qkb1r/p1p2pp1/2n1b3/1p1np2p/8/1BPP1Q1N/PP3PPP/RNB1K2R w KQkq - 0 9,c3c4,190,-293,-483
r3kb1r/p1p2pp1/2n3q1/1p1Qp1Bp/2P3b1/1B1P3N/PP3PPP/RN2K2R w KQkq - 3 12,c4b5,503,451,-52
rnbqkbnr/ppp1pppp/3p4/8/8/5N2/PPPPPPPP/RNBQKB1R w KQkq - 0 2,e2e4,51,11,-40
rn1qkbnr/pp3ppp/2p5/4p3/4P3/8/PPPPQPPP/RNB1K2R w KQkq - 0 7,c2c3,-393,-405,12
rn1qkb1r/pp3ppp/2p2n2/4p3/4P3/2P5/PP1PQPPP/RNB1K2R w KQkq - 1 8,d2d4,-363,-406,43
r2qkb1r/pp1n1ppp/2p2n2/4p3/3PP3/2P5/PP2QPPP/RNB1K2R w KQkq - 1 9,d4e5,-358,-432,74
r2qkb1r/pp3ppp/2p2n2/4n3/4P3/2P5/PP2QPPP/RNB1K2R w KQkq - 0 10,h2h3,-495,-703,208
r2qkb1r/pp3ppp/2p2n2/8/4P3/2P4P/PP2QPP1/RNn2K1R w kq - 0 12,g2g4,-790,-1042,252
r2qkb1r/pp3ppp/2p2n2/8/4P1P1/2Pn3P/PP2QP2/RN3K1R w kq - 1 13,c3c4,-750,-809,59
r2qk2r/pp3ppp/2p2n2/2b5/2P1P1P1/3n3P/PP2QP2/RN3K1R w kq - 1 14,f2f3,-709,-813,104
r2q1rk1/pp3pp1/2p2n1p/2b5/2P1PnP1/2N2P1P/PPQ5/R4K1R w - - 0 17,h3h4,-755,-812,57
r2q1rk1/pp3ppn/2p4p/2b5/2P1PnPP/2N2P2/PPQ5/R4K1R w - - 1 18,g4g5,-747,-716,-31
5rk1/ppq2ppn/2p3n1/2b3Pp/2P1P2P/5P2/PPQR4/3N1K2 w - - 5 25,a2a3,-766,-818,52
5rk1/2q2ppn/1pp3n1/p1b3Pp/Q1P1P2P/P4P2/1P1R4/3N1K2 w - - 0 27,b2b4,-729,-779,50
5rk1/2q2ppn/1pp3n1/2b3Pp/QpP1P2P/P4P2/3R4/3N1K2 w - - 0 28,a3b4,-777,-775,-2
rnbqkbnr/pppppppp/8/8/8/8/PPPPPPPP/RNBQKBNR w KQkq - 0 1,a2a4,26,-21,-47
rnbqkbnr/pp1ppppp/2p5/8/P7/8/1PPPPPPP/RNBQKBNR w KQkq - 0 2,h2h4,9,-42,-51
rnb1kbnr/ppqppppp/2p5/8/P6P/8/1PPPPPP1/RNBQKBNR w KQkq - 1 3,b2b3,-13,-99,86
rnb1kbnr/ppq1pppp/2p5/3p4/P6P/1P6/2PPPPP1/RNBQKBNR w KQkq - 0 4,g2g3,-97,-112,15
rn2kbnr/ppq1pppp/2p5/3p1b2/P6P/1P4P1/2PPPP2/RNBQKBNR w KQkq - 1 5,d2d3,-77,-71,-6
rn2kbnr/ppq2ppp/2p1p3/3p1b2/P6P/1P1P2P1/2P1PP2/RNBQKBNR w KQkq - 0 6,e2e3,-41,-60,19
rn2k1nr/ppq3pp/2p1pp2/2bp1b2/P6P/1P1PP1P1/1BP2P2/RN1QKBNR w KQkq - 0 8,a4a5,9,-44,-53
rn2k1nr/p1q3pp/1pp1pp2/P1bp1b2/7P/1P1PP1P1/1BP2P2/RN1QKBNR w KQkq - 0 9,d3d4,134,72,-62
rn2k1nr/p1q3pp/2p1pp2/p2p1b2/1b1P3P/1P2P1P1/1BP1KP2/RN1Q1BNR w kq - 0 11,h4h5,-71,-76,5
rn2k1nr/p1q3pp/4pp2/p1pp1b1P/1b1P4/1P2P1P1/1BP1KP2/RN1Q1BNR w kq - 0 12,c2c3,40,6,-34
rn2k1nr/p1q3pp/4p3/p2p1p1P/2pP4/NPBbPKP1/5P2/R2Q1BNR w kq - 0 16,b3c4,457,69,-388
rn2k1nr/p1q4p/4p3/p4p1P/2pPb1p1/N1B1P1P1/5PKR/R2Q1BN1 w kq - 2 20,f2f3,326,304,-22
8/p6p/4k3/7P/8/p3K1B1/7R/8 w - - 0 41,h5h6,550,614,64
7R/8/7P/7k/5B2/2K5/8/8 w - - 3 52,h6h7,10000,716,-9284
rnbqkbnr/pppppppp/8/8/8/8/PPPPPPPP/RNBQKBNR w KQkq - 0 1,d2d4,27,30,3
rnbqkbnr/ppp1pppp/8/3p4/3P4/8/PPP1PPPP/RNBQKBNR w KQkq - 0 2,c2c4,28,27,-1
rnbqkbnr/ppp1pppp/8/8/2pP4/8/PP2PPPP/RNBQKBNR w KQkq - 0 3,e2e4,32,26,-6
rnbqkbnr/pp2pppp/8/2p5/2pPP3/8/PP3PPP/RNBQKBNR w KQkq - 0 4,d4d5,60,66,6
rnbqkb1r/pp3ppp/8/2pn4/4P3/2N5/PP3PPP/R1BQK1NR w KQkq - 0 8,e4d5,43,44,1
r4rk1/pp1n1ppp/5b2/1NpP4/6b1/5N2/PP3PPP/R1B1R1K1 w - - 8 15,h2h3,-33,-113,80
r4rk1/pp1n1ppp/5b2/1NpP4/8/5b1P/PP3PP1/R1B1R1K1 w - - 0 16,g2f3,-103,-88,-15
r4rk1/pp1n1ppp/8/1NpPb3/8/5P1P/PP3P2/R1B1R1K1 w - - 1 17,f3f4,17,12,-5
2r3k1/p2n1ppp/1p6/3P4/1R3P2/7P/PP3PK1/R1B1r3 w - - 0 23,a2a4,-294,-449,155
6k1/p2n1ppp/1p6/3P4/PR3P2/7P/1P3PK1/2r5 w - - 0 25,b2b3,-484,-503,19
6k1/p2n1p1p/1p4p1/3P4/P1r2P2/1P5P/5PK1/8 w - - 0 27,b3c4,-521,-532,11
6k1/p4p1p/1p4p1/2nP4/P1P2P2/7P/5PK1/8 w - - 1 28,d5d6,-533,-553,20
8/p4p1p/1p1k2p1/2n5/P1PK1P2/7P/5P2/8 w - - 0 32,a4a5,-649,-713,64
8/pn3p1p/1p1k2p1/P7/2PK1P2/7P/5P2/8 w - - 1 33,a5b6,-595,-609,14
8/1n3p1p/1p1k2p1/8/2PK1P2/7P/5P2/8 w - - 0 34,h3h4,-628,-647,19
8/5p1p/1p1k2p1/n7/2PK1P1P/8/5P2/8 w - - 1 35,f2f3,-620,-648,28
rnbqkbnr/pppppppp/8/8/8/8/PPPPPPPP/RNBQKBNR w KQkq - 0 1,d2d4,29,33,4
rnbqkbnr/ppp1pppp/8/3p4/3P4/8/PPP1PPPP/RNBQKBNR w KQkq - 0 2,c2c4,33,33,0
rnbqkbnr/ppp2ppp/4p3/3p4/2PP4/8/PP2PPPP/RNBQKBNR w KQkq - 0 3,a2a3,32,0,-32
rnbqk1nr/ppp1bppp/4p3/3p4/2PP4/P7/1P2PPPP/RNBQKBNR w KQkq - 1 4,c4c5,26,-13,-39
r1bqk1nr/ppp1bppp/2n1p3/2Pp4/3P4/P7/1P2PPPP/RNBQKBNR w KQkq - 1 5,h2h3,-14,-42,28
r1bqk2r/ppp1bppp/4pn2/2Pp4/3Q4/P6P/1P2PPP1/RNB1KBNR w KQkq - 1 7,f2f3,219,-17,-236
r1bqk2r/p1p1bpp1/1p2pn2/2Pp3p/3Q1B2/P4P1P/1P2P1P1/RN2KBNR w KQkq - 0 9,b2b4,248,46,-202
r1bqk2r/p1p1bpp1/4pn2/2pp3p/1P1Q1B2/P4P1P/4P1P1/RN2KBNR w KQkq - 0 10,b4c5,51,41,-10
r1bqk2r/p3bpp1/2p1pn2/2Pp3p/3Q1B2/P4P1P/4P1P1/RN2KBNR w KQkq - 0 11,e2e3,108,-33,-141
r1b1k2r/p3bpp1/2p1pn2/2q4p/3p1B2/P2BPP1P/3Q2P1/RN2K1NR w KQkq - 0 14,e3e4,263,110,-153
8/5p2/6k1/4pp1p/N1p1P3/P4P1P/6PK/R2R4 w - - 0 33,e4f5,911,904,-7
rnbqkbnr/pppppppp/8/8/8/8/PPPPPPPP/RNBQKBNR w KQkq - 0 1,e2e4,31,29,-2
rnbqkb1r/pp1p1ppp/2p2n2/4p3/B3P3/8/PPPP1PPP/RNBQK1NR w KQkq - 2 4,d2d3,-24,-18,-6
rn4rk/p4Q1p/2pp1p2/1pb1pb2/4P3/3P4/PPP2PPP/RN2K2R w KQ - 0 16,e4f5,598,618,20
1n5k/p6p/2pQ4/1p2pP2/8/3P4/PPP4P/3K4 w - - 1 27,f5f6,10000,10000,0
8/Q7/2p1k3/1p5p/8/3P4/PPP4P/3K4 w - - 1 33,a2a4,899,847,-52
rnbqkbnr/pppppppp/8/8/8/8/PPPPPPPP/RNBQKBNR w KQkq - 0 1,d2d4,29,31,2
r1bqk1nr/pppnppbp/3p2p1/8/3P1B2/2N5/PPPQPPPP/R3KBNR w KQkq - 2 5,f2f3,62,-1,-63
r1bqk2r/pppnppbp/3p1np1/8/3P1B2/2N2P2/PPPQP1PP/R3KBNR w KQkq - 1 6,g2g4,38,-40,-78
r1bq1rk1/pppnppbp/3p1np1/8/3P1BP1/2N2P2/PPPQP2P/R3KBNR w KQ - 1 7,e2e4,32,27,-5
r1bq1rk1/pppn1pbp/3p1np1/4p3/3PPBP1/2N2P2/PPPQ3P/R3KBNR w KQ - 0 8,d4e5,55,59,4
r1bq1rk1/pp3p1p/2p2npQ/3pn3/4P1P1/2N2P2/PPP4P/2KR1BNR w - - 0 12,h2h4,100,24,-76
r2q1rk1/pp3p1p/2p2npQ/3pn3/4P1bP/2N2P2/PPP5/2KR1BNR w - - 0 13,f3g4,222,234,12
r4rk1/pp3p1p/2p3p1/3pn1q1/4P1nP/2N5/PPP5/2KR1BNR w - - 0 15,h4g5,-148,-134,-14
4r3/pp4kp/2p2pp1/4n1P1/8/8/PPP5/2K1R1NR w - - 0 22,g5f6,491,538,47
4r3/pp5R/2p2kp1/8/8/3n4/PPP5/2K1R1N1 w - - 1 24,c2d3,12,-4,-16
6R1/8/2p5/5k2/8/2KP2p1/PP6/6r1 w - - 4 32,a2a4,0,0,0
6R1/8/2p5/5k2/P7/2KP4/1P4p1/6r1 w - - 0 33,a4a5,0,-339,-339
8/8/2p5/P4k2/8/3P4/1P1K4/6r1 w - - 0 36,a5a6,-465,-516,51
6r1/8/P1p5/5k2/8/3P4/1P1K4/8 w - - 1 37,b2b4,-496,-502,6
8/8/r1p5/5k2/1P6/2KP4/8/8 w - - 0 39,d3d4,-518,-579,61
rnbqkbnr/pppppppp/8/8/8/8/PPPPPPPP/RNBQKBNR w KQkq - 0 1,e2e4,31,26,-5
rnbqkbnr/pp1ppppp/8/2p5/4P3/8/PPPP1PPP/RNBQKBNR w KQkq - 0 2,d2d4,23,23,0
r1bqkb1r/pp2pppp/2np1n2/8/4P3/2N1Q3/PPP2PPP/R1B1KBNR w KQkq - 0 6,f2f3,3,-39,-42
r1b2rk1/1pq2pbp/p2ppnp1/4n3/4P3/2N1QPB1/PPP3PP/2KR1BNR w - - 6 13,f3f4,-93,-106,13
r1b2rk1/5pbp/p3p1p1/1p6/2n1PP2/2N3B1/PPP1N1PP/2KR2R1 w - - 0 20,e4e5,151,63,-88
r2r2k1/5pbp/p3p1p1/1p2Pb2/2nR1P2/2N5/PPP1NBPP/2K3R1 w - - 7 24,g2g3,333,93,-240
r2r2k1/6bp/p3ppp1/1p2Pb2/2nR1P2/2N3P1/PPP1NB1P/2K3R1 w - - 0 25,e5f6,209,99,-110
3r2k1/7p/p3pbp1/1p3b2/2n2P2/2N3P1/PPP1NB1P/2K3R1 w - - 0 27,b2b3,10,-223,-233
rnbqkbnr/pppppppp/8/8/8/8/PPPPPPPP/RNBQKBNR w KQkq - 0 1,e2e4,32,24,-8
rnbqk1nr/ppp1bppp/3p4/4p3/2B1P3/5N2/PPPP1PPP/RNBQK2R w KQkq - 2 4,h2h3,34,13,-21
rnbqk2r/ppp1bppp/3p1n2/4p3/2B1P3/5N1P/PPPP1PP1/RNBQK2R w KQkq - 1 5,d2d3,13,17,4
r2qk2r/pppbbppp/2np1n2/4p3/2B1P3/3P1N1P/PPP2PP1/RNBQ1RK1 w kq - 3 7,c2c3,38,3,-35
r2q1rk1/p1p2ppp/2p2b2/8/4p3/1QPP3P/PP3PP1/RN2R1K1 w - - 0 15,d3e4,223,188,-35
1r1q1rk1/p1p2ppp/5b2/2p5/4P3/2P4P/PPQ2PP1/RN2R1K1 w - - 0 17,e4e5,259,255,-4
1r3rk1/p3bppp/1qp5/2p1P3/4N3/2P4P/PPQ2PP1/R3R1K1 w - - 2 20,b2b3,247,246,-1
rnbqkbnr/pppppppp/8/8/8/8/PPPPPPPP/RNBQKBNR w KQkq - 0 1,e2e3,28,5,-23
rnbqkbnr/ppp1pppp/8/3p4/8/4P3/PPPP1PPP/RNBQKBNR w KQkq - 0 2,d2d3,8,-50,-58
rnbqkbnr/pp2pppp/2p5/3p4/8/3PP3/PPP2PPP/RNBQKBNR w KQkq - 0 3,c2c3,-8,-75,67
rnbqkbnr/pp2pp1p/2p3p1/3p4/8/2PPP3/PP3PPP/RNBQKBNR w KQkq - 0 4,b2b4,-24,-40,16
rnbqk1nr/pp2ppbp/2p3p1/3p4/1P6/2PPP3/P4PPP/RNBQKBNR w KQkq - 1 5,g2g3,-40,-128,88
rnbqk1nr/1p2ppbp/2p3p1/p2p4/1P6/2PPP1P1/P4P1P/RNBQKBNR w KQkq - 0 6,a2a3,-135,-232,97
rnbqk1nr/1p2ppbp/2p3p1/3p4/1p6/P1PPP1P1/5P1P/RNBQKBNR w KQkq - 0 7,c3b4,-231,-567,336
rnbq1rk1/1p2ppbp/2p2np1/2Np4/1P6/P2PP1P1/5P1P/2BQKBNR w K - 6 11,h2h4,-669,-699,30
rnb2rk1/4ppb1/1p1q1np1/2pp3p/1P5P/PN1PPNP1/4BP2/2BQK2R w K - 0 15,b4b5,-614,-638,24
rnb2rk1/5pb1/1p1q1np1/1Pppp2p/7P/PN1PPNP1/4BP2/2BQK2R w K - 0 16,d3d4,-607,-662,55
rnb2rk1/3n1pb1/1p1q2p1/1P1pN2p/2pPp2P/P3P1P1/3NBP2/2BQK2R w K - 2 19,g3g4,-622,-481,-141
rnb2rk1/5pb1/1p1q2p1/1P1pn2p/2pPp1PP/P3P3/3NBP2/2BQK2R w K - 0 20,d4e5,-479,-470,-9
rnb2rk1/5pb1/1p4p1/1P1pq2p/2p1p1PP/P3P3/3NBP2/2BQK2R w K - 0 21,g4h5,-476,-483,7
r1b2rk1/5pb1/1p6/1P1p3q/3Np2P/P1pnP3/4KP2/2BQ2R1 w - - 0 27,f2f3,-695,-745,50
rnbqkbnr/pppppppp/8/8/8/8/PPPPPPPP/RNBQKBNR w KQkq - 0 1,e2e4,33,29,-4
rnbqk2r/ppp1bpp1/3p1n1p/4p3/2B1P3/5N2/PPPP1PPP/RNBQR1K1 w kq - 4 6,c2c3,60,49,-11
rnbq1rk1/ppp1bpp1/3p1n1p/4p3/2B1P3/2P2N2/PP1P1PPP/RNBQR1K1 w - - 1 7,d2d4,36,39,3
rnbq1r1k/ppp1bpp1/3p1n1p/4p3/2BPP3/2P2N2/PP3PPP/RNBQR1K1 w - - 1 8,h2h3,231,80,-151
r1bq1r1k/pppn1ppn/3p1b1p/4p3/3PP3/2PB1N1P/PPQ2PP1/RNB1R1K1 w - - 5 11,b2b4,87,83,-4
r1bq1r1k/ppp2ppn/1n1p1b1p/4p3/1P1PP3/2PB1N1P/P1Q2PP1/RNB1R1K1 w - - 1 12,a2a4,99,100,1
r2q1r1k/pppb1ppn/1n1p1b1p/4p3/PP1PP3/2PB1N1P/2Q2PP1/RNB1R1K1 w - - 1 13,a4a5,142,139,-3
r1n1qr1k/1ppb1pp1/p2p1b1p/P3p3/1P1PP3/B1PB1N1P/2Q2PP1/3RR1K1 w - - 6 20,d4e5,124,64,-60
r1n1qr1k/1ppb1pp1/p4b1p/P3p3/1P2P3/B1PB1N1P/2Q2PP1/3RR1K1 w - - 0 21,b4b5,62,48,-14
r1n1q1rk/1ppb1pp1/p4b1p/PP2p3/4P3/B1PB1N1P/2Q2PP1/3RR1K1 w - - 1 22,b5a6,65,75,10
3q2rk/5pp1/p4b1p/Pb1Bp3/4P3/2P2N1P/2Q2PP1/4R1K1 w - - 0 28,c3c4,310,293,-17
rnbqkbnr/pppppppp/8/8/8/8/PPPPPPPP/RNBQKBNR w KQkq - 0 1,e2e4,23,25,2
rnbqkbnr/pp1p1ppp/4p3/2p5/4P3/5N2/PPPP1PPP/RNBQKB1R w KQkq - 0 3,d2d4,36,37,1
rnbqkbnr/pp3ppp/3pp3/2p5/3PP3/5N2/PPP2PPP/RNBQKB1R w KQkq - 0 4,d4d5,132,83,-49
rnb1kb1r/pp4pp/3p4/q1pN1p2/4n3/8/PPPNQPPP/R1B1KB1R w KQkq - 2 9,f2f3,404,432,28
r1b1kb1r/pp4pp/2np4/q1pN1p2/4n3/5P2/PPPNQ1PP/R1B1KB1R w KQkq - 1 10,f3e4,424,467,43
1k1r1b1r/pp4pp/3pb3/q1pN4/4Q3/1n1B4/PPP3PP/R1B2RK1 w - - 0 16,c2b3,438,447,9
4r2r/pk1b2b1/7p/qpBN2p1/8/1P1B4/PPQ3PP/R4RK1 w - - 2 24,b3b4,745,690,-55
8/4B3/p7/1p4Kp/1P6/2k3p1/P5PP/8 w - - 0 42,h2h4,635,641,6
8/4B3/p5K1/1p6/1P5P/6p1/P4kP1/8 w - - 3 45,h4h5,687,744,57
8/4B3/p5K1/1p5P/1P6/6p1/P5k1/8 w - - 0 46,h5h6,763,802,39
8/4B3/p5KP/1p6/1P6/6p1/P4k2/8 w - - 1 47,h6h7,821,852,31
8/4B2P/p5K1/1p6/1P6/8/P4kp1/8 w - - 0 48,h7h8q,872,409,-463
rnbqkbnr/pppppppp/8/8/8/8/PPPPPPPP/RNBQKBNR w KQkq - 0 1,e2e4,26,25,-1
rnbqkbnr/p2ppppp/1p6/2p5/2B1P3/8/PPPP1PPP/RNBQK1NR w KQkq - 0 3,d2d4,36,35,-1
r6b/pbkp3p/1p4pB/n3p3/8/3n4/PPP2PPP/R4RK1 w - - 0 19,c2d3,-403,-422,19
r6b/pbk4p/1pnp2pB/4p3/8/3P4/PP3PPP/2R2RK1 w - - 2 21,b2b4,-291,-420,129
r6b/pb1k3p/1pnp2pB/4p3/1P6/3P4/P4PPP/2R2RK1 w - - 1 22,a2a3,-436,-466,30
r6b/p2k3p/1pnp2pB/1b2p3/1P6/P2P4/5PPP/2RR2K1 w - - 3 24,f2f4,-437,-455,18
r6b/p2k3p/1p1p2pB/4p3/1P1n1P2/P2b4/6PP/2R1R1K1 w - - 0 26,f4e5,-481,-489,8
rnbqkbnr/pppppppp/8/8/8/8/PPPPPPPP/RNBQKBNR w KQkq - 0 1,e2e4,27,23,-4
rnbqkbnr/ppp1pppp/8/3p4/4P3/8/PPPP1PPP/RNBQKBNR w KQkq - 0 2,e4d5,56,67,11
rn2k1nr/ppp2ppp/4p3/2b2q2/8/2N2N2/PPPP1PPP/R1BQ1RK1 w kq - 2 9,d2d4,113,113,0
rn2k1nr/ppp2ppp/1b2p3/5q2/3P4/2N2N2/PPP2PPP/R1BQ1RK1 w kq - 1 10,h2h3,129,84,-45
2k4r/ppp2ppp/4p3/r4q2/8/4Q2P/PPP2PP1/2R1R1K1 w - - 2 20,a2a3,-106,-123,17
2k4r/ppp2ppp/4p3/1r3q2/8/P3Q2P/1PP2PP1/2R1R1K1 w - - 1 21,b2b4,44,56,12
2k4r/1pp2ppp/p3p3/1r3q2/1P6/P3Q2P/2P2PP1/2R1R1K1 w - - 0 22,c2c4,263,180,-83
2k4r/1pp2ppp/pr2p3/5q2/1PP5/P3Q2P/5PP1/2R1R1K1 w - - 1 23,c4c5,176,181,5
2k1r3/2p3Rp/p1r1p3/2p3Q1/1P6/P6P/2q2PP1/4R1K1 w - - 0 29,b4c5,244,259,15
rnbqkbnr/pppppppp/8/8/8/8/PPPPPPPP/RNBQKBNR w KQkq - 0 1,f2f4,21,-22,-43
r1bqkbnr/ppp1pppp/2n5/3p4/5P2/5N2/PPPPP1PP/RNBQKB1R w KQkq - 2 3,b2b3,18,-67,-85
r1b1kbnr/ppp1pppp/2nq4/3p4/5P2/1P3N2/P1PPP1PP/RNBQKB1R w KQkq - 1 4,e2e3,20,20,0
r1b1kbnr/ppp2ppp/2nq4/3pp3/5P2/1P2PN2/P1PP2PP/RNBQKB1R w KQkq - 0 5,f4e5,23,23,0
2kr1bnr/ppp2ppp/3qb3/3p4/8/1PN1PQ2/PBPP2PP/R3KB1R w KQ - 3 9,a2a4,90,1,-89
2kr1bnr/ppp2ppp/3qb3/8/P2p4/1PN1PQ2/1BPP2PP/R3KB1R w KQ - 0 10,e3d4,129,-63,-192
1kr5/1pp2Q2/p7/3Nq3/P7/1P1B4/2Pb2PP/1K6 w - - 0 28,h2h4,-205,-307,102
1kr5/1pp2Q2/p7/3N4/P6P/1P1B4/K1Pb2P1/7q w - - 5 31,h4h5,297,-9,-306
7Q/kpp5/p7/3N3P/P1B5/1P6/K1P3q1/2b5 w - - 1 35,h5h6,494,140,-354
rnbqkbnr/pppppppp/8/8/8/8/PPPPPPPP/RNBQKBNR w KQkq - 0 1,e2e4,23,23,0
rnbqkbnr/pp1p1ppp/4p3/2p5/2B1P3/8/PPPP1PPP/RNBQK1NR w KQkq - 0 3,d2d3,-7,-22,15
rnbqkbnr/pp3ppp/4p3/2pp4/2B1P3/3P4/PPP2PPP/RNBQK1NR w KQkq - 0 4,e4d5,-28,-33,5
r3r1k1/pp3ppp/1n1q4/2p5/3p4/3P1N2/PPPQ1PPP/2K1R2R w - - 0 17,a2a3,-8,-16,8
r3r1k1/pp3ppp/3q4/2pn4/3p4/P2P1N2/1PPQ1PPP/2K1R2R w - - 1 18,h2h4,-2,-26,24
4r1k1/p4ppp/3q4/1p1n2N1/2pp3P/P2P4/1PPQ1PP1/2K4R w - - 0 21,d3c4,42,27,-15
4r1k1/p4ppp/8/6N1/2p2n1P/P7/1PP2PP1/2K4R w - - 0 24,g2g3,179,185,6
rnbqkbnr/pppppppp/8/8/8/8/PPPPPPPP/RNBQKBNR w KQkq - 0 1,e2e4,26,31,5
r1bqk1nr/pppp1ppp/8/4n3/4P3/2N5/PPPP1KPP/R1BQ1B1R w kq - 0 6,d2d4,114,97,-17
r1bq1rk1/p3nppp/2p3n1/3p4/1p1PP3/3BB3/PPP1N1PP/R2Q1RK1 w - - 0 13,e4e5,137,130,-7
r4rk1/2q1nppp/2p3n1/3pP1B1/pp1P4/3B4/PPP1Q1PP/1R3RK1 w - - 0 18,c2c3,146,117,-29
r4rk1/2q1nppp/2p3n1/3pP1B1/p2P4/1pPB4/PP2Q1PP/1R3RK1 w - - 0 19,a2a3,235,177,-58
r4r2/4n1k1/2p4p/3pP1p1/p2P1p2/PpPB4/1P3RPP/5RK1 w - - 0 27,g2g3,58,112,54
rnbqkbnr/pppppppp/8/8/8/8/PPPPPPPP/RNBQKBNR w KQkq - 0 1,g2g3,25,14,-11
rnbqkbnr/pp2pppp/2p5/3p4/8/6P1/PPPPPPBP/RNBQK1NR w KQkq - 0 3,b2b3,21,-30,-51
rnbqkb1r/pp3p1p/2p2pp1/3p4/8/1P4P1/P1PPPPBP/RN1QK1NR w KQkq - 0 6,c2c3,-40,-73,33
rn1qkb1r/pp3p1p/2p1bpp1/3p4/8/1PP3P1/P2PPPBP/RN1QK1NR w KQkq - 1 7,d2d4,-48,-51,3
r2qkb1r/pp1n1p1p/2p1bpp1/3p4/3P4/1PP3P1/P3PPBP/RN1QK1NR w KQkq - 1 8,e2e3,-64,-60,-4
r3kb1r/pp1n1p1p/2p1bpp1/q2p4/3P4/1PP1P1P1/P4PBP/RN1QK1NR w KQkq - 1 9,h2h3,-35,-58,23
2r1k2r/pp1n1p1p/3bbpp1/q1pp4/3P4/1PP1P1PP/P3NPB1/RN1Q1RK1 w k - 2 12,a2a3,98,-16,-114
2r2r2/ppqn1pkp/3bbpp1/2pp4/3P4/PPP1P1PP/3NNPBK/R2Q1R2 w - - 5 15,b3b4,158,-33,-191
2r2r2/ppqn1pkp/3bbpp1/3p4/1p1P4/P1P1P1PP/3NNPBK/R2Q1R2 w - - 0 16,c3b4,-22,-74,52
1qr2r2/pp1n1pk1/3bbpp1/3p4/1P1P1N2/PN2P1pP/5PBK/2RQ1R2 w - - 0 20,f2g3,-150,-151,1
1qr2r2/pp1n1pk1/4bpp1/3p4/1P1P1b2/PN2P1PP/6BK/2RQ1R2 w - - 0 21,g3f4,-60,-187,127
5r2/p2q1pk1/4bpp1/2rp4/1PnP1P2/PQ2P2P/6BK/2R2R2 w - - 0 26,b4c5,88,17,-71
7r/p4pk1/5pp1/2P5/q2PpP2/P3P1RP/5Q1K/8 w - - 0 33,f4f5,40,5,-35
1q6/5pk1/5p2/p1P2PpQ/3Pp3/4P2P/1r4R1/6K1 w - - 0 43,h3h4,-57,-309,252
3q4/5pk1/5p2/p1P2PpQ/3Pp2P/4P3/6K1/8 w - - 1 45,h4g5,64,50,-14
8/4qpk1/8/p1P2Pp1/3Pp1Q1/4P3/6K1/8 w - - 2 47,f5f6,127,0,-127
8/4qp2/5k2/p1P3p1/3Pp1Q1/4P3/6K1/8 w - - 0 48,c5c6,0,0,0
8/4qp2/2P2k2/6p1/p2Pp1Q1/4P3/6K1/8 w - - 0 49,c6c7,13,-298,-311
rnbqkbnr/pppppppp/8/8/8/8/PPPPPPPP/RNBQKBNR w KQkq - 0 1,e2e3,26,19,-7
rnbqkbnr/pppp1ppp/8/4p3/8/4P3/PPPP1PPP/RNBQKBNR w KQkq - 0 2,e3e4,17,-35,-52
r1bqkbnr/pppp1ppp/2n5/4p3/4P3/8/PPPP1PPP/RNBQKBNR w KQkq - 1 3,d2d3,-16,-42,26
r1bqk2r/ppp2ppp/2np1n2/2b1p1B1/4P3/2NP4/PPP2PPP/R2QKBNR w KQkq - 0 6,a2a3,33,-64,-97
r1bq1rk1/ppp2ppp/2np1n2/2b1p1B1/4P3/P1NP4/1PP2PPP/R2QKBNR w KQ - 1 7,h2h4,-52,-112,60
r2q1rk1/ppp2ppp/2np1n2/4p1B1/3bP1bP/P1NP4/1PP1NPP1/R2QKB1R w KQ - 3 9,f2f3,145,-40,-185
r2q1rk1/pppb1pp1/2np1n2/3Np1p1/3bP2P/P2P1P2/1PPQN1P1/R3KB1R w KQ - 0 12,h4g5,-290,-286,-4
r2q1rk1/pppb1pp1/2np4/3np1P1/3bP3/P2P1P2/1PPQN1P1/R3KB1R w KQ - 0 13,e4d5,-290,-297,7
r2q1rk1/pppbnpp1/3p4/3Pp1P1/3b4/P2P1P2/1PPQN1P1/R3KB1R w KQ - 1 14,g5g6,-290,-395,105
r2q1rk1/pppb1pp1/3p2n1/3P4/3bp3/P2P1PN1/1PPQ2P1/R3KB1R w KQ - 0 16,f3e4,-414,-527,113
rnbqkbnr/pppppppp/8/8/8/8/PPPPPPPP/RNBQKBNR w KQkq - 0 1,e2e4,24,24,0
rnbqkbnr/pppp1ppp/8/4p3/4P3/8/PPPP1PPP/RNBQKBNR w KQkq - 0 2,d2d3,25,0,-25
rnbqkb1r/ppp3pp/3p1n2/4ppB1/4P3/3P1N2/PPP2PPP/RN1QKB1R w KQkq - 2 5,e4f5,44,28,-16
rn1qkb1r/pp4pp/2pp1n2/4pbB1/8/2NP1N2/PPP2PPP/R2QKB1R w KQkq - 0 7,h2h3,38,-30,-68
r2q1rk1/pp1nb1pp/2ppb3/4p1B1/6nN/2NP3P/PPP2PP1/R2Q1RK1 w - - 0 12,h3g4,-566,-668,102
r2q1rk1/pp1n2pp/2pp4/4p1b1/4N3/3P1b2/PPP2PP1/R2Q1RK1 w - - 0 15,g2f3,-744,-641,-103
r4rk1/pp1n2pp/2pN4/4p3/5b1q/3P1P2/PPP2P2/R2Q1RK1 w - - 1 17,d3d4,-691,-10000,9309
rnbqkbnr/pppppppp/8/8/8/8/PPPPPPPP/RNBQKBNR w KQkq - 0 1,e2e4,31,27,-4
rnbqkbnr/pppp1ppp/8/4p3/4P3/8/PPPP1PPP/RNBQKBNR w KQkq - 0 2,c2c4,26,-42,-68
r2q1rk1/pp2bppp/3p1n2/2pNp3/2PnP1b1/3BRN2/PP1P1PPP/R1BQ2K1 w - - 6 10,h2h3,-101,-220,119
r2q1rk1/pp2bppp/3p1n2/2pNp3/2PnP3/3BRb1P/PP1P1PP1/R1BQ2K1 w - - 0 11,g2f3,-209,-340,131
r2q1rk1/pp2bppp/3p4/2pnp3/2PnP3/3BRP1P/PP1P1P2/R1BQ2K1 w - - 0 12,e4d5,-371,-365,-6
r2q1rk1/pp4pp/3p4/2pPp3/2PnRp1b/5P1P/PP1P1P2/R1BQ1BK1 w - - 2 15,d2d3,-324,-363,39
r5k1/pp4pp/3p1r2/2pPp1q1/2PnRp1b/3P1P1P/PP3PB1/R1BQ2K1 w - - 3 17,a2a3,-376,-417,41
r5k1/pp4pp/3p2r1/2pPp1q1/2PnRp1b/P2P3P/1P3PB1/R1B2Q1K w - - 2 20,b2b4,-351,-427,76
r5k1/p5pp/1p1p2r1/2pPp1q1/1PPnRp1b/P2P3P/5PB1/R1B2Q1K w - - 0 21,b4c5,-337,-369,32
6k1/p3q1pp/3p1b2/3Pp3/2Pp2R1/Pr1P3P/5P1K/6R1 w - - 6 30,h3h4,-680,-701,21
6k1/p3q1pp/3p1b2/3Pp3/2Pp2RP/P2r4/5P1K/6R1 w - - 0 31,h4h5,-625,-794,169
6k1/p3q1p1/3p1b1p/3Pp2P/2Pp2R1/P2r4/5P1K/6R1 w - - 0 32,a3a4,-610,-631,21
1R6/p3q1pk/3p1b1p/3Pp2P/P1rp2R1/8/5P1K/8 w - - 2 35,f2f4,-703,-826,123
1R6/p3q1pk/3p1b1p/3Pp2P/r2p1PR1/8/7K/8 w - - 0 36,f4f5,-720,-832,112
R7/4q2k/3p1b1p/p1r1pPpP/3p4/8/1R5K/8 w - g6 0 41,h5g6,-348,-504,156
5RR1/4q3/3p2Pp/p3pPk1/3p3b/8/2r5/6K1 w - - 9 46,f5f6,-550,-10000,9450
6R1/8/3p1kPp/p3p3/3p3b/8/2r5/6K1 w - - 0 48,g6g7,-704,-751,47
rnbqkbnr/pppppppp/8/8/8/8/PPPPPPPP/RNBQKBNR w KQkq - 0 1,e2e4,31,32,1
rnbqkbnr/ppp1pppp/8/3p4/4P3/8/PPPP1PPP/RNBQKBNR w KQkq - 0 2,e4d5,65,69,4
rnb1kbnr/ppp1pp1p/4q3/6p1/8/2N5/PPPPQPPP/R1B1KBNR w KQkq - 0 5,b2b3,167,91,-76
rn3rk1/ppp1ppb1/4bn1p/6p1/N7/1P6/PBPP1PPP/R3KBNR w KQ - 0 10,g2g3,1,-59,-60
r4rk1/pp2pp2/n1p1bb1p/6p1/N7/1P4P1/P1PP1PBP/R3K1NR w KQ - 0 13,c2c3,-95,-135,40
1N4k1/p4p2/5b1p/4pbp1/8/1PPr2P1/P2PKP1P/R5R1 w - - 5 26,g3g4,355,356,1
1N4k1/p4p2/5b1p/4p1p1/4b1P1/1PPr4/P2PKP1P/R5R1 w - - 1 27,f2f3,366,356,-10
6k1/p4p2/5bbp/6p1/3N2P1/1PPrpP2/P2PK2P/R5R1 w - - 0 30,d2e3,510,534,24
rnbqkbnr/pppppppp/8/8/8/8/PPPPPPPP/RNBQKBNR w KQkq - 0 1,d2d4,32,21,-11
rnbqkbnr/p1pppppp/8/1p6/3P4/8/PPP1PPPP/RNBQKBNR w KQkq - 0 2,c2c4,129,25,-104
rnbqkbnr/p1pppppp/8/8/2pP4/8/PP2PPPP/RNBQKBNR w KQkq - 0 3,e2e4,16,14,-2
rn1qk2r/pbpp1ppp/4pn2/8/1b1PP3/2NB4/PP3PPP/R1BQK1NR w KQkq - 3 7,e4e5,41,-163,-204
rn1qk2r/pbpp1ppp/4p3/4P3/1b1P4/2nB4/PP1B1PPP/R2QK1NR w KQkq - 0 9,b2c3,32,49,17
1r2k2r/p1pp1ppp/B1n1p3/4Pb2/3P1N2/4K3/P2B1P2/R7 w k - 7 20,a2a3,-454,-554,100
5rk1/p2p1p1p/4pBb1/2p1P3/8/Pn1r4/2K2P2/6R1 w - - 2 30,f2f4,-751,-849,98
5rk1/p2p1p1p/4pBb1/4P3/2p2P2/Pn1r4/2K5/6R1 w - - 0 31,a3a4,-810,-10000,9190
5rk1/p2p1p1p/4pBb1/4P3/P1p2P2/1n6/1K6/6r1 w - - 0 33,f4f5,-997,-1054,57
rnbqkbnr/pppppppp/8/8/8/8/PPPPPPPP/RNBQKBNR w KQkq - 0 1,e2e4,32,28,-4
rnbqkbnr/pppp1ppp/8/4p3/4P3/8/PPPP1PPP/RNBQKBNR w KQkq - 0 2,d2d4,29,-8,-37
rnb1kbnr/pppp1ppp/8/4p3/3PP2q/8/PPP2PPP/RNBQKBNR w KQkq - 1 3,d4e5,112,23,-89
r1b1k1nr/pppp1ppp/2n5/4P3/1b2q3/4B3/PPPN1PPP/R2QKBNR w KQkq - 4 6,c2c3,397,400,3
r1b1k1nr/pppp1ppp/2n5/4q3/1b6/2P1B3/PP1N1PPP/R2QKBNR w KQkq - 0 7,c3b4,411,431,20
r1b1k2r/ppp1nppp/4q3/3p4/1n6/1B2BN2/PP1N1PPP/R2QK2R w KQkq - 2 11,a2a3,444,299,-145
rnbqkbnr/pppppppp/8/8/8/8/PPPPPPPP/RNBQKBNR w KQkq - 0 1,e2e3,29,14,-15
r1bqkb1r/pppn1ppp/4pn2/3p4/3Q4/4P3/PPPP1PPP/RNB1KBNR w KQkq - 0 5,g2g3,-166,-228,62
r1bqk2r/pppn1ppp/3bpn2/3p4/3Q4/4P1P1/PPPP1P1P/RNB1KBNR w KQkq - 1 6,b2b3,-222,-550,328
r1bqr1k1/pppn1ppp/3bpn2/3p4/3Q4/1P2P1P1/PBPP1P1P/RN2KBNR w KQ - 3 8,h2h3,-240,-437,197
r1bqr1k1/pp1n1ppp/2pbpn2/3p4/3Q4/1P2P1PP/PBPP1P2/RN2KBNR w KQ - 0 9,g3g4,-257,-449,192
r1bqr1k1/pp1n1pp1/2pb1n1p/3pp3/6P1/1P1QP2P/PBPP1P2/RN2KBNR w KQ - 0 11,g4g5,-261,-365,104
r1bqr3/pp3ppk/2pb4/3p4/4p3/1P2Pn1P/PBPPQP2/RN1K1B1R w - - 0 17,d2d3,-189,-202,13
r2qr3/pp3p1k/2pb2p1/3p1b2/4p3/1P1PPn1P/PBP1QPB1/RN1K3R w - - 0 19,d3e4,80,-200,-280
r2qr3/pp3p1k/2p3p1/5b2/3b4/1P2PQ1P/P1P2P2/RN1K3R w - - 0 23,e3d4,-629,-693,64
rnbqkbnr/pppppppp/8/8/8/8/PPPPPPPP/RNBQKBNR w KQkq - 0 1,f2f4,28,-28,-56
rnbqkbnr/ppp1pppp/8/3p4/5P2/8/PPPPP1PP/RNBQKBNR w KQkq - 0 2,e2e3,-20,-19,-1
rnbqkb1r/ppp2ppp/4pn2/3p4/5P2/4PN2/PPPP2PP/RNBQKB1R w KQkq - 2 4,d2d4,-7,-22,15
r1bqk2r/ppp2ppp/2nbpn2/3p4/3P1P2/4PN2/PPPN2PP/R1BQKB1R w KQkq - 3 6,c2c3,11,5,-6
r1bq1rk1/1pp2pp1/p1n1pn1p/3pb3/3P1P2/2PBP3/PP1N2PP/R1BQ1RK1 w - - 0 10,f4e5,182,182,0
r1bq1rk1/2p2pp1/p1n1p2p/1p1pP3/3P2Q1/2PBP3/PP1N2PP/R1B2RK1 w - - 0 12,e3e4,697,686,-11
rnbqkbnr/pppppppp/8/8/8/8/PPPPPPPP/RNBQKBNR w KQkq - 0 1,e2e4,29,27,-2
r1bqkbnr/pppp1pp1/2n4p/4p3/2B1P3/5N2/PPPP1PPP/RNBQK2R w KQkq - 0 4,c2c3,61,31,-30
r1bqk1nr/pppp1pp1/2nb3p/4p3/2B1P3/2P2N2/PP1P1PPP/RNBQK2R w KQkq - 1 5,d2d4,104,109,5
r1bqk2r/pppp1pp1/2nb1n1p/4p3/2BPP3/2P2N2/PP3PPP/RNBQK2R w KQkq - 1 6,d4d5,106,-4,-110
r1bqk2r/pppp1pp1/3b1nnp/3Pp3/4P3/2PB1N2/PP3PPP/RNBQK2R w KQkq - 3 8,c3c4,23,-17,-40
r1bqk2r/ppb2pp1/3p1nnp/2pPp3/2P1P3/2NBBN2/PP3PPP/R2Q1RK1 w kq - 0 12,h2h3,68,62,-6
r1bqk2r/1pb2pp1/p2p1nnp/2pPp3/2P1P3/2NBBN1P/PP3PP1/R2Q1RK1 w kq - 0 13,a2a3,116,106,-10
r2qk2r/1pbb1pp1/p2p1nnp/2pPp3/2P1P3/P1NBBN1P/1P3PP1/R2Q1RK1 w kq - 1 14,b2b4,116,120,4
r2qk2r/2bb1ppn/pp1p2np/2pPp3/1PP1P3/P1NBBN1P/5PP1/1R1Q1RK1 w kq - 2 16,b4c5,105,96,-9
3q1rk1/r1b1n1pn/p2p3p/2pPp3/2P1Pp1N/P3B2P/2BQ1PP1/1R3RK1 w - - 2 25,f2f3,-270,-366,96
3q1rk1/r1bn2pn/p2p3p/2pPpN2/2P1P3/P2BQP1P/6P1/1R3RK1 w - - 5 29,f3f4,-305,-298,-7
1b6/4r1pk/p2p3p/2pP2nB/2n1PR2/P6P/6PK/8 w - - 0 38,h3h4,-549,-607,58
8/6pk/p2p3p/2nP4/7P/P1R5/6PK/8 w - - 1 47,g2g4,414,404,-10
8/6p1/p6p/8/4k1PP/P2p4/3K4/8 w - - 0 57,g4g5,-463,-507,44
8/6p1/p7/6p1/4k2P/P2p4/3K4/8 w - - 0 58,h4g5,-468,-493,25
8/8/p5p1/6P1/4k3/P2p4/3K4/8 w - - 0 59,a3a4,-432,-559,127
rnbqkbnr/pppppppp/8/8/8/8/PPPPPPPP/RNBQKBNR w KQkq - 0 1,e2e4,27,27,0
r1bqk1nr/pppp1ppp/2n5/2b1p3/2B1P3/5N2/PPPP1PPP/RNBQK2R w KQkq - 4 4,d2d3,20,16,-4
r1bqk2r/ppp2pp1/2np1n1p/2b1p3/2B1P3/2NP1N2/PPP2PPP/R1BQ1RK1 w kq - 0 7,h2h3,14,-68,-82
r1bqk2r/1pp2pp1/p2p1n1p/n1bNp3/2B1P3/3P1N1P/PPP2PP1/R1BQ1RK1 w kq - 2 9,a2a3,22,-122,-144
r3k2r/1pp2pp1/p2pq2p/n1b1p3/4P3/P2P1N1P/1PP2PP1/R1BQ1RK1 w kq - 0 12,b2b4,415,436,21
r3k2r/1pp2pp1/p1npq2p/2b1p3/1P2P3/P2P1N1P/2P2PP1/R1BQ1RK1 w kq - 1 13,b4c5,446,430,-16
r3k2r/1pp2pp1/p3q2p/2p1p3/3nP3/P2PBN1P/2P2PP1/R2Q1RK1 w kq - 2 15,c2c3,483,434,-49
r2r2k1/1pp2pp1/p3q2p/2B1p3/4P3/P1PP1Q1P/5PP1/R4RK1 w - - 1 18,d3d4,456,464,8
r2r2k1/2p2pp1/4q2p/p3p3/3PP3/P1P2Q1P/5PP1/R4RK1 w - - 0 21,d4d5,179,180,1
r2r2k1/2p2pp1/3q3p/p2Pp3/4P3/P1P2Q1P/5PP1/R4RK1 w - - 1 22,c3c4,209,196,-13
r2r2k1/2p2pp1/3q3p/p2Pp3/2P1P3/P3Q2P/5PP1/R4RK1 w - - 3 24,c4c5,328,275,-53
r2r2k1/2p2pp1/5q1p/p1PPp3/4P3/P3Q2P/5PP1/R4RK1 w - - 1 25,f2f4,312,141,-171
r2r2k1/2p2pp1/7p/p1PPq3/4PR2/P3Q2P/6PK/8 w - - 2 28,c5c6,-457,-623,166
r2r2k1/2p2p2/2P4p/p2P2p1/4Pq2/P5QP/6PK/8 w - - 0 30,e4e5,-798,-903,105
r5k1/2p2p2/2P4p/p2rP1p1/8/P5KP/6P1/8 w - - 0 32,e5e6,-886,-898,12
rnbqkbnr/pppppppp/8/8/8/8/PPPPPPPP/RNBQKBNR w KQkq - 0 1,e2e4,25,32,7
rnbqkbnr/ppp1pppp/8/3p4/4P3/8/PPPP1PPP/RNBQKBNR w KQkq - 0 2,e4d5,61,62,1
rn1qkb1r/ppp2ppp/4p3/3n4/6b1/2N2N2/PPPPBPPP/R1BQK2R w KQkq - 0 6,h2h3,22,25,3
rn1qkb1r/ppp2ppp/4p3/3n3b/8/2N2N1P/PPPPBPP1/R1BQK2R w KQkq - 1 7,d2d3,37,3,-34
rn1qk2r/ppp1bppp/4p3/7b/8/2NPnN1P/PPP1BPP1/R2QK2R w KQkq - 0 9,f2e3,-61,-52,-9
r2qkr2/pppn1pQp/4p3/7b/4N3/3PPN1P/P1P1B1P1/5K1R w q - 1 15,d3d4,-97,-314,217
rnbqkbnr/pppppppp/8/8/8/8/PPPPPPPP/RNBQKBNR w KQkq - 0 1,e2e4,25,28,3
rnbqkbnr/pp2pppp/2p5/3p4/2B1P3/8/PPPP1PPP/RNBQK1NR w KQkq - 0 3,e4d5,-29,-40,11
rnbqkb1r/pp2pppp/5n2/3p4/8/1B6/PPPP1PPP/RNBQK1NR w KQkq - 2 5,d2d3,-21,-72,51
r1bqkb1r/pp3ppp/2n1pn2/3p4/8/1B1P1N2/PPP2PPP/RNBQK2R w KQkq - 2 7,a2a3,-3,-28,25
r1bqk2r/pp2bppp/2n1pn2/3p4/8/PB1P1N2/1PP2PPP/RNBQK2R w KQkq - 1 8,h2h3,-6,-26,20
2r2rk1/pp1nbppp/2q1p3/n2p4/N7/P2P3P/BPP2PP1/R1BQ1RK1 w - - 2 15,c2c3,-29,-295,266
2r2rk1/p2nbppp/2q1p3/np1p4/N7/P1PP3P/BP3PP1/R1BQ1RK1 w - - 0 16,b2b4,-304,-295,-9
2r2rk1/p2nbppp/2q1p3/1pnp4/1P6/P1PP3P/B4PP1/R1BQ1RK1 w - - 0 18,b4c5,-323,-315,-8
2r2rk1/p3bppp/4p3/1pqpn3/8/P1PP3P/B2B1PP1/R2Q1RK1 w - - 2 20,d3d4,324,286,-38
2r2rk1/p3bppp/4p3/1p1pn3/3P4/q1P4P/B2B1PP1/R2Q1RK1 w - - 0 21,d4e5,307,283,-24
8/8/6kp/5pp1/8/5K1P/6P1/8 w - - 2 41,g2g3,-280,-362,82
8/8/6k1/5ppp/8/5KPP/8/8 w - - 0 42,g3g4,-610,-706,96
8/8/6k1/5pp1/6Pp/5K1P/8/8 w - - 0 43,g4f5,-15,-4,-11
rnbqkbnr/pppppppp/8/8/8/8/PPPPPPPP/RNBQKBNR w KQkq - 0 1,d2d4,24,22,-2
rnbqkb1r/pppppppp/5n2/8/3P4/8/PPP1PPPP/RNBQKBNR w KQkq - 1 2,c2c4,23,23,0
rnbqkb1r/pppp1ppp/5n2/4p3/2PP4/8/PP2PPPP/RNBQKBNR w KQkq - 0 3,d4e5,78,65,-13
rnbqkb1r/pppp1ppp/8/4P3/2P3n1/8/PP2PPPP/RNBQKBNR w KQkq - 1 4,e2e3,63,60,-3
rnbqkb1r/ppp2ppp/3p4/4n3/2P5/2N1P3/PP3PPP/R1BQKBNR w KQkq - 0 6,b2b3,47,26,-21
r2q1rk1/p1p2ppp/1p1pbb2/8/1nP5/1PN1PQ2/PB3PPP/RB3RK1 w - - 0 14,a2a3,89,83,-6
3r1rk1/p1p2p2/1p4pp/4p1n1/2P5/PP2P3/2B2PPP/3R1RK1 w - - 2 27,f2f3,22,-11,-33
3r1r2/p1p2k2/1p4pp/4ppn1/2P5/PP2PP2/2B2KPP/3R1R2 w - - 2 29,h2h4,36,15,-21
3r1r2/p1p2k2/1p2n1pp/4pp2/2P4P/PP2PP2/2B2KP1/3R1R2 w - - 1 30,g2g3,20,-19,-39
3r1r2/p1p5/1p3kpp/2n1pp2/2P4P/PP2PPP1/2B1K3/3R1R2 w - - 3 32,b3b4,-4,-5,1
3r1r2/pnp5/1p3kpp/4pp2/1PP4P/P3PPP1/2B1K3/3R1R2 w - - 1 33,f3f4,3,-21,-24
3r1r2/pnp5/1p3kpp/5p2/1PP2p1P/P3P1P1/2B1K3/3R1R2 w - - 0 34,e3f4,0,-23,-23
3r4/p1p5/1p1n1kpp/5p2/1PP2P1P/P2B1KP1/8/3R4 w - - 3 38,g3g4,-6,-379,373
3r4/p1p5/1p3kpp/5p2/1Pn2PPP/P2B1K2/8/3R4 w - - 0 39,g4g5,-128,-182,54
3r4/p1p5/1p3kp1/5pp1/1Pn2P1P/P2B1K2/8/3R4 w - - 0 40,h4g5,-199,-228,29
8/p4k2/1pp3p1/5pP1/1PK2P2/P7/8/8 w - - 0 46,a3a4,-72,-430,358
8/5k2/ppp3p1/5pP1/PPK2P2/8/8/8 w - - 0 47,a4a5,0,0,0
8/5k2/p1p3p1/p4pP1/1PK2P2/8/8/8 w - - 0 48,b4a5,0,0,0
8/1K6/3k2p1/P4pP1/2p2P2/8/8/8 w - - 0 53,a5a6,226,246,20
8/1K6/P2k2p1/5pP1/5P2/2p5/8/8 w - - 0 54,a6a7,252,260,8
8/PK6/3k2p1/5pP1/5P2/8/2p5/8 w - - 0 55,a7a8q,283,272,-11
rnbqkbnr/pppppppp/8/8/8/8/PPPPPPPP/RNBQKBNR w KQkq - 0 1,e2e4,30,25,-5
rnbqkbnr/ppp2pp1/3p3p/4p3/2B1P3/5N2/PPPP1PPP/RNBQK2R w KQkq - 0 4,d2d3,77,21,-56
rnbqkb1r/ppp2pp1/3p1n1p/4p3/2B1P3/3P1N2/PPP2PPP/RNBQK2R w KQkq - 1 5,d3d4,18,-19,-37
r1bqkb1r/pppn1pp1/3p1n1p/4p3/2BPP3/5N2/PPP2PPP/RNBQK2R w KQkq - 1 6,d4e5,18,-17,-35
r1bqkb1r/pppn1pp1/5n1p/4p3/2B1P3/5N2/PPP2PPP/RNBQK2R w KQkq - 0 7,b2b3,-11,-28,17
r4rk1/pp3ppn/2pbq2p/4p3/4P3/1P6/PBPN1PPP/R2QR1K1 w - - 0 17,f2f3,12,-37,-49
3r2k1/5pp1/2pr2qp/4p3/2Q1Pn2/1P3P2/PBP3PP/R3R1K1 w - - 5 26,g2g3,-181,-493,312
3r2k1/5pp1/2pr3p/4p1nq/2Q1P3/1P3PP1/PBP3KP/R4R2 w - - 5 29,f3f4,-520,-10000,9480
3r2k1/5pp1/2pr3p/4p3/2n1PP2/1P4q1/PBP1K3/R6R w - - 0 36,f4e5,-10000,-10000,0
rnbqkbnr/pppppppp/8/8/8/8/PPPPPPPP/RNBQKBNR w KQkq - 0 1,e2e4,40,25,-15
r1bqkbnr/pppp1ppp/2n5/4p3/4P3/5N2/PPPP1PPP/RNBQKB1R w KQkq - 2 3,c2c3,23,-18,-41
r1bqkb1r/pppp1ppp/2n2n2/4p3/4P3/2P2N2/PP1P1PPP/RNBQKB1R w KQkq - 1 4,d2d3,-9,-31,22
r1bqk2r/pppp1ppp/2n2n2/2b1p3/4P3/2PP1N2/PP3PPP/RNBQKB1R w KQkq - 1 5,h2h3,6,-50,-56
r1bq1rk1/1ppp1ppp/p1n2n2/2b1p3/4P3/2PP1N1P/PP2BPP1/RNBQK2R w KQ - 0 7,b2b4,-5,0,5
r1bq1rk1/bppp1ppp/p1n2n2/4p3/1P2P3/2PP1N1P/P3BPP1/RNBQK2R w KQ - 1 8,a2a3,-1,-25,24
r2q1rk1/b1p2pp1/p1npbn1p/1p2p3/1P2P3/PNPP1N1P/1B2BPP1/R2QK2R w KQ - 2 12,c3c4,-65,-212,147
r2q1rk1/b1p2pp1/p1npbn1p/4p3/1Pp1P3/PN1P1N1P/1B2BPP1/R2QK2R w KQ - 0 13,d3c4,-218,-243,25
r2q1rk1/b1p2pp1/p1npb2p/4p3/1PP1n3/PN3N1P/1B2BPP1/R2QK2R w KQ - 0 14,c4c5,-234,-264,30
rnbqkbnr/pppppppp/8/8/8/8/PPPPPPPP/RNBQKBNR w KQkq - 0 1,e2e4,29,28,-1
rnbqkbnr/pppp1ppp/8/4p3/4P3/8/PPPP1PPP/RNBQKBNR w KQkq - 0 2,d2d3,27,-8,-35
r1bq1rk1/pppp1ppp/2n2n2/2b1p3/4P3/3P1N2/PPP1BPPP/RNBQ1RK1 w - - 7 6,h2h3,5,-20,-25
r2q1rk1/ppp2ppp/2npbn2/2b1p3/4P3/2NP1N1P/PPP1BPP1/R1BQ1RK1 w - - 2 8,a2a3,29,-41,-70
r2q1rk1/1pp2ppp/p1npbn2/2b1p3/4P3/P1NP1N1P/1PP1BPP1/R1BQ1RK1 w - - 0 9,b2b4,-29,-31,2
r2q1rk1/bpp2ppp/p1n1bn2/3pp3/1P2P3/P1NP1N1P/1BP1BPP1/R2Q1RK1 w - - 0 11,e4d5,50,48,-2
r4rk1/bpp2ppp/p3bq2/4p3/1P1n4/P2P1N1P/1BPQBPP1/R4RK1 w - - 2 15,c2c3,-5,-275,270
3r1rk1/bpp2ppp/p3bq2/4p3/1P6/P1PP1N1P/2Q1BPP1/B4RK1 w - - 1 18,d3d4,-300,-334,34
3r1rk1/bpp2ppp/p3bq2/8/1P1p4/P1P2N1P/2Q1BPP1/B4RK1 w - - 0 19,c3d4,-327,-324,-3
3r1rk1/bp3ppp/p4q2/2p5/1P1P4/P2Q1N1P/5PP1/B4RK1 w - - 0 22,d4c5,-286,-468,182
rnbqkbnr/pppppppp/8/8/8/8/PPPPPPPP/RNBQKBNR w KQkq - 0 1,e2e4,26,27,1
rn1qk1nr/pbppppb1/1p4pp/8/2B1P3/2N2N2/PPPP1PPP/R1BQ1RK1 w kq - 0 6,h2h3,87,74,-13
rn1qk1nr/pbpp1pb1/1p2p1pp/8/2B1P3/2N2N1P/PPPP1PP1/R1BQ1RK1 w kq - 0 7,d2d3,68,25,-43
r2q1r2/pb1nnpbk/1p1pp1pp/2p5/4P1N1/1B1PB2P/PPP1NPP1/R2Q1RK1 w - - 0 13,c2c3,-48,-98,50
r1bq1rn1/5pbk/pp1p1npp/2p1p3/4P3/1BPPB2P/PP1QNPPN/R4RK1 w - - 2 18,f2f4,54,77,23
r1bq1rn1/3n1pbk/pp1p2pp/2p1p3/4PP2/1BPPB2P/PP1QN1PN/R4RK1 w - - 1 19,f4f5,175,122,-53
r1b1q1r1/3n3k/pp1p1p1b/2p1pP1N/4P1p1/2PPB2P/PP4PN/R2Q1RK1 w - - 0 26,h3g4,396,-82,-478
r1b1q1r1/3n3k/pp1p1p2/2p1pP1N/4PbP1/2PP4/PP4PN/R2Q1R1K w - - 2 28,g2g3,114,-94,-208
r1b1q1r1/3n3k/pp1p1p2/2p1pPbN/4P1P1/2PP2P1/PP5N/R2Q1R1K w - - 1 29,a2a4,67,-83,-150
r1b1q2r/3n3k/pp1p1p2/2p1pPbN/P3P1P1/2PP2P1/1P5N/R2Q1R1K w - - 1 30,a4a5,-7,-156,149
r1b1q2r/3n3k/p2p1p2/Ppp1pPbN/4P1P1/2PP2P1/1P5N/R2Q1R1K w - - 0 31,b2b4,-140,-206,66
r1b1q1kr/3n4/p2p1p2/Ppp1pPbN/1P2P1P1/2PP2P1/7N/R2Q1R1K w - - 1 32,d3d4,-188,-339,151
r1b1q1kr/3n4/p2p1p2/Pp2pPbN/1PpPP1P1/2P3P1/7N/R2Q1R1K w - - 0 33,d4e5,-111,-322,211
rnbqkbnr/pppppppp/8/8/8/8/PPPPPPPP/RNBQKBNR w KQkq - 0 1,g2g3,29,11,-18
r1bqkb1r/ppp2ppp/2n2n2/3pp3/8/5NP1/PPPPPPBP/RNBQ1RK1 w kq - 0 5,e2e3,9,-144,-153
r2qkb1r/ppp2pp1/2n2n1p/3pp3/6b1/4PNP1/PPPP1PBP/RNBQR1K1 w kq - 2 7,h2h3,-136,-162,26
r2qkb1r/ppp2pp1/2n2n1p/3pp2b/8/4PNPP/PPPP1PB1/RNBQR1K1 w kq - 1 8,g3g4,-66,-98,32
r2qkb1r/ppp2pp1/2n4p/3pp2b/6n1/4PN1P/PPPP1PB1/RNBQR1K1 w kq - 0 9,h3g4,-96,-70,-26
r2qkb1r/ppp2pp1/2n4p/3pp3/6b1/4PN2/PPPP1PB1/RNBQR1K1 w kq - 0 10,d2d3,-94,-108,14
r3kb1r/ppp2pp1/2n2q1p/3pp3/6b1/3PPN2/PPP2PB1/RNBQR1K1 w kq - 1 11,e3e4,-74,-82,8
r3k2r/ppp2pp1/5q1p/2bpp3/3nP1b1/3P1N2/PPPN1PB1/R1BQR1K1 w kq - 3 13,c2c3,175,164,-11
r3k2r/ppp2pp1/4nq1p/2bpp3/4P1b1/2PP1N2/PP1N1PB1/R1BQR1K1 w kq - 1 14,e4d5,387,395,8
r3k2r/ppp2pp1/5q1p/2bPp3/5nb1/2PP1N2/PP1N1PB1/R1BQR1K1 w kq - 1 15,d3d4,402,239,-163
r3k2r/ppp2pp1/3b1q1p/3Pp3/3P1nb1/2P2N2/PP1N1PB1/R1BQR1K1 w kq - 1 16,d4e5,459,479,20
rnbqkbnr/pppppppp/8/8/8/8/PPPPPPPP/RNBQKBNR w KQkq - 0 1,e2e4,27,26,-1
rnbqkbnr/pppp1ppp/8/4p3/4P3/8/PPPP1PPP/RNBQKBNR w KQkq - 0 2,d2d4,29,-3,-32
rnbqkbnr/pppp1ppp/8/8/3pP3/8/PPP2PPP/RNBQKBNR w KQkq - 0 3,c2c3,-8,-66,58
r1bqkbnr/pppp1ppp/2n5/8/3pP3/2P5/PP3PPP/RNBQKBNR w KQkq - 1 4,c3d4,9,9,0
r1bqk1nr/ppp2ppp/2n5/3p4/3PP3/8/PP1Q1PPP/RN2KBNR w KQkq - 0 7,e4e5,2,11,9
r2qk2r/2pb1ppp/2n3n1/p1NpP3/1p1P4/1B6/PP1Q1PPP/R3K1NR w KQkq - 2 14,a2a3,273,190,-83
5rk1/2p2ppp/2n3n1/p1NqP3/1p1P4/P7/1P1QNP1P/2KR4 w - - 4 21,a3a4,-64,-214,150
8/8/8/p3k1K1/Pp6/8/1P3P1P/8 w - - 0 44,h2h4,510,572,62
8/8/4k3/p5K1/Pp5P/8/1P3P2/8 w - - 1 45,h4h5,608,737,129
8/5k2/8/p5KP/Pp6/8/1P3P2/8 w - - 1 46,h5h6,826,869,43
7k/8/6KP/p7/Pp6/8/1P3P2/8 w - - 3 48,f2f4,917,959,42
7k/8/6KP/p7/P4P2/1p6/1P6/8 w - - 0 49,f4f5,1138,1141,3
6k1/8/6KP/p4P2/P7/1p6/1P6/8 w - - 1 50,f5f6,1141,1140,-1
5k2/8/5PKP/p7/P7/1p6/1P6/8 w - - 1 51,f6f7,10000,10000,0
8/5PK1/4k2P/p7/P7/1p6/1P6/8 w - - 3 53,f7f8q,990,1182,192
8/6K1/7P/8/P7/8/1PQ5/5k2 w - - 3 59,b2b4,10000,1345,-8655
8/6K1/7P/8/PP6/8/2Q5/4k3 w - - 1 60,b4b5,10000,10000,0
8/6K1/7P/1P6/P7/8/2Q5/5k2 w - - 1 61,h6h7,10000,10000,0
8/6KP/8/1P6/P7/8/2Q5/6k1 w - - 1 62,h7h8q,10000,10000,0
rnbqkbnr/pppppppp/8/8/8/8/PPPPPPPP/RNBQKBNR w KQkq - 0 1,d2d4,26,24,-2
rnbqkb1r/pppppppp/5n2/8/3P4/8/PPP1PPPP/RNBQKBNR w KQkq - 1 2,c2c4,31,33,2
rnbqkb1r/ppp1pp1p/5np1/3p4/2PP4/2N5/PP2PPPP/R1BQKBNR w KQkq - 0 4,c4c5,30,-23,-53
rnbq1rk1/ppp1ppbp/5np1/2Pp4/3P4/2N2N2/PP2PPPP/R1BQKB1R w KQ - 3 6,e2e3,-19,-45,26
rn1qr1k1/pp2ppbp/2p2np1/2Pp4/B2P2b1/2N1PN2/PP3PPP/R1BQK2R w KQ - 2 9,h2h3,-79,-83,4
r2qr1k1/pp1nppbp/2p2np1/2Pp4/3P4/2N1PN1P/PPQ2PP1/R1B1K2R w KQ - 1 12,b2b4,-27,-22,-5
r2qr1k1/1p1n1pbp/p1p2np1/2Pp4/1P1Pp3/2N1P2P/P1Q2PPN/R1B2RK1 w - - 0 15,a2a4,14,6,-8
r3r1k1/1pqn1pbp/p1p3p1/2Pp3n/PP1Pp3/2N1P2P/1BQ2PPN/R4RK1 w - - 3 17,b4b5,-42,-41,-1
r3r1k1/1pqn1pbp/2p3p1/1pPp3n/P2Pp3/2N1P2P/1BQ2PPN/R4RK1 w - - 0 18,a4b5,20,18,-2
4r1k1/1pqn2bp/2p3p1/1PPp1p1n/3Pp3/2N1P2P/1BQ2PPN/R5K1 w - - 0 20,b5c6,99,36,-63
1n2r1k1/2q3bp/1Rp3p1/2Pp3n/3Ppp2/2N1P2P/1BQ2PPN/6K1 w - - 0 23,e3f4,62,-96,-158
1r4k1/3n3p/2p3p1/2Ppn3/4p3/2R4P/5PPN/3N2K1 w - - 4 31,f2f4,-393,-469,76
3r2k1/8/2R3pp/6n1/3ppK2/7P/6P1/3N4 w - - 0 43,h3h4,-234,-282,48
3r4/5nk1/8/7p/3pR2P/4pK2/6P1/3N4 w - - 0 48,g2g4,-45,-65,20
rnbqkbnr/pppppppp/8/8/8/8/PPPPPPPP/RNBQKBNR w KQkq - 0 1,e2e4,28,26,-2
rnbqkb1r/ppp2ppp/8/3p4/4n3/5N2/PPPPQPPP/RNB1KB1R w KQkq - 0 6,d2d3,288,304,16
rnbqk2r/ppp2ppp/8/3p4/1b2n3/3P1N2/PPP1QPPP/RNB1KB1R w KQkq - 1 7,c2c3,351,365,14
rnbqk2r/ppp2ppp/3b4/3p4/4n3/2PP1N2/PP2QPPP/RNB1KB1R w KQkq - 1 8,d3e4,408,415,7
rn1qk2r/ppp2ppp/3bb3/3p4/4P3/2P2N2/PP2QPPP/RNB1KB1R w KQkq - 1 9,e4d5,707,697,-10
rn1q1rk1/ppp2ppp/3bb3/3P4/8/2P2N2/PP2QPPP/RNB1KB1R w KQ - 1 10,d5e6,739,718,-21
rnbqkbnr/pppppppp/8/8/8/8/PPPPPPPP/RNBQKBNR w KQkq - 0 1,e2e4,30,29,-1
rnbqkbnr/pppp1ppp/8/4p3/4P3/8/PPPP1PPP/RNBQKBNR w KQkq - 0 2,f2f4,27,-55,-82
r1bqkbnr/pppp1ppp/2n5/8/2B1Pp2/8/PPPP2PP/RNBQK1NR w KQkq - 2 4,d2d4,-70,-59,-11
r3kb1r/pppq1ppp/2np1n2/8/2BPPBb1/2N2N2/PPP3PP/R2QK2R w KQkq - 5 8,d4d5,175,103,-72
r3kb1r/pp1q1ppp/2pp1n2/nB1P4/4PBb1/2N2N2/PPP3PP/R2QK2R w KQkq - 0 10,d5c6,250,111,-139
r4rk1/p2qbppp/2pp1n2/n7/B3PBb1/2N2N2/PPP3PP/R2Q1RK1 w - - 4 13,h2h3,94,77,-17
r4rk1/p2qbppp/2pp1n2/n7/B3PB2/2N2N1b/PPP3P1/R2Q1RK1 w - - 0 14,g2h3,227,209,-18
r4rk1/p3bppp/2np1n2/8/4PB2/2N2N1q/PPP5/R2Q1RK1 w - - 0 16,e4e5,-298,-484,186
rnbqkbnr/pppppppp/8/8/8/8/PPPPPPPP/RNBQKBNR w KQkq - 0 1,e2e4,28,23,-5
rnbqkbnr/pppp1ppp/4p3/8/4P3/8/PPPP1PPP/RNBQKBNR w KQkq - 0 2,d2d4,29,27,-2
rnbqkbnr/ppp2ppp/4p3/3p4/3PP3/8/PPP2PPP/RNBQKBNR w KQkq - 0 3,e4d5,29,8,-21
r2q1rk1/p2n1pp1/2p1bn1p/1p1p4/1b1P4/2NB2B1/PPPQNPPP/2K1R2R w - - 2 13,a2a3,4,-50,-54
r2q1rk1/p2n1pp1/2p1bn1p/b2p4/1p1P3B/P1NB1Q2/1PP1NPPP/2K1R2R w - - 0 17,a3b4,-225,-217,-8
r2q1rk1/3nbpp1/2p1bn1p/3p4/p2P3B/3B1Q2/NPP1NPPP/1K1R3R w - - 2 21,g2g4,-292,-306,14
r4rk1/3nbpp1/1qp1bn1p/3p4/p2P2PB/3B1Q2/NPP1NP1P/1K1R3R w - - 1 22,g4g5,-375,-502,127
r4rk1/3n1pp1/2p2n1p/3p2P1/p2P3B/2NB2Q1/1qPK1P1P/3b3R w - - 0 28,g5f6,557,666,109
rnbqkbnr/pppppppp/8/8/8/8/PPPPPPPP/RNBQKBNR w KQkq - 0 1,e2e4,29,33,4
r2qkb1r/pppb1ppp/2n2n2/1B2p3/4N3/5N2/PPPP1PPP/R1BQ1RK1 w kq - 6 7,d2d3,94,3,-91
r2qkb1r/pppb1ppp/2n5/1B2p3/4n3/3P1N2/PPP2PPP/R1BQ1RK1 w kq - 0 8,d3e4,1,7,6
8/p6p/2p1k3/1pb5/4P3/2B5/PPP2PPP/5K2 w - - 0 24,b2b3,533,518,-15
8/p6p/2p1k3/2b5/1p2P3/1P6/PBP1KPPP/8 w - - 4 27,f2f3,531,511,-20
8/p4k1p/2p5/2b5/1p2P3/1P3P2/PBP1K1PP/8 w - - 1 28,h2h3,530,536,6
8/p6p/2p5/2K5/1p2P3/1P3PkP/PBP3P1/8 w - - 1 32,e4e5,891,984,93
8/p6p/2p5/2K1P3/1p6/1P3P1P/PBP3k1/8 w - - 0 33,e5e6,989,1003,14
rnbqkbnr/pppppppp/8/8/8/8/PPPPPPPP/RNBQKBNR w KQkq - 0 1,e2e4,29,25,-4
rnbqkb1r/pppp1ppp/5n2/1B2p3/4P3/8/PPPP1PPP/RNBQK1NR w KQkq - 2 3,d2d3,-7,-22,15
r2qkb1r/2p2ppp/p1bp1n2/1p2p1B1/4P3/3P4/PPP2PPP/RN1QK1NR w KQkq - 0 9,f2f3,-40,-74,34
r4rk1/2p1bpp1/p2p1q1p/3bp3/1p2P3/3P1P2/PPPQN1PP/R3K2R w KQ - 0 15,e4d5,-119,-127,8
r4rk1/2p1bpp1/3p1q1p/p2Pp3/1p6/3P1P2/PPPQN1PP/R3K2R w KQ - 0 16,c2c3,-94,-128,34
rr4k1/2p1bpp1/3p1q1p/p2Pp3/1p6/2PP1P2/PP1QN1PP/R3K2R w KQ - 1 17,c3c4,-109,-133,24
rr4k1/4bpp1/3p1q1p/p1pPp3/1pP5/3P1P2/PP1QN1PP/R3K2R w KQ c6 0 18,b2b3,-129,-219,90
rr4k1/4bpp1/3p1q1p/2pPp3/ppP5/1P1P1P2/P2QN1PP/R3K2R w KQ - 0 19,b3a4,-178,-310,132
1r4k1/4bpp1/3p1q1p/2pPp3/r1P5/1p1P1P2/P2QN1PP/R4RK1 w - - 0 21,a2b3,-36,-23,-13
6k1/4bpp1/3p1q1p/2pP4/2P1p3/1r1P1P2/2Q1N1PP/R5K1 w - - 0 24,d3e4,187,-616,-803
6k1/4bpp1/3p3p/2pP4/2q1P3/5P2/5KPP/8 w - - 0 29,h2h3,-864,-885,21
6k1/4bpp1/3p3p/3P4/3qP1K1/2p2P1P/6P1/8 w - - 0 32,g2g3,-1002,-10000,8998
6k1/4bpp1/3p3p/3P4/3qP1K1/5PPP/2p5/8 w - - 0 33,f3f4,-10000,-10000,0
6k1/4bpp1/3p3p/3P4/3qPPK1/6PP/8/2q5 w - - 0 34,e4e5,-10000,-10000,0
6k1/5pp1/7p/3qp1b1/5PK1/6PP/8/2q5 w - - 2 37,f4e5,-10000,-10000,0
6k1/5pp1/8/4K2p/5b2/6PP/8/2q5 w - - 1 40,g3f4,-802,-827,25
6k1/6p1/5p2/7p/5K2/7P/8/8 w - - 0 42,h3h4,-604,-620,16
8/5k2/5p2/5Kpp/7P/8/8/8 w - - 2 44,h4g5,-541,-543,2
rnbqkbnr/pppppppp/8/8/8/8/PPPPPPPP/RNBQKBNR w KQkq - 0 1,d2d4,31,28,-3
rnbqkbnr/p1pppppp/8/1p6/3P4/8/PPP1PPPP/RNBQKBNR w KQkq - 0 2,e2e3,108,58,-50
r2qkbnr/pb1n1ppp/2p1p3/3p4/3P4/3BPN2/PPP2PPP/RNBQ1RK1 w kq - 0 7,c2c4,196,175,-21
r3k2r/pb1n1ppp/1qp1pn2/8/2BP4/2B1PN2/PP3PPP/R2Q1RK1 w kq - 1 12,a2a3,274,224,-50
rnbqkbnr/pppppppp/8/8/8/8/PPPPPPPP/RNBQKBNR w KQkq - 0 1,d2d4,35,34,-1
rnbqkb1r/ppp1pppp/5n2/3p4/3P4/5N2/PPP1PPPP/RNBQKB1R w KQkq - 2 3,e2e3,24,15,-9
rnbqkbnr/pppppppp/8/8/8/8/PPPPPPPP/RNBQKBNR w KQkq - 0 1,e2e4,31,28,-3
r1bqkbnr/pppn1ppp/3p4/4p3/2B1P3/5N2/PPPP1PPP/RNBQK2R w KQkq - 2 4,d2d3,52,35,-17
r1bqkbnr/pppn1pp1/3p3p/4p3/2B1P3/3P1N2/PPP2PPP/RNBQK2R w KQkq - 0 5,c2c3,38,24,-14
r1bqk2r/pppnbpp1/3p1n1p/4p3/2B1P3/2PP1N2/PP3PPP/RNBQ1RK1 w kq - 3 7,h2h3,26,12,-14
r1b2r1k/pp2qpp1/2pb1n1p/8/2B1P3/1QPPB2P/PP3PP1/R3RNK1 w - - 2 17,a2a4,374,322,-52
r1b2r1k/pp3pp1/2pb1n1p/6q1/P1BBP3/1QPP3P/1P3PP1/R3RNK1 w - - 3 19,e4e5,346,366,20
r4r1k/pp3pp1/2pb3p/4P1q1/P1BB2n1/1QPP2Nb/1P3PP1/R3R1K1 w - - 2 21,g2h3,473,330,-143
r3qr1k/ppb3p1/2p2p1p/4PR2/P1BB2R1/1QPP2NP/1P4K1/8 w - - 2 29,e5f6,855,926,71
r3qr1k/pp4p1/2p2P1p/5R2/P1BB2R1/1QPP2bP/1P4K1/8 w - - 0 30,f6g7,10000,10000,0
r3qr2/pp4Pk/2p4p/5R2/P1BB2R1/1QPP2bP/1P4K1/8 w - - 1 31,g7f8n,10000,10000,0
rnbqkbnr/pppppppp/8/8/8/8/PPPPPPPP/RNBQKBNR w KQkq - 0 1,d2d4,29,28,-1
rnbqkb1r/pppppppp/5n2/8/3P4/8/PPP1PPPP/RNBQKBNR w KQkq - 1 2,c2c4,34,33,-1
rn1qkb1r/pbpppppp/1p3n2/8/2PP4/2N5/PP2PPPP/R1BQKBNR w KQkq - 2 4,e2e3,63,17,-46
r2qkb1r/pbpn1ppp/1p1ppn2/8/2PP4/2N1PN2/PP2BPPP/R1BQK2R w KQkq - 2 7,b2b3,52,29,-23
r1r3k1/1bqnbppp/p2ppn2/1pp5/N1PP4/1P2PN2/PBQ1BPPP/3R1RK1 w - - 0 14,c4b5,-92,-89,-3
r1r3k1/2qnbppp/3ppn2/1Bp5/N2P4/1P2Pb2/PBQ2PPP/3R1RK1 w - - 0 16,g2f3,-33,-35,2
r1r3k1/1q1nbppp/4p3/3p4/N1pP2Q1/1P2PP2/PB3P1P/3R1RK1 w - - 0 20,e3e4,-75,-397,322
r1r3k1/1q1nbppp/4p3/3p4/N2PP1Q1/1p3P2/PB3P1P/3R1RK1 w - - 0 21,e4d5,-113,-388,275
2r3k1/1q1nbppp/4p3/3P4/r2P2Q1/1p3P2/PB3P1P/3R1RK1 w - - 0 22,d5e6,-387,-364,-23
2r3k1/1q2bppp/4Pn2/8/r2P2Q1/1p3P2/PB3P1P/3R1RK1 w - - 1 23,e6f7,-400,-473,73
rnbqkbnr/pppppppp/8/8/8/8/PPPPPPPP/RNBQKBNR w KQkq - 0 1,e2e4,29,29,0
rnbqkbnr/pp1p1ppp/4p3/2p5/2B1P3/8/PPPP1PPP/RNBQK1NR w KQkq - 0 3,d2d3,3,-22,-25
r1bqkbnr/pp1p1ppp/2n1p3/2p5/2B1P3/3P4/PPP2PPP/RNBQK1NR w KQkq - 1 4,a2a3,-8,-52,44
r1bqkbnr/pp1p1p1p/2n1p1p1/2p5/2B1P3/P2P4/1PP2PPP/RNBQK1NR w KQkq - 0 5,h2h3,-18,-23,5
r1bq1rk1/pp2npbp/2n1p1p1/2pp4/2B1P3/P2P1N1P/1PP2PP1/RNBQR1K1 w - - 0 9,e4d5,-38,-38,0
3r2k1/1Q3p2/pb4pp/3p1b2/5q2/P2P3P/RP3PPK/8 w - - 2 27,g2g3,-10000,-10000,0
rnbqkbnr/pppppppp/8/8/8/8/PPPPPPPP/RNBQKBNR w KQkq - 0 1,e2e4,29,28,-1
rnbqkbnr/ppp1pppp/8/3p4/4P3/8/PPPP1PPP/RNBQKBNR w KQkq - 0 2,e4d5,57,62,5
rnbqkb1r/ppp1pppp/5n2/8/2B5/2N5/PPPP1PPP/R1BQK1NR w KQkq - 4 5,d2d3,55,12,-43
rnbqkb1r/ppp2ppp/4pn2/8/2B5/2NP4/PPP2PPP/R1BQK1NR w KQkq - 0 6,h2h3,9,-13,-22
rnbqkb1r/1pp2ppp/p3pn2/8/2B5/2NP3P/PPP2PP1/R1BQK1NR w KQkq - 0 7,a2a3,-16,-33,17
3k1b1r/1b1n1ppp/pr2pn2/1p6/5B2/P1NP3P/BPP2PP1/R3K1NR w KQ - 0 14,f2f3,159,143,-16
3k3r/1b1n1pb1/p1r1pn1p/1p4p1/3B4/P1NP1P1P/BPP3P1/2KR2NR w - - 4 18,h3h4,170,136,-34
2rk4/1b1n1pbr/p4n1p/1p2p3/7R/P1NP1P2/BPP1NBP1/2KR4 w - - 2 22,d3d4,401,358,-43
2rk4/1b1n1pbr/p4n1p/1p6/3Pp2R/P1N2P2/BPP1NBP1/2KR4 w - - 0 23,f3e4,359,347,-12
2r3B1/1b1nk3/p6p/1p6/3PP3/P1N5/1PP1N1P1/2KR4 w - - 0 28,d4d5,754,461,-293
5r2/1b2k3/p3B2p/1p1Pn3/4P3/P1N5/1PP1N1P1/2KR4 w - - 3 30,g2g4,695,624,-71
8/3k4/8/1R1P4/4P3/P5Nr/1PPKN2p/8 w - - 2 43,c2c4,773,756,-17
8/8/3k4/1R1P4/2P1P3/P5Nr/1P1KN2p/8 w - - 1 44,c4c5,768,770,2
8/3k4/8/1RPP4/4P3/P5Nr/1P1KN2p/8 w - - 1 45,c5c6,787,765,-22
8/2k5/2P5/1R1P4/4P3/P5Nr/1P1KN2p/8 w - - 1 46,b2b4,789,751,-38
2k5/1R6/2P5/3P4/1P2P3/P7/3KN3/7r w - - 2 49,a3a4,966,751,-215
2k5/1R6/2P5/3P4/PP1KP2r/2N5/8/8 w - - 7 53,b4b5,1007,800,-207
2k5/1R6/2P5/1P1P4/P2KP1r1/2N5/8/8 w - - 1 54,a4a5,956,858,-98
2k5/1R6/2P5/PP1P4/3KP2r/2N5/8/8 w - - 1 55,a5a6,978,908,-70
3k4/1R6/P1P5/1P1P4/3KN3/8/8/8 w - - 1 57,a6a7,10000,10000,0
2k5/PR6/2P5/1P1P4/3KN3/8/8/8 w - - 1 58,a7a8r,10000,10000,0
rnbqkbnr/pppppppp/8/8/8/8/PPPPPPPP/RNBQKBNR w KQkq - 0 1,e2e4,30,30,0
rnbqkbnr/pppp1ppp/8/4p3/4P3/8/PPPP1PPP/RNBQKBNR w KQkq - 0 2,d2d4,25,5,-20
rnbqkbnr/pppp1ppp/8/8/3pP3/8/PPP2PPP/RNBQKBNR w KQkq - 0 3,c2c3,-10,-31,21
r1bqk1nr/pppp1ppp/2n5/8/2B1P3/1Qb5/PP3PPP/R1B1K1NR w KQkq - 0 8,b2c3,-54,-73,19
rnbqkbnr/pppppppp/8/8/8/8/PPPPPPPP/RNBQKBNR w KQkq - 0 1,e2e4,31,28,-3
rnbqkb1r/pp1p1ppp/4pn2/2p5/2B1P3/5Q2/PPPP1PPP/RNB1K1NR w KQkq - 2 4,d2d3,-73,-77,4
rnbqkb1r/pp1p1pp1/4pn1p/2p5/2B1P3/3P1Q2/PPP2PPP/RNB1K1NR w KQkq - 0 5,c2c3,-17,-56,39
rnbqkb1r/pp3pp1/4pn1p/2pp4/2B1P3/2PP1Q2/PP3PPP/RNB1K1NR w KQkq - 0 6,e4d5,-47,-153,106
rnb1kb1r/pp3pp1/1q2p2p/2pn4/2B5/2PP1Q2/PP2NPPP/RNB1K2R w KQkq - 2 8,b2b3,74,-5,-79
rnb1kb1r/pp3pp1/1q2pn1p/2p5/2B5/1PPP1Q2/P3NPPP/RNB1K2R w KQkq - 1 9,h2h3,-14,-35,21
r1b1k2r/pp1n1pp1/1q1bpn1p/2p5/2B2B2/1PPP1Q1P/P3NPP1/RN2K2R w KQkq - 3 11,a2a4,-14,-29,15
r1b2rk1/1p1n1pp1/pq2pn1p/2p5/P1B2Q2/1PPP3P/3NNPP1/R3K2R w KQ - 0 14,g2g4,-2,-65,63
r1b2rk1/1p3pp1/pnq1pn1p/2p5/P1B2QP1/1PPP3P/3NNP2/2KR3R w - - 3 16,d3d4,35,-84,-119
r1b2rk1/5pp1/p1q1pn1p/1pp5/P1NP1QP1/1PP4P/4NP2/2KR3R w - - 0 18,a4b5,-82,-306,224
r4rk1/1bq2pp1/4pn1p/1p6/3Q2P1/1PP4P/1N2NP2/2KR2R1 w - - 3 22,g4g5,-325,-377,52
6k1/5pp1/4pn1p/qp4P1/7Q/1PP4P/3rNP2/1K4R1 w - - 3 30,g5h6,-693,-10000,9307
rnbqkbnr/pppppppp/8/8/8/8/PPPPPPPP/RNBQKBNR w KQkq - 0 1,e2e4,28,27,-1
r1bqk1nr/pppp1ppp/2n5/2b1p3/2B1P3/5N2/PPPP1PPP/RNBQK2R w KQkq - 4 4,d2d3,19,16,-3
r1bq1rk1/2p2p2/p1np3p/1pbnp1N1/4P2B/1B1P4/PPP2PPP/R2Q1RK1 w - - 0 12,e4d5,89,-393,-482
rnbqkbnr/pppppppp/8/8/8/8/PPPPPPPP/RNBQKBNR w KQkq - 0 1,b2b3,30,-33,-63
r1bqkbnr/pppp2pp/2n2p2/4p3/8/1P3N2/PBPPPPPP/RN1QKB1R w KQkq - 0 4,d2d4,43,11,-32
r1bqk1nr/pppp2pp/2n2p2/4p3/1b1P4/1P3N2/PBP1PPPP/RN1QKB1R w KQkq - 1 5,c2c3,76,77,1
r1bqk1nr/pppp2pp/2n2p2/b3p3/3P4/1PP2N2/PB2PPPP/RN1QKB1R w KQkq - 1 6,d4e5,90,8,-82
r1bqk1nr/pppp2pp/2n5/b3p3/8/1PP2N2/PB2PPPP/RN1QKB1R w KQkq - 0 7,b3b4,9,18,9
r1bqk1nr/pppp2pp/1bn5/4p3/1P6/2P2N2/PB2PPPP/RN1QKB1R w KQkq - 1 8,a2a3,14,8,-6
r1bqk1nr/ppp3pp/1bnp4/4p3/1P6/P1P2N2/1B2PPPP/RN1QKB1R w KQkq - 0 9,c3c4,10,4,-6
r1bqk1nr/1pp3pp/pbnp4/4p3/1PP5/P4N2/1B2PPPP/RN1QKB1R w KQkq - 0 10,c4c5,44,-4,-48
r1b4r/bpp1k1pp/p4n2/2p1N3/1P6/P7/1B2PPPP/R3KB1R w KQ - 1 16,e2e3,90,70,-20
r1b4r/bpp1k3/p4p1p/8/1p6/P3PN2/5PPP/R3KB1R w KQ - 0 19,a3b4,-56,-52,-4
3r3r/bppk4/p3bp1p/8/1P6/4PN2/4BPPP/R4RK1 w - - 5 22,b4b5,162,164,2
r6r/1ppk4/4bp1p/1P6/3b4/4P3/4BPPP/R4RK1 w - - 0 26,e3d4,51,49,-2
4r3/1pp5/5p1p/1Pk5/8/8/5PPP/1R4K1 w - - 4 33,f2f4,-23,-71,48
8/1pp5/5p1p/1Pk5/4rP2/8/6PP/1R4K1 w - - 1 34,g2g3,-74,-61,-13
8/2p5/2k2p1p/3r4/1p3PK1/6P1/7P/4R3 w - - 0 43,f4f5,-396,-400,4
8/2p5/3r1pK1/5P2/1k6/6P1/1p5P/5R2 w - - 2 48,h2h4,-388,-463,75
8/2p5/2r2pK1/5P2/7P/k5P1/1p6/1R6 w - - 3 50,h4h5,-99,-96,-3
8/8/8/2p2PKP/8/6P1/1k6/7r w - - 0 54,f5f6,-262,-353,91
8/8/5P2/6KP/2p5/6P1/1k6/7r w - - 0 55,f6f7,22,6,-16
8/5P2/6K1/7P/8/2p3P1/1k6/5r2 w - - 0 57,h5h6,0,-2,-2
8/5P2/6KP/8/8/6P1/1kp5/5r2 w - - 0 58,h6h7,0,-2,-2
8/5P1P/6K1/8/8/6P1/1k6/2q2r2 w - - 0 59,h7h8q,-3,0,3
8/5P2/6K1/8/8/2k3P1/8/5r2 w - - 0 61,g3g4,-1,-1,0
rnbqkbnr/pppppppp/8/8/8/8/PPPPPPPP/RNBQKBNR w KQkq - 0 1,d2d4,31,28,-3
rnbqk1nr/pppp1ppp/4p3/8/1b1P4/5N2/PPP1PPPP/RNBQKB1R w KQkq - 2 3,c2c3,109,105,-4
rnbqk1nr/pppp1ppp/3bp3/8/3P4/2P2N2/PP2PPPP/RNBQKB1R w KQkq - 1 4,e2e4,164,150,-14
rnbqk1nr/pp1p1ppp/2pbp3/8/3PP3/2P2N2/PP3PPP/RNBQKB1R w KQkq - 0 5,e4e5,163,166,3
rnbqk1nr/pp2bppp/2p1p3/3pP3/3P4/2P2N2/PP1N1PPP/R1BQKB1R w KQkq d6 0 7,e5d6,153,130,-23
rnb1k1nr/pp3ppp/2p1p2q/8/3PNb2/2PB1N2/PP3PPP/R1BQ1RK1 w kq - 6 11,h2h3,568,362,-206
rnbqkbnr/pppppppp/8/8/8/8/PPPPPPPP/RNBQKBNR w KQkq - 0 1,e2e4,35,23,-12
rnbqkbnr/pppp1ppp/8/4p3/4P3/8/PPPP1PPP/RNBQKBNR w KQkq - 0 2,f2f4,28,-72,-100
r1bqk1nr/ppp1bppp/2np4/8/2B1Pp2/5N2/PPPP2PP/RNBQ1RK1 w kq - 2 6,d2d4,1,2,1
r3r1k1/pp3ppp/2pB3n/6N1/2p1P3/2N5/P1P3PP/5RK1 w - - 2 21,e4e5,122,150,28
4r1k1/pN4pp/1pp2p2/4P3/2p5/5N2/P1R2KPP/3r4 w - - 0 30,e5f6,-101,-429,328
rnbqkbnr/pppppppp/8/8/8/8/PPPPPPPP/RNBQKBNR w KQkq - 0 1,e2e4,26,26,0
rnbqkbnr/1ppppppp/p7/8/4P3/8/PPPP1PPP/RNBQKBNR w KQkq - 0 2,d2d4,62,72,10
rnbqkbnr/2pppppp/p7/1p6/3PP3/8/PPP2PPP/RNBQKBNR w KQkq - 0 3,c2c4,105,80,-25
rn1qkbnr/2pp1ppp/p3p3/8/1pPPb3/4N3/PP3PPP/R1BQKBNR w KQkq - 0 7,f2f3,-78,-147,69
rn1qkb1r/1bpp1ppp/4pn2/p7/1pPP4/3BNP2/PP1B2PP/R2QK1NR w KQkq - 0 10,b2b3,-151,-247,96
rn1qkb1r/1b1p1ppp/4pn2/p1p5/1pPP4/1P1BNP2/P2B2PP/R2QK1NR w KQkq - 0 11,d4d5,-240,-228,-12
rn1qk2r/1b1pbppp/4pn2/p1pP4/1pP5/1P1BNP2/P2B2PP/R2QK1NR w KQkq - 1 12,d5e6,-197,-339,142
rn3rk1/1bqpb1pp/4p3/p1p5/1pP3n1/1P1B1P2/P1QBN1PP/R3K2R w KQ - 0 16,f3g4,-301,-305,4
rn3r1k/3p2p1/4pb2/p1p1q3/1pP3P1/1P1B1b2/P1QBN2P/2KR2R1 w - - 2 21,g4g5,-149,-185,36
rn3r1k/3p2p1/4p3/p1p1b1P1/1pP5/1P1B1b2/P2BN2P/1K1R2R1 w - - 1 24,h2h4,-186,-219,33
5B2/6pk/3R1b2/8/2P5/1n2p3/7r/3K4 w - - 0 47,c4c5,-589,-10000,9411
rnbqkbnr/pppppppp/8/8/8/8/PPPPPPPP/RNBQKBNR w KQkq - 0 1,e2e4,25,29,4
rnbqk2r/pppp1ppp/5n2/4p3/2B1P3/2b2N2/PPPP1PPP/R1BQK2R w KQkq - 0 5,d2c3,19,19,0
rnbq1rk1/ppp2ppp/5n2/3pp3/2B1P3/2P2N2/PPP2PPP/R1BQ1RK1 w - - 0 7,e4d5,127,116,-11
rn1qr1k1/ppp2ppp/5n2/3P4/2B1p1b1/2P5/PPPN1PPP/R1B1QRK1 w - - 4 10,h2h3,43,38,-5
rn1qr1k1/ppp2ppp/5n2/3P3b/2B1p3/2P4P/PPPN1PP1/R1B1QRK1 w - - 1 11,g2g4,45,-67,-112
rn2r1k1/ppp2ppp/6b1/3q4/4p1P1/2P4P/PPPN1P2/R1BQ1RK1 w - - 0 14,c3c4,-80,-218,138
rnbqkbnr/pppppppp/8/8/8/8/PPPPPPPP/RNBQKBNR w KQkq - 0 1,e2e4,29,33,4
rn1qkbnr/ppp2ppp/3p4/4p3/2B1P1b1/5N2/PPPP1PPP/RNBQK2R w KQkq - 2 4,h2h3,79,85,6
rn1qkbnr/ppp2ppp/3p4/4p2b/2B1P3/5N1P/PPPP1PP1/RNBQK2R w KQkq - 1 5,g2g4,76,82,6
rn1qkbnr/pp3ppp/2pp2b1/4p3/2B1P1P1/2N2N1P/PPPP1P2/R1BQK2R w KQkq - 0 7,d2d3,78,86,8
rn1qkbnr/5pp1/2pp2bp/pp2p3/4P1P1/1BNPBN1P/PPPQ1P2/R3K2R w KQkq - 0 11,a2a3,146,80,-66
rn1qkbnr/5pp1/2p3bp/1p1pp3/p3P1P1/P1NPBN1P/BPPQ1P2/R3K2R w KQkq - 0 13,e4d5,246,202,-44
rn1qkbnr/5pp1/2p3bp/3Pp3/pp4P1/P1NPBN1P/BPPQ1P2/R3K2R w KQkq - 0 14,a3b4,227,190,-37
rn1qk2r/5pp1/2p2nbp/3PN3/pb4P1/2NPB2P/BPPQ1P2/R3K2R w KQkq - 1 16,d5c6,345,343,-2
rn2k2r/5bp1/2P4p/3qN3/6P1/p1QPB2P/1PP2P2/2KR3R w kq - 0 21,b2a3,412,443,31
rn2k2r/5bp1/2P4p/4N3/6P1/P1QPB2P/q1P2P2/2KR3R w kq - 1 22,c6c7,620,597,-23
rn3rk1/2P2bp1/7p/4N3/6P1/P1QPB2P/q1P2P2/2KR3R w - - 1 23,c7c8q,650,646,-4
rnbqkbnr/pppppppp/8/8/8/8/PPPPPPPP/RNBQKBNR w KQkq - 0 1,e2e4,32,29,-3
rnbqkbnr/ppp1pppp/8/3p4/4P3/8/PPPP1PPP/RNBQKBNR w KQkq - 0 2,e4d5,63,58,-5
rnbqkbnr/ppp2ppp/4p3/3P4/8/8/PPPP1PPP/RNBQKBNR w KQkq - 0 3,d5e6,126,108,-18
r2qk1nr/ppp2ppp/2n1b3/8/1b6/2N2N2/PPPP1PPP/R1BQKB1R w KQkq - 4 6,d2d4,131,123,-8
r4rk1/2p2ppp/p2qbn2/2p3N1/3P4/2B5/PPP2PPP/R2QR1K1 w - - 0 14,d4c5,331,297,-34
4rrk1/2p3pp/p3p3/2q5/8/2nQ4/PPP2PPP/3RR1K1 w - - 0 19,b2c3,30,-16,-46
5rk1/2p3pp/p3p3/3q4/8/2P1Q3/6PP/6RK w - - 2 26,c3c4,-269,-372,103
5rk1/2p3pp/4p3/p7/2q5/4Q3/6PP/4R2K w - - 0 28,h2h3,-413,-423,10
rnbqkbnr/pppppppp/8/8/8/8/PPPPPPPP/RNBQKBNR w KQkq - 0 1,e2e4,33,30,-3
rnbqkbnr/p1pppppp/1p6/8/4P3/8/PPPP1PPP/RNBQKBNR w KQkq - 0 2,d2d4,88,86,-2
rn1qkbnr/pbp1pppp/1p6/3p4/3PP3/2N5/PPP2PPP/R1BQKBNR w KQkq - 0 4,e4d5,165,154,-11
rn2kbnr/p3pppp/1p6/2pq4/3P4/5N2/PPP2PPP/R1BQKB1R w KQkq - 0 7,c2c4,389,242,-147
rn2kbnr/p3pppp/1pq5/2p5/2PP4/5N2/PP3PPP/R1BQKB1R w KQkq - 1 8,d4d5,361,286,-75
rnbqkbnr/pppppppp/8/8/8/8/PPPPPPPP/RNBQKBNR w KQkq - 0 1,c2c4,25,12,-13
r1bqkbnr/pp1ppppp/2n5/2p5/2P5/2N5/PP1PPPPP/R1BQKBNR w KQkq - 2 3,d2d3,15,-21,-36
r1bqkbnr/pp2pppp/2np4/2p5/2P5/2NP4/PP2PPPP/R1BQKBNR w KQkq - 0 4,e2e4,11,-16,-27
r1bq1rk1/pp2bppp/2np2n1/2pNp3/2P1P3/3P1N2/PP2BPPP/R1BQ1RK1 w - - 8 9,a2a3,6,17,11
r1bq1rk1/pp2b1pp/2np2n1/2pNpp2/2P1P3/P2P1N2/1P2BPPP/R1BQ1RK1 w - - 0 10,b2b4,35,21,-14
r1bq1rk1/pp2b1pp/2np2n1/2pNp3/1PP1p3/P2P1N2/4BPPP/R1BQ1RK1 w - - 0 11,d3e4,35,36,1
r4rk1/pp2q1pp/3p2n1/2p1p3/1PP1P1b1/P4N2/1B2QPPP/R4RK1 w - - 0 15,b4c5,-406,-459,53
r4rk1/pp2q1pp/6n1/2p1p3/2P1P3/P4b2/1B2QPPP/3R1RK1 w - - 0 17,g2f3,-536,-748,212
rnbqkbnr/pppppppp/8/8/8/8/PPPPPPPP/RNBQKBNR w KQkq - 0 1,c2c4,28,14,-14
rnbqkb1r/pppppppp/5n2/8/2P5/8/PP1PPPPP/RNBQKBNR w KQkq - 1 2,d2d4,25,28,3
rnbqkb1r/ppp1pp1p/3p1np1/8/2PP4/2N5/PP2PPPP/R1BQKBNR w KQkq - 0 4,e2e4,46,56,10
rn1q1rk1/pppn1pbp/3p2p1/4p3/2PPP3/2N1BB2/PP3PPP/R2Q1RK1 w - - 0 10,d4d5,103,94,-9
r2q1rk1/pp1n1pbp/3p2p1/2pPp3/1nP1P3/2N1B3/PP2BPPP/2RQ1RK1 w - - 4 13,a2a3,167,158,-9
r2q1rk1/pp1n1pbp/n2p2p1/2pPp3/2P1P3/P1N1B3/1P2BPPP/2RQ1RK1 w - - 1 14,f2f4,189,16,-173
1r1q1rk1/pp1n1pbp/n2p2p1/2pPp3/2P1PP2/P1N1B3/1P2B1PP/2RQ1RK1 w - - 1 15,f4f5,246,241,-5
1r3rk1/pp3pb1/n2p1qpp/2pPpP2/2P1P3/P1N5/1P2B1PP/2RQ1RK1 w - - 0 18,f5g6,323,340,17
rnbqkbnr/pppppppp/8/8/8/8/PPPPPPPP/RNBQKBNR w KQkq - 0 1,e2e4,28,28,0
r1bqk2r/pppp1pp1/2n2n1p/2b1p3/2B1P3/2N2N2/PPPP1PPP/R1BQ1RK1 w kq - 4 6,a2a3,28,0,-28
r1bqk2r/1ppp1pp1/p1n2n1p/2b1p3/2B1P3/P1N2N2/1PPP1PPP/R1BQ1RK1 w kq - 0 7,b2b4,14,-15,-29
r1bqk2r/bppp1pp1/p1n2n1p/4p3/1PB1P3/P1N2N2/2PP1PPP/R1BQ1RK1 w kq - 1 8,d2d3,-8,-10,2
r2qk2r/bpp2pp1/p2p1n2/7p/1PBpP1b1/P2P1NN1/2P2PPP/R2Q1RK1 w kq - 0 13,h2h3,131,87,-44
r2qk2r/bpp3p1/p3pn2/3p3p/1P1pP3/P2P1N1P/2P1NPP1/R2Q1RK1 w kq - 0 16,e4e5,267,200,-67
r3k2r/1ppnq3/pb2N3/3pP1Np/1P6/P2P3P/2P2PP1/R2Q1RK1 w kq - 1 20,c2c3,511,401,-110
rnbqkbnr/pppppppp/8/8/8/8/PPPPPPPP/RNBQKBNR w KQkq - 0 1,e2e4,28,25,-3
rnbqkbnr/pp1ppppp/8/2p5/4P3/8/PPPP1PPP/RNBQKBNR w KQkq - 0 2,d2d3,32,-6,-38
r1bqkbnr/pp2ppp1/2np3p/2p5/4P3/3PB3/PPP1BPPP/RN1QK1NR w KQkq - 0 5,c2c3,0,1,1
r2qk2r/pp2b3/2npbn1p/2p1p1p1/2N1Pp2/2PP1N2/PP1BBPPP/R2QK2R w KQkq - 2 12,a2a3,-182,-357,175
r2qk2r/p3b3/2n1bn1p/1pp1p1p1/4Pp2/P1PP1N2/1P1BBPPP/R2QK2R w KQkq - 0 14,d3d4,-324,-307,-17
r3k2r/p1qbb3/2n2n1p/1B2N1p1/3pPp2/P1P5/1P1B1PPP/R2QK2R w KQkq - 1 17,c3d4,30,-294,-324
1r6/Q7/3q2kp/6p1/4Pp2/b7/5PPP/5RK1 w - - 0 32,h2h3,-222,-284,62
8/8/6k1/7p/5pp1/2q4P/3R2P1/3K4 w - - 0 45,h3h4,-586,-703,117
8/8/6k1/7p/6pP/4qp2/2KR2P1/8 w - - 0 49,g2f3,-683,-682,-1
rnbqkbnr/pppppppp/8/8/8/8/PPPPPPPP/RNBQKBNR w KQkq - 0 1,e2e4,28,32,4
rnbqkbnr/ppp1pppp/8/3p4/4P3/8/PPPP1PPP/RNBQKBNR w KQkq - 0 2,e4e5,73,-20,-93
rnbqkbnr/ppp2ppp/4p3/3pP3/8/8/PPPP1PPP/RNBQKBNR w KQkq - 0 3,d2d4,30,36,6
r2qk1nr/pppb1ppp/4p3/n2pP3/1b1P4/3B1N2/PPP2PPP/RNBQK2R w KQkq - 7 7,c2c3,181,193,12
r2qk1nr/pppbbppp/2n1p3/3pP3/3P4/2PB1N2/PP3PPP/RNBQ1RK1 w kq - 3 9,a2a3,221,202,-19
2kr2nr/p1pbq1pp/1p2pb2/3p4/3P1B2/PQPB4/1P3PPP/RN2R1K1 w - - 0 16,a3a4,356,324,-32
rnbqkbnr/pppppppp/8/8/8/8/PPPPPPPP/RNBQKBNR w KQkq - 0 1,e2e4,30,23,-7
r1bqkbnr/pp1ppppp/2n5/2p5/4P3/5N2/PPPP1PPP/RNBQKB1R w KQkq - 2 3,d2d4,39,26,-13
r1bqkbnr/pp1p1ppp/2n1p3/2p5/3PP3/5N2/PPP2PPP/RNBQKB1R w KQkq - 0 4,d4d5,178,184,6
r1bqkbnr/pp1p1ppp/2n5/2pp4/4P3/5N2/PPP2PPP/RNBQKB1R w KQkq - 0 5,e4d5,246,245,-1
r1bqk2r/1p2bppp/3p1n2/p2P4/1p1Q4/5N2/PPP2PPP/RN2KB1R w KQkq - 2 11,b2b3,-63,-275,212
r1bq1rk1/1p2bppp/3p1n2/p2P4/1p1Q4/1P3N2/P1P2PPP/RN2KB1R w KQ - 1 12,a2a3,-297,-369,72
r2q1rk1/1p1bbppp/3p1n2/p2P4/1p1Q4/PP3N2/2P2PPP/RN2KB1R w KQ - 1 13,a3b4,-158,-205,47
5rk1/4bppp/2pp4/8/5n2/NP6/2P2PPP/4KB1R w K - 0 20,g2g3,-48,-45,-3
8/5pk1/3R4/6pp/3p4/1P2b1PK/2P2r1P/8 w - - 0 35,b3b4,-754,-10000,9246
rnbqkbnr/pppppppp/8/8/8/8/PPPPPPPP/RNBQKBNR w KQkq - 0 1,e2e4,27,26,-1
rnbqkbnr/pppp1ppp/8/4p3/4P3/8/PPPP1PPP/RNBQKBNR w KQkq - 0 2,d2d4,34,2,-32
rnbqkbnr/pppp1ppp/8/8/3pP3/8/PPP2PPP/RNBQKBNR w KQkq - 0 3,c2c3,-4,-75,71
r1b1k2r/ppp1qppp/2np1n2/8/2B1P3/1QB2N2/P4PPP/R4RK1 w kq - 2 11,e4e5,56,54,-2
r1b1k2r/ppp1qppp/2np4/4P3/2B1n3/1QB2N2/P4PPP/R4RK1 w kq - 1 12,e5d6,231,207,-24
r3k2r/pp1bq1pp/3p4/5p2/2BBn3/1Q6/P4PPP/R3R1K1 w kq - 1 16,f2f3,531,580,49
r4k1r/p3q1pp/3p4/1Q3p2/3Bn3/5P2/P5PP/R3R1K1 w - - 1 19,f3e4,676,645,-31
rnbqkbnr/pppppppp/8/8/8/8/PPPPPPPP/RNBQKBNR w KQkq - 0 1,d2d4,29,27,-2
rnbqkbnr/ppp1pppp/8/3p4/3P4/8/PPP1PPPP/RNBQKBNR w KQkq - 0 2,e2e3,27,10,-17
r2qkb1r/pppn1ppp/4pn2/3p4/3P2b1/3BPN2/PPP2PPP/RNBQ1RK1 w kq - 2 6,h2h3,2,3,1
r2qkb1r/pp1n1ppp/4pn2/2pp3b/3P4/3BPN1P/PPPN1PP1/R1BQ1RK1 w kq - 0 8,c2c3,-5,-15,10
r2qk2r/pp1nbppp/4pn2/2pp3b/3P4/2PBPN1P/PP1N1PP1/R1BQ1RK1 w kq - 1 9,a2a3,-11,-25,14
r2q1rk1/1p1nbppp/p3pn2/2pp3b/3P4/P1PBPN1P/1P1N1PP1/R1BQR1K1 w - - 0 11,b2b4,-28,-94,66
r2q1rk1/1p1nbppp/p3pn2/3p3b/1P1p4/P1PBPN1P/3N1PP1/R1BQR1K1 w - - 0 12,c3d4,-47,-40,-7
r2q1rk1/4bppp/p3p3/3pN3/1PpPn3/P3P2P/1B2QPP1/R3R1K1 w - - 1 18,f2f3,-55,-214,159
r4rk1/2q1bppp/p3pn2/3pN3/1PpP4/P3PP1P/1B2Q1P1/2R1R1K1 w - - 3 20,e3e4,-136,-137,1
r4rk1/5ppp/p3pn2/3p4/1PpPPq2/P4P1P/1B2Q1P1/2RR3K w - - 0 25,e4e5,-53,-157,104
rr4k1/5ppp/p3p3/3pPn2/1PpP4/P1R2P1P/5KP1/2BR4 w - - 2 32,g2g4,-167,-197,30
rr4k1/4nppp/p3p3/3pP3/1PpP2P1/P1R2P1P/5K2/2BR4 w - - 1 33,f3f4,-188,-211,23
rr4k1/4nppp/4p3/p2pP3/1PpP1PP1/P1R4P/5K2/2BR4 w - - 0 34,b4a5,-202,-211,9
1r4k1/5ppp/2n1p3/r2pP3/2pP1PP1/P1R4P/3R1K2/2B5 w - - 2 36,f4f5,-243,-251,8
1r4k1/5p1p/2n1p1p1/r2pPP2/2pP2P1/P1R4P/3R1K2/2B5 w - - 0 37,f5g6,-183,-217,34
6k1/7p/4p1p1/n2pP3/r1pP2P1/P1R1K2P/8/2B5 w - - 1 42,h3h4,-43,-85,42
8/6kp/4p1p1/3pP3/r1pP2PP/PnR1K3/1B6/8 w - - 3 44,g4g5,-1,-77,76
rnbqkbnr/pppppppp/8/8/8/8/PPPPPPPP/RNBQKBNR w KQkq - 0 1,e2e4,37,36,-1
rnbqkb1r/pp1p1ppp/4pn2/2p5/2B1P3/5N2/PPPP1PPP/RNBQK2R w KQkq - 2 4,d2d3,9,-22,-31
rnbqkb1r/pp3ppp/4pn2/2pp4/2B1P3/3P1N2/PPP2PPP/RNBQK2R w KQkq - 0 5,e4d5,-20,-22,2
r2q1rk1/pp1nbppp/5n2/2pp4/8/3P1N2/PPP2PPP/RNBQR1K1 w - - 4 10,c2c3,-23,-15,-8
rnbqkbnr/pppppppp/8/8/8/8/PPPPPPPP/RNBQKBNR w KQkq - 0 1,d2d4,35,29,-6
rnbqkbnr/pp1ppppp/2p5/8/3P4/8/PPP1PPPP/RNBQKBNR w KQkq - 0 2,c2c4,77,33,-44
r1bqkb1r/pp1npppp/2p2n2/3p2B1/2PP4/2N5/PP2PPPP/R2QKBNR w KQkq - 4 5,e2e3,31,11,-20
r1bq1rk1/1p1nbpp1/p1p1pn1p/3p4/2PP3B/2N1PN2/PP2BPPP/R2Q1RK1 w - - 2 10,a2a3,40,6,-34
2rq1rk1/1b3pp1/2p1pn1p/p1Q5/1p1P4/P2BPN2/1P3PPP/2R2RK1 w - - 2 20,a3b4,204,195,-9
5rk1/1Q3pp1/2N1p2p/6q1/2B5/4n3/r4PPP/2R2RK1 w - - 0 29,f2e3,518,-10000,-10518
rnbqkbnr/pppppppp/8/8/8/8/PPPPPPPP/RNBQKBNR w KQkq - 0 1,e2e3,35,7,-28
rnbqkbnr/pppp1ppp/8/4p3/8/4P3/PPPP1PPP/RNBQKBNR w KQkq - 0 2,b2b3,21,-26,-47
r1b1k2r/pp1q1ppp/2nb1n2/3p4/8/1P2Pp2/P1PPQPPP/RNB1K2R w KQkq - 0 11,g2f3,-763,-725,-38
r3k2r/pp3ppp/2n2n2/3p1b2/8/1P2PP2/P1qPQP1P/R1B1K2R w KQkq - 2 15,e3e4,-630,-785,155
2kr3r/pp3ppp/2n2n2/5b2/4p3/1P3P2/P1qPQP1P/R1B1K1R1 w Q - 2 17,f3f4,-789,-899,110
rnbqkbnr/pppppppp/8/8/8/8/PPPPPPPP/RNBQKBNR w KQkq - 0 1,c2c4,29,9,-20
rnbqkbnr/pppp1ppp/8/4p3/2P5/8/PP1PPPPP/RNBQKBNR w KQkq - 0 2,b2b3,9,-28,-37
rnbqkbnr/ppp2ppp/8/4p3/2p5/1P6/PB1PPPPP/RN1QKBNR w KQkq - 0 4,b3c4,-6,-33,27
rn1qkbnr/ppp3pp/5p2/4pb2/2P5/2N5/PB1PPPPP/R2QKBNR w KQkq - 2 6,g2g3,11,7,-4
r3kbnr/ppp3pp/2nq1p2/4pb2/2P5/2N3P1/PB1PPPBP/R2QK1NR w KQkq - 3 8,d2d3,60,40,-20
2kr1bnr/1pp4p/1q3p2/4pbp1/1pP5/3P1BP1/PBQ1PP1P/1R3RK1 w - - 0 16,a2a3,-179,-289,110
2kr2nr/1pp4p/1q3p2/2b1pbp1/1pP5/P2P1BP1/1BQ1PP1P/1R3RK1 w - - 1 17,a3b4,128,106,-22
7r/2Q5/2prkp2/4pbpp/2P5/3P2P1/4PPKP/8 w - - 0 31,h2h3,-167,-290,123
7r/2Q5/2prkp2/4pb1p/2P3p1/3P2PP/4PPK1/8 w - - 0 32,h3h4,-111,-300,189
8/4rk2/2pr1p2/8/2P1p1QP/3P2P1/4PPK1/8 w - - 1 40,d3e4,479,485,6
8/4rk2/2p1rp2/8/2P1P1QP/6P1/4PPK1/8 w - - 1 41,f2f3,529,487,-42
4k3/4r3/4rp2/2p2Q2/2P1P2P/5PP1/4P1K1/8 w - - 2 43,h4h5,495,512,17
rnbqkbnr/pppppppp/8/8/8/8/PPPPPPPP/RNBQKBNR w KQkq - 0 1,e2e4,32,30,-2
rnbqkbnr/p1pppppp/1p6/8/4P3/8/PPPP1PPP/RNBQKBNR w KQkq - 0 2,d2d3,86,31,-55
1r1qkbnr/pbpppppp/1pn5/8/4P3/2NP1N2/PPP1BPPP/R1BQK2R w KQk - 7 6,a2a3,132,116,-16
1r4r1/pbppkp2/1p3qp1/4p3/4P1Q1/P2P4/1P2NPPP/2R2RK1 w - - 2 20,d3d4,266,138,-128
1r4r1/p1ppkp2/1pb2qp1/4p3/3PP1Q1/P7/1P2NPPP/2R2RK1 w - - 1 21,d4d5,188,103,-85
6Q1/2kp4/1p1q1p2/p2Pp3/2r1P3/P7/1P3PPP/5RK1 w - - 4 31,b2b3,335,252,-83
2Q5/k2p4/1p1q1p2/p2Pp3/4r3/PP6/5PPP/2R3K1 w - - 4 34,h2h3,709,656,-53
rnbqkbnr/pppppppp/8/8/8/8/PPPPPPPP/RNBQKBNR w KQkq - 0 1,d2d4,28,27,-1
rnbqkbnr/p1pppppp/1p6/8/3P4/8/PPP1PPPP/RNBQKBNR w KQkq - 0 2,e2e4,81,86,5
rn1qkbnr/pbpppppp/1p6/8/3PP3/8/PPP2PPP/RNBQKBNR w KQkq - 1 3,e4e5,85,25,-60
2rq1rk1/p4pbp/1pb1pnp1/8/3P1B2/2N2Q2/PPP2PPP/R2R2K1 w - - 0 14,d4d5,-553,-625,72
3r2k1/5p1p/1pb1p1p1/p3Q2n/7q/2N5/PPP2PPP/R5K1 w - - 2 26,g2g4,-428,-859,431
8/7p/1p6/p5pk/4Kp2/8/PPP4P/6n1 w - - 2 47,c2c4,-647,-678,31
8/7p/1p6/p5p1/2P1Kp1k/8/PP5P/6n1 w - - 1 48,a2a4,-694,-742,48
8/7p/1p6/p5p1/P1P1Kp2/7k/1P5P/6n1 w - - 1 49,b2b4,-788,-836,48
8/7p/1p6/p5p1/PPP1Kp2/8/7k/6n1 w - - 0 50,b4b5,-570,-666,96
8/7p/1p6/pP6/P1P2K2/6p1/7k/6n1 w - - 0 52,c4c5,-566,-673,107
8/7p/8/pPp5/P4K2/6p1/7k/6n1 w - - 0 53,b5b6,-494,-543,49
8/7p/1P6/p1p5/P4K2/8/6pk/6n1 w - - 0 54,b6b7,-531,-586,55
8/1P5p/8/p1p5/P7/5K2/4n2k/6q1 w - - 0 56,b7b8q,-688,-691,3
rnbqkbnr/pppppppp/8/8/8/8/PPPPPPPP/RNBQKBNR w KQkq - 0 1,e2e4,28,33,5
rnbqkbnr/ppp1pppp/8/3p4/4P3/8/PPPP1PPP/RNBQKBNR w KQkq - 0 2,e4d5,58,64,6
rnbqkbnr/ppp2ppp/4p3/3P4/8/8/PPPP1PPP/RNBQKBNR w KQkq - 0 3,d5e6,121,106,-15
rn1qkbnr/1pp2ppp/p3b3/8/8/2N5/PPPP1PPP/R1BQKBNR w KQkq - 0 5,g2g3,117,71,-46
r3kbnr/1pp2ppp/p1nqb3/8/8/2N3P1/PPPP1PBP/R1BQK1NR w KQkq - 3 7,d2d4,116,39,-77
2k3nr/2p2ppp/p1p1b3/4N3/5B2/2b3P1/PPP2P1P/3K3R w - - 0 14,b2c3,-4,-8,4
2k4r/2p2ppp/p1N5/3n2B1/8/2P3P1/b1P2P1P/3K3R w - - 3 17,c3c4,-12,-70,58
3r4/1kp3pp/p4p2/3N4/5B2/6P1/2P2P1P/3K3R w - - 1 23,c2c4,526,523,-3
3r4/1k4pp/p4p2/3p4/2P2B2/6P1/2K2P1P/7R w - - 0 25,c4d5,466,446,-20
8/6Bp/p5p1/5p2/2k5/6P1/2K2P1P/8 w - - 0 32,f2f4,386,354,-32
8/8/6K1/5p2/5Pk1/6P1/7P/8 w - - 1 47,h2h3,705,639,-66
8/8/8/6K1/5P2/6k1/8/8 w - - 2 50,f4f5,638,637,-1
8/8/8/5PK1/8/5k2/8/8 w - - 1 51,f5f6,623,620,-3
8/8/5P2/6K1/4k3/8/8/8 w - - 1 52,f6f7,540,531,-9
8/5P2/8/4k1K1/8/8/8/8 w - - 1 53,f7f8q,553,539,-14
rnbqkbnr/pppppppp/8/8/8/8/PPPPPPPP/RNBQKBNR w KQkq - 0 1,e2e4,27,31,4
r1b1kbnr/pppp1ppp/2n2q2/4p2Q/2B1P3/8/PPPP1PPP/RNB1K1NR w KQkq - 4 4,d2d4,7,-196,-203
r1b1kbnr/pppp1p1p/5qp1/4p1Q1/2BnP3/8/PPP2PPP/RNB1K1NR w KQkq - 0 6,c2c3,-211,-434,223
r1b1k1nr/pp1pbp1p/2p3p1/4R3/8/2P5/PP1KN2P/nqB5 w kq - 4 20,c3c4,-1239,-1276,37
r1b1k1nr/pp2b2p/2p3p1/3p1p2/8/2N5/1P5P/2K5 w kq - 0 27,b2b4,-1237,-1221,-16
r1b1k2r/pp2b2p/2p2np1/3p1p2/1P6/2N5/7P/2K5 w kq - 1 28,b4b5,-1238,-1238,0
r1b2rk1/pp2b2p/2p2np1/1P1p1p2/8/2N5/7P/2K5 w - - 1 29,h2h4,-1231,-1242,11
r1b2rk1/1p5p/5np1/pp3p2/3p3P/8/1K6/8 w - - 0 34,h4h5,-1186,-1206,20
r4rk1/1p5p/4bnp1/pp3p1P/3p4/8/1K6/8 w - - 1 35,h5h6,-1138,-1244,106
rnbqkbnr/pppppppp/8/8/8/8/PPPPPPPP/RNBQKBNR w KQkq - 0 1,e2e4,32,30,-2
r1bqkbnr/pppp1pp1/2n4p/4p3/2B1P3/5N2/PPPP1PPP/RNBQK2R w KQkq - 0 4,c2c3,81,52,-29
r1bqk2r/pppp1pp1/2nb1n1p/4p3/2B1P3/2P2N2/PP1P1PPP/RNBQ1RK1 w kq - 3 6,d2d4,111,104,-7
r1bq1rk1/pppp1pp1/2nb1n1p/4p3/2BPP3/2P2N2/PP3PPP/RNBQ1RK1 w - - 1 7,d4d5,99,-2,-101
r1bq1rk1/pppp1pp1/3b1nnp/3Pp3/2B1P3/2P2N2/PP1N1PPP/R1BQ1RK1 w - - 3 9,h2h3,0,-43,-43
r1bq1rk1/ppb2pp1/2pp1nnp/3Pp3/2B1P3/1NP2N1P/PP2QPP1/R1B2RK1 w - - 0 12,a2a3,-129,-221,92
r1bq1rk1/5pp1/pb1p1nnp/1ppPp3/4P3/P1PB1N1P/1P1BQPP1/R1N2RK1 w - - 2 16,c3c4,-91,-102,11
r1bq1rk1/6p1/1b1p2np/p1pPpp1n/2B1P3/P2Q1N1P/1P1BNPP1/R4RK1 w - - 0 20,b2b4,-105,-352,247
r2q1rk1/6p1/1b1p2np/p2Ppb1n/1pB5/P3QN1P/3BNPP1/R4RK1 w - - 0 23,a3b4,-365,-513,148
rnbqkbnr/pppppppp/8/8/8/8/PPPPPPPP/RNBQKBNR w KQkq - 0 1,e2e4,35,31,-4
rnbqk1nr/pppp1ppp/8/2b1p3/2B1P3/8/PPPP1PPP/RNBQK1NR w KQkq - 2 3,d2d3,26,22,-4
rnb1k2r/1pp2p1p/pb1p2pn/3Np1N1/2B1P3/3P4/PPP2PPP/R1B1K2R w KQkq - 2 10,a2a4,270,272,2
7r/rp2k2p/pp1p1npB/3Bp3/P3P3/3P4/1PP2PPP/R4RK1 w - - 3 17,f2f4,744,705,-39
7r/rp1k3p/pp1p2p1/3Bp1B1/P3PPn1/3P4/1PP3PP/R4RK1 w - - 3 19,f4e5,798,776,-22
4r3/1B6/1p1k3p/p3p1p1/P3P1n1/3P2B1/1PP3PP/5RK1 w - - 2 26,h2h3,612,593,-19
8/1B6/1p2k2p/p3p1p1/P3P3/3Pn1BP/1PP3P1/6K1 w - - 0 29,c2c3,613,531,-82
8/3k4/1n5p/3Bp1p1/1B2P3/2P4P/5KP1/8 w - - 2 36,c3c4,611,627,16
rnbqkbnr/pppppppp/8/8/8/8/PPPPPPPP/RNBQKBNR w KQkq - 0 1,e2e4,33,36,3
rnbqkbnr/pp1ppppp/8/2p5/4P3/8/PPPP1PPP/RNBQKBNR w KQkq - 0 2,d2d3,46,4,-42
r1bqkbnr/pp1ppppp/2n5/2p5/4P3/3P4/PPP2PPP/RNBQKBNR w KQkq - 1 3,c2c4,1,-29,-30
r2qk2r/4bppp/p1npb1n1/1pp1p3/2P1P3/2NPBN2/PP1Q1PPP/1K1R1B1R w kq - 0 11,c4b5,-45,-236,191
r2qk2r/4bppp/2npb1n1/2p1p3/1p2P3/2NPBN2/PP1QBPPP/1K1R3R w kq - 0 13,b2b3,-301,-658,357
r2qk2r/4bppp/3pb1n1/2p1p3/1n2P3/1PQPBN2/P3BPPP/1K1R3R w kq - 1 15,d3d4,-586,-556,-30
5bk1/5p2/3p2p1/8/4P2q/8/5PPP/3K4 w - - 0 28,g2g3,-785,-816,31
5bk1/5p2/6p1/3p4/4P3/4K1P1/5P2/7q w - - 0 31,e4d5,-818,-839,21
5bk1/5p2/6p1/3q4/8/4K1P1/5P2/8 w - - 0 32,f2f4,-800,-833,33
rnbqkbnr/pppppppp/8/8/8/8/PPPPPPPP/RNBQKBNR w KQkq - 0 1,d2d4,37,25,-12
rnbqkbnr/ppp1pppp/8/3p4/3P4/8/PPP1PPPP/RNBQKBNR w KQkq - 0 2,c2c4,23,26,3
rnbqkbnr/ppp2ppp/4p3/3p4/2PP4/8/PP2PPPP/RNBQKBNR w KQkq - 0 3,c4d5,29,19,-10
r1bqkbnr/ppp2ppp/2n5/3p4/3P4/5N2/PP2PPPP/RNBQKB1R w KQkq - 2 5,a2a3,38,14,-24
r1bqk2r/ppp1bppp/2n2n2/3p4/3P4/P1N2N2/1P2PPPP/R1BQKB1R w KQkq - 3 7,h2h3,20,11,-9
r2qk2r/1pp1bppp/p1n1bn2/3p4/3P1B2/P1N2N1P/1P2PPP1/R2QKB1R w KQkq - 0 9,e2e3,52,49,-3
r4rk1/1p1qbppp/p3bn2/2ppB3/3P4/P1NBP2P/1P3PP1/R2QK2R w KQ - 0 13,d4c5,171,140,-31
2r2rk1/1p1qbppp/p3bn2/2PpB3/8/P1NBP2P/1P3PP1/R2QK2R w KQ - 1 14,b2b4,304,275,-29
3r1rk1/1p2bppp/p7/2Pp1q2/1P1Bn3/P1N1P2P/5PP1/R2Q1RK1 w - - 4 18,f2f3,266,174,-92
3r1k2/1p3p2/p3r3/2P2Qpq/1P1B2Nb/P3PP1P/6P1/R2R2K1 w - - 5 30,c5c6,680,712,32
rnbqkbnr/pppppppp/8/8/8/8/PPPPPPPP/RNBQKBNR w KQkq - 0 1,e2e4,33,37,4
rnbqkbnr/ppp3p1/3p3p/4pp2/2B1P3/5N2/PPPP1PPP/RNBQ1RK1 w kq - 0 5,d2d4,276,290,14
rnbqkbnr/pppppppp/8/8/8/8/PPPPPPPP/RNBQKBNR w KQkq - 0 1,e2e4,38,35,-3
rnbqkbnr/pppp1ppp/8/4p3/4P3/8/PPPP1PPP/RNBQKBNR w KQkq - 0 2,d2d4,34,-4,-38
rnbqkbnr/pppp1ppp/8/8/3pP3/8/PPP2PPP/RNBQKBNR w KQkq - 0 3,c2c3,-8,-47,39
rnbqk1nr/pppp1ppp/8/8/1bB1P3/2p5/PP3PPP/RNBQK1NR w KQkq - 2 5,b2c3,32,16,-16
r1b1k2r/ppppqppp/2n2n2/b7/2B1P3/1QP2N2/P4PPP/RNB2RK1 w kq - 7 9,e4e5,56,-90,-146
r1b2rk1/ppp1qppp/2np4/b3P3/2B2Bn1/1QP2N2/P2N1PPP/R4RK1 w - - 0 12,e5d6,-28,-32,4
1r1r2k1/p1Q2ppp/6q1/8/8/7b/P4PPP/R3R1K1 w - - 11 29,g2g3,-557,-556,-1
rnbqkbnr/pppppppp/8/8/8/8/PPPPPPPP/RNBQKBNR w KQkq - 0 1,e2e4,37,34,-3
r1bqkbnr/ppp2ppp/2np4/1B2p3/4P3/5N2/PPPP1PPP/RNBQK2R w KQkq - 0 4,d2d4,55,47,-8
r2q1rk1/ppp1bppp/2np1n2/1B3bB1/4P3/2N5/PPP2PPP/R2Q1RK1 w - - 0 10,e4f5,-16,-16,0
r2q1rk1/2p1bpp1/p1pp1n1p/5P2/7B/2N5/PPP2PPP/R2Q1RK1 w - - 0 13,g2g4,4,-12,-16
r2q1rk1/2p1bpp1/p1p2n1p/3p1P2/6PB/2N5/PPP2P1P/R2Q1RK1 w - - 0 14,h2h3,-1,-12,11
r3r1k1/2p2p2/p1p2p1p/3p1P2/6P1/7P/PPP2P2/R3R1K1 w - - 2 20,f2f3,51,46,-5
8/2p1kp2/p1p2p1p/3p1P2/6P1/4KP1P/PPP5/8 w - - 1 25,c2c3,334,85,-249
8/2p2p2/p1pk1p1p/3p1P2/6P1/2P1KP1P/PP6/8 w - - 1 26,b2b3,119,64,-55
8/2p2p2/p2k1p1p/2pp1P2/6P1/1PP1KP1P/P7/8 w - - 0 27,f3f4,66,111,45
8/5p2/p1pk1p1p/2pp1P2/5PP1/1PP1K2P/P7/8 w - - 0 28,h3h4,105,103,-2
8/5p2/2pk1p1p/p1pp1P2/5PPP/1PP1K3/P7/8 w - - 0 29,a2a3,163,130,-33
8/4kp2/2p2p1p/p1pp1P2/5PPP/PPP1K3/8/8 w - - 1 30,g4g5,154,286,132
8/4kp2/2p4p/p1pp1Pp1/5P1P/PPP1K3/8/8 w - - 0 31,f4g5,359,366,7
8/4kp2/2p5/p1pp1Pp1/7P/PPP1K3/8/8 w - - 0 32,h4g5,354,376,22
8/5p2/2pk4/p1p2PP1/3p1K2/PPP5/8/8 w - - 0 34,c3d4,461,513,52
8/5p2/2pk4/p4PP1/3p1K2/PP6/8/8 w - - 0 35,g5g6,509,599,90
8/8/2pk2p1/p4P2/3p1K2/PP6/8/8 w - - 0 36,f5g6,599,594,-5
8/4k3/2p3P1/p7/3p1K2/PP6/8/8 w - - 1 37,b3b4,575,564,-11
8/4k3/2p3P1/8/1p1p1K2/P7/8/8 w - - 0 38,a3b4,578,564,-14
8/1K1k4/8/8/1P6/8/8/8 w - - 3 44,b4b5,554,550,-4
3k4/1K6/8/1P6/8/8/8/8 w - - 1 45,b5b6,549,531,-18
2k5/K7/1P6/8/8/8/8/8 w - - 3 47,b6b7,561,576,15
rnbqkbnr/pppppppp/8/8/8/8/PPPPPPPP/RNBQKBNR w KQkq - 0 1,d2d4,38,29,-9
rnbqkbnr/pp2pppp/8/2pp4/3P4/5N2/PPP1PPPP/RNBQKB1R w KQkq - 0 3,d4c5,62,57,-5
rnbqkbnr/pp3ppp/4p3/2Pp4/8/5N2/PPP1PPPP/RNBQKB1R w KQkq - 0 4,e2e3,22,0,-22
rnbqk1nr/pp3ppp/4p3/2bp4/8/4PN2/PPP2PPP/RNBQKB1R w KQkq - 0 5,c2c4,2,-3,-5
r1bqk2r/pp3ppp/2n1pn2/3p4/QbP5/2N1PN2/PP3PPP/R1B1KB1R w KQkq - 5 8,c4d5,-3,-5,2
r1bqk2r/pp3ppp/2n1p3/8/Qb6/2n1PN2/PP1B1PPP/R3KB1R w KQkq - 0 10,b2c3,-9,-13,4
2r2rk1/p1q2ppp/1p2p3/8/8/2B1PQ2/P4PPP/2R2RK1 w - - 0 19,h2h3,470,440,-30
2r2rk1/p4ppp/1p2p3/8/2q5/2B1PQ1P/P4PP1/2R2RK1 w - - 1 20,a2a3,460,424,-36
rnbqkbnr/pppppppp/8/8/8/8/PPPPPPPP/RNBQKBNR w KQkq - 0 1,e2e4,41,38,-3
rnbqkbnr/pppp1ppp/4p3/8/4P3/8/PPPP1PPP/RNBQKBNR w KQkq - 0 2,d2d4,51,39,-12
rnbqkbnr/p1pp1ppp/1p2p3/8/3PP3/8/PPP2PPP/RNBQKBNR w KQkq - 0 3,e4e5,95,53,-42
rn1qkbnr/pb1p1ppp/1p2p3/2p1P3/3P4/5N2/PPP2PPP/RNBQKB1R w KQkq - 0 5,c2c3,31,28,-3
rn1qkbnr/pb1p1ppp/1p2p3/4P3/3p4/2P2N2/PP3PPP/RNBQKB1R w KQkq - 0 6,c3d4,75,55,-20
r2qkb1r/pb1p1ppp/1pn1p3/4P3/3P4/4nN2/PP2BPPP/RN1Q1RK1 w kq - 0 10,f2e3,10,5,-5
r2q1rk1/pb1pb1pp/1pn1p3/4Pp2/3P4/2NBPN2/PP4PP/R2Q1RK1 w - f6 0 13,e5f6,27,64,37
r2q1rk1/pb1p2p1/1p2pbp1/8/3P4/2N1PN2/PP1Q2PP/R4RK1 w - - 0 17,e3e4,7,-35,-42
r2q1rk1/pb4p1/1p1p1bp1/4p3/3PP3/2N2N2/PP1Q2PP/3R1RK1 w - - 0 19,d4d5,45,-45,-90
2r2rk1/p3q1p1/bp1p1bp1/3Pp3/4P3/2N1QN2/PP4PP/3RR1K1 w - - 5 22,a2a3,-52,-62,10
5rk1/p4rp1/bp1p1q2/3Pp3/4P3/P1N2NQ1/1P4PP/4R1K1 w - - 5 29,h2h3,-170,-158,-12
rnbqkbnr/pppppppp/8/8/8/8/PPPPPPPP/RNBQKBNR w KQkq - 0 1,c2c4,39,7,-32
rnbqkbnr/ppp2ppp/3p4/4p3/2P5/2N5/PP1PPPPP/R1BQKBNR w KQkq - 0 3,e2e4,32,8,-24
r1bqk2r/pp2bppp/2np1n2/2p1p3/2P1P3/2N2N2/PP1PBPPP/R1BQ1RK1 w kq - 4 7,d2d3,13,17,4
r1bq1rk1/pp2bppp/2np1n2/2p1p3/2P1P3/2NP1N2/PP2BPPP/R1BQ1RK1 w - - 1 8,h2h3,18,0,-18
r1bq1rk1/1p2bppp/3p1n2/p1p1p3/2PnP3/2NP3P/PP2BPPN/R1BQ1RK1 w - - 2 10,f2f4,28,21,-7
r2q1rk1/1p1bbppp/3p1n2/p1p1p3/2P1PP2/2NP3P/PP2Q1PN/R1B2RK1 w - - 1 12,f4f5,141,134,-7
1r1q1rk1/1p1bbppp/3p1n2/p1p1pP2/2P1P3/2NP3P/PP2Q1PN/R1B2RK1 w - - 1 13,a2a4,215,207,-8
1r1q1rk1/1p2bppp/2bp1n2/p1p1pP2/P1P1P3/2NP3P/1P2Q1PN/R1B2RK1 w - - 1 14,b2b3,214,199,-15
1r2q1rk/1p1nb2p/2bp1p2/p1p1pPp1/P1P1P1Q1/1PNPB1RP/6PN/5RK1 w - g6 0 20,f5g6,132,91,-41
5n1r/3bb1k1/1p1p2p1/p1p1pp2/P1P1P3/1P1PB1NP/4KNP1/5R2 w - - 0 29,e4f5,-135,-155,20
8/8/1pnpk1r1/p1p1pb2/P1P1Np1b/1PBP1K1P/5NP1/6R1 w - - 18 40,g2g4,-121,-116,-5
8/8/1pnpk1r1/p1p1pb2/P1P1NpP1/1PBP1KbP/5N2/6R1 w - - 1 41,g4f5,453,493,40
8/8/1p6/p2ppk2/P1PpNp1b/1P1P3P/5NK1/8 w - - 0 47,c4d5,528,525,-3
8/8/1p4k1/p2Pp3/P2pNp1b/1P1P3P/5NK1/8 w - - 1 48,d5d6,570,538,-32
3b4/6N1/2kPK3/p3p3/p2pN3/1P1P3P/8/8 w - - 0 59,b3a4,789,821,32
rnbqkbnr/pppppppp/8/8/8/8/PPPPPPPP/RNBQKBNR w KQkq - 0 1,d2d4,37,30,-7
rnbqkbnr/ppp2ppp/4p3/3p4/3P4/2N5/PPP1PPPP/R1BQKBNR w KQkq - 0 3,e2e3,37,-18,-55
r1bq1rk1/ppp1bppp/2n1pn2/3p4/3P4/2N1P3/PPPBQPPP/2KR1BNR w - - 7 7,a2a3,-29,-163,134
r1b2rk1/ppp1qppp/2nbpn2/3p4/3P4/P1N1P3/1PPBQPPP/1K1R1BNR w - - 3 9,h2h3,12,-157,-169
5rk1/2p1qppp/rpnbp3/p7/3Pp3/P3P2P/NPPB1PP1/1K1RQ2R w - - 0 16,g2g4,86,-84,-170
5rk1/2p2ppp/r1nqp3/p7/3P2P1/p3P2P/1PPB1P2/1K1RQ2R w - - 0 20,b2b3,-220,-179,-41
5rk1/2p2ppp/r1nqp3/8/p2P2P1/pP2P2P/2PB1P2/1K1RQ2R w - - 0 21,b3b4,-163,-318,155
1r4k1/2p2ppp/r1nqp3/8/pP1P2P1/p3P2P/2PB1P2/1K1RQ2R w - - 1 22,c2c3,-315,-463,148
1r4k1/n1p2ppp/r3p3/8/1P1P2P1/p1PqP2P/R2B1P2/K1Q4R w - - 1 29,f2f4,106,38,-68
1r4k1/n4ppp/r3p3/2p5/1P1P1PP1/p1PqP2P/R2B4/K1Q4R w - - 0 30,d4c5,128,215,87
r3r1k1/5ppp/4p3/1nP5/1Pq2PP1/p1P1P2P/R1Q5/K2RB3 w - - 7 34,e3e4,385,71,-314
6k1/5ppp/4p3/1nP5/1P2PPP1/p1Pr3P/R2B4/K7 w - - 2 39,h3h4,293,261,-32
6k1/5ppp/4p3/2P5/4rPPP/2R5/2K5/8 w - - 0 45,c5c6,509,512,3
5k2/5ppp/2P1p3/8/4rPPP/2R5/2K5/8 w - - 1 46,c6c7,583,597,14
5k2/2P2ppp/4p3/8/5PPP/2RK4/8/4r3 w - - 3 48,c7c8q,10000,10000,0
8/1Q3ppp/4pk2/8/5PPP/2RK4/8/4r3 w - - 3 50,g4g5,730,735,5
8/1Q3ppp/4p1k1/6P1/5P1P/2RK4/8/4r3 w - - 1 51,h4h5,801,716,-85
8/5ppp/4p1k1/6P1/5P2/2RK1Q2/8/4r3 w - - 2 53,f4f5,722,674,-48
rnbqkbnr/pppppppp/8/8/8/8/PPPPPPPP/RNBQKBNR w KQkq - 0 1,e2e4,40,36,-4
rnbqkbnr/pp1ppppp/8/2p5/4P3/8/PPPP1PPP/RNBQKBNR w KQkq - 0 2,c2c3,39,31,-8
rnbqkbnr/pp1p1ppp/4p3/2p5/4P3/2P5/PP1P1PPP/RNBQKBNR w KQkq - 0 3,d2d4,36,38,2
rnbqkbnr/pp1p1ppp/4p3/8/3pP3/2P5/PP3PPP/RNBQKBNR w KQkq - 0 4,c3d4,44,39,-5
r1bqk2r/1p1pnppp/p1n1p3/8/1b1PP3/2N2N2/PP1B1PPP/R2QKB1R w KQkq - 6 8,a2a3,207,98,-109
r1bq1rk1/1p1pn1pp/p1n1p3/5p2/3PP3/P1BB1N2/1P3PPP/R2QK2R w KQ - 0 11,e4f5,129,120,-9
5Q2/1p4pk/p7/6q1/3pb3/P3R3/1P1K1P1P/R7 w - - 0 28,f2f4,354,-36,-390
6k1/6p1/1p6/p6Q/5P2/6K1/1q5P/8 w - - 8 51,f4f5,0,-278,-278
rnbqkbnr/pppppppp/8/8/8/8/PPPPPPPP/RNBQKBNR w KQkq - 0 1,d2d4,37,28,-9
rnbqkbnr/ppp1pppp/8/3p4/3P4/8/PPP1PPPP/RNBQKBNR w KQkq - 0 2,c2c4,29,31,2
rnbqkbnr/pp2pppp/2p5/8/2pP4/2N5/PP2PPPP/R1BQKBNR w KQkq - 0 4,e2e3,23,18,-5
rn1q1bnr/pp1bkBpp/2p2p2/4p3/3P4/1QN1P3/PP3PPP/R1B1K1NR w KQ - 4 8,d4e5,547,347,-200
rn1q1bnr/pp1bkBpp/2p5/4p3/8/1QN1P3/PP3PPP/R1B1K1NR w KQ - 0 9,e3e4,582,320,-262
rnbqkbnr/pppppppp/8/8/8/8/PPPPPPPP/RNBQKBNR w KQkq - 0 1,e2e4,36,39,3
rnbqkbnr/ppp2ppp/3p4/4p3/4P3/5N2/PPPP1PPP/RNBQKB1R w KQkq - 0 3,h2h3,47,29,-18
rn1qkbnr/1ppb1pp1/3p3p/p3p3/2B1P3/5N1P/PPPP1PP1/RNBQ1RK1 w kq - 2 6,a2a3,109,75,-34
r1q1kb1r/1ppb1pp1/2np1n1p/p3p3/2B1P3/P4N1P/1PPP1PPK/RNBQR3 w kq - 5 9,c2c3,65,0,-65
r1q1kb1r/1ppb1pp1/2np3p/p3p2n/2B1P3/P1P2N1P/1P1P1PPK/RNBQR3 w kq - 1 10,d2d4,125,128,3
r1q1kb1r/1ppb1p2/2np3p/p3p1pn/2BPP3/P1P2N1P/1P3PPK/RNBQR3 w kq - 0 11,d4e5,197,49,-148
r1q1kb1r/1ppb1p2/2np3p/p3P3/2B1Pp2/P1P2N1P/1P3PPK/RN1QR3 w kq - 0 13,e5e6,347,108,-239
r1qkbb1r/1pp1n3/3p3p/p3pN2/2B1Pp1Q/P1P4P/1P3PPK/RN2R3 w - - 6 18,b2b4,553,379,-174
r1k3B1/1ppbb3/3p4/p3p2p/1P2Pp2/P1P4P/3N1PPK/R3R3 w - - 0 24,f2f3,591,483,-108
2k5/r7/3p4/1B2p3/1Pp1Pp1p/P1P1bP1P/4R1PK/R7 w - - 3 34,a3a4,639,631,-8
2k5/6r1/3p4/1B2p3/PPp1Pp1p/2P1bP1P/4R1PK/R7 w - - 1 35,a4a5,676,607,-69
8/k5r1/2Bp4/P3p3/1Pp1Pp1p/2P1bP1P/4R1PK/R7 w - - 3 37,b4b5,691,720,29
8/k1r5/2Bp4/PP2p3/2p1Pp1p/2P1bP1P/4R1PK/R7 w - - 1 38,b5b6,812,846,34
8/k1r5/1bBp4/P3p3/2p1Pp1p/2P2P1P/4R1PK/R7 w - - 0 39,a5b6,887,874,-13
rnbqkbnr/pppppppp/8/8/8/8/PPPPPPPP/RNBQKBNR w KQkq - 0 1,e2e4,41,41,0
rnbqkb1r/ppp2ppp/5n2/4p3/8/6N1/PPPP1PPP/R1BQKBNR w KQkq - 2 5,d2d4,1,-81,-82
r1bqkb1r/ppp2ppp/2n2n2/4p3/3P4/6N1/PPP2PPP/R1BQKBNR w KQkq - 1 6,d4e5,-78,-132,54
r1b1k2r/ppp2ppp/5b2/8/8/5nN1/PPP2PPP/R2K1B1R w kq - 0 11,g2f3,-287,-291,4
1rb1k2r/p1p3pp/1p3p2/3Bb3/8/5PN1/P1P2P1P/1R1KR3 w k - 0 16,f3f4,335,340,5
1rb2k1r/p1p3pp/1p3p2/3Bb3/5P2/6N1/P1P2P1P/1R1KR3 w - - 1 17,f4e5,439,434,-5
8/8/1p6/4N3/8/8/PKP3kp/8 w - - 0 43,c2c4,-430,-493,63
8/8/1p6/8/1NPq4/1K3k2/P7/8 w - - 6 47,a2a3,-487,-526,39
rnbqkbnr/pppppppp/8/8/8/8/PPPPPPPP/RNBQKBNR w KQkq - 0 1,e2e4,41,40,-1
rnbqkbnr/pp2pppp/3p4/2p5/4P3/5N2/PPPP1PPP/RNBQKB1R w KQkq - 0 3,d2d4,56,56,0
rnbqkbnr/pp2pppp/3p4/8/3pP3/5N2/PPP2PPP/RNBQKB1R w KQkq - 0 4,c2c3,45,-16,-61
r1bqkbnr/pp2pppp/2np4/8/3pP3/2P2N2/PP3PPP/RNBQKB1R w KQkq - 1 5,c3d4,115,104,-11
r1bqr1k1/pp2bpp1/2np1n1p/4p3/3PP2B/2NB1N2/PP2QPPP/R4RK1 w - - 0 12,d4d5,47,22,-25
r2qr1k1/pp2bpp1/3p1n1p/1N1P4/3pP1bB/3B4/PP2QPPP/R4RK1 w - - 2 15,f2f3,201,198,-3
r2qr1k1/1p1bbpp1/p2p1n1p/3P4/3NP2B/3B1P2/PP2Q1PP/R4RK1 w - - 0 17,a2a4,217,9,-208
r2qr1k1/3bbpp1/p2p1n1p/1p1P4/P2NP2B/3B1P2/1P2Q1PP/R4RK1 w - - 0 18,a4b5,266,230,-36
4r1k1/2qbbpp1/3p3p/3P3n/3NP3/3BBP2/1P2Q1PP/R5K1 w - - 11 26,g2g4,361,335,-26
4r1k1/2qbbpp1/3p1n1p/3P4/3NP1P1/3BBP2/1P2Q2P/R5K1 w - - 1 27,g4g5,322,172,-150
rnbqkbnr/pppppppp/8/8/8/8/PPPPPPPP/RNBQKBNR w KQkq - 0 1,d2d4,40,34,-6
rnbqkbnr/ppp1pppp/8/3p4/3P4/8/PPP1PPPP/RNBQKBNR w KQkq - 0 2,c2c4,33,32,-1
rn1qkbnr/ppp1pppp/8/3p1b2/2PP4/8/PP2PPPP/RNBQKBNR w KQkq - 1 3,e2e3,88,23,-65
rn1qkbnr/ppp2ppp/4p3/3p1b2/2PP4/4P3/PP3PPP/RNBQKBNR w KQkq - 0 4,a2a3,16,2,-14
rn1qr1k1/5pp1/p1pb3p/1p2Np2/3Pn3/P3PN2/1PQ2PPP/R1B2RK1 w - - 4 15,b2b4,2,17,15
r3r1k1/2q2pp1/3b3p/1Q3p2/3P4/p3P3/3N1PPP/R4RK1 w - - 1 21,h2h3,-54,-116,62
8/5k2/2N2p1p/5pp1/3P4/4P1KP/5PP1/r7 w - - 0 33,f2f4,-81,-176,95
8/5k2/2N2p1p/5pp1/3P1P2/r3P1KP/6P1/8 w - - 1 34,f4g5,-128,-175,47
8/8/8/3kNppp/3P4/4PK1P/3r2P1/8 w - - 6 41,g2g4,-151,-345,194
8/8/8/3kNpp1/3P2p1/4PK1P/3r4/8 w - - 0 42,h3g4,-12,-11,-1
8/8/8/3kN1p1/3P1pP1/4PK2/3r4/8 w - - 0 43,e3f4,-30,-37,7
rnbqkbnr/pppppppp/8/8/8/8/PPPPPPPP/RNBQKBNR w KQkq - 0 1,e2e4,42,39,-3
rnbqkbnr/pppp1ppp/4p3/8/4P3/8/PPPP1PPP/RNBQKBNR w KQkq - 0 2,f2f4,45,-13,-58
rnb1kbnr/pppp1ppp/4pq2/8/4PP2/8/PPPP2PP/RNBQKBNR w KQkq - 1 3,d2d4,89,96,7
rnbqkbnr/pppppppp/8/8/8/8/PPPPPPPP/RNBQKBNR w KQkq - 0 1,e2e4,38,32,-6
rnbqkbnr/pppp1ppp/8/4p3/4P3/8/PPPP1PPP/RNBQKBNR w KQkq - 0 2,d2d4,40,0,-40
r1bqk2r/p1p1bppp/2pp1n2/8/4P3/2N1Q3/PPP2PPP/R1B1K1NR w KQkq - 0 8,e4e5,-12,-148,136
1r1q2k1/pbp2ppp/2pb1n2/6r1/8/2N2Q2/PPP2PPP/R2R2K1 w - - 0 17,g2g3,-764,-786,22
1r4k1/pbp2ppp/2pb4/5qr1/8/6P1/PPP2PQP/R2R2K1 w - - 3 21,f2f3,-725,-782,57
1r4k1/pbp2ppp/6q1/2p3r1/8/5Pb1/PPP3QP/4RRK1 w - - 0 24,h2g3,-794,-861,67
rnbqkbnr/pppppppp/8/8/8/8/PPPPPPPP/RNBQKBNR w KQkq - 0 1,e2e4,37,38,1
r1bqkbnr/pppp1ppp/2n5/4p3/4P3/5N2/PPPP1PPP/RNBQKB1R w KQkq - 2 3,d2d3,33,-1,-34
r1bqkbnr/pppp2pp/2n5/4pp2/4P3/3P1N2/PPP2PPP/RNBQKB1R w KQkq - 0 4,e4f5,21,-48,-69
r2qk1nr/ppp3pp/2nb4/3ppb2/8/3P1N2/PPPBQPPP/RN2KB1R w KQkq - 2 7,d3d4,-167,-290,123
rnbqkbnr/pppppppp/8/8/8/8/PPPPPPPP/RNBQKBNR w KQkq - 0 1,e2e3,40,19,-21
rn1qkb1r/pppb1ppp/5n2/Q2pp3/8/4P3/PPPP1PPP/RNB1KBNR w KQkq - 4 5,e3e4,-201,-526,325
rn1qk2r/p1pb1ppp/1p6/2bpp3/4n3/4Q3/PPPP1PPP/RNB1KBNR w KQkq - 2 8,d2d4,-574,-623,49
rn1q1rk1/p1pb1ppp/1p6/3pp3/3bn3/5Q2/PPP2PPP/RNB1KBNR w KQ - 2 10,c2c3,-588,-692,104
rn1q1rk1/p1pb1ppp/1p6/2bpp3/4n3/2P2Q2/PP3PPP/RNB1KBNR w KQ - 1 11,g2g3,-486,-702,216
rn1q1rk1/p1p2ppp/1pb5/2b1pQ2/4n3/2P1p1P1/PP3P1P/RN2KBNR w KQ - 0 14,f2e3,-837,-883,46
rnbqkbnr/pppppppp/8/8/8/8/PPPPPPPP/RNBQKBNR w KQkq - 0 1,e2e4,33,36,3
r1bqk2r/p1p2ppp/2pp1n2/2b1p3/4P3/2N2N2/PPPP1PPP/R1BQ1RK1 w kq - 2 7,d2d3,22,-8,-30
r3k2r/p1p2pp1/2pp3p/2b1p3/N3P3/3P1q2/PPP2PPP/R4RK1 w kq - 0 12,g2f3,-35,-33,-2
r3k2r/p1p2pp1/2pp3p/4p3/N2bP3/3P1P2/PPP2P1P/R4RK1 w kq - 1 13,c2c3,-27,-30,3
r3k2r/p1p2pp1/1bpp3p/4p3/N3P3/2PP1P2/PP3P1P/R4RK1 w kq - 1 14,b2b4,-18,-36,18
r3k2r/2p2pp1/1bpp3p/4p3/1p2P3/2PP1P2/PN3P1P/R4RK1 w kq - 0 16,c3b4,-317,-316,-1
4k2r/2p2pp1/2pp3p/4p3/rP1bP3/3P1P2/PN3P1P/RR4K1 w k - 3 18,a2a3,426,-99,-525
r4rk1/2p3p1/2pp3p/N3p3/1P1bp3/P2P1P2/R4P1P/1R4K1 w - - 0 22,d3e4,-24,-125,101
8/2p3pk/1b1p2rp/3Np3/1P2P3/P6r/R3RP1P/5K2 w - - 11 29,f2f3,-9,-10000,9991
8/6pk/3pN2p/4p3/1P2P3/P3br2/R1K1R2P/6r1 w - - 5 35,b4b5,52,-123,-175
2r5/6pk/3pN2p/1P2p3/4P3/P3br2/RK2R2P/8 w - - 3 37,a3a4,-38,-23,-15
8/7k/3p3p/1P1Np1p1/PK2P3/8/7r/8 w - - 0 49,b5b6,81,52,-29
8/7k/1P1p3p/3Np3/PK2P1p1/8/7r/8 w - - 0 50,a4a5,41,-195,-236
8/7k/1P1p3p/P2Np3/1K2P3/6p1/7r/8 w - - 0 51,a5a6,-193,-474,281
8/7k/PP1p3p/3Np3/2K1P3/8/1r4p1/8 w - - 0 53,b6b7,-695,-897,202
rnbqkbnr/pppppppp/8/8/8/8/PPPPPPPP/RNBQKBNR w KQkq - 0 1,d2d4,32,28,-4
rnbqkbnr/ppp1pppp/8/3p4/3P4/8/PPP1PPPP/RNBQKBNR w KQkq - 0 2,c2c4,34,35,1
r1bqkbnr/ppp1pppp/8/8/2Qn4/8/PP2PPPP/RNB1KBNR w KQkq - 0 5,e2e3,-111,-135,24
r3kbnr/ppp1pppp/4b3/8/3q4/4P3/PP3PPP/RNB1KBNR w KQkq - 0 7,e3d4,443,398,-45
2kr1b1r/ppp1pppp/8/3b4/3P2n1/3BBN2/PP3PPP/RN2K2R w KQ - 7 11,h2h3,496,362,-134
2kr1b1r/ppp2ppp/4p3/3b4/3P2n1/3BBN1P/PP3PP1/RN2K2R w KQ - 0 12,h3g4,599,635,36
2kr3r/ppp2ppp/4p3/3b4/3P2P1/2bBBN2/PP3PP1/R3K2R w KQ - 0 14,b2c3,703,700,-3
2kr3r/ppp2ppp/4p3/8/3P2P1/2PBBb2/P4PP1/R3K2R w KQ - 0 15,g2f3,779,755,-24
1k1r3r/ppp2ppp/8/4pB2/3P2P1/2P1BP2/P4P2/R3K2R w KQ - 2 17,d4e5,740,752,12
1k1rr3/ppp2p1p/6p1/4P3/6P1/2P1BP2/P1B2P2/R3K2R w KQ - 2 19,f3f4,760,783,23
1k1rr3/ppp2p2/6p1/4P2p/5PP1/2P1B3/P1B2P2/R3K2R w KQ - 0 20,g4h5,811,818,7
rnbqkbnr/pppppppp/8/8/8/8/PPPPPPPP/RNBQKBNR w KQkq - 0 1,d2d4,37,34,-3
rnbqkbnr/pppp1ppp/4p3/8/3P4/8/PPP1PPPP/RNBQKBNR w KQkq - 0 2,c2c4,46,30,-16
rnbqk2r/ppp1bppp/4pn2/3p2B1/2PP4/2N5/PP2PPPP/R2QKBNR w KQkq - 4 5,e2e3,33,29,-4
rnbq1rk1/4bppp/p1p1pn2/1p1p2B1/2PP4/2NBPN2/PP3PPP/R2Q1RK1 w - - 0 9,c4b5,150,43,-107
rnbq1rk1/4bppp/p3pn2/1p1p2B1/3P4/2NBPN2/PP3PPP/R2Q1RK1 w - - 0 10,a2a3,71,33,-38
rn1q1rk1/1b2bppp/p3pn2/1p1p2B1/3P4/P1NBPN2/1P3PPP/R2Q1RK1 w - - 1 11,b2b4,63,29,-34
2r2rk1/1b3ppp/p3pb2/1p4q1/1PpP1N2/P3P3/2B2PPP/2RQ1RK1 w - - 4 19,f2f3,-157,-321,164
2r2rk1/1b3ppp/p4b2/1p2p1q1/1PpP1N2/P3PP2/2B3PP/2RQ1RK1 w - - 0 20,d4e5,-285,-293,8
rnbqkbnr/pppppppp/8/8/8/8/PPPPPPPP/RNBQKBNR w KQkq - 0 1,d2d4,36,28,-8
rnbqkbnr/ppp1pppp/3p4/8/3P4/8/PPP1PPPP/RNBQKBNR w KQkq - 0 2,c2c4,59,29,-30
rnbqkbnr/1pp1pppp/p2p4/8/2PP4/8/PP2PPPP/RNBQKBNR w KQkq - 0 3,e2e4,64,60,-4
r2qkbnr/1pp1pppp/p1np4/8/2PPP1b1/5N2/PP3PPP/RNBQKB1R w KQkq - 3 5,d4d5,93,86,-7
r2qkbnr/1pp1pppp/p2p4/3Pn3/2P1P3/5b2/PP2BPPP/RNBQK2R w KQkq - 0 7,g2f3,109,114,5
r2qk2r/2p1bppp/p2p1nn1/1p1Pp3/2P1P3/2N1BP2/PPQ1BP1P/2KR3R w kq - 0 12,c4b5,271,275,4
r2qk2r/2pnbppp/3p2n1/1B1Pp3/4P3/2N1BP2/PPQ2P1P/2KR3R w kq - 1 14,b2b3,310,244,-66
r2q1rk1/2pnbppp/3p2n1/1B1Pp3/4P3/1PN1BP2/P1Q2P1P/2KR3R w - - 1 15,a2a4,255,238,-17
r2q1rk1/2p2ppp/6n1/1BpPp1b1/P3P3/1PN2P2/3Q1P1P/2KR3R w - - 2 18,f3f4,-502,-516,14
r2q1rk1/2p2ppp/8/1BpPp3/P3Pn2/1PN5/2KR1P1P/7R w - - 1 21,f2f3,-504,-566,62
1r3rk1/2N2ppp/2B5/3Pp3/P1p1Pn1q/1P3P2/2KR3P/7R w - - 0 25,b3c4,-490,-509,19
5rk1/2N2ppp/6r1/1B1Pp3/P1P1Pn1q/5P2/2KR3P/7R w - - 3 27,d5d6,-363,-377,14
5rk1/6pp/3Pp3/1B2p3/P1P1P2q/5P2/2KR3P/8 w - - 0 31,d6d7,-265,-347,82
3r2k1/3P2pp/4p3/1B2p3/P1P1P2q/5P2/2KR3P/8 w - - 1 32,c4c5,-178,-172,-6
3r2k1/3Pq1pp/4p3/1BP1p3/P3P3/5P2/2KR3P/8 w - - 1 33,c5c6,-235,-216,-19
3r2k1/3P2pp/2P1p3/1B2p3/P3q3/8/2R5/1K6 w - - 0 46,c6c7,506,511,5
rnbqkbnr/pppppppp/8/8/8/8/PPPPPPPP/RNBQKBNR w KQkq - 0 1,e2e4,39,36,-3
rnbqkbnr/pp1ppppp/8/2p5/4P3/8/PPPP1PPP/RNBQKBNR w KQkq - 0 2,d2d4,45,13,-32
r1bqkbnr/pp2pppp/2np4/8/4P3/4Q3/PPP2PPP/RNB1KBNR w KQkq - 0 5,f2f4,8,-5,-13
r2qkb1r/1b2pppp/p1np1n2/1p6/4PP2/1B2Q3/PPP3PP/RNB1K1NR w KQkq - 2 9,c2c3,-109,-98,-11
r3kb1r/1b2pppp/pq1p1n2/1p6/2n1PP2/2P5/PPB1Q1PP/RNB1K1NR w KQkq - 5 12,b2b3,11,-74,-85
rnbqkbnr/pppppppp/8/8/8/8/PPPPPPPP/RNBQKBNR w KQkq - 0 1,e2e4,32,34,2
rn1qkbnr/pb1ppppp/1p6/2p5/2B1P3/5N2/PPPP1PPP/RNBQK2R w KQkq - 2 4,d2d4,55,31,-24
r2qk1nr/pb1p1pbp/1pn1p1p1/8/2B1P3/4QN2/PPP2PPP/RNB1K2R w KQkq - 2 9,c2c3,-33,-314,281
r2qk2r/pb1pnpbp/1pn1p1p1/8/2B1P3/2P1QN2/PP3PPP/RNB1K2R w KQkq - 1 10,e4e5,-50,-228,178
r2q1r1k/p3npbp/1p2p1p1/3p4/2n3N1/2PB1Q2/PP3PPP/R1B2RK1 w - - 4 18,b2b3,-65,-183,118
r2q1r2/p3npkp/1p2p1p1/3p4/8/1PPB1Q2/P4PPP/R4RK1 w - - 0 22,h2h4,-175,-226,51
2rq1r2/p3npkp/1p2p1p1/3p4/7P/1PPB1Q2/P4PP1/R4RK1 w - - 1 23,h4h5,-184,-203,19
2rq1r2/p4pkp/1p2p1p1/3p1n1P/8/1PPB1Q2/P4PP1/R4RK1 w - - 1 24,h5g6,-196,-156,-40
8/p5kp/Bp2prp1/3p4/3n4/1P6/P1r2PP1/R4RK1 w - - 4 30,f2f3,-393,-416,23
8/p5kp/Bp2pr2/3p2p1/8/1P3P2/P1r3P1/R4K2 w - - 0 34,a2a4,-549,-563,14
8/p5kp/Bp2pr2/3p4/P7/1P3p2/2r3P1/4RK2 w - - 0 36,g2f3,-705,-680,-25
rnbqkbnr/pppppppp/8/8/8/8/PPPPPPPP/RNBQKBNR w KQkq - 0 1,e2e4,36,38,2
rnbqkbnr/pppp1ppp/8/4p3/4P3/8/PPPP1PPP/RNBQKBNR w KQkq - 0 2,d2d4,44,3,-41
rnbqkbnr/pppp1ppp/8/8/3pP3/8/PPP2PPP/RNBQKBNR w KQkq - 0 3,c2c3,-2,-44,42
rnbqk1nr/pppp1ppp/8/2b5/3pP3/2P5/PP3PPP/RNBQKBNR w KQkq - 1 4,c3d4,63,76,13
rnbqk1nr/ppp2ppp/8/3p4/3PP3/8/PP1Q1PPP/RN2KBNR w KQkq - 0 7,e4e5,38,34,-4
r5r1/p1p2k1p/2p2p2/8/3N4/7b/PP3PPP/R3R1K1 w - - 6 21,g2g3,61,85,24
8/R6p/5pk1/8/8/6Pb/PP1r1P1P/4R1K1 w - - 1 28,b2b4,503,507,4
8/R6p/5pk1/8/1P6/6Pb/Pr3P1P/4R1K1 w - - 1 29,a2a3,507,499,-8
8/8/5pkp/R7/1P6/Pr4Pb/5P1P/4R1K1 w - - 0 31,b4b5,527,532,5
8/8/5pk1/RP5p/8/Pr4Pb/5P1P/4R1K1 w - - 0 32,a3a4,519,492,-27
rnbqkbnr/pppppppp/8/8/8/8/PPPPPPPP/RNBQKBNR w KQkq - 0 1,d2d4,40,27,-13
rnbqkbnr/pppppp1p/6p1/8/3P4/8/PPP1PPPP/RNBQKBNR w KQkq - 0 2,e2e3,69,25,-44
rnbqk1nr/p1ppppbp/1p4p1/8/3P4/4PN2/PPP2PPP/RNBQKB1R w KQkq - 0 4,a2a3,59,15,-44
rn1qk1nr/pbppppbp/1p4p1/8/3P4/P3PN2/1PP2PPP/RNBQKB1R w KQkq - 1 5,b2b4,16,-7,-23
rn1qk1nr/pbp2pbp/1p2p1p1/3p4/1P1P4/P3PN2/1BP2PPP/RN1QKB1R w KQkq - 0 7,c2c4,34,36,2
rn1qk1nr/p1p2pbp/bp2p1p1/3p4/1PPP4/P3PN2/1B3PPP/RN1QKB1R w KQkq - 1 8,b4b5,80,59,-21
rn1qk1nr/1bp2pbp/pp2p1p1/1P1p4/2PP4/P1N1PN2/1B3PPP/R2QKB1R w KQkq - 0 10,a3a4,52,38,-14
rn1qk1nr/1bp2pbp/1p2p1p1/1p1p4/P1PP4/2N1PN2/1B3PPP/R2QKB1R w KQkq - 0 11,c4b5,55,50,-5
rn1q1rk1/1b2npbp/1p2p1p1/1Ppp4/P2P4/1Q2PNN1/1B3PPP/R3KB1R w KQ - 0 15,d4c5,6,-6,-12
rn1q1r2/1b2npkp/4p1p1/1Pp5/P2p4/2Q1PNN1/5PPP/R3KB1R w KQ - 0 18,e3d4,58,58,0
r4r2/1b1nnpkp/4p1p1/1P6/P2N4/6N1/5PPP/R3KB1R w KQ - 1 21,f2f3,155,11,-144
r4r2/1b1nn1kp/4p1p1/1P3p2/P2N4/5PN1/6PP/R3KB1R w KQ - 0 22,a4a5,512,162,-350
r1r5/1b2n2p/4Nkp1/PP2np2/R1B5/5PN1/6PP/4K2R w K - 3 26,a5a6,105,1,-104
r7/1b2n2p/P3Nkp1/1P2np2/R1r5/5PN1/6PP/4K2R w K - 0 27,a6b7,194,7,-187
8/1P6/5kp1/1P3p1p/8/5P2/4K3/8 w - - 0 39,b7b8q,734,857,123
rnbqkbnr/pppppppp/8/8/8/8/PPPPPPPP/RNBQKBNR w KQkq - 0 1,e2e4,35,41,6
r1bqk1nr/pppp1ppp/2n5/2b1p3/2B1P3/5N2/PPPP1PPP/RNBQK2R w KQkq - 4 4,c2c3,21,18,-3
r1bq1rk1/pppp1ppp/2n2n2/2b1p3/2B1P3/2P2N2/PP1P1PPP/RNBQ1RK1 w - - 3 6,d2d4,81,83,2
r1bq1rk1/pppp1ppp/2n2n2/2b5/2BpP3/2P2N2/PP3PPP/RNBQ1RK1 w - - 0 7,c3d4,184,192,8
r1bq1rk1/pppp1ppp/1bn2n2/8/2BPP3/5N2/PP3PPP/RNBQ1RK1 w - - 1 8,d4d5,205,193,-12
r1bq1rk1/pp1p1ppp/1b3n2/n1pP4/4P3/3B1N2/PP3PPP/RNBQ1RK1 w - c6 0 10,a2a3,389,96,-293
r2q1rk1/pp3p2/1b1p1n1p/n2P2p1/2p1P1b1/P4NB1/1PB2PPP/RN1Q1RK1 w - - 2 15,h2h3,52,58,6
r2qr1k1/pp3p2/1b1p1n1p/n2P2pb/2p1P3/P4NBP/1PB2PP1/RN2QRK1 w - - 3 17,e4e5,-87,-230,143
rnbqkbnr/pppppppp/8/8/8/8/PPPPPPPP/RNBQKBNR w KQkq - 0 1,e2e4,36,41,5
rnbqkbnr/pppp1ppp/8/4p3/4P3/8/PPPP1PPP/RNBQKBNR w KQkq - 0 2,f2f4,40,-31,-71
rnbqk1nr/ppppbppp/8/8/4Pp2/5N2/PPPP2PP/RNBQKB1R w KQkq - 2 4,g2g3,-48,-160,112
rnbqk1nr/ppppbppp/8/8/4P3/5Np1/PPPP3P/RNBQKB1R w KQkq - 0 5,h2g3,-160,-158,-2
rnbqk1nr/ppp1bppp/8/3p4/4P3/5NP1/PPPP4/RNBQKB1R w KQkq - 0 6,e4e5,-159,-233,74
rn1qk1nr/ppp1bppp/8/3pP3/6b1/5NP1/PPPP4/RNBQKB1R w KQkq - 1 7,d2d4,-162,-155,-7
rn1qk1nr/pp2bppp/8/2ppP3/3P2b1/5NP1/PPP5/RNBQKB1R w KQkq - 0 8,c2c3,-154,-206,52
r2qk1nr/pp2bppp/2n5/1B1pP3/3p2b1/2P2NP1/PP6/RNBQK2R w KQkq - 0 10,c3d4,-207,-197,-10
r3k1nr/p5pp/2p2p2/3pP3/3P2bN/2q3P1/PP6/R1B1K2R w KQkq - 0 16,b2c3,11,0,-11
r3k1nr/p5pp/2p5/3pp3/3P2bN/2P3P1/P7/R1B1K2R w KQkq - 0 17,d4e5,238,-51,-289
r5k1/p5pp/2p5/3pPr2/4bB2/2P3P1/P4R2/4R1K1 w - - 6 23,g3g4,-108,-96,-12
r5k1/p4rpp/2p5/3pP3/4bBP1/2P5/P4R2/4R1K1 w - - 1 24,g4g5,-89,-164,75
6k1/6pp/8/2ppB3/4b1K1/2P5/P4r2/4R3 w - - 2 33,a2a4,-204,-267,63
rnbqkbnr/pppppppp/8/8/8/8/PPPPPPPP/RNBQKBNR w KQkq - 0 1,e2e4,35,33,-2
rnbqkb1r/pppp1ppp/5n2/4p3/2B1P3/8/PPPP1PPP/RNBQK1NR w KQkq - 2 3,d2d3,1,6,5
rnbqkb1r/ppp2ppp/5n2/3pp3/2B1P3/3P4/PPP2PPP/RNBQK1NR w KQkq - 0 4,e4d5,57,62,5
rnbqkbnr/pppppppp/8/8/8/8/PPPPPPPP/RNBQKBNR w KQkq - 0 1,e2e4,35,38,3
rnbqkbnr/pppp1ppp/8/4p3/4P3/8/PPPP1PPP/RNBQKBNR w KQkq - 0 2,f2f4,33,-37,-70
rnbqkbnr/ppp2ppp/8/3pp3/4PP2/8/PPPP2PP/RNBQKBNR w KQkq - 0 3,e4d5,-19,-21,2
rnb1kbnr/ppp2ppp/8/3qp3/5P2/8/PPPP2PP/RNBQKBNR w KQkq - 0 4,f4e5,66,-9,-75
rnb1k1nr/ppp2ppp/8/2b5/8/8/PPPPB1PP/RNB1K1NR w KQkq - 1 7,c2c3,30,5,-25
rn2k1nr/ppp2ppp/8/2b2b2/8/2P5/PP1PB1PP/RNB1K1NR w KQkq - 1 8,d2d4,38,31,-7
2kr2nr/1ppn2p1/pb3p1p/5b2/3P1B2/2P2N2/PP2B1PP/RN3R1K w - - 0 14,b2b4,40,-24,-64
2kr2nr/1ppn4/pb3p2/5bpp/1P1P4/2P1BN2/P3B1PP/RN3R1K w - - 0 16,c3c4,-5,-321,316
2kr3r/1ppnn3/pb3p2/7p/1PPP2pN/4B3/P3B1PP/1R3R1K w - - 1 19,c4c5,301,310,9
2kr3r/bppn4/p1n2p2/2P4p/1PBP2pN/4B3/P5PP/1R3R1K w - - 3 21,a2a4,365,314,-51
2kr3r/bppn4/2n2p2/p1P4p/PPBP2pN/4B3/6PP/1R3R1K w - - 0 22,b4b5,324,328,4
2kr3r/b1pnn3/1p3p2/pPP4p/P1BP2pN/8/3B2PP/1R3R1K w - - 0 24,c5b6,375,93,-282
2kr3r/2pnn3/1b3p2/pP5p/P1BP2pN/8/3B2PP/1R3R1K w - - 0 25,d4d5,219,-144,-363
2kr2r1/2p5/1b3p2/pP1n3p/P1R3pN/8/3B2PP/2R4K w - - 2 29,g2g3,-237,-291,54
2kr1r2/2p5/1b3p2/pP5p/P1R2npN/6P1/7P/2R4K w - - 0 31,g3f4,-345,-334,-11
rnbqkbnr/pppppppp/8/8/8/8/PPPPPPPP/RNBQKBNR w KQkq - 0 1,e2e4,32,35,3
r1bqkbnr/ppp2ppp/2np4/1B2p3/4P3/5N2/PPPP1PPP/RNBQK2R w KQkq - 0 4,h2h3,63,33,-30
r1bqk2r/2p1bpp1/p1np1n1p/1p2p3/4P3/1B3N1P/PPPP1PP1/RNBQR1K1 w kq - 4 9,c2c3,66,48,-18
r1bqk2r/2p1bpp1/2np1n1p/1p2p3/p3P3/2P2N1P/PPBP1PP1/RNBQR1K1 w kq - 0 11,d2d4,109,76,-33
r1bqk2r/2p1bpp1/2np1n1p/1p6/p2pP3/2P2N1P/PPB2PP1/RNBQR1K1 w kq - 0 12,c3d4,123,79,-44
r1bq1rk1/2p1bpp1/2np1n1p/1p6/p2PP3/5N1P/PPB2PP1/RNBQR1K1 w - - 1 13,a2a3,180,166,-14
r2qr1k1/1b2bpp1/3p1n1p/1pp5/p1nPP3/P4NNP/1PBB1PP1/R2QR1K1 w - - 2 18,b2b3,49,-92,-141
r2qr1k1/1b2bpp1/5n1p/1p1p4/2pPP3/P4NNP/2BQ1PP1/R3R1K1 w - - 0 22,e4e5,-92,-98,6
3rr1k1/6p1/1q5p/1p2Ppb1/2pP4/P1Q2N1P/5PP1/RR4K1 w - - 6 31,h3h4,406,368,-38
3rr1k1/4b1p1/1q5p/1p2Pp2/2pP3P/P1Q2N2/5PP1/RR4K1 w - - 1 32,a3a4,386,385,-1
3rr2k/4b1p1/1q5p/4Pp2/PpQP3P/5N2/5PP1/RR4K1 w - - 1 34,a4a5,376,383,7
rnbqkbnr/pppppppp/8/8/8/8/PPPPPPPP/RNBQKBNR w KQkq - 0 1,e2e4,31,30,-1
rnbqkbnr/ppp1pppp/8/3p4/4P3/8/PPPP1PPP/RNBQKBNR w KQkq - 0 2,e4d5,71,63,-8
rnbqkbnr/ppp2ppp/4p3/3P4/8/8/PPPP1PPP/RNBQKBNR w KQkq - 0 3,d5e6,139,111,-28
rn1qkb1r/ppp2ppp/4bn2/8/8/2N5/PPPP1PPP/R1BQKBNR w KQkq - 2 5,d2d4,103,85,-18
r4rk1/p1p1qpp1/4b2p/2p5/1b1PN3/5N2/PPP2PPP/R2Q1RK1 w - - 2 13,d4c5,300,-124,-424
3r2k1/p1p2pp1/7p/8/8/5Q2/PPq2PPP/4R1K1 w - - 0 20,h2h3,-9,-30,21
3r2k1/p4pp1/1q5p/2p5/8/7P/P1Q2PP1/4R1K1 w - - 0 23,a2a4,-75,-94,19
6k1/5pp1/7p/p7/Pq3Q2/7P/5PPK/8 w - - 1 32,g2g3,9,-121,-130
5k2/5pp1/7p/p7/Pq3Q2/6PP/5P1K/8 w - - 1 33,g3g4,0,-843,-843
8/4kpp1/7p/8/Pp4P1/7P/5P1K/8 w - - 0 35,g4g5,-558,-558,0
8/4kpp1/7p/6P1/P7/1p5P/5P1K/8 w - - 0 36,h3h4,-559,-648,89
8/4kpp1/8/6p1/P6P/1p6/5P1K/8 w - - 0 37,h4h5,-610,-710,100
8/4kpp1/8/6pP/P7/8/1p3P1K/8 w - - 0 38,h5h6,-722,-776,54
rnbqkbnr/pppppppp/8/8/8/8/PPPPPPPP/RNBQKBNR w KQkq - 0 1,e2e4,35,29,-6
rnbqkbnr/pp1ppppp/8/2p5/4P3/8/PPPP1PPP/RNBQKBNR w KQkq - 0 2,f2f4,35,-8,-43
r1b1kbnr/ppqppppp/2n5/2p5/4PP2/5N2/PPPP2PP/RNBQKB1R w KQkq - 3 4,d2d3,36,12,-24
r1b1kbnr/2qp1ppp/p1n1p3/1pp5/4PP2/2NPBN2/PPP3PP/R2QKB1R w KQkq - 0 7,d3d4,-11,-36,25
r1b1kbnr/2qp1ppp/p1n1p3/1p6/2pPPP2/2N1BN2/PPP3PP/R2QKB1R w KQkq - 0 8,d4d5,133,111,-22
r1b1kbnr/n1qp1ppp/p3p3/1p1P4/2p1PP2/2N1BN2/PPP3PP/R2QKB1R w KQkq - 1 9,d5e6,165,1,-164
5rk1/rbq1n1pp/p4p2/1p2p3/2p1PbQ1/2N2N2/PPP3PP/R3KB1R w KQ - 6 18,g2g3,-348,-383,35
6k1/r5p1/p4p1b/3bp3/1pp1P3/6P1/PPPr3P/R2B1RK1 w - - 0 28,e4d5,-244,-205,-39
6k1/3r2p1/p4p1b/3Pp3/1pp5/5BP1/PPr4P/R4RK1 w - - 0 30,b2b3,-326,-355,29
6k1/3r2p1/p4p2/3Pp3/1p1b4/1Pp2BP1/P1r4P/R2R3K w - - 4 33,a2a4,-375,-446,71
6k1/3r2p1/5p2/p2Pp3/Pp1b4/1Pp2BP1/2r4P/R2R3K w - - 0 34,h2h4,-419,-435,16
6k1/3r4/5pp1/p2Pp3/Pp1b3P/1Pp2BP1/2r5/R2R3K w - - 0 35,g3g4,-416,-452,36
6k1/3r4/6p1/p2Ppp2/Pp1b2PP/1Pp2B2/2r5/R2R3K w - - 0 36,g4f5,-457,-461,4
8/6k1/8/p2Ppp2/Pp5P/1Pp2B2/2r5/7K w - - 0 40,d5d6,-726,-827,101
rnbqkbnr/pppppppp/8/8/8/8/PPPPPPPP/RNBQKBNR w KQkq - 0 1,e2e4,27,32,5
rn2kbnr/pp2pppp/2pq4/8/4B3/6N1/PPPP1PPP/R1BQR1K1 w kq - 2 10,b2b3,178,113,-65
rn2kb1r/pp2pppp/2p2n2/8/4B3/qP4N1/P1PP1PPP/R2QR1K1 w kq - 0 12,c2c3,-419,-471,52
rn2kb1r/pp2pppp/2pq1n2/8/4B3/1PP3N1/P2P1PPP/R2QR1K1 w kq - 1 13,a2a3,-469,-526,57
r3kb1r/pp1npppp/2pq1n2/8/4B3/PPP3N1/3P1PPP/R2QR1K1 w kq - 1 14,b3b4,-524,-554,30
7k/p5pp/8/5B2/1Pn5/2P5/3P1P2/5K2 w - - 1 45,d2d3,289,266,-23
7k/p5pp/8/5B2/1P6/2PP4/4KP2/1n6 w - - 3 47,d3d4,320,76,-244
7k/p5pp/8/5B2/1P1P4/3K4/5P2/3n4 w - - 2 49,f2f4,47,44,-3
7k/p6p/6p1/8/1P1P1PB1/3n1K2/8/8 w - - 4 54,b4b5,12,-4,-16
8/p5k1/4B1p1/1P5p/3P1P2/3n1K2/8/8 w - - 2 56,f4f5,-3,-78,75
8/p7/7k/1P3B1p/3P1K2/8/8/4n3 w - - 3 59,d4d5,434,130,-304
8/p7/4B2k/1P1PK3/7p/4n3/8/8 w - - 0 62,d5d6,551,651,100
8/p5k1/3PB3/1P2K3/7p/4n3/8/8 w - - 1 63,d6d7,724,783,59
8/p2P2k1/4B3/1P2K3/8/4n2p/8/8 w - - 0 64,d7d8q,790,861,71
8/Q7/8/1P2K3/6k1/8/8/8 w - - 1 71,b5b6,1283,10000,8717
8/Q7/1P6/4K3/8/5k2/8/8 w - - 1 72,b6b7,10000,10000,0
8/QP6/8/4K3/8/8/4k3/8 w - - 1 73,b7b8q,10000,10000,0
rnbqkbnr/pppppppp/8/8/8/8/PPPPPPPP/RNBQKBNR w KQkq - 0 1,e2e4,33,36,3
rnbqkbnr/pppp1ppp/8/4p3/4P3/8/PPPP1PPP/RNBQKBNR w KQkq - 0 2,d2d4,32,-9,-41
rnbqkbnr/ppp2ppp/3p4/4p3/3PP3/8/PPP2PPP/RNBQKBNR w KQkq - 0 3,d4d5,46,28,-18
rnbqkbnr/ppp3pp/3p4/3Ppp2/4P3/8/PPP2PPP/RNBQKBNR w KQkq - 0 4,f2f3,62,-13,-75
rnbqkbnr/pp4pp/2pp4/3Ppp2/4P3/5P2/PPP3PP/RNBQKBNR w KQkq - 0 5,c2c4,18,-11,-29
rnbqkbnr/pp4pp/3p4/3ppp2/2P1P3/5P2/PP4PP/RNBQKBNR w KQkq - 0 6,c4d5,2,9,7
rnbqkbnr/pp4pp/3p4/3Pp3/8/2N2p2/PP4PP/R1BQKBNR w KQkq - 0 8,g2f3,60,-252,-312
rnbqkbnr/pppppppp/8/8/8/8/PPPPPPPP/RNBQKBNR w KQkq - 0 1,e2e4,32,34,2
rnbqkbnr/pppp1ppp/8/4p3/4P3/8/PPPP1PPP/RNBQKBNR w KQkq - 0 2,d2d4,36,-5,-41
rnbqkbnr/pppp1ppp/8/8/3pP3/8/PPP2PPP/RNBQKBNR w KQkq - 0 3,c2c3,-5,-76,71
r1bkr3/p1p3pp/1p3n2/8/8/1B6/PP1N1PPP/R4K1R w - - 0 16,f2f3,-29,-12,-17
4k3/1b6/5p2/pp6/2p5/5P2/PPB2KPP/8 w - - 0 27,g2g4,345,226,-119
4k3/1b6/5p2/p7/1pp3P1/5P2/PPB2K1P/8 w - - 0 28,h2h4,251,270,19
8/1b3k2/5p2/p7/1pp3PP/5P2/PPB2K2/8 w - - 1 29,h4h5,289,169,-120
8/1b4k1/5p2/p6P/1pp3P1/5P2/PPB2K2/8 w - - 1 30,f3f4,219,186,-33
2b5/6k1/5p2/p6P/1pp2PP1/8/PPB2K2/8 w - - 1 31,g4g5,302,324,22
2b5/6k1/8/p5pP/1pp2P2/8/PPB2K2/8 w - - 0 32,f4g5,372,373,1
8/6k1/8/p5PP/1pp3b1/8/PPB2K2/8 w - - 1 33,h5h6,395,425,30
7k/8/4b2P/p5P1/1p1K4/2p5/PPB5/8 w - - 0 36,b2c3,507,383,-124
7k/8/7P/p5P1/8/2K5/b1B5/8 w - - 0 38,g5g6,579,623,44
6k1/8/5KPP/8/p1b5/8/2B5/8 w - - 0 42,g6g7,10000,10000,0
6k1/6P1/5K1P/8/2b5/p7/2B5/8 w - - 0 43,h6h7,10000,10000,0
rnbqkbnr/pppppppp/8/8/8/8/PPPPPPPP/RNBQKBNR w KQkq - 0 1,d2d4,34,24,-10
rnbqkbnr/ppppp1pp/8/5p2/3P4/8/PPP1PPPP/RNBQKBNR w KQkq - 0 2,c2c4,68,48,-20
rnbqkb1r/pppp2pp/4pn2/5p2/2PP4/2N5/PP2PPPP/R1BQKBNR w KQkq - 0 4,e2e3,52,57,5
rnbqkb1r/ppp3pp/4pn2/3p1p2/2PP4/2N1P3/PP3PPP/R1BQKBNR w KQkq - 0 5,c4d5,50,31,-19
rnbqkb1r/ppp3pp/4p3/5p2/3P4/2nBP3/PP3PPP/R1BQK1NR w KQkq - 0 7,b2c3,114,124,10
rnbqk2r/pp4pp/2pbp3/5p2/3P4/2PBPN2/P4PPP/R1BQK2R w KQkq - 2 9,a2a4,178,145,-33
r1b2rk1/1p1nq1pp/p1p1p3/5p2/P2P4/RQPBPN2/5PPP/5RK1 w - - 0 14,c3c4,167,78,-89
r1b2rk1/3nq1pp/p1p1p3/1p3p2/P1PP4/RQ1BPN2/5PPP/5RK1 w - - 0 15,a4b5,228,169,-59
rnbqkbnr/pppppppp/8/8/8/8/PPPPPPPP/RNBQKBNR w KQkq - 0 1,e2e4,31,33,2
rnbqkbnr/p1pppppp/1p6/8/4P3/8/PPPP1PPP/RNBQKBNR w KQkq - 0 2,d2d4,90,90,0
rn1qkbnr/pbpppppp/1p6/8/3PP3/8/PPP2PPP/RNBQKBNR w KQkq - 1 3,e4e5,82,48,-34
rn1q1rk1/pb3pbp/1pp1pnp1/4N1B1/2BP4/8/PPP2PPP/RN1QR1K1 w - - 6 11,c2c3,112,52,-60
rnbqkbnr/pppppppp/8/8/8/8/PPPPPPPP/RNBQKBNR w KQkq - 0 1,d2d4,35,24,-11
rnbqkbnr/ppp1pppp/8/3p4/3P4/8/PPP1PPPP/RNBQKBNR w KQkq - 0 2,e2e3,25,8,-17
r2qkbnr/ppp1pppp/2n5/1B1p1b2/3P4/4P3/PPP2PPP/RNBQK1NR w KQkq - 3 4,c2c3,44,12,-32
2kr1bnr/ppp1pppp/2nq4/1B1p1b2/3P4/2P1P3/PP1N1PPP/R1BQK1NR w KQ - 3 6,a2a3,1,-90,-91
2kr1bnr/ppp1pppp/3q4/nB1p1b2/3P4/P1P1P3/1P1N1PPP/R1BQK1NR w KQ - 1 7,b2b4,130,69,-61
2kr1bnr/ppp1pppp/3q4/5b2/1PpP4/P1P1P3/3N1PPP/R1BQK1NR w KQ - 0 9,h2h3,183,-118,-301
2kr1bnr/ppp1pppp/6q1/5b2/1PpP4/P1P1P2P/3N1PP1/R1BQK1NR w KQ - 1 10,g2g3,28,-135,-163
2kr1bnr/ppp2pp1/4pq2/4Nb1p/1P1P4/P1P1P1PP/5P2/R1BQK1NR w KQ - 2 13,h3h4,89,-73,-162
2kr3r/ppp2pp1/3bpq1n/5b1p/1P1P3P/P1P1PNP1/5P2/R1BQK1NR w KQ - 3 15,c3c4,-160,-213,53
2kr3r/pp3pp1/3bpq1n/2p2b1p/1PPP3P/P3PNP1/5P2/R1BQK1NR w KQ - 0 16,b4b5,-110,-301,191
rnbqkbnr/pppppppp/8/8/8/8/PPPPPPPP/RNBQKBNR w KQkq - 0 1,e2e4,36,41,5
rnbqkbnr/ppppp1pp/5p2/8/4P3/8/PPPP1PPP/RNBQKBNR w KQkq - 0 2,d2d4,143,147,4
r1bqkbnr/pppp2pp/2n1pp2/8/2BPP3/8/PPP2PPP/RNBQK1NR w KQkq - 0 4,f2f4,107,-52,-159
r1bqkbnr/ppp3pp/2n1pp2/3p4/2BPPP2/8/PPP3PP/RNBQK1NR w KQkq - 0 5,e4d5,-43,-50,7
2kr1bnr/pp1q2pp/5p2/2pp4/2nP1P2/2B5/PPP1N1PP/RN1Q1RK1 w - - 0 12,b2b3,-90,-297,207
2kr3r/pp4pp/5p1n/2pp1q2/3P1b2/1PB2N2/P1P1N1PP/R2Q2K1 w - - 2 18,d4c5,-290,-390,100
rnbqkbnr/pppppppp/8/8/8/8/PPPPPPPP/RNBQKBNR w KQkq - 0 1,e2e4,31,35,4
rnbqkb1r/ppp2ppp/3p3n/4p3/2B1P3/5N2/PPPP1PPP/RNBQK2R w KQkq - 0 4,c2c3,108,84,-24
rnbqkb1r/pp3ppp/3p3n/2p1p3/2B1P3/2P2N2/PP1P1PPP/RNBQK2R w KQkq - 0 5,d2d3,164,123,-41
rnbqkb1r/pp3pp1/3p3p/2p1p3/2B1P1n1/2PP1N2/PP3PPP/RNBQ1RK1 w kq - 0 7,h2h3,149,120,-29
rnbqkb1r/pp3p2/3p1n1p/2p1p1p1/2B1P3/2PP1N1P/PP1N1PP1/R1BQ1RK1 w kq - 0 9,b2b4,155,159,4
rnbqkb1r/pp3p2/3p1n1p/4p1p1/1pB1P3/2PP1N1P/P2N1PP1/R1BQ1RK1 w kq - 0 10,c3b4,157,162,5
r1b1k2r/pp2qpb1/2np1n1p/4p1p1/1PB1P3/BQ1P1N1P/P2N1PP1/R4RK1 w kq - 5 13,b4b5,247,250,3
r1b2rk1/pp2qp2/3p3p/1P4pn/2N1P3/B2P3P/P1QN1PP1/b3R1K1 w - - 0 18,e4e5,158,-136,-294
r4k2/pp3p2/4q2p/4P1p1/2N2n2/3P3P/P1Q2PP1/4R1K1 w - - 1 24,d3d4,131,-312,-443
8/1Q3pk1/7p/4P1p1/3r1n2/7P/q4PP1/4R1K1 w - - 0 29,g2g3,-453,-730,277
8/1Q3pk1/7p/4P3/3r2p1/6Pn/q4PK1/4R3 w - - 0 31,e5e6,-531,-10000,9469
rnbqkbnr/pppppppp/8/8/8/8/PPPPPPPP/RNBQKBNR w KQkq - 0 1,d2d4,36,20,-16
rnbqkbnr/ppp1pppp/8/3p4/3P4/8/PPP1PPPP/RNBQKBNR w KQkq - 0 2,e2e3,23,10,-13
rn1qkb1r/ppp2ppp/4pn2/3p4/3P2b1/3BPN2/PPP2PPP/RNBQK2R w KQkq - 0 5,h2h3,-15,-14,-1
r2qkb1r/pp1n1ppp/4pn2/2pp3b/3P4/3BPN1P/PPPN1PP1/R1BQ1RK1 w kq - 0 8,c2c3,-9,-10,1
r2q1rk1/1p1nbppp/p3pn2/3pN3/3p4/2P1P2P/PPBN1PP1/R1B1R1K1 w - - 0 14,e3d4,-621,-611,-10
r2q1rk1/1p2bppp/p3pn2/3pn3/3P4/2P4P/PPBN1PP1/R1B1R1K1 w - - 0 15,d4e5,-588,-598,10
r4rk1/1p1nbppp/pq2p3/3pP3/8/2P2N1P/PPB2PP1/R1B1R1K1 w - - 3 17,b2b3,-589,-621,32
2r3k1/1prn1pp1/pq2p2p/3pP3/8/1PP1RN1P/P1B2PP1/4R1K1 w - - 2 23,c3c4,-595,-654,59
2r3k1/1prn1pp1/pq2p2p/4P3/2p5/1P2RN1P/P1B2PP1/4R1K1 w - - 0 24,b3c4,-634,-618,-16
rnbqkbnr/pppppppp/8/8/8/8/PPPPPPPP/RNBQKBNR w KQkq - 0 1,e2e4,32,37,5
rnbqkbnr/pp1ppppp/8/2p5/4P3/8/PPPP1PPP/RNBQKBNR w KQkq - 0 2,d2d4,42,14,-28
r1bqkbnr/pp1p1pp1/2n4p/4p3/2BpP3/5N2/PPP2PPP/RNBQ1RK1 w kq - 0 6,c2c3,71,62,-9
r1bqk1nr/pp1p1pp1/2n4p/2b1p3/2BpP3/2P2N2/PP3PPP/RNBQ1RK1 w kq - 1 7,b2b4,184,163,-21
r1bqk1nr/pp1p1pp1/1bn4p/4p3/1PBpP3/2P2N2/P4PPP/RNBQ1RK1 w kq - 1 8,b4b5,188,183,-5
rnbqkbnr/pppppppp/8/8/8/8/PPPPPPPP/RNBQKBNR w KQkq - 0 1,e2e4,35,38,3
r1bqk2r/pppp1ppp/2n2n2/4p3/1b2P3/2N2N2/PPPPBPPP/R1BQK2R w KQkq - 6 5,a2a4,22,-58,-80
r1bq1rk1/pppp1ppp/2n2n2/4p3/Pb2P3/2N2N2/1PPPBPPP/R1BQK2R w KQ - 1 6,d2d3,-43,-45,2
r1bq1rk1/pppp1ppp/2n2n2/4p3/P3P3/2bP1N2/1PP1BPPP/R1BQK2R w KQ - 0 7,b2c3,-17,-17,0
r1bq1rk1/ppp2ppp/2n2n2/3pp3/P3P3/2PP1N2/2P1BPPP/R1BQK2R w KQ - 0 8,c3c4,-5,-225,220
r1bq1rk1/ppp2ppp/2n2n2/4p3/P1P1p3/3P1N2/2P1BPPP/R1BQK2R w KQ - 0 9,d3e4,-219,-245,26
r3r1k1/ppp2ppp/2n5/2B1p3/P1P3b1/5N2/2P2PPP/R2R2K1 w - - 1 15,h2h3,-290,-298,8
r3r1k1/ppp2ppp/2n5/2B1p2b/P1P5/5N1P/2P2PP1/R2R2K1 w - - 1 16,g2g4,-253,-283,30
r3r1k1/p1p3pp/1pn2pb1/6N1/P1PBp1P1/7P/2P2P2/1R1R2K1 w - - 0 20,h3h4,-501,-540,39
r3r1k1/p1p3pp/1pn3b1/6p1/P1PBp1PP/8/2P2P2/1R1R2K1 w - - 0 21,h4h5,-545,-613,68
r3r1k1/p5pp/1p1R2b1/2pR4/P7/4p3/2P2P2/6K1 w - - 0 30,f2e3,-595,-627,32
3r2k1/p5pp/1p6/1bp5/8/4P3/8/4R1K1 w - - 0 35,e3e4,-707,-740,33
6k1/p5pp/1p6/1bp5/4P3/8/3r4/4R1K1 w - - 1 36,e4e5,-785,-796,11
6k1/p5pp/1p6/2p1P3/8/8/4b3/6K1 w - - 0 38,e5e6,-822,-852,30
6k1/p5pp/1p2P3/2p5/2b5/8/8/6K1 w - - 1 39,e6e7,-849,-857,8
rnbqkbnr/pppppppp/8/8/8/8/PPPPPPPP/RNBQKBNR w KQkq - 0 1,d2d4,41,20,-21
rnbqkbnr/ppp1pppp/8/3p4/3P4/8/PPP1PPPP/RNBQKBNR w KQkq - 0 2,c2c4,21,29,8
rnbqkbnr/ppp2ppp/4p3/3p4/2PP4/8/PP2PPPP/RNBQKBNR w KQkq - 0 3,e2e3,29,11,-18
rnbqkb1r/ppp3pp/4pn2/3p1p2/2PP4/4PN2/PP3PPP/RNBQKB1R w KQkq - 2 5,g2g3,46,16,-30
2rqbrk1/1p2b1pp/p1p1pn2/5p2/2NPn3/3NP1P1/PP3PBP/R1BQ1RK1 w - - 1 16,f2f3,90,74,-16
2rqbr1k/1p2b1pp/p1pnp3/3nNp2/3P4/1Q1NPPP1/PP4BP/R1B2RK1 w - - 5 19,f3f4,114,36,-78
2rqbr1k/1p4pp/p1pnpb2/3nNp2/3P1P2/1Q1NP1P1/PP4BP/R1B2RK1 w - - 1 20,e3e4,72,-67,-139
2rqbr1k/1p4pp/p1p1pb2/1n1nN3/3P1P2/3N2P1/PPQ4P/R1B1R1K1 w - - 4 24,a2a3,-528,-578,50
2rqbr1k/1p4pp/p1p1pb2/4N3/5P2/P1nN1nP1/1P4KP/R1B1R3 w - - 0 27,b2c3,-867,-1042,175
2rqbr1k/1p4pp/p1p1p3/4b3/5P2/P1P3P1/6KP/R1B1N3 w - - 0 29,f4e5,-992,-1009,17
rnbqkbnr/pppppppp/8/8/8/8/PPPPPPPP/RNBQKBNR w KQkq - 0 1,d2d4,35,21,-14
rnbqkbnr/pppppppp/8/8/8/8/PPPPPPPP/RNBQKBNR w KQkq - 0 1,d2d4,38,26,-12
rnbqkbnr/ppp1pppp/3p4/8/3P4/8/PPP1PPPP/RNBQKBNR w KQkq - 0 2,c2c4,48,22,-26
r1bqkbnr/1pp1pppp/p1np4/8/2PP4/5N2/PP2PPPP/RNBQKB1R w KQkq - 0 4,a2a3,93,71,-22
r1bqkb1r/1pp1pppp/p1np1n2/8/2PP4/P4N2/1P2PPPP/RNBQKB1R w KQkq - 1 5,e2e3,84,47,-37
r2qkb1r/1pp2ppp/p1np1n2/4p3/2PP4/P3PB2/1P3PPP/RNBQK2R w KQkq - 0 8,d4d5,119,93,-26
r2qkb1r/1pp1nppp/p2p1n2/3Pp3/2P5/P3PB2/1P3PPP/RNBQK2R w KQkq - 1 9,e3e4,88,87,-1
r2q1rk1/1pp1bppp/p2p1nn1/3Pp3/2P1P3/P4B2/1P3PPP/RNBQR1K1 w - - 5 12,b2b4,139,43,-96
r2q1rk1/1pp1bpp1/p2p1nnp/3Pp3/1PP1P3/P4B2/5PPP/RNBQR1K1 w - - 0 13,h2h3,113,60,-53
r2q1rk1/1pp2ppn/p2p3p/3Pp1b1/1PP1Pn2/P4B1P/1B3PP1/RN1QRK2 w - - 5 16,c4c5,127,73,-54
r2q1rk1/1pp2pp1/p2p1n1p/2PPp1b1/1P2PnB1/P6P/1BQ2PP1/RN2RK2 w - - 5 19,f2f3,108,-290,-398
r2q1rk1/1pp2pp1/p2p3p/2PPp1b1/1P2Pnn1/P4P1P/1BQ3P1/RN2RK2 w - - 0 20,h3g4,-139,-169,30
r4rk1/1pp2pp1/p2p3p/2PPp1q1/1P2PnPb/P4P2/1BQ3P1/RN1R1K2 w - - 3 22,c5d6,-147,-272,125
r4rk1/1p3pp1/p5n1/3PB3/1P2P1pb/P4P2/6P1/RN1R1K2 w - - 1 27,g2g3,162,-118,-280
r5k1/1p3pp1/p7/3P4/1P2P3/P3KR2/6r1/R7 w - - 7 38,e4e5,211,-2,-213
8/1p3pk1/p7/3Pr3/1P2r3/P4R2/5K2/3R4 w - - 6 46,d5d6,35,47,12
8/1p4k1/p2P1p2/6r1/1P3K2/P4R2/4r3/3R4 w - - 0 49,d6d7,665,708,43
rnbqkbnr/pppppppp/8/8/8/8/PPPPPPPP/RNBQKBNR w KQkq - 0 1,e2e4,37,32,-5
rnbqkbnr/ppp1pppp/8/3p4/4P3/8/PPPP1PPP/RNBQKBNR w KQkq - 0 2,e4d5,67,73,6
rnbqkbnr/ppp2ppp/4p3/3P4/8/8/PPPP1PPP/RNBQKBNR w KQkq - 0 3,d5e6,120,111,-9
rn1q1rk1/ppp2ppp/4bn2/8/1b6/2N2N2/PPPPQPPP/R1B1KB1R w KQ - 6 7,a2a3,14,-163,-177
rn1q1rk1/ppp2ppp/4bn2/8/8/P1b2N2/1PPPQPPP/R1B1KB1R w KQ - 0 8,d2c3,49,56,7
6k1/pppn1ppp/2q2n2/6B1/8/P1P2N2/1PP1rPPP/R1KR4 w - - 7 16,b2b3,-507,-612,105
rnbqkbnr/pppppppp/8/8/8/8/PPPPPPPP/RNBQKBNR w KQkq - 0 1,d2d4,32,20,-12
rnbqkbnr/pp2pppp/8/2pp4/3P4/5N2/PPP1PPPP/RNBQKB1R w KQkq - 0 3,e2e3,35,14,-21
rnbqkbnr/pp3ppp/4p3/2pp4/3P4/4PN2/PPP2PPP/RNBQKB1R w KQkq - 0 4,d4c5,15,0,-15
rnbqk1nr/pp3ppp/4p3/2bp4/8/4PN2/PPP2PPP/RNBQKB1R w KQkq - 0 5,c2c4,-5,-5,0
rnbqk2r/pp3ppp/4pn2/2bp4/2P5/4PN2/PP3PPP/RNBQKB1R w KQkq - 1 6,c4d5,-12,-16,4
r4rk1/pp3ppp/4p3/2b5/1n1Bn3/4PN2/PP3PPP/RN3RK1 w - - 8 14,a2a3,2,-70,-72
2r2rk1/pp3ppp/4p3/2n5/8/P3PN2/RPn2PPP/1N3RK1 w - - 2 17,b2b4,18,-12,-30
6k1/pp4pp/4p3/5p2/1n2n3/P3P3/5PPP/1N2N1K1 w - - 0 23,a3b4,360,347,-13
8/pp3kpp/4p3/5p2/1P2n3/4P3/5PPP/1N2N1K1 w - - 1 24,f2f3,353,351,-2
8/pp3kpp/4p3/5p2/1Pn5/2NN1P2/5KPP/8 w - - 2 28,f3f4,200,199,-1
8/1pN3pp/p3pk2/5p2/1P2nP2/3NK3/6PP/8 w - - 4 32,g2g4,271,166,-105
8/1pN4p/p3pk2/5pp1/1P2nPP1/3NK3/7P/8 w - - 0 33,g4f5,123,142,19
rnbqkbnr/pppppppp/8/8/8/8/PPPPPPPP/RNBQKBNR w KQkq - 0 1,e2e4,32,35,3
r1bqkbnr/pppp1p1p/2n5/4p1p1/2B1P3/5N2/PPPP1PPP/RNBQK2R w KQkq - 0 4,d2d3,200,41,-159
r1bqkb1r/pppp1p1p/2n4n/4p1N1/2B1P1p1/3P4/PPP2PPP/RNBQK2R w KQkq - 2 6,f2f3,51,-66,-117
r1bqkb1r/pppp1n1p/2n2p2/4p3/2B1P1p1/3P1P2/PPP3PP/RNBQK2R w KQkq - 0 8,f3g4,-205,-249,44
r1bqk2r/pppp1n1p/5p2/2b1p3/2BnP1P1/2NP4/PPP3PP/R1BQK2R w KQkq - 3 10,h2h4,-101,-249,148
r1bqk2r/pp1p1n1p/2p2p2/2b1p3/2BnP1PP/2NP4/PPP3P1/R1BQK2R w KQkq - 0 11,g4g5,-209,-264,55
r1bqk2r/pp3n1p/2pp1p2/2b1p1P1/2BnP2P/2NP4/PPP3P1/R1BQK2R w KQkq - 0 12,g5f6,-187,-387,200
r1b1k2r/pp3n1p/2pp1q2/2b1p3/2BnP2P/2NP4/PPP3P1/R1BQK2R w KQkq - 0 13,g2g3,-394,-664,270
rnbqkbnr/pppppppp/8/8/8/8/PPPPPPPP/RNBQKBNR w KQkq - 0 1,g2g3,34,11,-23
rnbqkbnr/ppppppp1/8/7p/8/6P1/PPPPPP1P/RNBQKBNR w KQkq - 0 2,h2h3,67,16,-51
rnbqkbnr/ppppppp1/8/8/7p/6PP/PPPPPP2/RNBQKBNR w KQkq - 0 3,g3g4,38,46,8
r1bqkbnr/p1ppppp1/1pn5/8/6Pp/7P/PPPPPPB1/RNBQK1NR w KQkq - 0 5,e2e3,128,49,-79
r2qkbnr/pbppppp1/1pn5/8/6Pp/4P2P/PPPP1PB1/RNBQK1NR w KQkq - 1 6,d2d3,48,-18,-66
r2qkb1r/pbpp1pp1/1pn1p2n/8/6Pp/3PP2P/PPPN1PB1/R1BQK1NR w KQkq - 2 8,a2a3,16,-11,-27
r2qkb1r/pbpp1p2/1pn1p2n/6p1/6Pp/P2PP2P/1PPN1PB1/R1BQK1NR w KQkq - 0 9,b2b3,-12,-78,66
r2qk2r/pbpp2b1/1pn1p2n/5pp1/6Pp/PP1PP2P/2PN1PB1/1RBQK1NR w Kkq - 0 11,f2f3,-73,-206,133
r2q1rk1/pbpp2b1/1pn1p2n/5pp1/6Pp/PP1PPP1P/2PN2B1/1RBQK1NR w K - 1 12,c2c4,-125,-231,106
r2q1rk1/pbppn1b1/1p2p2n/5pp1/2P3Pp/PP1PPP1P/3N2B1/1RBQK1NR w K - 1 13,e3e4,-142,-176,34
r4rk1/pbp1q3/1p2p1nn/6p1/2P1NpPp/PP1P1P1P/1R2N1B1/3Q1RK1 w - - 3 19,b3b4,-60,-227,167
3r2k1/p1p1qn2/1pb1p3/4n1p1/1PPrNpPp/PQ1P1P1P/3R2B1/2NR2K1 w - - 13 26,c4c5,-142,-291,149
5k2/p1prqn2/1p2p3/2P1n1p1/1P2NpPp/PNQP1P1P/6B1/3R2K1 w - - 3 32,d3d4,557,504,-53
5k2/p1prqn2/1pn1p3/2P3p1/1P1PNpPp/PNQ2P1P/6B1/3R2K1 w - - 1 33,b4b5,589,484,-105
1n3k2/p1prqn2/1p2p3/1PP3p1/3PNpPp/PNQ2P1P/6B1/3R2K1 w - - 1 34,c5c6,594,581,-13
rnbqkbnr/pppppppp/8/8/8/8/PPPPPPPP/RNBQKBNR w KQkq - 0 1,e2e4,38,34,-4
rnbqkbnr/ppp2ppp/4p3/3p4/4P3/5N2/PPPP1PPP/RNBQKB1R w KQkq - 0 3,e4e5,33,23,-10
rnbqk1nr/pp2bp1p/2p1p1p1/3pP3/8/3B1N2/PPPP1PPP/RNBQ1RK1 w kq - 2 6,c2c4,119,72,-47
rn2k1nr/pp1q1p1p/4p1p1/2b1P3/2Pp4/3B1N2/PP1P1PPP/R1B2RK1 w kq - 0 12,a2a3,-640,-688,48
rn2k1nr/p2q1p1p/1p2p1p1/2b1P3/2Pp4/P2B1N2/1P1P1PPP/R1B2RK1 w kq - 0 13,b2b4,-480,-552,72
rn2k1nr/p2qbp1p/1p2p1p1/4P3/1PPp4/P2B1N2/3P1PPP/R1B2RK1 w kq - 1 14,b4b5,-401,-605,204
rn2k1nr/3qbp1p/pp2p1p1/1P2P3/2Pp4/P2B1N2/3P1PPP/R1B2RK1 w kq - 0 15,a3a4,-566,-606,40
rn2k1nr/3qbp1p/1p2p1p1/1p2P3/P1Pp4/3B1N2/3P1PPP/R1B2RK1 w kq - 0 16,c4b5,-554,-570,16
r3k1nr/3n1p1p/1p2p1p1/1Pb1P3/P2pR3/5N2/3P1PPP/R1B3K1 w kq - 1 20,d2d3,-313,-353,40
5rk1/r2nn2p/1p2p1p1/1Pb1Pp2/P2p4/3P1N2/R2B1PPP/R5K1 w - - 6 24,a4a5,-344,-377,33
r5k1/r2nn2p/1p2p1p1/PPb1Pp2/3p4/3P1N2/R2B1PPP/R5K1 w - - 1 25,a5a6,-245,-231,-14
r7/r5k1/Ppn1p2p/1P2npp1/3p4/3P4/R4PPP/R5K1 w - - 0 31,b5c6,-526,-542,16
r7/r5k1/Ppn1p2p/5pp1/3p4/3P4/R4PPP/R5K1 w - - 0 32,g2g3,-562,-592,30
8/6k1/r3p2p/1pn2pp1/8/6P1/5PKP/3R4 w - - 0 38,h2h3,-596,-631,35
8/8/1r3k1p/4p1p1/n4p2/6PP/1p3P2/1R3K2 w - - 0 46,g3g4,-734,-785,51
8/8/1r4k1/4p1pp/n4pP1/7P/1p3PK1/1R6 w - - 0 48,f2f3,-667,-732,65
8/8/1r4k1/4p1p1/n4pp1/5P1P/1p4K1/1R6 w - - 0 49,h3g4,-711,-786,75
rnbqkbnr/pppppppp/8/8/8/8/PPPPPPPP/RNBQKBNR w KQkq - 0 1,e2e4,36,35,-1
rnbqkbnr/pp1ppppp/8/2p5/4P3/8/PPPP1PPP/RNBQKBNR w KQkq - 0 2,c2c4,42,4,-38
rnbqkb1r/pp1pp1pp/7n/2p2p2/2P1P3/2N5/PP1P1PPP/R1BQKBNR w KQkq - 0 4,e4f5,89,55,-34
r1bqkb1r/pp5p/2np2p1/2p1pn2/2P5/2N2N2/PP1P1PPP/R1BQKB1R w KQkq - 0 9,d2d3,-33,-41,8
r1bq1rk1/1p4bp/p1np2p1/2p1pn2/2P5/2NP1N2/PP2BPPP/R1BQ1RK1 w - - 0 12,a2a4,-35,-35,0
r1bq1rk1/1p4b1/p1np3p/2p1pnp1/P1P5/2NP1N2/1P2BPPP/1RBQ1RK1 w - - 0 14,h2h3,8,8,0
r1bqr1k1/1p4b1/p1np3p/3Np1p1/P1Pp4/3P3P/1P2BPP1/1RBQ1RK1 w - - 2 17,b2b4,195,188,-7
r2qr1k1/1p4b1/p1npb2p/3Np1p1/PPPp4/3P3P/4BPP1/1RBQ1RK1 w - - 1 18,a4a5,221,121,-100
r2qr1k1/6b1/p1npb2p/Pp1Np1p1/1PPp4/3P3P/4BPP1/1RBQ1RK1 w - b6 0 19,a5b6,278,276,-2
4r1k1/6b1/1Pn1b2p/q2pp1p1/1pPp4/3P1B1P/3B1PP1/1R1Q1RK1 w - - 0 24,c4d5,478,471,-7
rnbqkbnr/pppppppp/8/8/8/8/PPPPPPPP/RNBQKBNR w KQkq - 0 1,e2e4,35,30,-5
rnbqkbnr/pppp1ppp/8/4p3/4P3/8/PPPP1PPP/RNBQKBNR w KQkq - 0 2,d2d4,36,-4,-40
r1bqkbnr/pppp1ppp/2n5/4p3/3PP3/8/PPP2PPP/RNBQKBNR w KQkq - 1 3,c2c3,78,2,-76
r1bqkbnr/pppp1ppp/2n5/8/3pP3/2P5/PP3PPP/RNBQKBNR w KQkq - 0 4,c3d4,11,3,-8
r1bqkbnr/ppp2ppp/2n5/3p4/3PP3/8/PP3PPP/RNBQKBNR w KQkq - 0 5,e4d5,9,-21,-30
2kr2nr/ppp2ppp/8/3q4/1n1P4/5N2/PP3PPP/R2QKB1R w KQ - 1 11,a2a3,-29,-233,204
2k5/ppp1rppp/2n2n2/7q/2BP4/P4N2/1P3PPP/2RQ2K1 w - - 0 18,d4d5,80,-24,-104
2k5/ppp2ppp/5n2/3Pr2q/2B5/P7/1P3PPP/2RQ2K1 w - - 0 20,d5d6,5,0,-5
2k5/pp1n1ppp/3R4/4r3/2B5/P7/1P3PPP/6K1 w - - 1 23,h2h3,19,4,-15
3k4/R7/7p/1p6/8/P4B1P/1P1r1PPK/8 w - - 1 37,b2b4,653,683,30
rnbqkbnr/pppppppp/8/8/8/8/PPPPPPPP/RNBQKBNR w KQkq - 0 1,e2e3,32,11,-21
rnbqkbnr/pp1p1ppp/2p5/4p3/2B5/4P3/PPPP1PPP/RNBQK1NR w KQkq - 0 3,d2d4,-57,-60,3
r2qk2r/p4ppp/2pb1nn1/1p1p1b2/3Pp3/1BN1P3/PPPBQPPP/2KR3R w kq - 0 12,f2f3,-570,-566,-4
r2qk2r/5ppp/2pb1nn1/pp1p1b2/3Pp3/1BN1PP2/PPPBQ1PP/2KR3R w kq - 0 13,a2a3,-509,-611,102
r2qk2r/5ppp/2p2nn1/p2p1b2/3Pp3/bB2PP2/1PPBQ1PP/2KR3R w kq - 0 16,b2a3,-625,-651,26
rq2k2r/4nppp/2p2n2/3p1b2/pB1Pp3/P3PP2/BKP1Q1PP/3R3R w kq - 4 20,g2g3,-441,-538,97
rq3rk1/4nppp/2p2n2/3p1b2/pB1Pp3/P3PPP1/BKP1Q2P/3R3R w - - 1 21,g3g4,-529,-567,38
rq2r1k1/4nppp/2p1bn2/3p4/pB1Pp1P1/P3PP2/B1P1Q2P/K2R3R w - - 3 23,h2h4,-506,-538,32
rq2r1k1/3nnppp/2p1b3/3p4/pB1Pp1PP/P3PP2/B1P1Q3/K2R3R w - - 1 24,f3f4,-327,-344,17
rq2r1k1/3nn1pp/2p1bp2/3p4/pB1PpPPP/P3P3/B1P1Q3/K2R3R w - - 0 25,g4g5,-326,-364,38
rq2r1k1/3nn1pp/2p1b3/3p1pP1/pB1PpP1P/P3P3/B1P1Q3/K2R3R w - - 0 26,h4h5,-261,-251,-10
r3r1k1/3nn1pp/4b3/1qpp1pPP/pB1PpP2/P3P3/B1P3Q1/K2R3R w - - 0 28,d4c5,-178,-203,25
r3r1k1/6pp/2n1n3/1q1B1pPP/pB2pP2/P3P3/2P3Q1/K6R w - - 1 32,c2c3,-210,-696,486
r3r1k1/6pp/4n3/3q1pPP/pn2pP2/P1P1P3/4Q3/K6R w - - 0 34,a3b4,-735,-740,5
r5k1/6pp/4n3/5pPP/1P2pP2/p1PrP3/2R5/K7 w - - 1 39,c3c4,-758,-768,10
r5k1/6pp/4n3/5pPP/1PP1pP2/p3r3/2R5/K7 w - - 0 40,c4c5,-787,-800,13
rnbqkbnr/pppppppp/8/8/8/8/PPPPPPPP/RNBQKBNR w KQkq - 0 1,e2e4,32,30,-2
rnbqkbnr/pp1ppppp/8/2p5/4P3/8/PPPP1PPP/RNBQKBNR w KQkq - 0 2,d2d4,46,17,-29
r1bqkbnr/pp1p1ppp/2n1p3/8/4P3/4Q3/PPP2PPP/RNB1KBNR w KQkq - 0 5,b2b3,32,-64,-96
r1bqkb1r/pp1p1ppp/2n1pn2/8/4P3/1P2Q3/P1P2PPP/RNB1KBNR w KQkq - 1 6,e4e5,-87,-236,149
r1bq1rk1/pp1pbppp/2n1p3/3nP3/4Q3/1P6/PBP2PPP/RN2KBNR w KQ - 5 9,c2c4,-89,-110,21
r1b2rk1/pp1pnp1p/2n1p1p1/4P1N1/2P1Q3/1q6/1B3PPP/2KR1B1R w - - 0 16,h2h4,326,-128,-454
r1b2rk1/pp1pnp1p/4p1p1/4P1N1/1nP1Q2P/1q6/1B3PP1/2KR1B1R w - - 1 17,h4h5,-183,-402,219
r1b2rk1/1p1pnp1p/4p1p1/p3P1NP/1nP5/1K6/5PP1/3R1B1R w - - 0 22,h5g6,-243,-251,8
r1b5/8/1pn2kp1/3pp3/2P5/p1K3R1/R5P1/8 w - - 2 39,c4d5,-515,-527,12
8/6k1/1p4p1/3PpbR1/8/2K5/r5P1/8 w - - 6 47,d5d6,-543,-683,140
8/6k1/3P2p1/1p2KbR1/4p3/8/3r2P1/8 w - - 0 50,g2g4,-460,-527,67
8/6k1/3P2p1/1p2KbR1/6P1/4p3/3r4/8 w - - 0 51,g4f5,-622,-645,23
8/6k1/3P2p1/4KP2/1p6/8/3rp3/6R1 w - - 0 53,f5g6,-465,-725,260
8/6k1/3P2P1/4K3/1p6/8/8/3q4 w - - 0 55,d6d7,-1138,-1311,173
rnbqkbnr/pppppppp/8/8/8/8/PPPPPPPP/RNBQKBNR w KQkq - 0 1,e2e4,31,33,2
r1bqkbnr/pp1ppppp/2n5/2p5/4P3/5N2/PPPP1PPP/RNBQKB1R w KQkq - 2 3,d2d4,35,39,4
r3kb1r/1p3pp1/pN1p1n1p/4p3/4P1q1/3Q4/PPP2PPP/R1B2RK1 w kq - 4 13,f2f3,583,564,-19
rnbqkbnr/pppppppp/8/8/8/8/PPPPPPPP/RNBQKBNR w KQkq - 0 1,e2e4,32,35,3
rnb1k1nr/pppp1ppp/5q2/2b1p2Q/2B1P3/8/PPPP1PPP/RNB1K1NR w KQkq - 4 4,d2d3,19,-313,-332
rnb1k1nr/1p1p1ppp/p7/2p1p2Q/K1BbP3/3P4/PPq4P/RNB3NR w kq - 0 13,b2b3,-552,-1673,1121
rnbqkbnr/pppppppp/8/8/8/8/PPPPPPPP/RNBQKBNR w KQkq - 0 1,d2d4,40,22,-18
rnbqkbnr/ppp1pppp/8/3p4/3P4/8/PPP1PPPP/RNBQKBNR w KQkq - 0 2,c2c4,28,28,0
rnbqkb1r/pp2pppp/2p2n2/3p4/2PP4/2N5/PP2PPPP/R1BQKBNR w KQkq - 0 4,e2e3,35,32,-3
rn1qkb1r/pp2pppp/2p2n2/3p1b2/2PP4/2N1P3/PP3PPP/R1BQKBNR w KQkq - 1 5,a2a3,36,-18,-54
rn1qkb1r/pp3ppp/2p1pn2/3p1b2/2PP4/P1N1P3/1P3PPP/R1BQKBNR w KQkq - 0 6,b2b4,-15,-38,23
r2qkb1r/pp1n1ppp/2p1pn2/3p1b2/1PPP4/P1N1P3/5PPP/R1BQKBNR w KQkq - 1 7,f2f4,-20,-140,120
r2qk2r/pp1nbppp/2p1pn2/3p1b2/1PPP1P2/P1N1P3/6PP/R1BQKBNR w KQkq - 1 8,c4c5,-53,-54,1
r2q1rk1/p3bppp/2p1pn2/2pp4/1P1P1P2/P2BPQ2/3B2PP/R4RK1 w - - 0 15,b4c5,68,64,-4
1r3rk1/p1q1bppp/2p1pn2/2Pp4/3P1P2/P2BPQ2/3B2PP/RR4K1 w - - 3 17,a3a4,70,50,-20
1r4k1/2q1bppp/2p1pn2/2Pp4/P2P1P2/4P3/3BB1PP/1R1Q2K1 w - - 5 22,a4a5,333,295,-38
6k1/2q1bppp/1rp1p3/P1Pp4/3P1P2/4P3/3QB1PP/6K1 w - - 0 25,c5b6,387,385,-2
rnbqkbnr/pppppppp/8/8/8/8/PPPPPPPP/RNBQKBNR w KQkq - 0 1,e2e4,35,38,3
rnbqkbnr/ppp1pppp/8/3p4/4P3/8/PPPP1PPP/RNBQKBNR w KQkq - 0 2,e4d5,66,74,8
rnbqkbnr/ppp2ppp/8/3Pp3/8/8/PPPP1PPP/RNBQKBNR w KQkq e6 0 3,d5e6,112,122,10
rnbqk1nr/ppp2ppp/3bP3/8/8/8/PPPP1PPP/RNBQKBNR w KQkq - 1 4,d2d3,367,105,-262
rn2k1nr/ppp1q1pp/5p2/4b3/6b1/3P1N2/PPP1BPPP/RNBQR1K1 w kq - 4 9,c2c3,575,471,-104
rn2k1nr/ppp3pp/4qp2/4b3/8/2PP1B2/PP3PPP/RNBQR1K1 w kq - 1 11,d3d4,724,626,-98
rn2k1nr/ppp3pp/8/4qp2/3P4/2P2B2/PP3PPP/RNBQ2K1 w kq - 0 13,d4e5,818,816,-2
rnbqkbnr/pppppppp/8/8/8/8/PPPPPPPP/RNBQKBNR w KQkq - 0 1,d2d4,38,30,-8
rnbqkbnr/ppp1pppp/8/3p4/3P4/8/PPP1PPPP/RNBQKBNR w KQkq - 0 2,e2e3,28,11,-17
r1bqkbnr/ppp1pppp/2n5/3p4/3P4/4P3/PPP2PPP/RNBQKBNR w KQkq - 1 3,f2f4,42,2,-40
r1bqkbnr/ppp3pp/2n2p2/3pp3/3P1P2/4PN2/PPP3PP/RNBQKB1R w KQkq - 0 5,f4e5,42,37,-5
r1bqkbnr/ppp3pp/2n5/3pp3/3P4/4PN2/PPP3PP/RNBQKB1R w KQkq - 0 6,d4e5,31,29,-2
r2qk2r/ppp1n1pp/8/2bpP3/3n4/4P3/PPP1Q1PP/RNB2RK1 w kq - 0 11,e3d4,88,80,-8
r2qk2r/ppp3pp/6n1/3pP3/3b4/8/PPP1Q1PP/RNB2R1K w kq - 2 13,e5e6,119,-28,-147
2kr1r2/1pp3p1/6n1/8/3p2qp/3Q4/PPP3PP/R3R1BK w - - 0 24,h2h3,11,9,-2
1k3r2/1pp3p1/4Q3/8/3p1q1p/7P/PPP3P1/6RK w - - 2 32,a2a4,-27,-34,7
1k6/1pp3Q1/2r5/8/P2p3p/7P/1PP2qP1/6RK w - - 1 35,c2c3,-3,-79,76
rnbqkbnr/pppppppp/8/8/8/8/PPPPPPPP/RNBQKBNR w KQkq - 0 1,e2e4,37,29,-8
rnbqkbnr/pppp1ppp/8/4p3/4P3/8/PPPP1PPP/RNBQKBNR w KQkq - 0 2,f2f4,38,-79,-117
rn1qkbnr/ppp2ppp/3p4/4p3/4PPb1/5N2/PPPP2PP/RNBQKB1R w KQkq - 2 4,f4e5,51,48,-3
r3k2r/ppp1b1p1/2n5/7p/8/4N3/PPPP2PP/RNB1K2R w KQ - 2 13,c2c3,444,411,-33
r3k2r/ppp1b1p1/8/4n2p/8/2P1N3/PP1P2PP/RNB1K2R w KQ - 1 14,d2d4,444,509,65
r4r2/pppkb1p1/8/7p/3PKn2/2P1N3/PP4PP/RNB4R w - - 7 18,g2g3,364,322,-42
4r3/2pkb1p1/8/pp5p/3P4/1KP2rPn/PP5P/RNBN3R w - - 0 23,a2a4,401,425,24
4r3/2pkb1p1/8/p6p/K2P1n2/2Pr2P1/1P1N1N1P/R6R w - - 0 28,g3f4,410,-30,-440
4r3/2pkb1p1/8/p6p/K2PNP2/2P5/1r5P/R6R w - - 0 30,h2h3,-25,-56,31
rnbqkbnr/pppppppp/8/8/8/8/PPPPPPPP/RNBQKBNR w KQkq - 0 1,c2c4,36,8,-28
rnbqkb1r/pppppppp/5n2/8/2P5/8/PP1PPPPP/RNBQKBNR w KQkq - 1 2,b2b3,25,-28,-53
rnbqkb1r/ppp2ppp/4pn2/3p4/2P5/1P6/PB1PPPPP/RN1QKBNR w KQkq - 0 4,c4d5,-4,-13,9
rnbqkb1r/ppp2ppp/5n2/3p4/8/1P6/PB1PPPPP/RN1QKBNR w KQkq - 0 5,g2g3,-10,-18,8
r2q1rk1/pp1n1ppp/2pb4/3p1b2/N3n3/1P3NP1/PB1PPPBP/2RQ1RK1 w - - 12 12,d2d3,52,79,27
r4rk1/pp1n1ppp/2pb4/3p1bq1/N7/1P1P2P1/PB2PPBP/2RQ1RK1 w - - 0 14,a2a3,49,-23,-72
r4rk1/pp1n1ppp/2pb4/3p1b1q/N7/PP1P2P1/1B2PPBP/2RQ1RK1 w - - 1 15,b3b4,1,-14,-15
r4rk1/pp1n1ppp/2pb4/3p3q/NP6/P2P2Pb/1B2PPBP/2RQ1RK1 w - - 1 16,e2e3,13,-3,-16
r4rk1/1p3ppp/1ppb4/3p4/1P6/P2PP1P1/1B3PKP/2RR4 w - - 0 20,e3e4,11,12,1
r4rk1/1p3ppp/1ppb4/8/1P2p3/P2P2P1/1B3PKP/2RR4 w - - 0 21,d3e4,15,16,1
r2r2k1/1p3ppp/1ppb4/8/1P2P3/P5P1/1B3PKP/2RR4 w - - 1 22,e4e5,20,21,1
r2r2k1/1pb2ppp/1pp5/4P3/1P6/P5P1/1B3PKP/2RR4 w - - 1 23,f2f4,22,20,-2
r2r4/1pb1kp1p/1pp3p1/4P3/1P2KP2/P5P1/1B5P/2RR4 w - - 2 26,g3g4,62,62,0
3b4/1p2kp1p/1pp3p1/4P3/1P2KPP1/P7/1B5P/8 w - - 0 29,f4f5,93,0,-93
3b4/1p3p1p/2k3p1/1p2PP2/1PpK2P1/P7/5B1P/8 w - - 0 34,h2h4,-26,-511,485
8/1p3p1p/2k3p1/1p2PP2/1Pp1K1PP/P7/5b2/8 w - - 0 36,h4h5,-528,-578,50
8/1p3p1p/2k3p1/1p2PP1P/1P4P1/P1pK4/8/4b3 w - - 2 38,h5g6,-82,-504,422
8/1p3p2/2k3p1/1p2PP2/1P4P1/P1pK4/8/4b3 w - - 0 39,e5e6,-231,-292,61
8/1p3p2/2k1P1p1/1p3P2/1P4P1/P1pK2b1/8/8 w - - 1 40,e6f7,-132,-125,-7
8/1p3P2/2kb2p1/1p3P2/1P4P1/P1pK4/8/8 w - - 1 41,f5g6,-119,-125,6
5b2/1p3P2/4k1P1/1p6/1P1K2P1/P7/8/8 w - - 3 44,g6g7,25,26,1
8/1p3k2/8/1K6/1P1b2P1/P7/8/8 w - - 1 47,a3a4,22,18,-4
8/1p2k3/8/1K6/PP1b2P1/8/8/8 w - - 1 48,a4a5,24,34,10
8/1p1k4/8/PK6/1P1b2P1/8/8/8 w - - 1 49,a5a6,38,29,-9
8/8/K1k5/8/1P1b2P1/8/8/8 w - - 1 51,b4b5,51,39,-12
8/2k5/K7/1P6/3b2P1/8/8/8 w - - 1 52,g4g5,51,52,1
rnbqkbnr/pppppppp/8/8/8/8/PPPPPPPP/RNBQKBNR w KQkq - 0 1,e2e4,39,39,0
r1bqkb1r/pppp1ppp/2n2n2/1B2p3/4P3/5N2/PPPP1PPP/RNBQK2R w KQkq - 4 4,d2d3,28,21,-7
r1bqkb1r/ppp2ppp/2np1n2/1B2p3/4P3/3P1N2/PPP2PPP/RNBQK2R w KQkq - 0 5,h2h3,26,20,-6
r2qkb1r/2pb1ppp/p2p1n2/np2p3/4P3/1B1P1N1P/PPP2PP1/RNBQ1RK1 w kq - 2 9,c2c3,5,-5,-10
r4rk1/3bqpp1/p2p3p/1pp1p2n/4P3/1QPP1N1P/PP1N1PP1/R3R1K1 w - - 0 16,d3d4,-148,-137,-11
r4rk1/3bqpp1/p2p3p/1pp4n/3pP3/1QP2N1P/PP1N1PP1/R3R1K1 w - - 0 17,c3d4,0,13,13
rnbqkbnr/pppppppp/8/8/8/8/PPPPPPPP/RNBQKBNR w KQkq - 0 1,d2d4,33,25,-8
rnbqkb1r/ppp2ppp/4pn2/3p2B1/3P4/2N5/PPP1PPPP/R2QKBNR w KQkq - 0 4,h2h4,20,-43,-63
rnbqk2r/ppp1bpp1/4p2p/8/3PpB1P/8/PPPQPPP1/R3KBNR w KQkq - 0 8,h4h5,69,-15,-84
rnbqk2r/ppp2pp1/4pb1p/7P/3PpB2/8/PPPQPPP1/R3KBNR w KQkq - 1 9,e2e3,60,55,-5
rn1q1rk1/pb3pp1/1pp1pb1p/7P/2BPpB2/4P3/PPPQNPP1/2KR3R w - - 2 13,g2g4,149,-3,-152
rn1q1rk1/1b3pp1/1pp1pb1p/p6P/2BPpBP1/4P3/PPPQNP2/2KR3R w - - 0 14,a2a3,158,-37,-195
rn3rk1/1bN2pp1/4p2p/7P/p3p1P1/P3q3/BPP2P2/2KR2R1 w - - 0 22,f2e3,64,150,86
5rk1/1bN2pp1/4p2p/2n4P/p3p1P1/P3P3/BPP5/2K3R1 w - - 0 26,g4g5,22,-21,-43
5rk1/1bNn1pp1/4p3/6RP/p3p3/P3P3/BPP5/2K5 w - - 1 28,h5h6,382,205,-177
8/3n4/R1b2rpk/8/p3pN2/P3P3/1PP5/2K5 w - - 0 34,c2c4,-350,-396,46
rnbqkbnr/pppppppp/8/8/8/8/PPPPPPPP/RNBQKBNR w KQkq - 0 1,e2e4,29,32,3
rnbqkbnr/ppp1pppp/8/3p4/4P3/8/PPPP1PPP/RNBQKBNR w KQkq - 0 2,e4d5,66,63,-3
rnb1kb1r/ppp1pppp/5n2/q7/2B5/2N5/PPPP1PPP/R1BQK1NR w KQkq - 4 5,d2d3,60,41,-19
rnb1kb1r/pp2pppp/2p2n2/q7/2B5/2NP4/PPP2PPP/R1BQK1NR w KQkq - 0 6,h2h3,43,7,-36
rnbqk2r/p3bppp/2p1p3/1p1n2N1/8/1BNP3P/PPPB1PP1/R2QK2R w KQkq - 6 11,h3h4,37,11,-26
3r3r/pkqB3p/2p2pp1/1p6/7P/2bP1Q2/PPP2PP1/1K1RR3 w - - 0 23,b2c3,398,313,-85
rnbqkbnr/pppppppp/8/8/8/8/PPPPPPPP/RNBQKBNR w KQkq - 0 1,e2e4,23,25,2
r2q1rk1/ppp2pbp/3p1np1/4p1N1/3nP1bQ/1B6/PPPP1PPP/RNB1K2R w KQ - 6 10,f2f3,-141,-198,57
r2q1rk1/ppp2pbp/3p1np1/4p1Nb/3nP2Q/1B3P2/PPPP2PP/RNB1K2R w KQ - 1 11,f3f4,-138,-427,289
r2q1rk1/ppp2pbp/3p1np1/6Nb/3nP2Q/1B3p2/PPPP2PP/RNB2RK1 w - - 0 13,g2f3,-183,-457,274
r2q1rk1/ppp2pbp/3p2p1/6Nb/4n2Q/1B3R2/PPPP3P/RNB3K1 w - - 0 15,d2d3,132,83,-49
r4rk1/ppp2p1p/3p2p1/6B1/3bn2Q/1B1P1b2/PPP4P/RN3K2 w - - 0 18,h2h3,517,318,-199
rnbqkbnr/pppppppp/8/8/8/8/PPPPPPPP/RNBQKBNR w KQkq - 0 1,e2e3,25,21,-4
rnbqkbnr/ppppp1pp/8/5p2/8/4P3/PPPP1PPP/RNBQKBNR w KQkq - 0 2,d2d3,45,15,-30
rnbqkbnr/ppp3pp/8/3ppp2/8/3PPN2/PPP2PPP/RNBQKB1R w KQkq - 0 4,e3e4,147,-30,-177
rnbqk1nr/ppp1b1pp/8/3ppp2/4P3/3P1N2/PPP2PPP/RNBQKB1R w KQkq - 1 5,e4f5,97,-81,-178
2k4r/pp4q1/3p1n1p/8/8/3P1Q2/PPP2PPP/4R1K1 w - - 0 23,c2c3,-40,-38,-2
2k5/ppn3q1/3p3p/8/8/2PPQ3/PP3PPP/6K1 w - - 2 26,d3d4,-18,-75,57
2k5/ppn5/3pq2p/8/3P4/2P5/PP3PPP/2Q3K1 w - - 3 28,f2f3,-55,-193,138
2k5/pp6/4q2p/1n1p4/3P4/2P2P2/PP3KPP/2Q5 w - - 2 30,a2a3,-27,-43,16
2k5/pp6/3nq2p/3p4/3P4/P1P2P2/1P3KPP/2Q5 w - - 1 31,h2h3,-43,-112,69
2k5/pp6/4q2p/3p4/2nP4/P1P2P1P/1P3KP1/2Q5 w - - 1 32,b2b3,-57,-59,2
8/ppk5/7p/3p4/3P4/PPP1KP1P/6P1/8 w - - 1 35,g2g4,529,540,11
8/pp6/3k3p/3p4/3P2P1/PPP1KP1P/8/8 w - - 1 36,h3h4,555,552,-3
8/pp6/4k2p/3p4/3P2PP/PPP1KP2/8/8 w - - 1 37,f3f4,570,536,-34
8/pp6/5k1p/3p4/3P1PPP/PPP1K3/8/8 w - - 1 38,c3c4,554,567,13
8/pp6/5k1p/8/2pP1PPP/PP2K3/8/8 w - - 0 39,b3c4,569,576,7
8/pp6/5k1p/8/2PPKPPP/P7/8/8 w - - 3 41,d4d5,591,602,11
8/p3k3/1p5p/3PK3/2P2PPP/P7/8/8 w - - 0 43,f4f5,714,745,31
8/p3k3/7p/1p1PKP2/2P3PP/P7/8/8 w - - 0 44,c4c5,877,618,-259
8/p2k4/7p/1pPPKP2/6PP/P7/8/8 w - - 1 45,c5c6,853,893,40
8/p1k5/2P4p/1p1PKP2/6PP/P7/8/8 w - - 1 46,f5f6,975,1096,121
8/p1k5/2P2P1p/3PK3/1p4PP/P7/8/8 w - - 0 47,a3b4,1224,10000,8776
8/p7/1kP2P1p/3PK3/1P4PP/8/8/8 w - - 1 48,f6f7,10000,10000,0
8/5P2/1kP4p/p2PK3/1P4PP/8/8/8 w - - 0 49,f7f8q,10000,10000,0
rnbqkbnr/pppppppp/8/8/8/8/PPPPPPPP/RNBQKBNR w KQkq - 0 1,e2e4,27,26,-1
r1b1kbnr/ppp1qppp/2np4/4p2Q/2B1P3/5N2/PPPP1PPP/RNB1K2R w KQkq - 0 5,d2d3,-35,-28,-7
r3kb1r/ppp1qppp/2np1n2/4p1Q1/2B1P1b1/3P1N2/PPP2PPP/RNB1K2R w KQkq - 3 7,h2h3,-5,-94,89
r3kb1r/ppp1qppp/2np1n2/4p1Q1/2B1P3/3P1b1P/PPP2PP1/RNB1K2R w KQkq - 0 8,g2f3,-73,-77,4
r3kb1r/ppp1qpp1/3p1n1p/4p3/4P3/1n1P2RP/PPPN1P2/R1B2K2 w kq - 0 15,a2b3,-835,-810,-25
r3kb1r/2p1qpp1/p2p1n1p/Rp2p3/4P3/1P1P2RP/1PPN1P2/2B2K2 w kq - 0 17,f2f3,-815,-892,77
8/5p1k/6p1/1p2p2p/p3P3/5P2/3qNK2/8 w - - 2 52,f3f4,-952,-1125,173
8/5p1k/6p1/1p5p/p3Pp2/8/3qNK2/8 w - - 0 53,e4e5,-10000,-10000,0
8/5p1k/6p1/1p2P2p/5p2/p7/3qNK2/8 w - - 0 54,e5e6,-10000,-10000,0
rnbqkbnr/pppppppp/8/8/8/8/PPPPPPPP/RNBQKBNR w KQkq - 0 1,d2d4,27,25,-2
r2qkb1r/ppp1pppp/n4n2/1N1p1b2/3P1B2/8/PPP1PPPP/R2QKBNR w KQkq - 4 5,a2a3,1,15,14
r2qkb1r/ppn1pppp/2p2n2/3p1b2/3P1B2/P1N5/1PP1PPPP/R2QKBNR w KQkq - 2 7,e2e3,28,28,0
r2qkb1r/ppn2pp1/2p1pnp1/3p4/3P1B2/P1N1P3/1PP2PPP/R2QK1NR w KQkq - 0 10,g2g4,11,-15,-26
r2qnrk1/ppn2pp1/2p1p1p1/3p4/3P1QP1/P1N1P3/1PP2P1P/R3K1NR w KQ - 1 14,h2h4,99,84,-15
r3nrk1/ppn2pp1/2pq2p1/3pp3/3P2PP/P1N1PQ2/1PP2P2/R3K1NR w KQ - 0 16,d4e5,70,50,-20
r4rk1/ppn2pp1/2p2np1/3pq3/6PP/P1N1PQ2/1PP2P2/2KR2NR w - - 2 18,g4g5,42,-2,-44
1r2r1k1/p4pp1/2p3p1/3p2Pn/7P/N2qP3/1PPN1P2/2K3R1 w - - 0 30,c2d3,-294,-235,-59
1r6/pr4pk/2p2pp1/3p2Pn/7P/3PPN2/1PNK1P2/6R1 w - - 4 34,b2b4,-111,-86,-25
1r6/1r4pk/2p2pp1/p2p2Pn/1P5P/3PPN2/2NK1P2/6R1 w - - 0 35,b4a5,-46,-31,-15
rnbqkbnr/pppppppp/8/8/8/8/PPPPPPPP/RNBQKBNR w KQkq - 0 1,g2g3,29,15,-14
rnbqkbnr/pp2pppp/2p5/3p4/8/6P1/PPPPPPBP/RNBQK1NR w KQkq - 0 3,e2e4,21,-12,-33
rnbqkbnr/pp3ppp/2p1p3/3p4/4P3/6P1/PPPP1PBP/RNBQK1NR w KQkq - 0 4,e4e5,29,29,0
rnbqkb1r/pp2nppp/2p1p3/3pP3/8/6P1/PPPP1PBP/RNBQK1NR w KQkq - 1 5,d2d4,26,19,-7
rnbqkb1r/pp3ppp/2p1p3/3pPn2/3P4/6P1/PPP2PBP/RNBQK1NR w KQkq - 1 6,f2f4,15,-146,-161
rnbqk2r/pp3ppp/2p1p3/3pPn2/1b1P1P2/6P1/PPP3BP/RNBQK1NR w KQkq - 1 7,c2c3,-4,-5,1
rnbqk2r/pp3p1p/2p1p3/b2pPp2/3P1P2/2P3P1/PP5P/RNBQK1NR w KQkq - 0 10,g3g4,131,-158,-289
rnbqk1r1/pp3p1p/2p1p3/b2pPp2/3P1PP1/2P5/PP5P/RNBQK1NR w KQq - 1 11,g4g5,131,138,7
rnbqk1r1/pp3p2/2p1p2p/b2pPpP1/3P1P2/2P5/PP5P/RNBQK1NR w KQq - 0 12,h2h4,164,151,-13
r1bqk1r1/pp1n1p2/2p1p2p/b2pPpP1/3P1P1P/2P5/PP6/RNBQK1NR w KQq - 1 13,g5h6,160,134,-26
r7/pp1bkp1r/2p1p2P/b2pPp2/3P1P1P/2P5/PP6/RNB1K2R w KQ - 0 20,b2b4,6,11,5
r7/pp1bkp2/1bp1p2r/3pPp2/1P1P1P1P/B1P5/P7/RN2K2R w KQ - 0 22,b4b5,-26,-36,10
r2k4/pp1b1p2/1bp1p2r/1P1pPp2/3P1P1P/B1P5/P7/RN2K2R w KQ - 1 23,b5c6,7,-34,-41
2rk3r/1p3p2/1b1Bp3/p2pPp2/3PbP1P/N1P5/PK5R/3R4 w - - 0 30,h4h5,108,-10,-118
6rr/1p1k1p2/1b1Bp3/p2pPp1P/3PbP2/NKP1R3/P6R/8 w - - 7 34,c3c4,-92,-251,159
k1r4r/1p3p2/4p3/p1BbPp1P/3P1P2/2K4R/PR6/8 w - - 6 41,a2a3,50,21,-29
k1r4r/1p3p2/4p3/2BbPp1P/p2P1P2/P1K4R/1R6/8 w - - 0 42,h5h6,120,118,-2
k1r4r/5p2/1p2p2P/2B1Pp2/p2P1P2/PbK4R/3R4/8 w - - 0 44,d4d5,-306,-414,108
k1r5/5p2/1p2p2P/2rPPp2/pK3P2/Pb5R/3R4/8 w - - 2 46,h6h7,-431,-10000,9569
k6r/5p1P/K3p3/3PPp2/p1r2P2/Pb5R/3R4/8 w - - 3 50,d5d6,0,-651,-651
7r/k4p1P/2rPp3/K3Pp2/p4P2/Pb5R/3R4/8 w - - 3 52,d6d7,-449,-10000,9551
7r/2kP1p1P/4p3/3bPp2/5P2/P7/1K1R4/6R1 w - - 13 64,a3a4,788,363,-425
7r/3k1p1P/4p3/3bPp2/P4P2/8/1K1R4/6R1 w - - 0 65,a4a5,527,337,-190
8/3k1p1r/4p3/P2bPp2/5P2/8/1K1R4/6R1 w - - 0 66,a5a6,350,311,-39
7r/3k1p2/P3p3/3bPp2/5P2/8/1K1R4/6R1 w - - 1 67,a6a7,378,370,-8
rnbqkbnr/pppppppp/8/8/8/8/PPPPPPPP/RNBQKBNR w KQkq - 0 1,e2e4,32,31,-1
rnbqkb1r/pppp1ppp/5n2/4p3/2B1P3/8/PPPP1PPP/RNBQK1NR w KQkq - 2 3,d2d3,-1,6,7
rnbq1rk1/pppp1ppp/5n2/2b1p3/2B1P3/2NP4/PPP2PPP/R1BQK1NR w KQ - 3 5,h2h3,11,-13,-24
rnbq1rk1/ppp2ppp/3p1n2/2b1p3/2B1P3/2NP3P/PPP2PP1/R1BQK1NR w KQ - 0 6,a2a3,0,-8,-8
r1bq1rk1/ppp2ppp/2np1n2/2b1p3/2B1P3/P1NP3P/1PP2PP1/R1BQK1NR w KQ - 1 7,b2b4,18,-5,-23
r1bq1rk1/2p2ppp/p1np4/1p2p2n/1P1bP3/PBNP3P/1BP1NPP1/R2QK2R w KQ - 2 11,g2g4,235,-98,-333
r1b2rk1/2p2ppp/p2p4/1p2n1q1/1P1bP1P1/PBNP2QP/1BP2P2/R3K2R w KQ - 3 16,f2f4,246,237,-9
r1b2rk1/2p2ppp/p2p1q2/1p2n3/1P1bPPP1/PBNP2QP/1BP5/R3K2R w KQ - 1 17,f4e5,406,-25,-431
r1b2r1k/5Bpp/p2p4/1p6/1p2P1P1/P1qP3P/2P1KQ2/R4R2 w - - 1 23,a3b4,32,-345,-377
rnbqkbnr/pppppppp/8/8/8/8/PPPPPPPP/RNBQKBNR w KQkq - 0 1,d2d4,27,27,0
rnbqkbnr/pp3ppp/4p3/2pp4/3P1B2/5N2/PPP1PPPP/RN1QKB1R w KQkq - 0 4,d4c5,23,-7,-30
rnbqk1nr/pp3ppp/4p3/2bp4/5B2/5N2/PPP1PPPP/RN1QKB1R w KQkq - 0 5,e2e3,0,-4,-4
rn2k2r/1p2qpp1/p3pn1p/2bpN3/5B2/2N1P3/PPP2PPP/R2Q1RK1 w kq - 2 11,a2a3,3,-43,-46
rn3rk1/1p2qpp1/p3pn1p/2bpN3/5B2/P1N1P3/1PP2PPP/R2Q1RK1 w - - 1 12,b2b4,-39,-123,84
rn3rk1/bp2qpp1/p3pn1p/3pN3/NP3B2/P3P3/2P2PPP/R2Q1RK1 w - - 3 14,c2c4,1,5,4
rn1r2k1/bp2qpp1/p3pn1p/3pN3/NPP2B2/P3P3/5PPP/R2Q1RK1 w - - 1 15,c4c5,9,18,9
r2r2k1/bp1nqpp1/p3pn1p/2PpN3/NP3B2/P3P3/5PPP/R2Q1RK1 w - - 1 16,c5c6,26,-27,-53
3r4/4qp1k/p3pp1p/2bp4/1Pn2Q2/P3P3/5PPP/R2R2K1 w - - 0 25,b4c5,221,224,3
3r4/5p1k/p2qp2p/3p1p2/2n5/P2QP3/5PPP/R2R2K1 w - - 0 28,f2f3,108,-137,-245
3r4/5p1k/p3p2p/3p1p2/3q4/P3PP2/6PP/R5K1 w - - 0 32,e3d4,-372,-364,-8
8/7k/p4p1p/3ppp2/2rP4/P2K1P2/6PP/R7 w - - 0 36,d4e5,-154,-201,47
8/7k/p6p/3p1p2/2r1p3/P2K1P2/6PP/4R3 w - - 0 38,f3e4,-152,-201,49
8/8/p5kp/2Kp4/4p3/P2r4/6PP/4R3 w - - 6 42,a3a4,-406,-448,42
8/8/pK5p/3p1k2/P2rp3/8/6PP/4R3 w - - 3 44,a4a5,-346,-409,63
8/8/K6p/P2pk3/4p3/8/1r4PP/5R2 w - - 3 47,g2g4,-371,-441,70
8/8/K6p/P3k3/3pp1P1/8/1r5P/5R2 w - - 0 48,h2h4,-382,-442,60
8/8/K6p/P3k3/4p1PP/3p4/1r6/5R2 w - - 0 49,g4g5,-442,-486,44
8/8/K7/P3k1p1/4p2P/3p4/1r6/5R2 w - - 0 50,h4g5,-470,-481,11
8/8/K7/P3k1P1/4p3/8/1r1p4/5R2 w - - 0 51,g5g6,-473,-521,48
8/8/K5P1/P3k3/8/4p3/1r1p4/5R2 w - - 0 52,g6g7,-427,-455,28
8/6P1/K7/P3k3/8/8/1r6/4q3 w - - 0 55,g7g8q,-10000,-10000,0
rnbqkbnr/pppppppp/8/8/8/8/PPPPPPPP/RNBQKBNR w KQkq - 0 1,d2d4,26,21,-5
rnbqkbnr/pppp1ppp/4p3/8/3P4/8/PPP1PPPP/RNBQKBNR w KQkq - 0 2,e2e4,29,32,3
r1bqkbnr/pp3ppp/2n1p3/3p4/3BP3/2N5/PPP2PPP/R2QKBNR w KQkq - 1 6,e4e5,55,-92,-147
r1bqkb1r/pp2nppp/2n1p3/3pP3/3B4/2N5/PPP2PPP/R2QKBNR w KQkq - 1 7,f2f4,-91,-133,42
r2qkb1r/1p1b1ppp/p1n1p1n1/3pP3/3B1P2/2N4N/PPPQ2PP/R3KB1R w KQkq - 0 10,g2g3,-25,-208,183
2r1k2r/2qb1pp1/p3p1np/2bpP1N1/1p3P2/6P1/PPPQ2BP/1NKR3R w k - 0 17,h2h4,-490,-713,223
2r1k2r/2qb1pp1/p3p1n1/2bpP1p1/1p3P1P/6P1/PPPQ2B1/1NKR3R w k - 0 18,h4g5,-684,-787,103
2r5/2qbkpp1/p3p1n1/2bpP1P1/1p3P2/6P1/PPPQ2B1/1NK4R w - - 1 20,f4f5,-488,-715,227
2r5/2qbkpp1/p3p3/2bpnPP1/1p6/6P1/PPPQ2B1/1NK4R w - - 0 21,f5f6,-526,-538,12
2r5/2qbkp2/p3pp2/2bpn1P1/1p6/6P1/PPPQ2B1/1NK4R w - - 0 22,g5f6,-564,-573,9
2r5/3b1p2/p2kpP2/2qpn3/1p1b1Q2/6P1/PPPN2B1/2K1R3 w - - 7 26,c2c3,-594,-802,208
rnbqkbnr/pppppppp/8/8/8/8/PPPPPPPP/RNBQKBNR w KQkq - 0 1,e2e4,24,28,4
r1bqkbnr/pppp1pp1/2n4p/4p3/2B1P3/5N2/PPPP1PPP/RNBQK2R w KQkq - 0 4,c2c3,75,51,-24
r1bqkb1r/pppp1pp1/2n2n1p/4p3/2B1P3/2P2N2/PP1P1PPP/RNBQK2R w KQkq - 1 5,d2d4,64,49,-15
r1bqkb1r/pppp1pp1/2n2n1p/8/2BpP3/2P2N2/PP3PPP/RNBQK2R w KQkq - 0 6,c3d4,62,-26,-88
r2qk2r/ppp2pp1/2np1n1p/8/1bBPP1b1/2N2N2/PP3PPP/R1BQ1RK1 w kq - 2 9,h2h3,84,72,-12
r3k2r/pp3pp1/1q1p1n1p/2p5/2BnP3/2Q1B2P/PP3PP1/R4RK1 w kq - 2 14,b2b3,70,-22,-92
r4rk1/pp2Rpp1/1q3n1p/8/2pp4/1P1Q3P/P4PP1/1R4K1 w - - 0 20,b3c4,-471,-463,-8
r4rk1/5pp1/3q1n1p/pR6/2Pp4/3Q3P/P4PP1/1R4K1 w - - 2 23,c4c5,-440,-444,4
r4rk1/5pp1/5n1p/pRPq4/8/Q2p3P/P4PP1/1R4K1 w - - 0 25,c5c6,-477,-493,16
8/8/4qk1p/5pp1/1Q2n3/7P/r5P1/4R1K1 w - - 0 39,g2g4,-374,-516,142
8/8/4qk1p/5pp1/1Q2n1P1/7P/5r2/4R1K1 w - - 1 40,g4f5,-19,-10,-9
rnbqkbnr/pppppppp/8/8/8/8/PPPPPPPP/RNBQKBNR w KQkq - 0 1,e2e4,26,22,-4
rnbqkbnr/pppp1ppp/8/4p3/4P3/8/PPPP1PPP/RNBQKBNR w KQkq - 0 2,f2f4,30,-59,-89
rnbqk1nr/ppp1bppp/3p4/8/2B1Pp2/5N2/PPPP2PP/RNBQK2R w KQkq - 2 5,g2g3,14,-160,-174
rnbqk1nr/ppp1bppp/3p4/8/2B1P3/5Np1/PPPP3P/RNBQK2R w KQkq - 0 6,h2g3,-167,-166,-1
rn1qk1nr/ppp1bppp/3p4/8/2B1P1b1/5NP1/PPPP4/RNBQK2R w KQkq - 1 7,d2d4,-167,-177,10
r2qk1nr/ppp2ppp/2np1b2/8/2BPP1b1/3Q1NP1/PPP5/RNB1K2R w KQkq - 3 9,c2c3,-95,-108,13
2k1r1nr/2pq4/p2pbp2/1p4pp/3PP3/2PQ2P1/PP1B3N/2K1R2R w - - 2 22,d4d5,-12,-15,3
2k1r1nr/2p1qb2/p2p1p2/1p1P2pp/3QP3/2P3P1/PP1B3N/2K1R2R w - - 3 24,g3g4,190,-38,-228
2k1r1nr/2q2b2/p2p1p2/1p1P2p1/2pQP1Pp/2P2N2/PP1B4/2K1R2R w - - 2 28,b2b3,272,-106,-378
2k1r1nr/2q2b2/p2p1p2/1p1P2p1/3QP1Pp/1pP2N2/P2B4/2K1R2R w - - 0 29,a2b3,129,-27,-156
2k1r1nr/5b2/p4p2/1ppP2p1/4P1Pp/1PP2N2/3B4/2K1R2R w - - 0 31,c3c4,-7,-21,14
rnbqkbnr/pppppppp/8/8/8/8/PPPPPPPP/RNBQKBNR w KQkq - 0 1,e2e4,26,25,-1
r1bqkbnr/pppp1ppp/2n5/4p3/4P3/5N2/PPPP1PPP/RNBQKB1R w KQkq - 2 3,d2d3,29,-10,-39
r2q1rk1/ppp2ppp/1b1pbn2/4p3/2NnP3/2NPB3/PPP1BPPP/R2Q1RK1 w - - 10 10,h2h3,38,-43,-81
r2qr1k1/ppp2ppp/1b2bn2/3pp3/2N1P3/2NPB2P/PPP1QPP1/R4R1K w - - 0 13,e4d5,-26,-34,8
r3r1k1/ppp2ppp/1b3n2/3qp3/2N5/3PB2P/PPP1QPP1/R4R1K w - - 0 15,f2f4,-13,-168,155
rnbqkbnr/pppppppp/8/8/8/8/PPPPPPPP/RNBQKBNR w KQkq - 0 1,d2d4,26,22,-4
rnbqkbnr/pppp1ppp/4p3/8/3P4/8/PPP1PPPP/RNBQKBNR w KQkq - 0 2,e2e3,26,19,-7
rnbqk1nr/ppppbppp/4p3/8/3P4/4P3/PPP2PPP/RNBQKBNR w KQkq - 1 3,c2c4,19,8,-11
rnbqk1nr/ppp1bppp/8/3pp3/2PP4/2N1P3/PP3PPP/R1BQKBNR w KQkq - 0 5,d4e5,209,210,1
rnb1k1nr/ppp1bppp/3q4/3pP3/2P5/2N1P3/PP3PPP/R1BQKBNR w KQkq - 1 6,c4d5,831,351,-480
rn2k1nr/ppp1bppp/8/3P2q1/2B5/2N1PQ2/PP3PPP/R1B2RK1 w kq - 1 11,e3e4,473,486,13
rn2kr2/ppp2p1p/3b1Q2/3P4/2B1P3/2N5/PP3PPP/R4RK1 w q - 1 15,e4e5,989,977,-12
r3kr2/pppnbp1p/7Q/3PP3/2B5/2N5/PP3PPP/R4RK1 w q - 3 17,e5e6,930,887,-43
r3kr2/pppn1p1p/4Pb1Q/3P4/2B5/2N5/PP3PPP/R4RK1 w q - 1 18,e6d7,1277,1380,103
8/pB3p1R/8/2k5/8/2N5/PP3PPP/6K1 w - - 1 29,h2h4,1035,1028,-7
8/pB3R2/8/8/7P/2Nk4/PP3PP1/6K1 w - - 1 31,h4h5,1076,1095,19
8/pB3R2/8/7P/8/2N5/PPk2PP1/6K1 w - - 1 32,h5h6,1168,1299,131
8/5R2/B6P/1N6/8/8/P4PP1/k5K1 w - - 1 35,h6h7,10000,10000,0
8/5R1P/B7/1N6/8/8/Pk3PP1/6K1 w - - 1 36,h7h8q,10000,10000,0
rnbqkbnr/pppppppp/8/8/8/8/PPPPPPPP/RNBQKBNR w KQkq - 0 1,d2d4,25,26,1
rnbqkb1r/pppppppp/5n2/8/3P4/8/PPP1PPPP/RNBQKBNR w KQkq - 1 2,e2e3,21,11,-10
rnbqkb1r/pppppp1p/5np1/8/3P4/4P3/PPP2PPP/RNBQKBNR w KQkq - 0 3,c2c4,18,11,-7
rnbqk2r/ppppppbp/5np1/8/2PP4/4P3/PP3PPP/RNBQKBNR w KQkq - 1 4,c4c5,7,-68,-75
r1bqk2r/ppppppbp/2n2np1/2P5/3P4/4P3/PP3PPP/RNBQKBNR w KQkq - 1 5,a2a3,-26,-41,15
r1bq1rk1/ppppppbp/2n2np1/2P5/3P4/P3P3/1P3PPP/RNBQKBNR w KQ - 1 6,b2b4,-48,-99,51
r1bq1rk1/2ppppbp/p1n2np1/2p5/1P1P4/P2BPN2/1BQ2PPP/RN2K2R w KQ - 0 11,b4c5,69,42,-27
1r1q1rk1/1bppppbp/p1n3p1/2P5/3P2n1/P2BPN2/1BQ2PPP/RN2R1K1 w - - 5 14,h2h3,135,128,-7
1r1q1rk1/1bpp1pbp/p1n3p1/2P1p3/3P2n1/P2BPN1P/1BQ2PP1/RN2R1K1 w - - 0 15,h3g4,340,313,-27
1r2r1k1/1bpp1pbp/p1n2qp1/2P5/3PB1P1/P3PN2/RBQ2PP1/1N2R1K1 w - - 3 18,d4d5,530,523,-7
rnbqkbnr/pppppppp/8/8/8/8/PPPPPPPP/RNBQKBNR w KQkq - 0 1,e2e4,25,19,-6
rnbqkb1r/pppppppp/5n2/8/4P3/8/PPPP1PPP/RNBQKBNR w KQkq - 1 2,e4e5,60,67,7
rnbqkb1r/pppppppp/8/4P3/4n3/8/PPPP1PPP/RNBQKBNR w KQkq - 1 3,d2d4,176,146,-30
rnbqkb1r/pp1ppppp/2p5/4P3/3Pn3/8/PPP2PPP/RNBQKBNR w KQkq - 0 4,h2h4,415,179,-236
rnb1kb1r/pp1pppp1/2p5/q3P2p/3Pn2P/5Q2/PPP2PP1/RNB1KBNR w KQkq - 2 6,c2c3,337,96,-241
rnb1kb1r/pp2ppp1/2p5/q2pP2p/3Pn2P/2P2Q2/PP3PP1/RNB1KBNR w KQkq d6 0 7,e5d6,98,11,-87
rnbqkbnr/pppppppp/8/8/8/8/PPPPPPPP/RNBQKBNR w KQkq - 0 1,e2e4,25,25,0
r1bqkbnr/pppp1ppp/2n5/4p3/4P3/2N5/PPPP1PPP/R1BQKBNR w KQkq - 2 3,a2a3,11,-6,-17
r1bqk1nr/pppp1ppp/2n5/2b1p3/4P3/P1N5/1PPP1PPP/R1BQKBNR w KQkq - 1 4,g2g4,20,-112,-132
r1bqk1nr/pppp1pp1/2n4p/2b1p3/4P1P1/P1N5/1PPP1P1P/R1BQKBNR w KQkq - 0 5,h2h3,-85,-84,-1
r1bq1rk1/pppp1pp1/2n2n1p/2b1p3/2B1P1P1/P1N4P/1PPP1P2/R1BQK1NR w KQ - 3 7,d2d3,-40,-36,-4
r1bq1rk1/ppp2pp1/2np1n1p/2b1p3/2B1P1P1/P1NP3P/1PP2P2/R1BQK1NR w KQ - 0 8,g4g5,103,92,-11
1r1q1rk1/ppp2pp1/2np1n2/2bBp1B1/4P3/P2P3P/1PP2P2/R2QK1NR w KQ - 1 12,c2c3,258,277,19
1r1q1rk1/1pp2pp1/3p1nn1/p1b1p1B1/4P3/P1PP1Q1P/BP3P2/R3K1NR w KQ - 0 15,h3h4,274,280,6
1r1q1rk1/2p2pp1/3p1nn1/ppb1p1B1/4P2P/P1PP1Q2/BP3P2/R3K1NR w KQ - 0 16,h4h5,395,380,-15
1r1q1rk1/2p2pp1/3p1n2/p1b3BP/4PQ2/P1pP4/BP3P2/R3K2R w KQ - 0 20,b2c3,443,264,-179
1r3rk1/2p1qpp1/3p1n2/p1b3BP/4PQ2/P1PP4/B4P2/R3K2R w KQ - 1 21,h5h6,452,463,11
2r2rk1/2R5/5pBP/p1p1p1b1/4P3/P1PP4/2K5/7R w - - 4 32,h6h7,347,388,41
5b2/8/5p2/1K2pBk1/4P3/2P5/8/8 w - - 4 54,c3c4,579,611,32
8/4b3/5p2/1K2pBk1/2P1P3/8/8/8 w - - 1 55,c4c5,614,622,8
rnbqkbnr/pppppppp/8/8/8/8/PPPPPPPP/RNBQKBNR w KQkq - 0 1,d2d4,26,23,-3
rnbqkbnr/pppp1ppp/4p3/8/3P4/8/PPP1PPPP/RNBQKBNR w KQkq - 0 2,e2e4,39,38,-1
rnbqkb1r/pp4pp/2p1pn2/5p2/3Pp3/4B3/PPP1BPPP/RN2QKNR w kq - 2 7,f2f3,-239,-298,59
r7/1pqb2k1/p4rp1/4pp1p/3p4/Q7/PP4PR/6K1 w - - 0 33,g2g4,-824,-1278,454
rnbqkbnr/pppppppp/8/8/8/8/PPPPPPPP/RNBQKBNR w KQkq - 0 1,e2e4,26,24,-2
rnbqkbnr/ppp2ppp/4p3/3p4/4P3/5N2/PPPP1PPP/RNBQKB1R w KQkq - 0 3,e4d5,25,13,-12
rnbqkbnr/ppp2ppp/4p3/8/8/2N2N2/PPPP1PPP/R1BQKB1R w KQkq - 2 5,g2g3,82,56,-26
rnbqkbnr/pp3pp1/2p1p2p/8/8/2N2NP1/PPPP1PBP/R1BQK2R w KQkq - 0 7,d2d3,121,90,-31
rn1qk1nr/pp4p1/2p2p1p/4p3/6b1/2BP1NP1/PPP1QPBP/2KR3R w kq - 2 12,h2h3,425,377,-48
rn1qk2r/pp2n1p1/2p2p1p/4p3/8/2BP1BPP/PPP1QP2/2KR3R w kq - 1 14,d3d4,467,483,16
r5rk/1p3Rp1/2p4p/5Q1B/8/2B3PP/PPP2P2/2K4R w - - 5 29,a2a3,10000,10000,0
rnbqkbnr/pppppppp/8/8/8/8/PPPPPPPP/RNBQKBNR w KQkq - 0 1,e2e4,19,18,-1
rnbqkb1r/ppp2ppp/4pn2/3p4/4P3/5Q2/PPPP1PPP/RNB1KBNR w KQkq - 0 4,e4e5,-35,-26,-9
rnbqkbnr/pppppppp/8/8/8/8/PPPPPPPP/RNBQKBNR w KQkq - 0 1,d2d4,26,21,-5
rnbqkbnr/ppp1pppp/8/3p4/3P4/8/PPP1PPPP/RNBQKBNR w KQkq - 0 2,c2c4,18,18,0
rnbqkbnr/ppp2ppp/4p3/3p4/2PP4/8/PP2PPPP/RNBQKBNR w KQkq - 0 3,e2e3,18,6,-12
rnbqkb1r/ppp2ppp/4pn2/3p4/2PP4/4P3/PP3PPP/RNBQKBNR w KQkq - 1 4,a2a3,7,3,-4
rnbqkb1r/pp3ppp/4pn2/2pp4/2PP4/P3P3/1P3PPP/RNBQKBNR w KQkq - 0 5,b2b3,0,-65,-65
rn1qkb1r/pb3ppp/1p2pn2/2p5/2pP4/PP2PN2/4BPPP/RNBQK2R w KQkq - 0 8,b3c4,-46,-18,-28
r2qkb1r/pb1n1ppp/1p2pn2/8/2Pp4/P1N1PN2/4BPPP/R1BQK2R w KQkq - 0 10,e3d4,-20,-5,-15
2rr2k1/pbqnbppp/1p2p3/8/2PP4/PQ6/1B1NBPPP/R2R2K1 w - - 2 18,f2f3,-25,-107,82
2rr2k1/pbq2ppp/1pn1pb2/8/2PP4/PQ2NP2/1B2B1PP/R2R2K1 w - - 5 21,d4d5,-230,-211,-19
2r3k1/p4pp1/bp5p/n1q5/2P5/P1Q1NP2/4B1PP/2R1K3 w - - 0 29,h2h3,-63,-204,141
2r3k1/p4pp1/b6p/np6/1qP5/P3NP1P/4B1P1/2R1K3 w - - 0 31,a3b4,-5,3,8
8/6k1/p4p1p/1br3p1/1Pp5/2K1NP1P/6P1/8 w - - 0 39,b4c5,-45,-59,14
8/8/p4p2/2Pk2p1/1K4b1/7P/8/8 w - - 0 46,h3g4,-609,-613,4
rnbqkbnr/pppppppp/8/8/8/8/PPPPPPPP/RNBQKBNR w KQkq - 0 1,d2d4,25,18,-7
rnbqkbnr/pppppp1p/6p1/8/3P4/8/PPP1PPPP/RNBQKBNR w KQkq - 0 2,e2e3,69,13,-56
rnbqk1nr/ppppppbp/6p1/8/3P4/4P3/PPP2PPP/RNBQKBNR w KQkq - 1 3,c2c4,16,28,12
rnbqk1nr/1pp1ppbp/p2p2p1/8/2PP4/2N1P3/PP3PPP/R1BQKBNR w KQkq - 0 5,b2b4,45,-18,-63
rn1qk2r/1p2ppbp/p1pp1np1/8/1PPP4/2N1PB2/P4PPP/R1BQK2R w KQkq - 0 9,d4d5,66,-144,-210
rn1qk2r/1p2ppbp/2pp1np1/p2P4/1PP5/2N1PB2/P4PPP/R1BQK2R w KQkq - 0 10,d5c6,-26,-18,-8
rn1qk2r/4ppbp/2pp1np1/p7/1PP5/2N1PB2/P4PPP/R1BQK2R w KQkq - 0 11,b4b5,91,88,-3
4k2r/r3ppbp/1qnp1np1/pP6/Q1P5/2N1P3/P4PPP/R1B1K2R w KQk - 0 14,b5c6,5,-7,-12
5rk1/r3pp1p/1qPp1bp1/p7/Q1P3n1/B3P3/P4PPP/2R2RK1 w - - 2 18,c4c5,-2,-12,10
3q1rk1/r3pp1p/2Pp1bp1/p1P5/Q5n1/B3P3/P4PPP/2R2RK1 w - - 1 19,c5d6,332,305,-27
3q1rk1/r3bp1p/2Pp2p1/p7/Q5n1/B3P3/P4PPP/2RR2K1 w - - 2 21,h2h3,386,-158,-544
5r2/r1q1bpkp/2Pp1np1/p7/3Q4/4P2P/PB3PP1/2RR2K1 w - - 5 24,g2g4,20,8,-12
2r5/5pkp/r1PR1n2/p5p1/6P1/4P2P/P4P2/2R3K1 w - - 1 29,c6c7,-229,-648,419
rnbqkbnr/pppppppp/8/8/8/8/PPPPPPPP/RNBQKBNR w KQkq - 0 1,e2e4,25,21,-4
rnbqkbnr/pppp1ppp/4p3/8/4P3/8/PPPP1PPP/RNBQKBNR w KQkq - 0 2,f2f4,56,-20,-76
rnbqkbnr/pppp3p/4p1p1/5p2/2B1PP2/5N2/PPPP2PP/RNBQK2R w KQkq - 0 5,e4e5,73,61,-12
rnbqkbnr/pppp3p/4p3/4Ppp1/2B2P2/5N2/PPPP2PP/RNBQK2R w KQkq - 0 6,f4g5,364,232,-132
rnbqkbnr/pppp4/4p3/4PpP1/2B4p/5N2/PPPP2PP/RNBQ1RK1 w kq - 0 8,d2d4,318,323,5
rnbqkbnr/p1p5/4p3/1p1pPpP1/3P3p/1B3N2/PPP3PP/RNBQ1RK1 w kq d6 0 10,e5d6,395,384,-11
rnbqkbnr/p7/2pPp3/1p3pP1/3P3p/1B3N2/PPP3PP/RNBQ1RK1 w kq - 0 11,c2c4,461,390,-71
rnb1kbnr/p7/2pqp3/1p3pP1/2PP3p/1B3N2/PP4PP/RNBQ1RK1 w kq - 0 12,c4c5,494,475,-19
rnb1k1nN/p1q3b1/2p1p3/1pP2pP1/3P4/1BN4p/PP4PP/R1BQ1RK1 w q - 0 17,g2g3,776,658,-118
rnbqkbnr/ppp1pppp/8/8/3p4/2N2N2/PPPPPPPP/R1BQKB1R w KQkq - 0 3,e2e4,-18,-292,274
rnbqkbnr/ppp1pppp/8/8/4P3/2p2N2/PPPP1PPP/R1BQKB1R w KQkq - 0 4,d2c3,-288,-429,141
rnbqkbnr/pppppppp/8/8/8/8/PPPPPPPP/RNBQKBNR w KQkq - 0 1,g2g3,21,6,-15
rnbqkbnr/pppppppp/8/8/8/8/PPPPPPPP/RNBQKBNR w KQkq - 0 1,e2e4,25,23,-2
rnbqkbnr/ppp1pppp/3p4/8/4P3/8/PPPP1PPP/RNBQKBNR w KQkq - 0 2,d2d4,44,43,-1
r1bqkbnr/pppnpppp/3p4/8/3PP3/8/PPP2PPP/RNBQKBNR w KQkq - 1 3,f2f3,80,40,-40
rnbqkbnr/ppp1pppp/3p4/8/3PP3/1BN1BP2/PPP1N1PP/R2Q1RK1 w kq - 13 10,e4e5,312,213,-99
r1bqkbnr/pppnpppp/3p4/4P3/3P4/1BN1BP2/PPP1N1PP/R2Q1RK1 w kq - 1 11,e5d6,332,198,-134
r1bqkbnr/p2npppp/1p1p4/3N4/3P4/1B2BP2/PPP1N1PP/R2Q1RK1 w kq - 0 13,c2c4,213,191,-22
1r1qkbnr/pb1npppp/1p1p4/8/2PP4/1BN1BP2/PP2N1PP/R2Q1RK1 w k - 3 15,d4d5,267,267,0
1rq1kbnr/pb3ppp/1p1pp3/2nP4/2PN4/1BN1BP2/PPQ3PP/R4RK1 w k - 0 18,d5e6,409,263,-146
rnbqkbnr/pppppppp/8/8/8/8/PPPPPPPP/RNBQKBNR w KQkq - 0 1,e2e4,23,19,-4
r1bqkbnr/ppp2ppp/2np4/1B2p3/4P3/5N2/PPPP1PPP/RNBQK2R w KQkq - 0 4,h2h3,60,22,-38
rnbqkbnr/ppp3pp/3p4/5p2/4p3/8/PPPPPPPP/RNBQKBNR w KQkq - 0 5,g2g3,-70,-131,61
rnbqkbnr/ppp4p/3p4/5pp1/4p3/6P1/PPPPPP1P/RNBQKBNR w KQkq - 0 6,g3g4,-13,-166,153
rnbqkbnr/ppp4p/3p4/6p1/4ppP1/8/PPPPPP1P/RNBQKBNR w KQkq - 0 7,h2h4,-120,-116,-4
rn1qkbnr/ppp4p/3p4/6p1/4ppbP/8/PPPPPP2/RNBQKBNR w KQkq - 0 8,h4g5,-73,-193,120
rn2k2r/ppp3bp/3p1n2/8/4ppq1/7N/PPPPPP2/RNBQK2R w KQkq - 2 12,e2e3,-375,-541,166
7r/8/pp1k4/3n3p/4p3/4Pp1n/PPPP4/RNB1K3 w - - 0 30,d2d3,-512,-562,50
7r/8/pp1k4/3n3p/8/3pP2n/PPP2p2/RNB2K2 w - - 0 32,c2d3,-522,-560,38
6r1/8/pp1k4/3n3p/8/3PP2n/PP3p2/RNB2K2 w - - 1 33,e3e4,-570,-10000,9430
rnbqkbnr/pppppppp/8/8/8/8/PPPPPPPP/RNBQKBNR w KQkq - 0 1,e2e4,20,21,1
rnbqkb1r/pp1p1ppp/4pn2/2p5/2B1P3/5N2/PPPP1PPP/RNBQK2R w KQkq - 2 4,c2c3,0,-155,-155
r1bqkb1r/pp3ppp/2n1p3/2pp4/4n3/1BP2N2/PP1P1PPP/RNBQ1RK1 w kq - 2 7,d2d4,-161,-146,-15
r1bqk2r/pp1nnppp/4p3/3p4/2pP4/2P2N2/PPB2PPP/RN1QR1K1 w kq - 0 12,b2b3,-51,-65,14
r1bqk2r/p2nnppp/4p3/1p1p4/2pP4/1PP2N2/P1B2PPP/RN1QR1K1 w kq - 0 13,b3b4,-57,-134,77
r1bq1rk1/3nnppp/4p3/pp1p4/1PpP4/2P2N2/P1BN1PPP/R2QR1K1 w - - 0 15,b4a5,-135,-197,62
r1b2rk1/3nnppp/4p3/q2p4/1ppP4/2P2N2/P1B2PPP/R2QRNK1 w - - 0 17,c3b4,-70,-174,104
rnbqkbnr/pppppppp/8/8/8/8/PPPPPPPP/RNBQKBNR w KQkq - 0 1,b2b3,36,-14,-50
r1bqkbnr/pppppppp/8/8/1n6/1P6/PBPPPPPP/RN1QKBNR w KQkq - 3 3,c2c4,110,49,-61
r1bqkbnr/p1pppppp/1p6/8/1nP5/1P6/PB1PPPPP/RN1QKBNR w KQkq - 0 4,d2d4,120,135,15
r1bqk1nr/p1pp1ppp/np6/2b5/2P5/NP6/PB2PPPP/R2QKBNR w KQkq - 3 8,e2e3,18,-4,-22
rnbqkbnr/pppppppp/8/8/8/8/PPPPPPPP/RNBQKBNR w KQkq - 0 1,d2d4,34,22,-12
rnbqkb1r/ppp1pppp/5n2/3p4/3P4/5N2/PPP1PPPP/RNBQKB1R w KQkq - 2 3,c2c4,19,18,-1
rn1qkb1r/pp2pppp/2p2n2/3p4/2PP2b1/2N2N2/PP2PPPP/R1BQKB1R w KQkq - 2 5,e2e3,118,24,-94
rn1qkb1r/pp3ppp/2p1pn2/3p4/2PP2b1/2N1PN2/PP3PPP/R1BQKB1R w KQkq - 0 6,c4d5,25,17,-8
r2q1rk1/pp3ppp/2nbpn2/3pN3/3P4/2N1P3/PP2QPPP/R1B2RK1 w - - 1 11,f2f4,-9,-41,32
2r2rk1/p2q2pp/2pbpp2/8/2QPpP2/4P3/PP1B2PP/2R2RK1 w - - 4 17,f4f5,113,94,-19
2r1r2k/p2q2pp/2pbpp2/5P2/2QPp3/4P3/PPRB2PP/5RK1 w - - 3 19,f5e6,112,105,-7
2r4k/p3b1pp/2p1rp2/8/3Pp3/4P3/PPRB2PP/2R3K1 w - - 2 22,d4d5,271,325,54
2r4k/p3r1pp/2p2p2/3P4/4p3/4P3/PPR3PP/2R3K1 w - - 0 25,d5c6,383,378,-5
2r4k/p1r3pp/2P2p2/8/4p3/4P3/PPR3PP/2R3K1 w - - 1 26,a2a4,396,260,-136
2r3k1/p1r3pp/2P2p2/8/P3p3/4P3/1PR3PP/2R3K1 w - - 1 27,b2b4,410,398,-12
2r5/p1r2kpp/2P2p2/8/PP2p3/4P3/2R3PP/2R3K1 w - - 1 28,b4b5,420,417,-3
2r5/p1r3pp/2P1kp2/1P6/P3p3/4P3/2R3PP/2R3K1 w - - 1 29,a4a5,415,474,59
8/8/1r2k3/P4p1p/4p3/4P3/4K1PP/8 w - - 0 42,a5b6,465,504,39
8/8/8/3k4/4pK1p/4P3/6PP/8 w - - 0 48,h2h3,590,627,37
8/8/4k3/8/4pK1p/4P2P/6P1/8 w - - 1 49,g2g3,645,630,-15
8/8/8/5k2/4p3/4P1KP/8/8 w - - 1 51,h3h4,626,620,-6
8/8/8/6K1/2k1p2P/4P3/8/8 w - - 5 54,h4h5,722,741,19
8/8/8/7P/4pK2/4P3/4k3/8 w - - 3 56,h5h6,761,810,49
8/8/7P/8/4pK2/4P3/3k4/8 w - - 1 57,h6h7,1029,1029,0
8/7P/8/8/4pK2/2k1P3/8/8 w - - 1 58,h7h8q,1048,1285,237
8/2k5/8/3Q4/3K4/4P3/8/8 w - - 5 63,e3e4,1287,1316,29
2k5/8/8/3Q4/3KP3/8/8/8 w - - 1 64,e4e5,1348,10000,8652
1k6/8/8/3QP3/3K4/8/8/8 w - - 1 65,e5e6,10000,10000,0
8/2k5/4P3/3Q4/3K4/8/8/8 w - - 1 66,e6e7,10000,10000,0
rnbqkbnr/pppppppp/8/8/8/8/PPPPPPPP/RNBQKBNR w KQkq - 0 1,e2e4,31,34,3
rnb1k1nr/pppp1ppp/5q2/2b1p3/2B1P3/2N5/PPPP1PPP/R1BQK1NR w KQkq - 4 4,f2f3,102,-55,-157
rnb1k1nr/pppp1ppp/8/2b1p3/2B1P2q/2N2P2/PPPP2PP/R1BQK1NR w KQkq - 1 5,g2g3,36,31,-5
rnb1k1nr/pppp1ppp/2q5/2bNp3/2B1P3/5PP1/PPPP3P/R1BQK1NR w KQkq - 3 7,d2d3,131,89,-42
rnb1k1nr/p1pp1ppp/1pq5/2bNp3/2B1P3/3P1PP1/PPP4P/R1BQK1NR w KQkq - 0 8,f3f4,236,240,4
rnb1k2r/p1pp1ppp/2q2n2/1pbNp3/4PP2/1B1P2P1/PPP4P/R1BQK1NR w KQkq - 2 10,f4e5,361,342,-19
rnb1k2r/p1pp1ppp/5q2/1pbBP3/4P3/3P2P1/PPP4P/R1BQK1NR w KQkq - 1 12,e5f6,890,880,-10
rnbqkbnr/pppppppp/8/8/8/8/PPPPPPPP/RNBQKBNR w KQkq - 0 1,e2e4,37,37,0
r1bqkbnr/pppp1pp1/2n4p/4p3/2B1P3/5N2/PPPP1PPP/RNBQK2R w KQkq - 2 4,d2d4,65,53,-12
r1bqkbnr/pppp1pp1/2n4p/8/2BpP3/5N2/PPP2PPP/RNBQK2R w KQkq - 0 5,e4e5,91,-73,-164
r1bqkbnr/ppp2pp1/2n4p/3pP3/2Bp4/5N2/PPP2PPP/RNBQK2R w KQkq d6 0 6,e5d6,-68,-98,30
r3kbnr/ppp2pp1/2n1q2p/8/3p4/5N2/PPP2PPP/RNBQ1K1R w kq - 0 9,g2g3,-269,-296,27
2kr1bnr/ppp2p2/2n4p/3qN1p1/3p1B2/6P1/PPP2PKP/RN1Q3R w - - 2 13,f2f3,-550,-650,100
2kr1bnr/ppp2p2/7p/3q4/3p2p1/N4PP1/PPP3KP/R2QR3 w - - 0 17,c2c4,-602,-629,27
1k1r1bnr/ppp5/7p/1Nq2p2/2P5/3pRQP1/PP3K1P/R7 w - - 2 22,g3g4,-528,-703,175
rnbqkbnr/pppp1ppp/4p3/8/8/5N2/PPPPPPPP/RNBQKB1R w KQkq - 0 2,d2d3,17,-3,-20
rnbqk2r/ppp1bppp/4pn2/3p4/5B2/3P1N2/PPP1PPPP/RN1QKB1R w KQkq - 4 5,e2e4,-31,-190,159
rnbqk2r/ppp1bppp/4pn2/8/4pB2/3P1N2/PPP2PPP/RN1QKB1R w KQkq - 0 6,d3e4,-177,-191,14
r1br2k1/ppp1b1pp/2n5/4p3/5p2/5N2/PPPBBPPP/R2K1N1R w - - 0 14,g2g3,287,127,-160
rnbqkbnr/pppppppp/8/8/8/8/PPPPPPPP/RNBQKBNR w KQkq - 0 1,e2e4,35,37,2
rnbqkbnr/ppp2ppp/3p4/4p3/4P3/5N2/PPPP1PPP/RNBQKB1R w KQkq - 0 3,b2b3,41,-15,-56
r2q1rk1/2p1bppp/3p1n2/p1p1p3/2Q1P3/1P3N2/PBPP1PPP/2KR3R w - - 0 12,a2a4,9,20,11
1r1q1rk1/2p1bppp/3p4/p1p1p3/P1Q1P1n1/1P3N2/1BPP1PPP/2K2R1R w - - 3 14,h2h3,82,57,-25
4r1k1/3q1ppp/2pb1n2/2p5/P2pp2Q/1P5P/1BPP1PP1/2K1N2R w - - 4 25,g2g4,-259,-351,92
4r1k1/3q1ppp/2pb1n2/2p5/P2p2PQ/1P2p2P/1BPP1P2/2K1N2R w - - 0 26,f2e3,-156,-173,17
4r1k1/3q1ppp/2pb1n2/2p5/P5PQ/1P2p2P/1BPP4/2K1N2R w - - 0 27,d2d3,-84,-236,152
6k1/3q1ppp/2p2n2/2p1r3/P5PQ/1P1Pp2P/2P5/2K1N2R w - - 0 29,g4g5,-151,-154,3
rnbqkbnr/pppppppp/8/8/8/8/PPPPPPPP/RNBQKBNR w KQkq - 0 1,e2e3,35,9,-26
r1bqkbnr/pppppppp/2n5/8/8/4P3/PPPP1PPP/RNBQKBNR w KQkq - 1 2,d2d4,29,32,3
r1bqkb1r/pppppppp/2n2n2/8/3P4/4P3/PPP2PPP/RNBQKBNR w KQkq - 1 3,c2c4,54,29,-25
r1bqkb1r/ppp1pppp/2n2n2/3p4/2PP4/4P3/PP3PPP/RNBQKBNR w KQkq - 0 4,c4c5,46,-42,-88
r1b1kb1r/1ppqpppp/p1n2n2/2Pp4/3P4/4P3/PP1B1PPP/RN1QKBNR w KQkq - 2 6,b2b4,67,-32,-99
r1b1kb1r/1pp1ppp1/p1n5/2Pp3p/1P1P2n1/4P3/P2BBPPP/RN2K1NR w KQkq - 0 9,h2h3,38,24,-14
r1b1kb2/1pp1pp1r/p1n5/2Pp3p/1P1P4/4P2P/P2BBPP1/RN2K2R w KQq - 0 13,b4b5,231,158,-73
r1b1k3/1pp1pp1r/p1n4b/1PPp3p/3P4/4P2P/P2BBPP1/RN2K2R w KQq - 1 14,b5c6,580,567,-13
r1b1k3/2p1pp1r/p1p4b/2Pp3p/3P4/4P2P/P2BBPP1/RN2K2R w KQq - 0 15,a2a4,546,528,-18
3k4/4pp1r/7b/1bPN3p/P2P4/4P2P/3B1PP1/4K2R w K - 0 26,a4b5,823,834,11
rnbqkbnr/pppppppp/8/8/8/8/PPPPPPPP/RNBQKBNR w KQkq - 0 1,e2e4,34,34,0
rnbqkbnr/pppp2pp/8/4pp2/4P3/5N2/PPPP1PPP/RNBQKB1R w KQkq - 0 3,e4f5,146,121,-25
rnbqkb1r/pppp2pp/5n2/5P2/4p3/5N2/PPPPQPPP/RNB1KB1R w KQkq - 2 5,d2d3,127,125,-2
rnbqk2r/ppp1b1pp/5n2/3p1PB1/4p3/3P1N2/PPP1QPPP/RN2KB1R w KQkq - 2 7,d3e4,130,70,-60
1k6/1pp3rp/p7/8/4b3/4b2B/PPP2PPP/5RK1 w - - 0 25,f2e3,182,178,-4
rnbqkbnr/pppppppp/8/8/8/8/PPPPPPPP/RNBQKBNR w KQkq - 0 1,d2d4,29,16,-13
rnbqkbnr/pp2pppp/8/2pp4/3P4/5N2/PPP1PPPP/RNBQKB1R w KQkq - 0 3,d4c5,23,14,-9
r1bqkbnr/pp2pppp/2n5/2Pp4/8/5N2/PPP1PPPP/RNBQKB1R w KQkq - 1 4,e2e3,55,5,-50
r3kb1r/ppq1nppp/8/2P5/4Q3/4P3/PPP2PPP/RNB1K2R w KQkq - 1 11,b2b4,420,344,-76
r3kb1r/pp2n1pp/8/2P1qp2/1P6/4PQ2/P1P2PPP/RNB1K2R w KQkq - 2 13,c2c3,306,280,-26
rnbqkbnr/pppppppp/8/8/8/8/PPPPPPPP/RNBQKBNR w KQkq - 0 1,e2e4,21,28,7
rnbqkbnr/pp2pppp/2p5/3p4/4P3/5N2/PPPP1PPP/RNBQKB1R w KQkq - 0 3,e4d5,35,19,-16
rnbqkbnr/pp2pppp/8/3p4/8/5N2/PPPP1PPP/RNBQKB1R w KQkq - 0 4,d2d4,16,22,6
r2qkbnr/pp2pppp/2n5/1B1p4/3P2b1/5N2/PPP2PPP/RNBQK2R w KQkq - 3 6,h2h3,28,-12,-40
r4rk1/p4ppp/1qp1pn2/3pb3/3P4/2Q4P/PPP2PP1/R1B2RK1 w - - 0 14,d4e5,-31,-29,-2
rq3rk1/p5pp/2p1pp2/3pP3/4nQ2/7P/PPP2PP1/R1B2RK1 w - - 0 17,f2f3,-33,-85,52
rq4k1/p5pp/2p1pr2/2n1p3/3p2Q1/5P1P/PPPB2P1/R4RK1 w - - 2 21,a2a3,-45,-192,147
r5k1/p2n2pp/4p1r1/2p1p1B1/3p2Q1/q4P1P/6P1/1R1R3K w - - 2 29,h3h4,-252,-270,18
r5k1/p2n2p1/4p1rp/2p1p1B1/3p2QP/q4P2/6P1/1R1R3K w - - 0 30,h4h5,-84,-540,456
rnbqkbnr/pppppppp/8/8/8/8/PPPPPPPP/RNBQKBNR w KQkq - 0 1,d2d4,26,23,-3
rnbqkbnr/ppp1pppp/8/3p4/3P4/8/PPP1PPPP/RNBQKBNR w KQkq - 0 2,e2e3,23,10,-13
r1bqkbnr/ppp1pppp/2n5/3p4/3P4/4P3/PPP2PPP/RNBQKBNR w KQkq - 1 3,f2f4,50,-7,-57
r1bqkbnr/ppp3pp/2n2p2/3pp3/3P1P2/4PN2/PPP3PP/RNBQKB1R w KQkq - 0 5,d4e5,48,26,-22
r1bqkbnr/ppp3pp/2n5/3pp3/5P2/4PN2/PPP3PP/RNBQKB1R w KQkq - 0 6,f4e5,28,26,-2
r1bq1rk1/ppp1n1pp/2n5/1BbpP3/8/4PN2/PPP3PP/RNBQ1RK1 w - - 5 9,c2c3,-13,-180,167
r2q1rk1/ppp1n1pp/2n5/1BbpP3/6b1/2P1PN2/PP4PP/RNBQ1RK1 w - - 1 10,b2b4,-185,-180,-5
r2q1rk1/ppp1n1pp/1b6/1B1p4/1P4b1/2P1Pn2/P2N2PP/R1B1QRK1 w - - 0 13,g2f3,-200,-335,135
r4rk1/ppp1q1pp/1b6/1B1p4/1P6/2P1nPNb/P4R1P/R1B1Q1K1 w - - 0 17,a2a4,-434,-561,127
4rrk1/pp2q1pp/1bp5/3p4/PP6/2PBnPNb/5R1P/R1B1Q1K1 w - - 2 19,a4a5,-588,-694,106
rnbqkbnr/pppppppp/8/8/8/8/PPPPPPPP/RNBQKBNR w KQkq - 0 1,e2e4,30,25,-5
rnbqkbnr/pp1ppppp/2p5/8/4P3/8/PPPP1PPP/RNBQKBNR w KQkq - 0 2,d2d4,45,42,-3
rn1qkbnr/pp2pppp/2p5/5b2/3PpB2/2N5/PPP2PPP/R2QKBNR w KQkq - 2 5,f2f3,-46,-93,47
rnbqkbnr/pppppppp/8/8/8/8/PPPPPPPP/RNBQKBNR w KQkq - 0 1,c2c4,25,7,-18
rnbqkbnr/ppp2ppp/3p4/4p3/2P5/2N5/PP1PPPPP/R1BQKBNR w KQkq - 0 3,e2e4,36,3,-33
rnbqkb1r/p1p2ppp/1p1p1n2/4p3/2P1P3/2N5/PP1PBPPP/R1BQK1NR w KQkq - 0 5,d2d3,38,45,7
rn1qkb1r/pbp2ppp/1p1p1n2/4p3/2P1P3/2NP4/PP2BPPP/R1BQK1NR w KQkq - 1 6,f2f4,60,61,1
r2q1rk1/pbpnbppp/1p1p1n2/8/2P1PB2/2NP1N2/PP2B1PP/R2Q1RK1 w - - 5 10,h2h3,113,101,-12
r2qr1k1/p1pnbppp/1p1p1n2/3b4/2P1PB2/3P1N1P/PP2B1P1/R2Q1RK1 w - - 0 12,c4d5,204,207,3
r2qr1k1/2pnbppp/1p1p1n2/p2P4/4PB2/3P1N1P/PP2B1P1/R2Q1RK1 w - - 0 13,a2a4,213,196,-17
r2qr1k1/2p1bppp/1p1p1n2/p1nP4/P3PB2/3P1N1P/1P2B1P1/R2Q1RK1 w - - 1 14,b2b3,274,131,-143
2r1q3/2p2ppk/1p1pr2p/p1nP4/P2NP1B1/1P1P3P/6P1/1R1Q1R1K w - - 1 25,d5e6,796,814,18
3rq1k1/2p3p1/1p1p3p/p1n1p3/P3P3/1P1P1N1P/2Q1B1P1/1R3R1K w - - 2 29,d3d4,786,725,-61
6k1/6p1/1p5p/pNppr1q1/P3n3/1P1Q1R1P/6P1/3R1B1K w - - 6 37,g2g4,706,457,-249
rnbqkbnr/pppppppp/8/8/8/8/PPPPPPPP/RNBQKBNR w KQkq - 0 1,f2f3,25,-89,-114
rnbqkbnr/ppp1pppp/8/3p4/8/5P2/PPPPP1PP/RNBQKBNR w KQkq - 0 2,e2e3,-52,-65,13
rnbqkbnr/ppp2ppp/8/3pp3/8/4PP2/PPPP2PP/RNBQKBNR w KQkq - 0 3,d2d3,-70,-152,82
rnbqkbnr/pp3ppp/8/2ppp3/8/3PPP2/PPP3PP/RNBQKBNR w KQkq - 0 4,g2g3,-122,-124,2
rnbqkbnr/pp4pp/8/2pppp2/8/3PPPP1/PPP4P/RNBQKBNR w KQkq - 0 5,h2h3,-50,-165,115
rn1q1rk1/pb2b1pp/1p3n2/2pppp2/8/2NPPPPP/PPP5/RNBQKB1R w KQ - 6 10,g3g4,-292,-509,217
rn1q1rk1/pb2b1pp/1p3n2/2ppp3/6p1/2NPPP1P/PPP5/RNBQKB1R w KQ - 0 11,f3f4,-365,-507,142
rn1q1rk1/pb2b1pp/1p3n2/2pp4/5pp1/2NPP2P/PPP5/RNBQKB1R w KQ - 0 12,e3f4,-453,-568,115
rn1q1rk1/pb2b1pp/1p6/2p5/3pnPp1/3P3P/PPP5/RNBQKB1R w KQ - 0 14,d3e4,-711,-700,-11
rnbqkbnr/pppppppp/8/8/8/8/PPPPPPPP/RNBQKBNR w KQkq - 0 1,e2e4,22,27,5
r1bqk1nr/pppp1ppp/2n5/2b1p3/2B1P3/5N2/PPPP1PPP/RNBQK2R w KQkq - 4 4,d2d3,19,14,-5
r1b2rk1/1pp2p1p/p2p2n1/2b1p1Q1/2B1P3/2NP4/PPP2PPP/R4RK1 w - - 0 12,h2h4,688,626,-62
1rb2rk1/2p2p1p/p2p2n1/1pbBp1Q1/4P2P/2NP4/PPP2PP1/R4RK1 w - - 2 14,h4h5,667,680,13
1rb2rk1/2p2p1p/p2p2n1/2bBp1QP/1p2P3/2NP4/PPP2PP1/R4RK1 w - - 0 15,h5g6,832,730,-102
1rb2rk1/2p2p1p/p2p2P1/2bBp1Q1/4P3/2pP4/PPP2PP1/R4RK1 w - - 0 16,g6f7,10000,10000,0
1rb2r1k/2p2P1p/p2p4/2bBp1Q1/4P3/2pP4/PPP2PP1/R4RK1 w - - 1 17,b2b3,10000,10000,0
2b3rk/2p2P1p/pr1p4/2bBp3/4P3/1PpP4/P1P2PP1/R4RK1 w - - 0 19,f7g8q,10000,10000,0
rnbqkbnr/pppppppp/8/8/8/8/PPPPPPPP/RNBQKBNR w KQkq - 0 1,e2e4,25,32,7
rnbqkb1r/pppp1ppp/5n2/4p3/2B1P3/8/PPPP1PPP/RNBQK1NR w KQkq - 2 3,d2d3,6,8,2
rnbqk2r/pppp1ppp/5n2/2b1p3/2B1P3/3P4/PPP2PPP/RNBQK1NR w KQkq - 1 4,h2h3,18,-22,-40
r1bqk2r/ppp2ppp/2np1n2/2b1p3/2B1P3/2NP3P/PPP2PP1/R1BQK1NR w KQkq - 2 6,a2a3,17,-5,-22
r2qk2r/1ppb1ppp/p2pnn2/4p3/2B1P3/P1NPb2P/1PP1NPP1/R2QK2R w KQkq - 0 11,f2e3,-26,-16,-10
r2qk2r/1p1b1ppp/p1p1nn2/3pp3/2B1P3/P1NPP2P/1PP1N1P1/R2QKR2 w Qkq - 0 13,e4d5,76,91,15
2r4r/3bkp1p/p3nN2/qp2p2Q/8/P2PP2P/BPP3P1/R3KR2 w Q - 3 21,c2c3,537,555,18
rnbqkbnr/pppppppp/8/8/8/8/PPPPPPPP/RNBQKBNR w KQkq - 0 1,e2e3,28,8,-20
rnbqkbnr/pp1p1ppp/2p1p3/8/8/4P3/PPPPBPPP/RNBQK1NR w KQkq - 0 3,e3e4,19,-10,-29
rnbqkbnr/pp3ppp/2p1p3/3p4/4P3/8/PPPPBPPP/RNBQK1NR w KQkq - 0 4,d2d3,-24,-13,-11
rnbqk2r/pp2bppp/2p1pn2/8/8/1Q2B3/PP2BPPP/RN3KNR w kq - 3 9,a2a4,-306,-347,41
rnb1k2r/ppq1bppp/2p1pn2/8/P7/1Q2B3/1P2BPPP/RN3KNR w kq - 1 10,a4a5,-342,-351,9
rnb2rk1/ppq1bppp/2p1pn2/P7/8/1Q2B3/1P2BPPP/RN3KNR w - - 1 11,a5a6,-354,-463,109
rnbqkbnr/pppppppp/8/8/8/8/PPPPPPPP/RNBQKBNR w KQkq - 0 1,e2e4,35,33,-2
rnbqkbnr/ppppppp1/8/8/4P2p/5N2/PPPP1PPP/RNBQKB1R w KQkq - 0 3,d2d4,149,141,-8
rnbqkbnr/ppppppp1/8/8/3PP3/5N1p/PPP2PPP/RNBQKB1R w KQkq - 0 4,g2h3,143,141,-2
rnbqkbnr/ppp1ppp1/3p4/8/3PP3/5N1P/PPP2P1P/RNBQKB1R w KQkq - 0 5,e4e5,179,32,-147
rn3k2/pppqp1p1/3p1p1n/4P3/3P4/5Q2/PPP2P1P/RN2K2R w KQ - 0 12,e5f6,343,337,-6
r4k2/1ppq2p1/2np1p1n/3N4/3P4/p4Q2/PPP2P1P/2KR2R1 w - - 0 17,b2a3,317,335,18
rnbqkbnr/pppppppp/8/8/8/8/PPPPPPPP/RNBQKBNR w KQkq - 0 1,e2e4,30,35,5
rnbqkb1r/1pp2ppp/p2p3n/4p3/2B1P3/2N2N2/PPPP1PPP/R1BQK2R w KQkq - 0 5,d2d4,151,144,-7
rnbqkb1r/5ppp/p1p4n/3pp3/Np1PP3/1B3N2/PPP2PPP/R1BQK2R w KQkq - 0 9,e4d5,414,279,-135
rnbqkbnr/pppppppp/8/8/8/8/PPPPPPPP/RNBQKBNR w KQkq - 0 1,f2f3,33,-72,-105
rnbqkbnr/pppp1ppp/8/4p3/8/5P2/PPPPP1PP/RNBQKBNR w KQkq - 0 2,e2e4,-73,-78,5
rnbqk1nr/ppp2ppp/3b4/3pp3/4P3/5P2/PPPPN1PP/RNBQKB1R w KQkq - 2 4,e4d5,-38,-28,-10
rn1qk1nr/pppb1ppp/3b4/3Pp3/8/5P2/PPPPN1PP/RNBQKB1R w KQkq - 1 5,d2d4,72,76,4
rn2k1nr/pppbqppp/3b4/3Pp3/3P4/5P2/PPP1N1PP/RNBQKB1R w KQkq - 1 6,d4e5,127,-6,-133
rn2k1nr/pp1bqppp/2p5/3Pb3/8/2N2P2/PPP1N1PP/R1BQKB1R w KQkq - 0 8,d5c6,80,-24,-104
2k5/pp5p/8/3r4/4N3/5PN1/PPP2KPP/7R w - - 3 34,c2c3,896,904,8
2k5/pp5p/8/4r3/4N3/2P2PN1/PP3KPP/7R w - - 1 35,b2b3,914,899,-15
2k5/pp5p/8/1r6/4N3/1PP2PN1/P4KPP/7R w - - 1 36,c3c4,1068,929,-139
2k5/pp5p/8/4r3/2P1N3/1P3PN1/P4KPP/7R w - - 1 37,a2a4,940,946,6
5r2/pp1k3p/3N4/8/P1P5/1P3PN1/5KPP/3R4 w - - 5 40,c4c5,953,916,-37
5r2/pp5p/2kN4/2P5/P7/1P3PN1/5KPP/3R4 w - - 1 41,b3b4,932,906,-26
5r2/p6p/2kN4/1pP5/PP6/5PN1/5KPP/3R4 w - b6 0 42,a4a5,943,933,-10
r7/7p/p1kN4/PpP5/1P2N3/5P2/5KPP/3R4 w - - 2 44,g2g4,947,929,-18
6r1/7p/p1kN4/PpP5/1P2N1P1/5P2/5K1P/3R4 w - - 1 45,h2h4,962,930,-32
7r/8/p1kN3p/PpP5/1P2N1PP/5PK1/8/3R4 w - - 2 47,h4h5,948,1012,64
8/4r3/p1kN3p/PpP4P/1P1RN1P1/5PK1/8/8 w - - 3 49,f3f4,1037,956,-81
4r3/8/p1kN3p/PpP4P/1P1RNPP1/6K1/8/8 w - - 1 50,f4f5,1185,1022,-163
8/8/p1kN3p/PpP1rP1P/1P1RN1P1/6K1/8/8 w - - 1 51,f5f6,1036,1086,50
rnbqkbnr/pppppppp/8/8/8/8/PPPPPPPP/RNBQKBNR w KQkq - 0 1,e2e4,29,35,6
rnb1k1nr/pppp1pp1/5q1p/2b1p3/4P3/5N2/PPPPBPPP/RNBQ1RK1 w kq - 0 5,d2d3,118,56,-62
r1b1k1nr/pp3pp1/2pp1q1p/2n1p3/4P3/2NP1N2/PPP1BPPP/R2Q1RK1 w kq - 0 9,b2b4,55,-60,-115
r1b1k1nr/ppn2pp1/2pp1q1p/4p3/1P2P3/2NP1N2/P1P1BPPP/1R1Q1RK1 w kq - 3 11,a2a4,1,-42,-43
r3k1nr/ppn2pp1/2pp1q1p/4p3/PP2P1b1/2NP1N2/2P1BPPP/1R1Q1RK1 w kq - 1 12,b4b5,17,17,0
r3k1nr/ppn2pp1/3p1q1p/1Pp1p3/P3P1b1/2NP1N2/2P1BPPP/1R1Q1RK1 w kq - 0 13,a4a5,138,50,-88
r2qk1nr/pp3pp1/3pn2p/PPpNp3/4P3/3P1B2/2P2PPP/1R1Q1RK1 w kq - 3 16,a5a6,86,90,4
r3k2r/p3q1p1/Pp1pp2p/1Pp1p3/4P3/3P4/2P2PPP/1R1Q1RK1 w kq - 0 20,f2f4,13,9,-4
2kr3r/p3q1p1/Pp1pp2p/1Pp5/4PR2/3P4/2P3PP/1R1Q2K1 w - - 1 22,c2c4,187,19,-168
2k2r2/p5p1/Pp1ppq1p/1Pp5/2P1P1Q1/3P4/6PP/1R4K1 w - - 3 26,h2h3,-18,-21,3
2k2r2/p7/Pp1ppqpp/1Pp5/2P1P1Q1/3P3P/6P1/4R2K w - - 0 29,e4e5,61,54,-7
1k4r1/p3R3/Pp6/1Pp3pp/2P5/3P3P/5KP1/8 w - - 0 37,g2g3,429,395,-34
1k4r1/p3R3/Pp6/1Pp4p/2P3p1/3P2PP/5K2/8 w - - 0 38,h3h4,451,451,0
rnbqkbnr/pppppppp/8/8/8/8/PPPPPPPP/RNBQKBNR w KQkq - 0 1,d2d4,33,20,-13
rnbqkbnr/pppppp1p/6p1/8/3P4/8/PPP1PPPP/RNBQKBNR w KQkq - 0 2,e2e3,65,23,-42
rnbqk1nr/ppppppbp/6p1/8/3P4/4P3/PPP2PPP/RNBQKBNR w KQkq - 1 3,a2a4,23,-7,-30
rnbqk1nr/p1ppppbp/1p4p1/8/P2P4/4P3/1PP2PPP/RNBQKBNR w KQkq - 0 4,a4a5,29,16,-13
r1bqk1nr/p1ppppbp/1pn3p1/P7/3P4/4P3/1PP2PPP/RNBQKBNR w KQkq - 1 5,a5b6,44,39,-5
r1bqk1nr/p2pppbp/1pn3p1/8/3P4/4P3/1PP2PPP/RNBQKBNR w KQkq - 0 6,c2c3,45,-1,-46
r2qk1nr/pb1pppbp/1pn3p1/8/3P4/2P1P3/1P3PPP/RNBQKBNR w KQkq - 1 7,f2f3,79,-29,-108
r2qk1nr/pb1p1pbp/1pn1p1p1/8/3P4/2P1PP2/1P4PP/RNBQKBNR w KQkq - 0 8,e3e4,52,61,9
r2qk2r/pb1pnpbp/1pn1p1p1/8/3PP3/2P2P2/1P4PP/RNBQKBNR w KQkq - 1 9,h2h4,75,84,9
r2q1rk1/pb1pnpbp/1pn1p1p1/8/3PP2P/2P2P2/1P4P1/RNBQKBNR w KQ - 1 10,b2b3,115,-67,-182
r2q1rk1/pb1pn1bp/1pn1p1p1/5p2/3PP2P/1PP2P2/6P1/RNBQKBNR w KQ - 0 11,e4e5,-63,-43,-20
r3r1k1/pbqpn1bp/1pn1p1p1/4Pp2/3P3P/BPP2P2/6P1/RN1QKBNR w KQ - 3 13,h4h5,82,85,3
2r1r1k1/pbqpn1bp/1p2p1p1/n3Pp1P/3P4/BPP2P2/2Q3P1/RN2KBNR w KQ - 3 15,c3c4,139,67,-72
2rnr1k1/p1qpn1bp/bp2p1p1/4Pp1P/2PP4/BP3P2/2QN2P1/2R1KBNR w K - 5 18,h5g6,141,135,-6
2rnr1k1/p1qpn1b1/bp2p1p1/4Pp2/2PP4/BP3P2/2QN2P1/2R1KBNR w K - 0 19,b3b4,197,64,-133
2rnr3/p1qpnkb1/bp2p1p1/4Pp2/1PPP4/B4P2/2QN2P1/2R1KBNR w K - 1 20,b4b5,230,211,-19
rnbqkbnr/pppppppp/8/8/8/8/PPPPPPPP/RNBQKBNR w KQkq - 0 1,h2h4,19,-43,-62
rnbqkbnr/pppp1ppp/8/4p3/7P/8/PPPPPPP1/RNBQKBNR w KQkq - 0 2,h4h5,-44,-104,60
r1bqkbnr/pppp1ppp/2n5/4p2P/8/8/PPPPPPP1/RNBQKBNR w KQkq - 1 3,d2d3,-46,-110,64
r1bqk2r/pppp2pp/2n2n2/4ppBP/1b6/2NP4/PPP1PPP1/R2QKBNR w KQkq - 4 6,a2a3,12,-89,-101
r1bqk2r/pppp2pp/2n2n2/4ppBP/8/P1bP4/1PP1PPP1/R2QKBNR w KQkq - 0 7,b2c3,-95,-94,-1
r1bq1rk1/pppp2p1/2n2n1p/5p1P/8/P1Pp4/2PBPPP1/1RQ1KBNR w K - 0 11,c2d3,-36,-53,17
r1bq1r1k/pppp1n2/5nQ1/5p1P/8/P1PP4/4PPP1/1R2KBNR w K - 3 15,h5h6,-117,-181,64
r1bq2rk/ppp2Q2/5n1P/3p1p2/8/P1PP4/4PPP1/1R2KBNR w K - 0 17,h6h7,303,175,-128
r1bq4/ppp3kP/5n2/3p1p2/8/P1PP4/4PPP1/1R2KBNR w K - 0 19,h7h8q,228,243,15
r7/pp4k1/2p1b3/3p1p2/6nR/P1PP1N2/4PPP1/4KB2 w - - 6 25,g2g3,217,196,-21
6r1/1p2k2N/2p1b3/p2p1p2/6nR/P1PP2PB/4PP2/4K3 w - - 6 29,f2f3,192,101,-91
rnbqkbnr/pppppppp/8/8/8/8/PPPPPPPP/RNBQKBNR w KQkq - 0 1,e2e4,28,29,1
rnbqkbnr/pp1ppppp/8/2p5/4P3/8/PPPP1PPP/RNBQKBNR w KQkq - 0 2,d2d4,34,9,-25
r2qkb1r/pp2n1pp/2npbp2/4p3/3pP3/3B4/PPPBNPPP/RN1Q1RK1 w kq - 4 9,c2c4,-71,-179,108
r2qkb1r/pp2n1pp/2npbp2/4p3/4P3/2pB4/PP1BNPPP/RN1Q1RK1 w kq - 0 10,b2c3,-56,-179,123
r2qkb1r/pp4pp/2npbpn1/4p3/4P3/2PB4/P2BNPPP/RN1Q1RK1 w kq - 1 11,c3c4,-26,-47,21
r2q1rk1/pp2b1pp/3pbpn1/4p3/2PnP3/2NB4/P2BNPPP/2RQ1RK1 w - - 5 14,f2f3,35,-53,-88
r1r3k1/p2qb1pp/1p1pbpn1/4p3/2P1P3/2N2P2/P2BB1PP/2RQ1RK1 w - - 4 18,a2a3,-35,-78,43
5b1k/1q4pp/p4p2/1p2pn2/1B1pP3/P4P2/Q5PP/6K1 w - - 0 35,e4f5,-299,-304,5
7k/1q4pp/p4p2/1p2pP2/1b1p4/P4P2/Q5PP/6K1 w - - 0 36,a3b4,-323,-318,-5
7k/6pp/p4p2/1p2pP2/1Pqp4/5PK1/Q5PP/8 w - - 5 39,f3f4,-219,-822,603
7k/6pp/p4p2/1p2pP2/1P1p1P2/6K1/q5PP/8 w - - 0 40,f4e5,-778,-830,52
7k/6pp/p7/1p2KP2/1P6/q2p4/6PP/8 w - - 0 43,f5f6,-879,-907,28
7k/6pp/p4P2/1p2K3/1P6/q7/3p2PP/8 w - - 0 44,f6f7,-871,-10000,9129
7k/5Ppp/p7/1p2K3/1P6/q7/6PP/3q4 w - - 0 45,f7f8q,10000,10000,0
rnbqkbnr/pppppppp/8/8/8/8/PPPPPPPP/RNBQKBNR w KQkq - 0 1,e2e4,35,32,-3
rnbqkb1r/pppp1ppp/5n2/4p3/2B1P3/8/PPPP1PPP/RNBQK1NR w KQkq - 2 3,d2d3,-1,-6,5
rnbqk2r/pppp1ppp/5n2/2b1p3/2B1P3/3P4/PPP2PPP/RNBQK1NR w KQkq - 1 4,h2h3,16,-12,-28
rnbqk2r/ppp2ppp/5n2/2bpp3/2B1P3/3P3P/PPP2PP1/RNBQK1NR w KQkq - 0 5,e4d5,44,41,-3
r2qr1k1/p5pp/1p2p3/2p3n1/8/2NPQ2P/PPPKN1P1/5R2 w - - 0 20,h3h4,-258,-304,46
r4qk1/p5pp/1p2p3/2p3n1/7P/2NPQ3/PPPKN1P1/8 w - - 0 22,h4g5,313,319,6
rnbqkbnr/pppppppp/8/8/8/8/PPPPPPPP/RNBQKBNR w KQkq - 0 1,e2e4,29,31,2
r1bqkbnr/pppp1p1p/2n5/4p1p1/2B1P3/5N2/PPPP1PPP/RNBQK2R w KQkq - 0 4,d2d3,245,63,-182
r1b2b1r/pppp1k2/2n5/4pq1p/4P3/2NP4/PPP2PPP/R1B1K2R w KQ - 0 11,e4f5,-403,-426,23
r1b2k2/pp6/2p4r/3pNn1p/8/3P4/PPPK1PPP/R6R w - - 2 19,f2f3,-210,-253,43
r4k2/pp6/2p1b2r/3pNn1p/8/3P1P2/PPPK2PP/R6R w - - 1 20,g2g4,-226,-216,-10
r4k2/pp6/2p1b2r/3pNn2/6p1/3P1P2/PPPK3P/R6R w - - 0 21,f3g4,-209,-215,6
r4k2/pp6/2p1b2r/3pN3/3n2P1/3P4/PPPK3P/R6R w - - 1 22,g4g5,-67,-187,120
r4k2/pp6/2p1b3/3pN1Pr/3n4/3P4/PPPK3P/R6R w - - 1 23,h2h4,-181,-173,-8
r7/pp4k1/2p1b3/3pN1Pr/3n3P/3P4/PPPK4/R6R w - - 1 24,c2c3,-180,-205,25
rnbqkbnr/pppppppp/8/8/8/8/PPPPPPPP/RNBQKBNR w KQkq - 0 1,e2e4,28,30,2
rnbqkbnr/pppp1ppp/4p3/8/4P3/8/PPPP1PPP/RNBQKBNR w KQkq - 0 2,d2d4,56,54,-2
rnbqk2r/pp3ppp/4pn2/8/1b1N4/6N1/PPP2PPP/R1BQKB1R w KQkq - 3 8,c2c3,20,19,-1
rnbqkbnr/pppppppp/8/8/8/8/PPPPPPPP/RNBQKBNR w KQkq - 0 1,e2e4,29,29,0
r3kb1r/pp1qpppp/2np1n2/2p5/4P3/2N2N2/PPPP1PPP/R1BQ1RK1 w kq - 4 7,d2d4,-8,-3,-5
r3k2r/p2qppbp/2pp2p1/8/4P3/2N1R3/PPP2PPP/R2Q2K1 w kq - 0 13,f2f4,-24,-109,85
4k2r/pq2ppbp/2pp2p1/8/1r2PP2/2N1R3/PPP3PP/1R1Q3K w k - 5 16,e4e5,-179,-291,112
4k2r/pq2ppbp/2p3p1/4p3/1r3P2/2N1R3/PPP3PP/1R1Q3K w k - 0 17,f4e5,-272,-295,23
5rk1/p3pp1p/2p3p1/4b1N1/8/4R3/PqP3PP/3Q3K w - - 0 21,h2h4,-411,-423,12
5rk1/p3pp2/2pb2pQ/5q2/7P/1R5K/2P3P1/8 w - - 3 31,g2g4,-10000,-10000,0
rnbqkbnr/pppppppp/8/8/8/8/PPPPPPPP/RNBQKBNR w KQkq - 0 1,d2d4,26,23,-3
rnbqkbnr/pp1ppppp/8/2p5/3P4/8/PPP1PPPP/RNBQKBNR w KQkq - 0 2,d4d5,94,83,-11
rnbqkbnr/pp2pppp/3p4/2pP4/8/8/PPP1PPPP/RNBQKBNR w KQkq - 0 3,c2c4,95,85,-10
rnbqkbnr/pp3ppp/3pp3/2pP4/2P5/8/PP2PPPP/RNBQKBNR w KQkq - 0 4,e2e4,94,89,-5
rn1q1rk1/pp2bppp/3p1n2/2pPp3/2P1P1b1/2N2N2/PP2BPPP/R1BQ1RK1 w - - 6 9,h2h3,140,85,-55
rn1q1rk1/pp2bpp1/3p1n1p/2pPp2b/2P1P3/2N2N1P/PP2BPP1/R1BQR1K1 w - - 0 11,a2a3,127,102,-25
rn1q1rk1/1p2bpp1/p2p1n1p/2pPp2b/2P1P3/P1N2N1P/1P2BPP1/R1BQR1K1 w - - 0 12,b2b4,120,85,-35
rn1q1rk1/4bpp1/pp1p1n1p/2pPp2b/1PP1P3/P1N2N1P/4BPP1/R1BQR1K1 w - - 0 13,b4c5,113,114,1
1r3rk1/2qnbpp1/3p1n1p/p1pPp2b/2P1P3/P1N2N1P/2QBBPP1/1R2R1K1 w - - 0 18,a3a4,229,184,-45
6k1/2qnbppn/3p3p/prpPp3/P1P1P1B1/2N4P/2QB1PP1/6K1 w - - 0 25,a4b5,322,103,-219
6k1/2q2ppn/3p3p/pPpPp1b1/2n1P3/2N4P/2Q2PP1/2BB2K1 w - - 2 28,g2g3,151,-159,-310
6k1/5pp1/1q1p1n1p/pPpPp3/B3P3/6PP/1Q3P2/6K1 w - - 3 33,f2f3,-225,-236,11
6k1/5p2/1q1p1n1p/pPpPp1p1/B3P3/5PPP/1Q6/6K1 w - - 0 34,g3g4,-214,-287,73
rnbqkbnr/pppppppp/8/8/8/8/PPPPPPPP/RNBQKBNR w KQkq - 0 1,e2e4,28,32,4
r1bqk2r/2pp1ppp/p1n2n2/1pb1p3/4P3/1B3N2/PPPP1PPP/RNBQ1RK1 w kq - 2 7,d2d3,48,10,-38
r1bqk2r/2pp1ppp/p4n2/1p2p3/3bP3/1B1P4/PPP2PPP/RNBQ1RK1 w kq - 0 9,c2c3,36,27,-9
r1b1k2r/2pq1ppp/pb1p1n2/1p2p1B1/4P3/1BPP4/PP3PPP/RN1QR1K1 w kq - 2 12,d3d4,114,28,-86
r1b4r/2p2kpp/pb1p4/1p4B1/3pP1n1/2P5/PP3PPP/RN2R1K1 w - - 0 16,e4e5,-605,-616,11
r1b4r/2p2kpp/pb1p4/1p2P3/6n1/4B3/Pp3PPP/RN2R1K1 w - - 0 18,e5e6,-829,-908,79
7r/5kpp/pp1p4/1p6/8/4n3/2q1rPPP/5RK1 w - - 0 26,f2e3,-1114,-10000,8886
rnbqkbnr/pppppppp/8/8/8/8/PPPPPPPP/RNBQKBNR w KQkq - 0 1,d2d3,33,-14,-47
rnbqkbnr/ppp1pppp/3p4/8/8/3P4/PPP1PPPP/RNBQKBNR w KQkq - 0 2,e2e3,13,-5,-18
rnbqkbnr/ppp2ppp/3p4/4p3/8/3PP3/PPP2PPP/RNBQKBNR w KQkq - 0 3,f2f4,-11,-53,42
rn1qkbnr/ppp2ppp/3pb3/4p3/5P2/3PP3/PPP3PP/RNBQKBNR w KQkq - 1 4,f4e5,-24,-63,39
rn1qkbnr/ppp2ppp/4b3/4p3/8/3PP3/PPP3PP/RNBQKBNR w KQkq - 0 5,e3e4,-63,-125,62
r5nr/pp1k4/5p2/6p1/4P3/B1NP2p1/PPP3PP/R4RK1 w - - 0 20,h2h3,633,540,-93
rnbqkbnr/pppppppp/8/8/8/8/PPPPPPPP/RNBQKBNR w KQkq - 0 1,e2e4,32,33,1
rnbqkb1r/pppppppp/5n2/8/4P3/8/PPPP1PPP/RNBQKBNR w KQkq - 1 2,e4e5,83,80,-3
rnbqkb1r/pppppppp/8/3nP3/8/8/PPPP1PPP/RNBQKBNR w KQkq - 1 3,c2c4,79,84,5
rnbqkb1r/ppp1pppp/3p4/3nP3/2P5/8/PP1P1PPP/RNBQKBNR w KQkq - 0 4,c4d5,434,433,-1
rn2kb1r/ppp1pppp/8/3qpb2/8/5N2/PP1PBPPP/RNBQK2R w KQkq - 2 7,d2d3,421,352,-69
rnbqkbnr/pppppppp/8/8/8/8/PPPPPPPP/RNBQKBNR w KQkq - 0 1,e2e4,30,28,-2
rnbqkbnr/pp1p1ppp/4p3/2p5/2B1P3/8/PPPP1PPP/RNBQK1NR w KQkq - 0 3,d2d4,1,-18,-19
r1b1k2r/1pq1bppp/p1nppn2/6B1/2B1P3/2N2N2/PPP2PPP/R2Q1RK1 w kq - 4 10,a2a3,-25,-58,33
r1b2rk1/1pq1bppp/p1nppn2/6B1/2B1P3/P1N2N2/1PP2PPP/R2Q1RK1 w - - 1 11,b2b4,-49,-238,189
r2n1rk1/3qbppp/3ppn2/6B1/1P2P3/P4N2/2P1QPPP/R4RK1 w - - 0 16,c2c4,-180,-260,80
r5k1/1q3pp1/4pnnp/8/1PP1P3/P5Q1/3r1PPP/R3R1K1 w - - 0 26,c4c5,-532,-499,-33
r5k1/1q3pp1/4pnnp/2P5/1P1rP3/P5Q1/5PPP/R3R1K1 w - - 1 27,f2f3,-492,-524,32
r5k1/q4pp1/4pnnp/2P5/1P2P3/P2r1P2/5QPP/R3R1K1 w - - 3 29,e4e5,-374,-558,184
r5k1/q4pp1/4p1np/2PnP3/1P6/P2r1P2/5QPP/R3R1K1 w - - 1 30,f3f4,-541,-598,57
r5k1/5pp1/4p1np/2PnP3/1P3P2/q7/5QPP/4R1K1 w - - 0 32,f4f5,-606,-579,-27
r5k1/5pp1/4p2p/2PnPP2/1P3n2/q7/5QPP/4R1K1 w - - 1 33,f5e6,-611,-622,11
r5k1/6p1/4p2p/2PnP3/1P3n2/4q3/5QPP/1R4K1 w - - 2 35,b4b5,-445,-900,455
r5k1/6p1/4p2p/1PnnP3/8/5K2/6PP/1R6 w - - 0 38,b5b6,-606,-614,8
6k1/3n2p1/3rp2p/3nP3/8/5K2/6PP/8 w - - 0 42,e5d6,-693,-702,9
8/3n1kp1/1n1Pp2p/8/4K3/8/6PP/8 w - - 3 44,g2g4,-716,-750,34
rnbqkbnr/pppppppp/8/8/8/8/PPPPPPPP/RNBQKBNR w KQkq - 0 1,g2g3,26,6,-20
rnbqkb1r/pppppp1p/5np1/8/8/6P1/PPPPPPBP/RNBQK1NR w KQkq - 0 3,b2b3,18,-26,-44
rnbq1rk1/ppppppbp/5np1/8/8/1P4P1/PBPPPPBP/RN1QK1NR w KQ - 3 5,e2e3,8,-32,-40
rnbq1rk1/pppp1pbp/4pnp1/8/8/1P2P1P1/PBPP1PBP/RN1QK1NR w KQ - 0 6,d2d3,19,-5,-24
rnbq1rk1/pp3pbp/4pnp1/2pp4/8/1P1PP1P1/PBP1NPBP/RN1QK2R w KQ - 0 8,h2h3,-27,-55,28
r2q1rk1/pb3pbp/1pn1pnp1/2pp4/8/1P1PP1PP/PBPNNPB1/R2Q1RK1 w - - 2 11,a2a3,-46,-65,19
2rr2k1/pb1q1pbp/1pn1pnp1/2pp4/8/PP1PP1PP/1BPNNPBK/1R1Q1R2 w - - 5 14,d3d4,-38,-132,94
2rr2k1/pb1q1pbp/1pn1pnp1/3p4/3p4/PP2P1PP/1BPNNPBK/1R1Q1R2 w - - 0 15,e3d4,-142,-151,9
2rr2k1/pb1qnpbp/1p2pnp1/3p4/3P4/PP4PP/1BPNNPBK/1R1Q1R2 w - - 1 16,b3b4,-159,-165,6
3r2k1/pbrq1pbp/1p2pnp1/3p1n2/1P1P4/PN4PP/1BP1NPBK/1R1Q1R2 w - - 3 18,c2c3,-211,-257,46
2r3k1/pbrq1pbp/1p2pnp1/3p1n2/1P1P4/PNP3PP/1B2NPBK/1R1Q1R2 w - - 1 19,g3g4,-192,-274,82
6k1/p4pbp/1p2pnp1/3p4/1P1P2P1/P3r2P/5PBK/8 w - - 0 31,f2e3,-645,-657,12
6k1/p4p1p/1p1np1pb/3p4/1P1P1KP1/P3P2P/6B1/8 w - - 5 34,g4g5,-607,-580,-27
6k1/p4pbp/1p1np1p1/3p2P1/1P1P1K2/P3P2P/6B1/8 w - - 1 35,h3h4,-568,-565,-3
6k1/p4pbp/1p2p1p1/3p2P1/1PnP1K1P/P3P3/6B1/8 w - - 1 36,a3a4,-569,-588,19
6k1/p4pb1/1p2p1p1/3p2p1/PPnP1K1P/4P3/8/5B2 w - - 0 38,h4g5,-602,-608,6
5bk1/p4p2/1p2p1p1/3p2P1/PPnP1K2/4P3/8/5B2 w - - 1 39,e3e4,-619,-644,25
6k1/p4p2/1p2p1p1/3p2P1/PbnPPK2/8/8/5B2 w - - 0 40,e4d5,-664,-665,1
rnbqk1nr/ppppppbp/6p1/6N1/8/8/PPPPPPPP/RNBQKB1R w KQkq - 2 3,d2d4,-45,-44,-1
rnbqk1nr/ppppp1b1/6pp/5p2/3P4/5N2/PPP1PPPP/RNBQKB1R w KQkq - 0 5,e2e3,127,31,-96
r2q1rk1/1b2n1b1/2p1p1pp/pp1pnp2/3P4/4P3/PPP2PPP/R1BQKBNR w KQ - 0 15,d4e5,-308,-291,-17
r2q1rk1/1b2n3/2p1p1pp/1p1pbp2/p7/4P3/PPP2PPP/1RBQKBNR w K - 0 17,b2b3,-298,-315,17
r2q1rk1/1b2n3/2p1p1pp/1p1pbp2/8/1p2P3/P1P2PPP/1RBQKBNR w K - 0 18,a2b3,-321,-303,-18
5rk1/8/rqn1p1pp/1p1p1p2/2p5/1P2P3/1QP2PPP/4KBNR w K - 2 25,b3c4,-576,-576,0
1r4k1/8/1rn1p1pp/5p2/2pp4/2N1P3/2PKBPPP/7R w - - 0 31,e3d4,-406,-413,7
rnbqkbnr/pppppppp/8/8/8/8/PPPPPPPP/RNBQKBNR w KQkq - 0 1,e2e4,31,31,0
rnbqkbnr/pppp1ppp/8/4p3/4P3/8/PPPP1PPP/RNBQKBNR w KQkq - 0 2,g2g3,36,-51,-87
r1bqkb1r/pppp1ppp/2n2n2/4p3/4P3/6P1/PPPP1PBP/RNBQK1NR w KQkq - 3 4,c2c3,4,-38,-42
r1bqk2r/pppp1ppp/2n2n2/2b1p3/4P3/2P3P1/PP1P1PBP/RNBQK1NR w KQkq - 1 5,b2b4,5,-25,-30
r1bqk2r/pppp1ppp/1bn2n2/4p3/1P2P3/2P3P1/P2P1PBP/RNBQK1NR w KQkq - 1 6,a2a4,-25,-65,40
r1bqk2r/1ppp1ppp/pbn2n2/4p3/PP2P3/2P3P1/3P1PBP/RNBQK1NR w KQkq - 0 7,a4a5,-43,-84,41
r1bqk2r/bpp2ppp/p1n2n2/P2pp3/1P2P3/2P3P1/3PNPBP/RNBQK2R w KQkq - 0 9,e4d5,-93,-92,-1
r2qk2r/bpp2pp1/p1n4p/P2np3/1P4b1/B1P3P1/3PNPBP/RN1Q1RK1 w kq - 2 12,c3c4,43,-43,-86
r2qk2r/bpp2pp1/p1n2n1p/P3p3/1PP3b1/B5P1/3PNPBP/RN1Q1RK1 w kq - 1 13,b4b5,59,54,-5
r2qk2r/bpp2pp1/2n2n1p/Pp2p3/2P3b1/B5P1/3PNPBP/RN1Q1RK1 w kq - 0 14,c4b5,160,71,-89
1r1q3r/2p2p1k/2n3pp/1P6/8/Q1b3P1/R2P1P1P/6K1 w - - 0 31,d2c3,-695,-803,108
rnbqkbnr/pppppppp/8/8/8/8/PPPPPPPP/RNBQKBNR w KQkq - 0 1,d2d4,29,27,-2
rnbqkbnr/pppp1ppp/4p3/8/3P4/8/PPP1PPPP/RNBQKBNR w KQkq - 0 2,e2e4,29,28,-1
rnbqkbnr/ppp2ppp/4p3/3p4/3PP3/8/PPP2PPP/RNBQKBNR w KQkq - 0 3,f2f3,23,-74,-97
rnbqk2r/ppp2ppp/4pn2/3p4/1b1PP3/5P2/PPP1Q1PP/RNB1KBNR w KQkq - 3 5,c2c3,31,20,-11
rnbqk2r/ppp2pp1/4pn1p/b2p2B1/3PP3/2P2P2/PP2Q1PP/RN2KBNR w KQkq - 0 7,e4e5,104,-281,-385
rnbqk2r/ppp2pp1/4pn2/b2pP1p1/3P4/2P2P2/PP2Q1PP/RN2KBNR w KQkq - 0 8,e5f6,-258,-275,17
rr6/2pbqpk1/p1n1pp2/b2p2p1/1p1P4/2PB1P2/PPQN2PP/2KR2NR w - - 0 18,c3b4,-278,-525,247
rr6/2pbqpk1/p3pp2/b2p2p1/1n1P4/3B1P2/PPQN2PP/2KR2NR w - - 0 19,a2a3,-474,-750,276
rnbqkbnr/pppppppp/8/8/8/8/PPPPPPPP/RNBQKBNR w KQkq - 0 1,d2d4,28,26,-2
rnb1kb1r/1pp2ppp/p3pq2/3p4/3P4/2N5/PPP1PPPP/R2QKBNR w KQkq - 0 6,a2a3,-51,-96,45
r1b1k2r/1pp2ppp/p1nbpq2/3p4/3P4/P1N2N2/1PP1PPPP/R2QKB1R w KQkq - 3 8,e2e4,-3,0,3
r1bqk2r/1pp2ppp/p1nb4/3Np3/3PP3/P4N2/1PP2PPP/R2QKB1R w KQkq - 1 10,d4e5,162,144,-18
r4kr1/1p3p1p/p1p5/2b1q3/4P3/P5N1/1PP1BPPP/R2Q1RK1 w - - 0 19,c2c3,622,560,-62
5kr1/1p3p1p/p1p1r3/2b1q3/4P3/P1P3N1/1P2BPPP/R2Q1R1K w - - 3 21,f2f3,582,148,-434
rnbqkbnr/pppppppp/8/8/8/8/PPPPPPPP/RNBQKBNR w KQkq - 0 1,e2e4,33,30,-3
r1bqkbnr/ppp2ppp/2np4/1B2p3/4P3/5N2/PPPP1PPP/RNBQK2R w KQkq - 0 4,d2d4,46,51,5
r1bqkbnr/2p2ppp/p1pp4/4p3/3PP3/5N2/PPP2PPP/RNBQK2R w KQkq - 0 6,d4e5,175,161,-14
2r4r/1bp2k2/p1p2p2/4nN1p/4P3/2N5/PPP2PPP/3RR1K1 w - - 0 19,f2f4,518,537,19
2r4r/1bp2k2/p1p2p2/5N1p/2n1PP2/2N5/PPP3PP/3RR1K1 w - - 1 20,e4e5,580,408,-172
2r4r/1bp2k2/p1p5/4pN1p/2n2P2/2N5/PPP3PP/3RR1K1 w - - 0 21,f4e5,397,379,-18
8/2p1k3/p7/4P1rp/3N4/4R3/PrP3PP/3R2K1 w - - 3 30,a2a4,638,620,-18
rnbqkbnr/pppppppp/8/8/8/8/PPPPPPPP/RNBQKBNR w KQkq - 0 1,e2e4,26,28,2
r1bqkb1r/ppp2ppp/2n2n2/3pp1N1/2B1P3/8/PPPP1PPP/RNBQK2R w KQkq - 0 5,e4d5,15,13,-2
r2qkb1r/pppn1ppp/8/n2Pp1N1/8/8/PPPP1PPP/RNBQK2R w KQkq - 0 8,d2d3,101,141,40
r2qkb1r/ppp2ppp/8/n1nPp1N1/8/3P4/PPP2PPP/RNBQK2R w KQkq - 1 9,b2b4,279,283,4
r3kb1r/ppp2ppp/8/n1n1p1N1/1P1q4/3P4/P1P2PPP/RNBQ1RK1 w kq - 2 11,c2c3,291,289,-2
r3kb1r/ppp2ppp/8/n1n1p1N1/1P5q/2PP4/P4PPP/RNBQ1RK1 w kq - 1 12,b4c5,559,499,-60
r3k2r/ppp2pp1/2n4p/2b1p2q/Q7/2PP1N2/P2N1PPP/R1B2RK1 w kq - 0 16,d3d4,510,499,-11
r3k2r/ppp2pp1/2n4p/2b4q/Q2p4/2P2N2/P2N1PPP/R1B2RK1 w kq - 0 17,c3d4,511,440,-71
rnbqkbnr/pppppppp/8/8/8/8/PPPPPPPP/RNBQKBNR w KQkq - 0 1,e2e3,29,13,-16
rnbqkbnr/pppp1ppp/8/4p3/8/4P3/PPPP1PPP/RNBQKBNR w KQkq - 0 2,d2d4,13,15,2
rnbqkbnr/pppp1ppp/8/8/3p4/4P3/PPP2PPP/RNBQKBNR w KQkq - 0 3,e3d4,10,9,-1
r1bqkbnr/pppp1ppp/2n5/8/3P4/8/PPP2PPP/RNBQKBNR w KQkq - 1 4,d4d5,97,99,2
r3kbr1/2pqnp2/1pbp1Bpp/p2P4/8/2N5/PPP1QPPP/R3R1K1 w q - 0 17,d5c6,525,553,28
3k4/8/1pP5/p3B3/8/8/PPP2PPP/6K1 w - - 1 34,c6c7,934,922,-12
2k5/2P5/1p6/p3B3/8/8/PPP2PPP/6K1 w - - 1 35,h2h4,955,932,-23
rnbqkbnr/pppppppp/8/8/8/8/PPPPPPPP/RNBQKBNR w KQkq - 0 1,h2h4,33,-42,-75
rnbqkbnr/pppp1ppp/8/4p3/7P/8/PPPPPPP1/RNBQKBNR w KQkq - 0 2,g2g4,-38,-185,147
r1bqkbnr/pppp1ppp/2n5/4p3/6PP/8/PPPPPP2/RNBQKBNR w KQkq - 1 3,g4g5,-179,-183,4
r1bqkbnr/pppp2pp/2n2p2/4p1P1/7P/8/PPPPPP2/RNBQKBNR w KQkq - 0 4,d2d4,-130,-141,11
r1bqkbnr/pppp2pp/5p2/4p1P1/3n3P/8/PPP1PP2/RNBQKBNR w KQkq - 0 5,e2e3,-109,-110,1
r1b1kbnr/pppp2pp/5q2/4pBp1/7P/4P3/PPP2P2/RNBQK1NR w KQkq - 1 8,e3e4,296,304,8
2kr3r/ppp4p/3p1q2/4p3/4P1Rp/2b4N/PPP1QP2/2KR4 w - - 0 19,b2c3,141,153,12
rnbqkbnr/pppppppp/8/8/8/8/PPPPPPPP/RNBQKBNR w KQkq - 0 1,d2d4,32,25,-7
rnbqkbnr/ppp1pppp/8/3p4/3P4/8/PPP1PPPP/RNBQKBNR w KQkq - 0 2,e2e3,19,11,-8
rnbqkbnr/ppp2pp1/4p2p/3p4/3P4/N3P3/PPP2PPP/R1BQKBNR w KQkq - 0 4,c2c3,-12,-38,26
rn1qk1nr/1ppb1pp1/p3p2p/3p4/3P4/b1P1P3/PPQ2PPP/R1B1KBNR w KQkq - 0 7,b2a3,-47,-45,-2
rn2k1nr/1p2qpp1/p1b1p2p/3pN3/2pP4/P1P1P3/P1Q2PPP/1RB1KB1R w Kkq - 2 11,g2g3,-14,-51,37
rn3rk1/1p2qpp1/p1b1pn1p/3pN3/2pP4/P1P1P1PB/P1Q2P1P/1RB1K2R w K - 3 13,f2f3,-70,-81,11
rn3rk1/1p1nqpp1/p1b1p2p/3pN3/2pP4/P1P1PPPB/P1Q4P/1RB1K2R w K - 1 14,e3e4,-56,-323,267
rn3rk1/1p2qpp1/p1b1p2p/3pn3/2pPP3/P1P2PPB/P1Q4P/1RB1K2R w K - 0 15,d4e5,-348,-333,-15
rn3rk1/4qpp1/p1b1p2p/1p1pP3/2p1P3/P1P2PPB/P1Q4P/1RB1K2R w K - 0 16,e4d5,-217,-206,-11
r4rk1/4qpp1/p1n1p2p/1p1bP3/2p5/P1P2PP1/P1Q3BP/1RB1K2R w K - 2 18,f3f4,-274,-270,-4
3r1rk1/4qpp1/p1n1p2p/1p1bP3/2p2P2/P1P3P1/P4QBP/1RB2RK1 w - - 5 21,g3g4,-127,-234,107
3r2k1/4npp1/p3p2p/1p2P3/2p2PP1/P1Pr4/PB5P/1R3RK1 w - - 5 27,g4g5,-337,-400,63
rnbqkbnr/pppppppp/8/8/8/8/PPPPPPPP/RNBQKBNR w KQkq - 0 1,e2e4,30,38,8
rnbqkbnr/pp3ppp/2pp4/4p3/2B1P3/5N2/PPPP1PPP/RNBQK2R w KQkq - 0 4,d2d4,82,90,8
rnbqkb1r/pp3ppp/2pp1n2/8/2BQP3/5N2/PPP2PPP/RNB1K2R w KQkq - 1 6,e4e5,151,162,11
r1b2rk1/pp1n1ppp/2p2n2/2b3N1/2B5/8/PPP2PPP/RNB1R1K1 w - - 6 12,b2b3,8,-28,-36
r1b2rk1/pp3pp1/1np4p/8/6n1/1P1BbN2/P1P2PPP/RN2R1K1 w - - 0 16,f2e3,-15,-25,10
r1b2rk1/pp3pp1/2p4p/3n4/6n1/1P1BPN2/P1P3PP/RN2R1K1 w - - 1 17,h2h3,18,-129,-147
r1b2rk1/pp3pp1/2p4p/3n4/8/1P1BnN1P/P1P3P1/RN2R1K1 w - - 0 18,c2c4,-97,-308,211
r1b2rk1/pp3pp1/2p4p/3n4/2P5/1P1B1N1P/P5n1/RN2R1K1 w - - 0 19,c4d5,-299,-290,-9
3r4/1p6/p4k1p/8/2B3R1/1P6/P4K2/r7 w - - 5 36,b3b4,-435,-468,33
rnbqkbnr/pppppppp/8/8/8/8/PPPPPPPP/RNBQKBNR w KQkq - 0 1,e2e4,37,35,-2
rn1qkbnr/pppbpppp/3p4/8/2B1P3/8/PPPP1PPP/RNBQK1NR w KQkq - 2 3,d2d4,102,112,10
rn1qk2r/ppp1p1bp/3pQnp1/8/3PP3/8/PPP2PPP/RNB1K1NR w KQkq - 1 8,c2c3,205,119,-86
r5k1/pppnp1bp/3p1rp1/8/3PP3/2P5/PP3PPP/RN2K1NR w KQ - 0 12,f2f3,75,65,-10
rr4k1/p1pn2bp/3pp1p1/1p6/3PP3/2P2P2/PP1NN1PP/2KR3R w - - 0 16,g2g4,153,69,-84
r5k1/p1pn2bp/1r1pp1p1/1p6/3PP1P1/2P2P2/PP1NN2P/2KR3R w - - 1 17,h2h4,110,88,-22
1r4k1/p1pn2bp/1r1pp1p1/1p6/3PP1PP/2P2P2/PP1NN3/2KR3R w - - 1 18,h4h5,113,116,3
1r4k1/p1pn2bp/1r1pp1p1/7P/1p1PP1P1/2P2P2/PP1NN3/2KR3R w - - 0 19,h5g6,122,93,-29
1r4k1/p1pn2b1/1r1pp1p1/8/1p1PP1P1/2P2P2/PP1NN3/2KR3R w - - 0 20,c3c4,88,82,-6
1r4k1/p1pn2b1/1r1pp1p1/8/2PPP1P1/1p3P2/PP1NN3/2KR3R w - - 0 21,a2a3,96,90,-6
1r4k1/2pn2b1/1r1pp1p1/p7/2PPP1P1/Pp3P2/1P1NN3/2KR3R w - - 0 22,f3f4,133,152,19
1r4k1/2pn2b1/1r1pp1p1/8/p1PPPPP1/Pp6/1P1NN3/2KR3R w - - 0 23,e4e5,151,104,-47
1r4k1/2pn2b1/1r2p1p1/4p3/p1PP1PP1/Pp6/1P1NN3/2KR3R w - - 0 24,f4e5,243,57,-186
rnbqkbnr/pppppppp/8/8/8/8/PPPPPPPP/RNBQKBNR w KQkq - 0 1,e2e4,26,24,-2
rnbqkbnr/ppp3pp/3p1p2/4p3/2B1P3/5N2/PPPP1PPP/RNBQK2R w KQkq - 0 4,d2d3,168,137,-31
r1bqkbnr/pp4pp/2np1p2/2p1p3/2B1P3/2NP1N2/PPP2PPP/R1BQK2R w KQkq - 2 6,a2a3,175,179,4
r1bqkb1r/pp2n1pp/3p1p2/3Np3/2BpP3/P2P4/1PP2PPP/R1BQK2R w KQkq - 2 9,f2f4,442,205,-237
r1bqk2r/pp4bp/2np1pp1/3Np3/2BpPP2/P2P1Q2/1PP3PP/R1B1K2R w KQkq - 2 12,f4e5,261,70,-191
rnbqkbnr/pppppppp/8/8/8/8/PPPPPPPP/RNBQKBNR w KQkq - 0 1,d2d4,27,22,-5
rnbqkbnr/ppp1pppp/8/3p4/3P4/8/PPP1PPPP/RNBQKBNR w KQkq - 0 2,c2c4,19,21,2
rnbqkbnr/ppp2ppp/8/3pp3/2PP4/8/PP2PPPP/RNBQKBNR w KQkq - 0 3,d4e5,57,70,13
rn1qkbnr/ppp2ppp/4b3/3pP3/2P5/8/PP2PPPP/RNBQKBNR w KQkq - 1 4,e2e3,121,70,-51
r2qkbnr/ppp2ppp/2n1b3/3pP3/2P5/4P3/PP3PPP/RNBQKBNR w KQkq - 1 5,a2a3,97,-43,-140
2k4r/ppprbppp/8/4Pn2/8/PnN1PN2/1P3PPP/1RB2RK1 w - - 4 15,e3e4,66,32,-34
2k4r/pppr1ppp/8/2bNP3/3nP3/P7/1P3PPP/1RB2RK1 w - - 2 18,b2b4,33,18,-15
2k1r3/p1p2ppp/1p6/4b3/1P2P3/P3B3/5PPP/3R3K w - - 1 26,h2h3,-50,-80,30
2k1r3/p1p3pp/1p3p2/4b3/1P2P3/P3B2P/5PP1/3R3K w - - 0 27,f2f3,-22,-34,12
4r3/pkp3pp/1p3p2/8/1P2P3/P3BP1P/1b4P1/3R2K1 w - - 3 29,a3a4,17,-26,-43
8/pkp1r1pp/1p3p2/8/PP2P3/4BP1P/1b4P1/3R2K1 w - - 1 30,b4b5,20,10,-10
8/1kp1r3/pp3p2/1P1R2pp/P3P3/4BP1P/1b3KP1/8 w - - 0 33,g2g4,59,-2,-61
8/1kp1r3/1p3p2/1p1R2p1/P3P1Pp/4BP1P/1b2K3/8 w - - 0 35,a4b5,0,0,0
8/1k2r3/1pp2p2/1P1Rb1p1/4P1Pp/3KBP1P/8/8 w - - 0 37,b5c6,0,0,0
8/8/3b4/1k4p1/4P1Pp/1p1K1P1P/1B6/8 w - - 2 47,e4e5,235,337,102
8/4b3/8/1k2P1p1/6Pp/1p1K1P1P/1B6/8 w - - 1 48,e5e6,351,43,-308
8/8/4P3/6p1/2K3Pp/kp3P1P/8/8 w - - 0 51,e6e7,572,666,94
8/4P3/8/6p1/2K3Pp/k4P1P/1p6/8 w - - 0 52,e7e8q,749,807,58
8/8/8/8/5kPK/7P/8/8 w - - 1 61,g4g5,968,1064,96
8/8/8/6PK/5k2/7P/8/8 w - - 3 63,g5g6,1117,1118,1
8/8/6P1/7K/8/6kP/8/8 w - - 1 64,g6g7,1215,1216,1
8/6P1/8/7K/8/7k/8/8 w - - 0 65,g7g8q,10000,10000,0
rnbqkbnr/pppppppp/8/8/8/8/PPPPPPPP/RNBQKBNR w KQkq - 0 1,e2e4,25,29,4
rnbqkb1r/pppp1ppp/5n2/4p3/4P3/5N2/PPPP1PPP/RNBQKB1R w KQkq - 2 3,b2b3,26,-100,-126
rn1q1rk1/pp2bppp/2p2n2/3pN3/6b1/NP1Q4/PBPP1PPP/2KR1B1R w - - 2 10,f2f3,-69,-165,96
rn1q1rk1/pp2bppp/2p2n2/3pN2b/8/NP1Q1P2/PBPP2PP/2KR1B1R w - - 1 11,g2g4,-5,-7,2
rn1q1rk1/pp2b1pp/2p2np1/3p4/6P1/NP1Q1P2/PBPP3P/2KR1B1R w - - 0 13,h2h4,-21,-22,1
r2q1rk1/pp1nb1pp/2p2np1/3p4/6PP/NP1Q1P2/PBPP4/2KR1B1R w - - 1 14,h4h5,-2,-7,5
r2q1rk1/pp1nb1pp/2p2n2/3p3p/6P1/NP1Q1P2/PBPP4/2KR1B1R w - - 0 15,g4g5,112,106,-6
5rk1/p5pp/8/2pp4/3q4/1P6/P1PPQ3/1K1R1B2 w - - 2 28,c2c3,554,448,-106
4rk2/p6p/8/2p3p1/2B1p3/1PP5/P1KP4/4R3 w - - 0 33,d2d3,419,371,-48
8/p5k1/8/2p5/6p1/1PPB4/P2K4/r7 w - - 2 38,a2a4,-436,-508,72
8/p5k1/8/2p5/P7/1PP5/6r1/4K3 w - - 0 42,b3b4,-574,-575,1
8/p5k1/8/8/Pp6/2P5/6r1/4K3 w - - 0 43,c3b4,-566,-573,7
rnbqkbnr/pppppppp/8/8/8/8/PPPPPPPP/RNBQKBNR w KQkq - 0 1,d2d3,26,-18,-44
rnbqkbnr/ppp2ppp/3p4/4p3/8/3P4/PPPKPPPP/RNBQ1BNR w kq - 0 3,c2c3,-83,-102,19
rnbqk2r/pp4pp/3p1n2/2p1pp2/8/2PP4/PP1NPPPP/1KRQ1BNR w kq - 0 9,b2b3,-93,-191,98
rn1qk2r/3b2pp/3p1n2/ppp1pp2/8/1PPP4/PR1NPPPP/1K1Q1BNR w kq - 0 12,a2a3,-267,-393,126
rn1qk2r/3b2pp/3p1n2/1pp1pp2/p7/PPPP4/1R1NPPPP/1K1Q1BNR w kq - 0 13,b3a4,-259,-402,143
4k2r/3b2pp/1rnp1n2/2p1pp2/p7/P1PP4/3NPPPP/K4BNR w k - 0 18,c3c4,-757,-770,13
7r/3b1kpp/1rnp1n2/2p1pp2/p1P5/P2P4/3NPPPP/K4BNR w - - 1 19,e2e4,-744,-757,13
1r6/3b1kpp/1rnp1n2/2p1p3/p1P1Pp2/P2P4/3NNPPP/K4B1R w - - 0 21,g2g4,-724,-794,70
8/7p/3p1k2/2p1p1p1/2P1bp2/PB6/K3n2r/8 w - - 0 36,a3a4,-1065,-10000,8935
8/7p/3p1k2/2p1p1p1/P1P1bp2/Kn6/7r/8 w - - 0 38,a4a5,-10000,-10000,0
rnbqkbnr/pppppppp/8/8/8/8/PPPPPPPP/RNBQKBNR w KQkq - 0 1,d2d4,30,23,-7
rnbqkbnr/pp1ppppp/2p5/8/3P4/8/PPP1PPPP/RNBQKBNR w KQkq - 0 2,e2e4,36,37,1
rnbqkbnr/pp2pppp/2p5/3p4/3PP3/8/PPP2PPP/RNBQKBNR w KQkq - 0 3,e4d5,35,19,-16
rnb1kbnr/pp2pppp/2p5/q2P4/3P4/8/PPP2PPP/RNBQKBNR w KQkq - 1 4,c2c3,97,65,-32
r4rk1/pp1n2pp/2pbpn2/3qNp2/3P1B2/2P2N2/PP2QPPP/R4RK1 w - - 4 13,b2b3,334,71,-263
r4rk1/pp1n2pp/2p1pn2/3qNp2/3P1B2/bPP2N2/P3QPPP/R4RK1 w - - 1 14,c3c4,173,144,-29
6k1/pp1n1rpp/2p1Q3/q4p2/2PP1B2/bP6/P4PPP/R4RK1 w - - 0 19,c4c5,433,458,25
rnbqkbnr/pppppppp/8/8/8/8/PPPPPPPP/RNBQKBNR w KQkq - 0 1,c2c4,28,14,-14
rnbqkb1r/pppp1ppp/4pn2/8/2P5/2N5/PP1PPPPP/R1BQKBNR w KQkq - 0 3,d2d4,43,17,-26
rnbq1rk1/ppp3pp/3pp3/5p2/1BPPn3/3Q1N2/PP2PPPP/R3KB1R w KQ - 2 9,g2g3,-17,-26,9
rn1q1rk1/1b4pp/1p1pp3/p1p2p2/2PPn3/B2Q1NP1/PP2PPBP/R4RK1 w - - 0 13,d4c5,30,22,-8
3r2k1/1b4pp/1pn1p3/p1p2p2/2P1n3/B4NP1/PP2PPBP/R5K1 w - - 0 17,b2b3,-54,-52,-2
3r2k1/1b4pp/1p2p3/p1p2p2/1nP1n3/1P3NP1/PB2PPBP/R4K2 w - - 5 20,a2a3,47,37,-10
rnbqkbnr/pppppppp/8/8/8/8/PPPPPPPP/RNBQKBNR w KQkq - 0 1,e2e4,35,35,0
rnbqk1nr/ppppp1bp/6p1/5p2/4P3/2N2N2/PPPP1PPP/R1BQKB1R w KQkq - 0 4,e4f5,160,157,-3
rnbqk2r/ppppp1bp/5np1/5P2/8/2N2N2/PPPP1PPP/R1BQKB1R w KQkq - 1 5,f5g6,260,256,-4
rnbqk2r/ppppp1b1/5np1/8/8/2N2N2/PPPP1PPP/R1BQKB1R w KQkq - 0 6,d2d3,308,143,-165
r2qk2r/pppnp1b1/3p2p1/5bB1/4n3/3P1N2/PPP1BPPP/R2QK2R w KQkq - 0 10,d3e4,80,100,20
5rr1/pppk4/3p2p1/4p3/8/8/PPP2PPP/2KRR3 w - - 2 21,f2f3,-22,-27,5
2k2rr1/ppp5/3p2p1/4p3/8/5P2/PPP3PP/2KRR3 w - - 1 22,c2c4,2,-21,-23
2k3r1/ppp5/3p2p1/4p3/2P2r2/5P2/PP4PP/2KRR3 w - - 1 23,b2b3,-24,-34,10
2k4r/ppp5/3p2p1/4p3/2P2r2/1P3P2/P5PP/2KRR3 w - - 1 24,h2h3,-28,-25,-3
2k4r/ppp5/3p2p1/4p3/2P3r1/1P3P1P/P5P1/2KR4 w - - 0 27,h3g4,-30,-42,12
8/ppp5/3p2p1/4p1k1/2P1K1P1/1P3P2/P5Pr/6R1 w - - 9 32,a2a3,8,-8,-16
8/pp6/2pp2p1/4p1k1/2P1K1P1/PP3P2/6Pr/6R1 w - - 0 33,g2g3,15,-98,-113
8/pp6/2pp2p1/4p1k1/2P1K1P1/PP3PP1/1r6/6R1 w - - 1 34,f3f4,0,-169,-169
8/pp6/2pp2p1/4p3/2P1KPk1/PP4P1/1r6/6R1 w - - 0 35,f4e5,-205,-254,49
rnbqkbnr/pppppppp/8/8/8/8/PPPPPPPP/RNBQKBNR w KQkq - 0 1,d2d4,33,21,-12
rnbqkbnr/ppp1pppp/8/3p4/3P4/8/PPP1PPPP/RNBQKBNR w KQkq - 0 2,c2c4,22,25,3
rnbqkb1r/ppp2ppp/4pn2/3p4/2PP4/2N5/PP2PPPP/R1BQKBNR w KQkq - 2 4,e2e3,30,13,-17
r1bqkb1r/pppn1ppp/4pn2/3p4/2PP4/2N1P3/PP3PPP/R1BQKBNR w KQkq - 1 5,c4d5,20,-8,-28
r5k1/4rppp/pq3b2/1b6/8/4PN2/PP3PPP/1RB1R1K1 w - - 0 18,b2b3,-743,-733,-10
3r2k1/3r1ppp/pq3b2/1b6/8/BP2PN2/P4PPP/1R2R1K1 w - - 3 20,h2h3,-734,-779,45
3r2k1/3r1ppp/pq3b2/8/8/BP2Pb1P/P4PP1/2R1R1K1 w - - 0 22,g2f3,-841,-814,-27
rnbqkbnr/pppppppp/8/8/8/8/PPPPPPPP/RNBQKBNR w KQkq - 0 1,e2e4,31,34,3
rnbqkbnr/pppp1ppp/8/4p3/4P3/8/PPPP1PPP/RNBQKBNR w KQkq - 0 2,d2d4,37,-2,-39
rnbqkbnr/pppp1ppp/8/8/3pP3/8/PPP2PPP/RNBQKBNR w KQkq - 0 3,c2c3,-8,-78,70
r1bqkb1r/pp1p1pp1/2p2n1p/8/2Q1PB2/2N2N2/PP3PPP/R4RK1 w kq - 4 12,e4e5,131,151,20
r1bqk1nr/p2pbpp1/2p4p/1p2P3/5B2/1Q3N2/PP3PPP/3R1RK1 w kq - 2 17,e5e6,-128,-235,107
rnbqkbnr/pppppppp/8/8/8/8/PPPPPPPP/RNBQKBNR w KQkq - 0 1,e2e4,37,35,-2
rnbqkbnr/pppp1ppp/4p3/8/4P3/8/PPPP1PPP/RNBQKBNR w KQkq - 0 2,d2d4,33,32,-1
rnbqkbnr/ppp2ppp/4p3/3p4/3PP3/8/PPP2PPP/RNBQKBNR w KQkq - 0 3,e4d5,31,16,-15
rnb1k1nr/ppp2ppp/4p3/8/1b1q4/2N5/PPPB1PPP/R2QKBNR w KQkq - 0 6,a2a3,34,-19,-53
rnb1k2r/ppp3pp/2n1pp2/8/1B6/P7/1PP1NPPP/2KR1B1R w kq - 4 12,g2g3,1,-21,-22
rnb1k2r/ppp3pp/4pp2/8/1n6/P5P1/1PP1NP1P/2KR1B1R w kq - 0 13,a3b4,-48,-52,4
r1r3k1/pp4pp/n1p2p2/4p3/1P2N3/6P1/1PP2P1P/2KR3R w - - 2 18,c2c3,-15,-79,64
6r1/6p1/7p/3nppk1/R7/2P3P1/1P3PNP/2K5 w - - 0 33,h2h4,212,202,-10
3r4/6p1/7p/R3pp2/6kP/2P1n1P1/1PK2P2/8 w - - 0 37,f2e3,-186,-181,-5
8/8/5k2/5p1p/4p3/2PrP1R1/1PK5/8 w - - 0 44,b2b4,-48,-195,147
8/8/8/5pk1/1P2p2p/2PrP2R/2K5/8 w - - 2 46,b4b5,-52,-54,2
8/8/8/1P3p2/4p1kp/2PrP2R/2K5/8 w - - 1 47,b5b6,-61,-574,513
8/8/1P6/5p2/4p2p/2PrP2k/2K5/8 w - - 0 48,b6b7,-654,-756,102
rnbqkbnr/pppppppp/8/8/8/8/PPPPPPPP/RNBQKBNR w KQkq - 0 1,e2e3,35,14,-21
rnbqkbnr/pppppp1p/6p1/8/8/4P3/PPPP1PPP/RNBQKBNR w KQkq - 0 2,c2c4,21,28,7
rnbqk1nr/pppppp1p/6p1/8/2P5/2b1P3/PP1P1PPP/R1BQKBNR w KQkq - 0 4,b2c3,62,52,-10
r1bqk1nr/pppp1p1p/2n1p1p1/8/2P5/2P1P3/PB1P1PPP/R2QKBNR w KQkq - 2 6,d2d4,75,71,-4
r2qk2r/p1pp1p1p/1p2pnp1/n7/2PP4/2P1P3/PBQ1BP1P/2KR2R1 w kq - 1 13,f2f3,-9,-87,78
r2qk2r/p1pp1p1p/1p2p1p1/n6n/2PP4/2P1PP2/PBQ1B2P/2KR2R1 w kq - 1 14,h2h3,37,-91,-128
r2q1rk1/p1pp1p1p/1p2p1p1/n6n/2PP4/2P1PP1P/PBQ1B3/2KR2R1 w - - 1 15,f3f4,-79,-106,27
r4rk1/p1pp1p1p/1pq1p1p1/8/2nP1P2/2PQP3/PB3R2/2K1R3 w - - 0 21,e3e4,-399,-371,-28
r4rk1/2pp1p2/1p2p1p1/p6p/3PPP2/2P5/PR2R3/2K5 w - - 0 26,a2a4,-438,-423,-15
1r3rk1/2pp1p2/1p2p1p1/p6p/P2PPP2/2P5/1R2R3/2K5 w - - 1 27,c3c4,-405,-404,-1
1r3rk1/3p1p2/1pp1p1p1/p6p/P1PPPP2/8/1R2R3/2K5 w - - 0 28,e4e5,-346,-377,31
1r3rk1/3p1p2/2p1p1p1/pp2P2p/P1PP1P2/8/1R2R3/2K5 w - - 0 29,c4b5,-321,-329,8
1r3rk1/3p1p2/4p1p1/pp2P2p/P2P1P2/8/1R2R3/2K5 w - - 0 30,a4b5,-324,-305,-19
r5k1/3p1p2/4p1p1/1P2P2p/p2P1P2/3R4/KR6/2r5 w - - 4 35,b5b6,-159,-180,21
6k1/3p1p2/1P2p1p1/4P2p/3r1P2/pR6/R7/K7 w - - 0 39,b6b7,635,614,-21
5k2/1P1p1p2/4p1p1/4P2p/5P2/p7/R7/1K6 w - - 1 42,b7b8q,852,10000,9148
rnbqkbnr/pppppppp/8/8/8/8/PPPPPPPP/RNBQKBNR w KQkq - 0 1,e2e4,32,30,-2
rnbqkbnr/pp2pppp/3p4/2p5/4P3/5N2/PPPP1PPP/RNBQKB1R w KQkq - 0 3,d2d4,30,46,16
rn1qkb1r/1p3ppp/p2p1n2/4p3/4P1b1/2NB1N2/PPP2PPP/R1BQK2R w KQkq - 2 8,h2h3,39,36,-3
rn1qk2r/4b1p1/p2ppn1p/1p2p3/4P3/2NBB2P/PPPQ1PP1/R3K2R w KQkq - 0 13,g2g4,73,64,-9
rn1qk2r/4b1p1/p3pn1p/1p1pp3/4P1P1/2NBB2P/PPPQ1P2/R3K2R w KQkq - 0 14,e4d5,240,248,8
rn1q1k1r/4b1p1/p4nBp/1p1pp3/6P1/2N1B2P/PPPQ1P2/R3K2R w KQ - 2 16,f2f4,343,314,-29
rn1q1k1r/4b1p1/p4nBp/1p1p4/4pPP1/2N1B2P/PPPQ4/R3K2R w KQ - 0 17,g4g5,470,425,-45
rn1q1k1r/4b1p1/p4nB1/1p1p2p1/4pP2/2N1B2P/PPPQ4/R3K2R w KQ - 0 18,f4g5,445,438,-7
2rq3k/3n2pr/p3Q3/1p1N4/7b/4B2P/PPP1K3/3R1R2 w - - 7 27,c2c3,461,281,-180
8/7k/p7/6p1/8/2P5/PPq5/K3Q3 w - - 0 64,a2a3,0,0,0
8/8/7Q/8/8/P1P3p1/KP4k1/3q4 w - - 0 74,c3c4,-41,-36,-5
rnbqkbnr/pppppppp/8/8/8/8/PPPPPPPP/RNBQKBNR w KQkq - 0 1,e2e3,36,11,-25
rnbqkbnr/pppp1ppp/4p3/8/8/4P3/PPPP1PPP/RNBQKBNR w KQkq - 0 2,d2d4,8,9,1
rnbqk1nr/ppppbppp/4p3/8/3P4/4P3/PPP2PPP/RNBQKBNR w KQkq - 1 3,c2c4,33,12,-21
rnbqk1nr/pp1pbppp/2p1p3/8/2PP4/4P3/PP3PPP/RNBQKBNR w KQkq - 0 4,c4c5,39,-30,-69
rnbqk1nr/p2pbppp/1pp1p3/2P5/3P4/4P3/PP3PPP/RNBQKBNR w KQkq - 0 5,b2b4,-23,-158,135
rn1qk1nr/pb1pbppp/1pp1p3/2P5/1P1P4/4P3/P4PPP/RNBQKBNR w KQkq - 1 6,a2a3,13,-30,-43
rn1qk1nr/pb1pbppp/2p1p3/2p5/1P1P4/P3P3/5PPP/RNBQKBNR w KQkq - 0 7,b4c5,14,4,-10
rn1qk1nr/pb2bppp/2p1p3/2p5/3P4/P1N1P3/5PPP/R1BQKBNR w KQkq - 0 9,d4c5,-74,-136,62
rnbqkbnr/pppppppp/8/8/8/8/PPPPPPPP/RNBQKBNR w KQkq - 0 1,e2e4,26,34,8
r1b1kbnr/pppp1p1p/2n2qp1/4p3/2B1P3/5Q2/PPPP1PPP/RNB1K1NR w KQkq - 2 5,c2c3,-1,-14,13
r1b1k1nr/pppp1p1p/2n3p1/2b1p3/2B1P3/2P2N2/PP1P1PPP/RNB1K2R w KQkq - 1 7,d2d3,41,39,-2
r1b1k1nr/pppp1p2/2n3pp/4p3/2B1P3/2PPbN2/PP3PPP/RN2K2R w KQkq - 0 9,f2e3,19,22,3
r3k1nr/2p2p2/p1np2pp/1p1bp3/4P3/N1PPP3/PP1N2PP/R4RK1 w kq - 0 14,e4d5,-2,0,2
r3k1nr/2p1np2/p2p2pp/1p1Pp3/8/N1PPP3/PP1N2PP/R4RK1 w kq - 1 15,e3e4,0,0,0
r3k2r/2p1n3/p2p2pn/1p1Ppp1p/4P3/N1PP4/PP1N1RPP/5RK1 w kq - 2 18,h2h3,17,-33,-50
2kr3r/2p1n3/p2p2pn/1p1Ppp1p/4P3/N1PP3P/PP1N1RP1/5RK1 w - - 1 19,c3c4,30,28,-2
2kr3r/2p1n3/3p2pn/p2Ppp1p/1pP1P3/3P3P/PPNN1RP1/5RK1 w - - 0 21,a2a3,142,72,-70
2k3rr/2p1n3/3p3n/pN1Ppp1p/2P1P1p1/3P3P/1P1N1RP1/R5K1 w - - 0 25,h3h4,142,199,57
2r5/R1pkn3/3p3n/1N1Ppp2/2P1P3/3PN1p1/1P4P1/6K1 w - - 0 34,b2b4,216,112,-104
2r5/1Rpkn3/3p4/1N1Pp3/1PP1Pp2/3Pn1p1/6P1/5NK1 w - - 4 37,c4c5,111,88,-23
2r5/1Rpkn3/8/1NpPp3/1P2Pp2/3Pn1p1/6P1/5NK1 w - - 0 38,b4c5,70,72,2
2r5/1Rpkn3/8/1NPPp3/4Pp2/3P2p1/6P1/3n1NK1 w - - 1 39,d5d6,209,67,-142
2n5/8/2kPN3/2P1p3/4Pp2/3P2p1/1n4P1/5NK1 w - - 3 43,d3d4,313,352,39
2n5/8/3P4/2k5/3NPp2/6p1/1n4P1/5NK1 w - - 0 45,d6d7,623,647,24
8/3P4/3n4/2k5/3NPp2/6p1/1n4P1/5NK1 w - - 1 46,d7d8q,667,690,23
rnbqkbnr/pppppppp/8/8/8/8/PPPPPPPP/RNBQKBNR w KQkq - 0 1,e2e4,34,32,-2
rnbqkbnr/ppp2pp1/3p3p/4p3/2B1P3/5N2/PPPP1PPP/RNBQK2R w KQkq - 0 4,d2d4,80,78,-2
r1bqkbnr/ppp2pp1/2np3p/4p3/2BPP3/5N2/PPP2PPP/RNBQK2R w KQkq - 1 5,d4e5,85,82,-3
1r1qk1nr/pppb1pp1/2n4p/3Bp3/1b2P3/2N2N2/PPPB1PPP/R2QK2R w KQk - 6 9,a2a3,126,5,-121
rnbqkbnr/pppppppp/8/8/8/8/PPPPPPPP/RNBQKBNR w KQkq - 0 1,d2d4,34,21,-13
rnbqkbnr/ppp1pppp/8/3p4/3P4/8/PPP1PPPP/RNBQKBNR w KQkq - 0 2,c2c4,26,25,-1
rnbqk2r/ppp1bppp/4pn2/3p2B1/2PP4/2N5/PP2PPPP/R2QKBNR w KQkq - 4 5,e2e3,25,26,1
r2q1rk1/pb1nbppp/1p2pn2/6B1/3p4/1BN1PN2/PP3PPP/2RQ1RK1 w - - 0 12,e3d4,-6,1,7
r4rk1/p4ppp/1p2pq2/8/1n1P4/5b2/PP3PPP/1BRQR1K1 w - - 0 19,g2f3,-99,-281,182
r2r2k1/p4p1p/1p2pqp1/3n4/3P2R1/5P2/PP3P1P/1BRQ2K1 w - - 0 22,a2a3,-265,-463,198
rnbqk1nr/pp2p2p/5pp1/2p5/3p4/8/PBPPPPPP/RN1QKBNR w KQkq - 0 8,e2e3,402,367,-35
rnbqkbnr/pppppppp/8/8/8/8/PPPPPPPP/RNBQKBNR w KQkq - 0 1,c2c3,35,-3,-38
rnbqkbnr/ppp1pppp/3p4/8/8/2P5/PP1PPPPP/RNBQKBNR w KQkq - 0 2,d2d4,27,27,0
rnbqkbnr/ppp2ppp/3p4/4p3/3P4/2P5/PP2PPPP/RNBQKBNR w KQkq - 0 3,h2h4,38,-20,-58
rnbqkbnr/ppp2ppp/3p4/8/3p3P/2P5/PP2PPP1/RNBQKBNR w KQkq - 0 4,h4h5,-3,-104,101
r1bqkbnr/ppp2ppp/2np4/7P/8/2N5/PP2PPP1/R1BQKBNR w KQkq - 1 6,h5h6,-86,-93,7
r1bqkb1r/ppp2p1p/2np3p/8/8/2N5/PP2PPP1/R2QKBNR w KQkq - 0 8,e2e3,-100,-103,3
r4rk1/ppp2pbp/3p1q1p/8/6b1/2N1Pn2/PPQ1BPP1/2KR3R w - - 0 14,g2f3,-54,-209,155
rnbqkbnr/pppppppp/8/8/8/8/PPPPPPPP/RNBQKBNR w KQkq - 0 1,d2d4,35,20,-15
rnbqkbnr/pppp1ppp/4p3/8/3P4/8/PPP1PPPP/RNBQKBNR w KQkq - 0 2,a2a3,57,0,-57
N1b2rk1/pp3ppp/2nqpn2/3p4/3P4/P7/1PP1PPPP/R2QKBNR w KQ - 1 9,e2e3,368,310,-58
r5k1/3b1ppp/p2qpn2/np1p4/3P4/P1NBP3/1PP2PPP/R2QK1NR w KQ - 2 14,b2b3,648,609,-39
2r3k1/3b1ppp/p2qp3/np1p4/3Pn3/PP1BP3/2P2PPP/RN1QK1NR w KQ - 3 16,f2f3,619,480,-139
2r3k1/3b1ppp/p2q4/np1pp3/3P4/PP1BPP2/2P1N1PP/R2Q1RK1 w - - 0 20,d4e5,697,677,-20
2r3k1/3b1ppp/p7/np1pq3/8/PP1BPP2/2P1N1PP/R2Q1RK1 w - - 0 21,e3e4,680,640,-40
8/8/2R4p/1p3kp1/8/PP3P2/2P3PP/5K2 w - - 0 38,g2g3,909,886,-23
8/8/2R5/1p3kpp/8/PP3PP1/2P4P/5K2 w - - 0 39,h2h3,916,862,-54
8/8/2R5/1p2k1pp/8/PP3PPP/2P5/5K2 w - - 1 40,c2c3,865,835,-30
rnbqkbnr/pppppppp/8/8/8/8/PPPPPPPP/RNBQKBNR w KQkq - 0 1,e2e4,29,33,4
r1bqk1nr/pppnppbp/3p2p1/8/2B1P3/2N2N2/PPPP1PPP/R1BQK2R w KQkq - 2 5,d2d3,367,35,-332
r1bqk2r/pppn1pbp/3p2pn/4p1N1/2B1P3/2NP4/PPP2PPP/R1BQK2R w KQkq - 2 7,h2h4,458,43,-415
r1bq1rk1/pppn1pbp/3p2pn/4p1N1/2B1P2P/2NP4/PPP2PP1/R1BQK2R w KQ - 1 8,h4h5,168,166,-2
r1bq1rk1/ppp2pbp/3p1npn/4p1NP/2B1P3/2NP4/PPP2PP1/R1BQK2R w KQ - 1 9,h5g6,173,183,10
r2q1rk1/ppp2pb1/3p1npn/3Np1N1/2B1P1b1/3P4/PPP2PP1/R1BQK2R w KQ - 2 11,f2f3,269,215,-54
5r2/ppp3k1/3p1rp1/4p3/4P1B1/3PqP1R/PPP5/R2K1Q2 w - - 8 22,c2c3,449,344,-105
5r2/pp4k1/3p1rp1/2p1p3/4P1B1/2PPqP1R/PP6/R2K1Q2 w - - 0 23,b2b3,459,243,-216
5r2/p5k1/3p1rp1/2p1p3/1p2PqB1/1PPP1P1R/P1K1Q3/R7 w - - 0 26,c3c4,484,335,-149
rnbqkbnr/pppppppp/8/8/8/8/PPPPPPPP/RNBQKBNR w KQkq - 0 1,e2e3,39,9,-30
r1bqkbnr/2pppppp/p1p5/8/8/4P3/PPPP1PPP/RNBQK1NR w KQkq - 0 4,d2d4,-4,-6,2
r1bqkbnr/2pppppp/p7/2p5/3P4/4P3/PPP2PPP/RNBQK1NR w KQkq - 0 5,d4c5,-6,-19,13
r1bqkbnr/3ppppp/p1p5/2P5/8/4P3/PPP2PPP/RNBQK1NR w KQkq - 0 6,a2a3,112,60,-52
r1b1kbnr/3ppppp/p1p5/q1P5/8/P3P3/1PP2PPP/RNBQK1NR w KQkq - 1 7,b2b4,201,192,-9
r1b1kbnr/3ppppp/p1p5/2P5/1P4q1/P1N1P3/2P1NPPP/R1BQK2R w KQkq - 5 10,g2g3,298,145,-153
r1b1kbnr/1q2pppp/p1p5/2Pp4/1P1N4/P1NQP1P1/2P2P1P/R1B2RK1 w kq - 4 14,e3e4,342,335,-7
r1b1kbnr/3qpppp/p1p5/2Pp4/1P1NP3/P1NQ2P1/2P2P1P/R1B2RK1 w kq - 1 15,e4d5,445,392,-53
r1b1kbnr/4pppp/p1p5/2PP4/1P1N2q1/P1NQ2P1/2P2P1P/R1B2RK1 w kq - 1 16,d5c6,587,583,-4
rnbqkbnr/pppppppp/8/8/8/8/PPPPPPPP/RNBQKBNR w KQkq - 0 1,d2d4,38,18,-20
rnbqkb1r/pppppppp/5n2/8/3P4/8/PPP1PPPP/RNBQKBNR w KQkq - 1 2,c2c4,20,17,-3
rnbqkb1r/pppppp1p/5np1/8/2PP4/8/PP2PPPP/RNBQKBNR w KQkq - 0 3,e2e3,30,24,-6
rnbqkb1r/ppp1pp1p/5np1/3p4/2PP4/4P3/PP3PPP/RNBQKBNR w KQkq - 0 4,b2b3,45,3,-42
rnbq1rk1/pp2ppbp/5np1/2p1N3/2pP4/1PN1P3/P4PPP/R1BQKB1R w KQ - 0 8,b3c4,-99,-200,101
rnbq1rk1/pp2ppbp/5np1/4N3/2Pp4/2N1P3/P4PPP/R1BQKB1R w KQ - 0 9,e3d4,-175,-181,6
r1bq1rk1/pp2ppbp/2n2np1/4N3/2PP4/2N5/P4PPP/R1BQKB1R w KQ - 1 10,d4d5,-191,-544,353
r1b2rk1/ppq2pbp/4pnp1/2nP4/2P5/2N5/P1BB1PPP/R2Q1RK1 w - - 0 16,d5e6,-455,-583,128
r4rk1/pbq2pbp/1p2nnp1/8/2P5/1BN5/P1QB1PPP/R4RK1 w - - 2 19,f2f3,-602,-644,42
r4rk1/pbq2pbp/1p3np1/8/2P5/1nN2P2/P1QB2PP/R3R1K1 w - - 0 21,a2b3,-548,-503,-45
5rk1/2R2p1p/6p1/8/2p5/1Pq5/5K1P/8 w - - 0 34,b3c4,-759,-839,80
4r1k1/2R2p1p/6p1/8/2P5/2q5/5K1P/8 w - - 1 35,c4c5,-10000,-10000,0
rnbqkbnr/pppppppp/8/8/8/8/PPPPPPPP/RNBQKBNR w KQkq - 0 1,d2d3,37,-10,-47
rnbqkbnr/ppp5/5p2/3pp1pp/8/3P1NB1/PPP1PPPP/RN1QKB1R w KQkq - 0 6,h2h4,-132,-210,78
rnbqk1nr/ppp5/5p1b/3pp2p/6pP/3P2B1/PPPNPPP1/RN1QKB1R w KQkq - 2 8,e2e4,-177,-217,40
rnbqk1nr/ppp5/5p1b/4p2p/3pP1pP/3P2B1/PPPN1PP1/RN1QKB1R w KQkq - 0 9,c2c3,-203,-200,-3
rnbqk1nr/pp6/5p1b/2p1p2p/3pP1pP/2PP2B1/PP1N1PP1/RN1QKB1R w KQkq - 0 10,b2b4,-155,-153,-2
rnbqk1nr/p7/1p3p1b/2p1p2p/1P1pP1pP/2PP2B1/P2N1PP1/RN1QKB1R w KQkq - 0 11,b4c5,-108,-113,5
rnbqk1nr/p7/5p1b/2p1p2p/3pP1pP/2PP2B1/P2N1PP1/RN1QKB1R w KQkq - 0 12,c3d4,-103,-96,-7
rnbqk1nr/p7/5p1b/4p2p/3pP1pP/3P2B1/P2N1PP1/RN1QKB1R w KQkq - 0 13,f2f3,-84,-127,43
rnbqk1nr/p7/7b/4pp1p/3pP1pP/3P1PB1/P2N2P1/RN1QKB1R w KQkq - 0 14,e4f5,-29,-55,26
rnbqkbnr/pppppppp/8/8/8/8/PPPPPPPP/RNBQKBNR w KQkq - 0 1,e2e4,39,38,-1
rnbqkb1r/pppppppp/5n2/8/4P3/8/PPPP1PPP/RNBQKBNR w KQkq - 1 2,e4e5,76,68,-8
rnbqkb1r/pppppppp/8/3nP3/8/8/PPPP1PPP/RNBQKBNR w KQkq - 1 3,c2c4,76,82,6
rnbqkb1r/pppppppp/1n6/4P3/2P5/8/PP1P1PPP/RNBQKBNR w KQkq - 1 4,d2d4,79,71,-8
rnbqkb1r/ppp1pppp/1n1p4/4P3/2PP4/8/PP3PPP/RNBQKBNR w KQkq - 0 5,e5e6,78,-66,-144
rn1qkb1r/ppp1pppp/1n1pb3/8/2PP4/8/PP3PPP/RNBQKBNR w KQkq - 0 6,d4d5,-62,-110,48
rn1qkb1r/pp1bpppp/3p4/3n4/2P5/4B3/PP3PPP/R2QKBNR w KQkq - 0 10,c4d5,-115,-110,-5
r3kb1r/pp3ppp/2np4/3qp3/6b1/5N2/PP1BBPPP/R2Q1RK1 w kq - 0 15,h2h3,-66,-118,52
r3kb1r/pp3pp1/2np4/3qp2p/6b1/5N1P/PP1BBPP1/R2Q1RK1 w kq - 0 16,h3g4,50,22,-28
rnbqkbnr/pppppppp/8/8/8/8/PPPPPPPP/RNBQKBNR w KQkq - 0 1,e2e3,39,12,-27
rn2kb1r/ppq1pp1p/2p2np1/3p4/8/1Q1bP3/PPPP1PPP/RNB1K1NR w KQkq - 0 9,c2d3,-126,-143,17
rn2k2r/ppq1ppbp/2p2np1/3p4/8/1Q1PP3/PP1P1PPP/RNB1K1NR w KQkq - 1 10,d3d4,-66,-58,-8
rn3rk1/ppq2pbp/2p2np1/3pp3/3P4/3QP3/PP1P1PPP/RNB1K1NR w KQ - 0 12,f2f3,-89,-349,260
rn3rk1/ppq2pbp/2p2np1/3p4/3p4/3QPP2/PP1P2PP/RNB1K1NR w KQ - 0 13,e3d4,-322,-405,83
r4rk1/p1q2pbp/2p2np1/1p1p4/2nP4/2NQ1P2/PP1PN1PP/R1BK3R w - - 0 17,b2b3,-218,-211,-7
r4rk1/p1q2pbp/2pn1np1/1p1p4/3P4/1PNQ1P2/P2PN1PP/R1BK3R w - - 1 18,b3b4,-200,-320,120
r4rk1/2q2pbp/2pn1np1/pp1p4/1P1P4/2NQ1P2/P2PN1PP/R1BK3R w - - 0 19,b4a5,-308,-369,61
rnbqkbnr/pppppppp/8/8/8/8/PPPPPPPP/RNBQKBNR w KQkq - 0 1,e2e4,37,35,-2
rnbqkbnr/ppp2ppp/4p3/3p4/4P3/5N2/PPPP1PPP/RNBQKB1R w KQkq - 0 3,e4e5,14,33,19
rnbqkbnr/pp3ppp/4p3/2ppP3/8/5N2/PPPP1PPP/RNBQKB1R w KQkq - 0 4,d2d4,29,-14,-43
r2q1rk1/pp1b1ppp/4pn2/2bpn3/3N4/2N1B3/PPP1BPPP/R2Q1RK1 w - - 6 11,a2a3,27,-257,-284
rb1q1rk1/1p3ppp/p3pn2/3pn3/3N4/P3B3/1PP1BPPP/R2Q1RK1 w - - 0 15,f2f4,-196,-221,25
rnbqkbnr/pppppppp/8/8/8/8/PPPPPPPP/RNBQKBNR w KQkq - 0 1,e2e4,39,36,-3
r1bqkbnr/ppp2ppp/2np4/1B2p3/4P3/5N2/PPPP1PPP/RNBQK2R w KQkq - 0 4,h2h3,55,29,-26
r2qk2r/pppbbppp/2np1n2/1B2p3/4P3/5N1P/PPPP1PP1/RNBQR1K1 w kq - 5 7,c2c3,52,51,-1
r2q1rk1/pppbbppp/2np1n2/1B2p3/4P3/2P2N1P/PP1P1PP1/RNBQR1K1 w - - 1 8,d2d4,54,17,-37
r2q1rk1/pppbbppp/2np1n2/1B6/3pP3/2P2N1P/PP3PP1/RNBQR1K1 w - - 0 9,c3d4,57,53,-4
r2q1rk1/3bbppp/p2p1n2/npp5/3PP3/5N1P/PPB2PP1/RNBQR1K1 w - - 0 13,e4e5,143,147,4
r2q1rk1/3bbppp/p4n2/npp1p3/3P4/5N1P/PPB2PP1/RNBQR1K1 w - - 0 14,d4e5,152,157,5
r3r1k1/2qbbp1p/p1n3pB/1p2P2n/2p5/4QN1P/PPBN1PP1/3RR1K1 w - - 4 20,g2g4,178,146,-32
r3r3/2qbbpkp/p1n3p1/1p2P3/2p3P1/4QN1P/PPBN1P2/3RR1K1 w - - 0 22,b2b3,105,3,-102
2r1r3/2qbbpkp/p5p1/1p2P3/1n4P1/1Pp1QN1P/P2N1P2/1BR1R1K1 w - - 2 25,a2a3,-108,-274,166
2r1r3/2qb1pkp/p5p1/1pb1P3/1n4P1/PPp1QN1P/3N1P2/1BR1R1K1 w - - 1 26,a3b4,109,-614,-723
rnbqkbnr/pppppppp/8/8/8/8/PPPPPPPP/RNBQKBNR w KQkq - 0 1,e2e4,33,35,2
rnbqkbnr/ppp1pppp/3p4/8/4P3/8/PPPP1PPP/RNBQKBNR w KQkq - 0 2,e4e5,49,-108,-157
rnbqkbnr/ppp1p1pp/3p1p2/4P3/8/8/PPPP1PPP/RNBQKBNR w KQkq - 0 3,e5f6,14,-3,-17
rn1qkb1r/ppp1p1pp/3p1n2/8/2B3b1/8/PPPP1PPP/RNBQK1NR w KQkq - 2 5,f2f3,-14,-45,31
rn1qkb1r/ppp1p1pp/3p1n2/5b2/2B5/5P2/PPPP2PP/RNBQK1NR w KQkq - 1 6,d2d3,-13,-64,51
rn1qkb1r/pp2p1pp/5n2/2pp1b2/8/1B1P1P2/PPP3PP/RNBQK1NR w KQkq - 0 8,a2a3,-53,-120,67
rnbqkbnr/pppppppp/8/8/8/8/PPPPPPPP/RNBQKBNR w KQkq - 0 1,e2e4,35,30,-5
rnb1k1nr/pppp1pp1/5q1p/2b1p3/4P3/5N2/PPPPBPPP/RNBQ1RK1 w kq - 0 5,d2d3,119,55,-64
rnb1k1nr/p1pp1pp1/1p3q1p/2b1p3/4P3/3P1N2/PPP1BPPP/RNBQ1RK1 w kq - 0 6,c2c4,174,78,-96
r3k1nr/pbpp1pp1/np3q1p/2b1p3/2P1P3/2NP1N2/PP2BPPP/R1BQ1RK1 w kq - 3 8,a2a3,292,168,-124
r3k2r/pbpp1pp1/np3q1p/2bnp3/2P1P3/P2P1N2/1P2BPPP/R1BQ1RK1 w kq - 0 10,c4d5,172,180,8
2kr3r/pbpp1p2/1p3q1p/2nPp1p1/4P3/P2P1N2/1P2BPPP/R2Q1RK1 w - - 0 13,b2b4,243,271,28
2kr3r/pbpp1p2/np3q1p/3Pp1p1/1P2P3/P2P1N2/4BPPP/R2Q1RK1 w - - 1 14,d3d4,271,232,-39
2kr3r/pbp2p2/np1p1q1p/3Pp1p1/1P1PP3/P4N2/4BPPP/R2Q1RK1 w - - 0 15,d4e5,384,390,6
3r3r/2k2p2/ppn2q2/3Pp2p/1P2P1p1/P7/2Q2PPP/5RK1 w - - 2 24,d5c6,-344,-485,141
3r3r/5p2/pp6/1k2p2p/1P2P1p1/P7/5PPP/2R3K1 w - - 2 27,g2g3,-665,-703,38
5r2/1R3p2/ppr5/7p/1k2P1p1/6P1/5PKP/8 w - - 0 34,h2h3,-688,-696,8
5r2/1R3p2/1pr5/p6p/1k2P1p1/6PP/5PK1/8 w - - 0 35,h3g4,-677,-685,8
5r2/1R3p2/1pr5/p7/1k2P1p1/6P1/5PK1/8 w - - 0 36,f2f3,-684,-695,11
5r2/1R3p2/1pr5/8/pk2P3/5KP1/8/8 w - - 0 38,g3g4,-709,-712,3
rnbqkbnr/pppppppp/8/8/8/8/PPPPPPPP/RNBQKBNR w KQkq - 0 1,e2e4,28,31,3
r1bqkbnr/pp1ppppp/2n5/2p5/4P3/2N5/PPPP1PPP/R1BQKBNR w KQkq - 2 3,f2f4,33,-8,-41
r1bqkbnr/pp1p1ppp/2n5/2p1p3/4PP2/2N5/PPPP2PP/R1BQKBNR w KQkq - 0 4,f4f5,75,-42,-117
r1bqkb1r/pp3ppp/2n2n2/2pppP2/4P3/2N2N2/PPPP2PP/R1BQKB1R w KQkq - 0 6,e4d5,-73,-60,-13
r4b1r/pp3ppp/2k5/2pR4/3n4/2N5/PPPP2PP/R1B4K w - - 5 17,d2d3,-207,-284,77
4rb1r/p5pp/2k2p2/1pp2R2/4N3/3PB3/PP4PP/1R5K w - - 2 22,h2h3,462,431,-31
rnbqkbnr/pppppppp/8/8/8/8/PPPPPPPP/RNBQKBNR w KQkq - 0 1,e2e4,35,24,-11
rnbqkb1r/pp3ppp/3ppn2/2p5/2B1P3/5N2/PPPP1PPP/RNBQ1RK1 w kq - 0 5,d2d3,25,11,-14
r1bqk2r/pp3ppp/2nppb2/2p5/2B1P3/3P1N2/PPP2PPP/RN1Q1RK1 w kq - 0 8,c2c3,-59,-58,-1
r1bq1rk1/5ppp/p1p1pb2/2pp4/4P3/2PP1N2/PP1N1PPP/R2Q1RK1 w - - 0 12,e4e5,-13,-24,11
r1bq1rk1/4bppp/p1p1p3/3pP3/2p5/2PP1N2/PP1N1PPP/R2QR1K1 w - - 0 14,d3d4,42,-60,-102
r1bq1rk1/4bppp/p3p3/2ppP3/2pP4/2P2N2/PP1N1PPP/R2QR1K1 w - - 0 15,a2a4,-55,-128,73
r1r3k1/5ppp/3Qp3/4P3/P1pp4/2P3R1/1P1q1PPP/R5K1 w - - 2 28,c3d4,-7,-283,276
r5k1/5ppp/4p3/4P3/P1pr4/2q3R1/1P3PPP/R5K1 w - - 0 31,b2c3,-4,-5,1
r5k1/5ppp/4p3/3rP3/P1p5/2P3R1/5PPP/R5K1 w - - 1 32,a4a5,20,-94,-114
3r2k1/5ppp/4p3/P2rP3/2p5/2P3R1/5PPP/R5K1 w - - 1 33,h2h3,64,16,-48
rnbqkbnr/pppppppp/8/8/8/8/PPPPPPPP/RNBQKBNR w KQkq - 0 1,e2e3,26,15,-11
rn1qkbnr/pb3ppp/1pp5/3pp3/8/4PB2/PPPP1PPP/RNBQK1NR w KQkq - 0 6,e3e4,-101,-126,25
rn1qkbnr/pb4pp/1pp2p2/4p3/3pP3/8/PPPPBPPP/RNBQK1NR w KQkq - 0 8,d2d3,-14,-16,2
rn1qkb1r/pb2n1pp/1p3p2/2p1p3/3pP3/3P4/PPPBBPPP/RN1QK1NR w KQkq - 2 10,c2c3,1,-40,-41
rn1qkb1r/pb4pp/1p3pn1/2p1p3/3pP3/2PP4/PP1BBPPP/RN1QK1NR w KQkq - 1 11,c3d4,-17,-31,14
rn1qkb1r/pb4pp/1p3pn1/4p3/3pP3/3P4/PP1BBPPP/RN1QK1NR w KQkq - 0 12,b2b4,20,-72,-92
rnbqkbnr/pppppppp/8/8/8/8/PPPPPPPP/RNBQKBNR w KQkq - 0 1,d2d4,31,19,-12
rnbqkbnr/ppp1pppp/8/3p4/3P4/8/PPP1PPPP/RNBQKBNR w KQkq - 0 2,a2a3,24,6,-18
rnbqkbnr/ppp2ppp/4p3/3p4/3P4/P7/1PP1PPPP/RNBQKBNR w KQkq - 0 3,b2b4,4,-30,-34
rnbqkb1r/p1p1nppp/1p2p3/3p4/1P1P4/P7/1BP1PPPP/RN1QKBNR w KQkq - 0 5,e2e3,29,31,2
r2qkb1r/pbp1nppp/1pn1p3/3p4/1P1P4/P3PN2/1BP2PPP/RN1QKB1R w KQkq - 3 7,c2c4,108,110,2
r2q1rk1/pbp2ppp/1pnbp3/3n4/1PBP4/P3PN2/1B3PPP/RNQ2RK1 w - - 5 11,e3e4,153,171,18
r2q1rk1/pbp2ppp/1pnbpn2/8/1PBPP3/P4N2/1B3PPP/RNQ2RK1 w - - 1 12,e4e5,312,323,11
r2q1rk1/pbp2ppp/1pnbp3/4P3/1PBP2n1/P4N2/1B3PPP/RNQ2RK1 w - - 1 13,e5d6,396,389,-7
r4rk1/pbp2ppp/1pnqp3/8/1PBP2n1/P4N2/1B3PPP/RNQ2RK1 w - - 0 14,h2h3,485,389,-96
r4rk1/pbp2ppp/1p1qp3/8/1PBn2n1/P4N1P/1B3PP1/RNQ2RK1 w - - 0 15,h3g4,400,426,26
r4rk1/pbp2ppp/1p1qp3/8/1PB3P1/P4n2/1B3PP1/RNQ2RK1 w - - 0 16,g2f3,436,440,4
rnbqkbnr/pppppppp/8/8/8/8/PPPPPPPP/RNBQKBNR w KQkq - 0 1,d2d4,30,22,-8
rnbqkbnr/ppp1pppp/3p4/8/3P4/8/PPP1PPPP/RNBQKBNR w KQkq - 0 2,c2c4,60,27,-33
rn1qkbnr/pppbpppp/3p4/8/2PP4/8/PP2PPPP/RNBQKBNR w KQkq - 1 3,e2e4,93,65,-28
rn1qkbnr/1ppbpppp/3p4/p7/2PPP3/8/PP3PPP/RNBQKBNR w KQkq - 0 4,f2f4,97,84,-13
r2qkbnr/1p1bpppp/n1pp4/p7/2PPPP2/2NBBN2/PP4PP/R2Q1RK1 w kq - 8 10,c4c5,315,280,-35
r2qkbnr/1p1bpppp/2pp4/p1P5/1n1PPP2/2NBBN2/PP4PP/R2Q1RK1 w kq - 1 11,a2a3,353,265,-88
r2qkbnr/1p1bpppp/n1pp4/p1P5/3PPP2/P1NBBN2/1P4PP/R2Q1RK1 w kq - 1 12,c5d6,410,366,-44
r2qkbnr/1p1b1ppp/n1pp4/p7/3PPP2/P1NBBN2/1P4PP/R2Q1RK1 w kq - 0 13,e4e5,352,302,-50
r2qkbnr/1p1b1ppp/n1p5/p3p3/3P1P2/P1NBBN2/1P4PP/R2Q1RK1 w kq - 0 14,f4e5,339,347,8
r2qkbnr/1p1b2pp/n1p2p2/p3P3/3P4/P1NBBN2/1P4PP/R2Q1RK1 w kq - 0 15,e5f6,556,400,-156
r2qkb1r/1p1b2pp/n1p2n2/p7/3P4/P1NBBN2/1P4PP/R2Q1RK1 w kq - 0 16,d4d5,412,281,-131
rnbqkbnr/pppppppp/8/8/8/8/PPPPPPPP/RNBQKBNR w KQkq - 0 1,e2e4,30,29,-1
rnbqkbnr/pppp1ppp/8/4p3/4P3/8/PPPP1PPP/RNBQKBNR w KQkq - 0 2,d2d4,26,-8,-34
r1b1k2r/Bpppq1pp/2nb1p2/8/Q3P3/8/PPP2PPP/RN3RK1 w - - 1 15,e4e5,-610,-663,53
r1bk3r/Bppp2pp/2nb1p2/3N1q2/Q7/8/PPP2PPP/3RR1K1 w - - 8 20,c2c4,-463,-577,114
2bk3r/rppp2pp/2nb1p2/3N3q/2P5/1Q6/PP3PPP/3RR1K1 w - - 2 22,h2h3,-583,-538,-45
2bk3r/rpp3pp/3p1p2/3Nb1q1/1QP1R3/7P/PP3PP1/4R1K1 w - - 2 26,f2f4,70,69,-1
2bk3r/rpp3pp/3p1p2/3N2q1/1QP1Rb2/7P/PP4P1/4R1K1 w - - 0 27,c4c5,52,-535,-587
3k3r/1pp3Rp/3p1p2/6p1/8/8/1P4PK/r3q3 w - - 2 37,g2g3,-10000,-10000,0
3kr3/1pp3Rp/3p1p2/6pq/8/6P1/1P4K1/r7 w - - 5 40,g3g4,-10000,-10000,0
rnbqkbnr/pppppppp/8/8/8/8/PPPPPPPP/RNBQKBNR w KQkq - 0 1,d2d4,26,23,-3
rnbqkbnr/pp1ppppp/2p5/8/3P4/8/PPP1PPPP/RNBQKBNR w KQkq - 0 2,e2e4,35,34,-1
rnbqkbnr/pp2pppp/2p5/3p4/3PP3/8/PPP2PPP/RNBQKBNR w KQkq - 0 3,e4d5,33,14,-19
r1bqkbnr/pp2pppp/2n5/3p4/3P4/3B4/PPP2PPP/RNBQK1NR w KQkq - 2 5,c2c3,19,21,2
r1bqkb1r/pp2pppp/2n2n2/3p4/3P4/2PB4/PP3PPP/RNBQK1NR w KQkq - 1 6,f2f4,18,-55,-73
r3r1k1/ppqn1pp1/2nbp2p/3pN2b/3P1P2/2PBBN2/PPQ3PP/4RRK1 w - - 6 15,a2a3,260,90,-170
r3r1k1/ppq2pp1/2nbp2p/3pn2b/3P1P2/P1PBBN2/1PQ3PP/4RRK1 w - - 0 16,f4e5,243,244,1
r4r1k/ppq1b1p1/2n1p2p/3pPp1b/3P3N/P1PBB1Q1/1P4PP/4RRK1 w - f6 0 20,e5f6,341,13,-328
r4r1k/pp2b1p1/2n1pP1p/3p3b/3P3N/P1PBB1q1/1P4PP/4RRK1 w - - 0 21,h2g3,10,8,-2
4r1k1/pp4p1/4p2p/3p1n1N/3P4/P1P3P1/1P2R1P1/6K1 w - - 3 32,g3g4,-1,0,1
4r1k1/pp4p1/3np2p/3p3N/3P2P1/P1P5/1P2R1P1/6K1 w - - 1 33,b2b3,0,-51,-51
4r1k1/pp4p1/4p2p/3p3N/3Pn1P1/PPP5/4R1P1/6K1 w - - 1 34,c3c4,-35,-47,12
5rk1/pp4p1/4p2p/3p3N/2PPn1P1/PP6/4R1P1/6K1 w - - 1 35,c4d5,-36,-88,52
5rk1/ppR5/7p/3p3p/3Pn1P1/PP6/6P1/6K1 w - - 0 38,g4h5,-422,-433,11
3R4/pp3rk1/5n1p/3p3P/3P4/PP6/6P1/6K1 w - - 5 41,b3b4,-457,-473,16
R7/1pr3k1/p4n1p/3p3P/1P1P4/P7/6P1/6K1 w - - 0 43,a3a4,-481,-478,-3
R7/1pr2k2/p4n1p/3p3P/PP1P4/8/6P1/6K1 w - - 1 44,b4b5,-462,-449,-13
R7/1pr2k2/5n1p/1p1p3P/P2P4/8/6P1/6K1 w - - 0 45,a4b5,-434,-479,45
5R2/1pr5/4kn2/1P1p3p/3P4/8/6P1/6K1 w - - 2 51,g2g3,-529,-499,-30
3R4/1p3r2/5n2/1P1p3p/3k4/6P1/6K1/8 w - - 0 55,b5b6,-560,-595,35
rnbqkbnr/pppppppp/8/8/8/8/PPPPPPPP/RNBQKBNR w KQkq - 0 1,f2f3,27,-80,-107
rnbqkbnr/pppp1ppp/8/4p3/8/5P2/PPPPP1PP/RNBQKBNR w KQkq - 0 2,g2g3,-85,-117,32
rnbqkbnr/ppp2ppp/8/3pp3/8/5PP1/PPPPP2P/RNBQKBNR w KQkq - 0 3,h2h3,-113,-180,67
rnbqkbnr/pp3ppp/8/2ppp3/8/5PPP/PPPPP3/RNBQKBNR w KQkq - 0 4,g3g4,-117,-10000,9883
2kr1bnr/ppqb1ppp/2n5/8/2ppp1P1/5P1P/PPPPP1BR/RNBQK1N1 w Q - 0 11,f3e4,-452,-685,233
2kr1bnr/pp1b1ppp/2n5/8/2ppP1P1/5N1P/PPPPP1q1/RNBQK3 w Q - 0 13,e2e3,-859,-977,118
rnbqkbnr/pppppppp/8/8/8/8/PPPPPPPP/RNBQKBNR w KQkq - 0 1,e2e4,34,28,-6
r1bqk1nr/pppp1ppp/2n5/2b1p3/2B1P3/5N2/PPPP1PPP/RNBQK2R w KQkq - 4 4,d2d3,18,12,-6
r2qk1nr/1pp2pp1/p2p3p/4p3/1bB1P1b1/2NP1n2/PPPB1PPP/R2Q1RK1 w kq - 0 11,g2f3,-251,-252,1
r3k2r/1p2npp1/p1pp1q1p/4p3/2B1P3/3PQb2/PPP2PNP/R4RK1 w kq - 4 17,c2c3,-256,-319,63
r4rk1/1p2npp1/p1pp1q1p/4p3/2B1P3/2PPQb2/PP3PNP/R4RK1 w - - 1 18,d3d4,-293,-356,63
r4rk1/1p3pp1/p1pp1qnp/4p3/2BPP3/2P1Qb2/PP3PNP/R4RK1 w - - 1 19,d4e5,-341,-465,124
5rk1/1p4p1/p1pp1qpp/8/4r3/2P3Q1/PP3P1P/R4R1K w - - 0 27,f2f3,-472,-494,22
6k1/1p4p1/p1pp1qpp/8/8/2P2PQ1/PP2r2P/5R1K w - - 0 30,b2b4,-441,-509,68
6k1/1p4p1/p1pp1q1p/6p1/1P6/2P2PQ1/P3r2P/5R1K w - - 0 31,f3f4,-435,-455,20
rnbqkbnr/pppppppp/8/8/8/8/PPPPPPPP/RNBQKBNR w KQkq - 0 1,d2d4,21,20,-1
rnbqkbnr/ppp1pppp/8/3p4/3P4/8/PPP1PPPP/RNBQKBNR w KQkq - 0 2,f2f4,23,-45,-68
rn1qkb1r/ppp2ppp/4pn2/3p1b2/3P1P2/2N2N2/PPP1P1PP/R1BQKB1R w KQkq - 0 5,e2e3,-68,-69,1
r2qk2r/1pp1bpp1/p6p/3pnp2/3PnP2/2N1P3/PPPB2PP/R2QR1K1 w kq - 0 12,f4e5,-32,-34,2
r2qk2r/1pp2p2/p6p/3pPpp1/3Pn2b/2N1P3/PPPB2PP/R2Q1RK1 w kq - 0 14,g2g3,406,320,-86
r2qk2r/1pp2p2/p6p/3pPpp1/3Pn3/2N1P1b1/PPPB3P/R2Q1RK1 w kq - 0 15,h2g3,380,352,-28
r2qk2r/1pp2p2/p6p/3pP1p1/3P1p2/2N1PRn1/PPPB4/R2Q2K1 w kq - 0 17,e3f4,302,320,18
2kr4/1pp2R2/p6p/3pP3/3P4/4K3/q7/5R2 w - - 0 33,e5e6,-565,-560,-5
2k1r3/2p3R1/p2qPR1p/3p1K2/3P4/1p6/8/8 w - - 0 39,e6e7,-639,-728,89
rnbqkbnr/pppppppp/8/8/8/8/PPPPPPPP/RNBQKBNR w KQkq - 0 1,d2d4,26,19,-7
rnbqkbnr/ppp1pppp/8/3p4/3P4/8/PPP1PPPP/RNBQKBNR w KQkq - 0 2,c2c4,25,24,-1
r1bqkbnr/ppp2ppp/2n5/3pp3/2PP4/2N5/PP2PPPP/R1BQKBNR w KQkq - 0 4,c4d5,49,86,37
r1bqkbnr/ppp2ppp/8/3Pp3/3n4/2N5/PP2PPPP/R1BQKBNR w KQkq - 0 5,e2e4,113,17,-96
r1bqk2r/ppp2ppp/5n2/3Pp1B1/1b1nP3/2N5/PP3PPP/R2QKBNR w KQkq - 3 7,f2f4,4,-59,-63
r3k2r/ppp1qp2/5n1p/3P2p1/1b1BPp2/2NB1b2/PP4PP/R3K2R w KQkq - 0 14,g2f3,-568,-611,43
r4rk1/p3qp2/7p/1ppPn1p1/1b2Pp2/2N5/PPB4P/2KRBR2 w - - 0 21,a2a3,-528,-582,54
r4rk1/p3qp2/7p/2pPn1p1/1p2Pp2/P1B5/1PB4P/2KR1R2 w - - 0 23,a3b4,-570,-598,28
5rk1/p4p2/q6p/3P2p1/2r1Pp2/1pB5/1P5P/1K1RR3 w - - 0 32,e4e5,-968,-10000,9032
2r3k1/p4p2/q6p/3PP1p1/2r2p2/1pB5/1P5P/1K1RR3 w - - 1 33,e5e6,-1119,-10000,8881
rnbqkbnr/pppppppp/8/8/8/8/PPPPPPPP/RNBQKBNR w KQkq - 0 1,e2e4,28,32,4
rnbqkbnr/ppp2ppp/4p3/3p4/4P3/5N2/PPPP1PPP/RNBQKB1R w KQkq - 0 3,e4e5,24,23,-1
rnbqkbnr/pp3ppp/4p3/2ppP3/8/5N2/PPPP1PPP/RNBQKB1R w KQkq - 0 4,d2d4,22,-9,-31
rb1q1rk1/pp1bn1p1/4p2p/3pnp1B/3N3B/2N5/PPP2PPP/R2Q1RK1 w - - 2 14,f2f4,-112,-139,27
r3r1k1/1p3np1/p1b1p2p/3p1p2/3Q1P1q/5B2/PPP1N1PP/R3R2K w - - 5 23,g2g3,-131,-115,-16
r2qr1k1/1p3n2/p1b1p2p/3p1pp1/3Q1P2/5BP1/PPP4P/R3R1NK w - - 0 25,f4g5,-23,-271,248
rnbqkbnr/pppppppp/8/8/8/8/PPPPPPPP/RNBQKBNR w KQkq - 0 1,f2f4,33,-37,-70
rnbqkbnr/ppp2ppp/8/3pp3/5P2/5N2/PPPPP1PP/RNBQKB1R w KQkq - 0 3,f4e5,66,54,-12
rnb1kbnr/pppq1ppp/8/3pP3/8/5N2/PPPPP1PP/RNBQKB1R w KQkq - 1 4,d2d4,180,194,14
rnb1kbnr/pp1q1ppp/8/2ppP3/3P4/5N2/PPP1P1PP/RNBQKB1R w KQkq - 0 5,e2e3,281,265,-16
rnb1kbnr/pp1q1ppp/8/3pP3/2pP4/4PN2/PPP3PP/RNBQKB1R w KQkq - 0 6,c2c3,362,257,-105
rnbqkbnr/pppppppp/8/8/8/8/PPPPPPPP/RNBQKBNR w KQkq - 0 1,e2e4,33,30,-3
rnbqkbnr/pp1ppppp/8/2p5/4P3/8/PPPP1PPP/RNBQKBNR w KQkq - 0 2,d2d4,35,13,-22
r1bqkbnr/pp3ppp/2n1p3/3p4/4P3/1Q6/PPP2PPP/RNB1KBNR w KQkq - 0 6,c2c4,-39,-198,159
5rk1/pb3ppp/1p2p3/2r5/3Rn3/8/PP2KPPP/6NR w - - 0 21,f2f3,-608,-687,79
5rk1/pb3ppp/1p2pn2/2r5/3R4/5P2/PP2K1PP/6NR w - - 1 22,g2g3,-661,-721,60
rnbqkbnr/pppppppp/8/8/8/8/PPPPPPPP/RNBQKBNR w KQkq - 0 1,e2e4,29,26,-3
rnbqkbnr/pppp1ppp/8/4p3/4P3/8/PPPP1PPP/RNBQKBNR w KQkq - 0 2,f2f4,30,-45,-75
r1bqkbnr/pppp1pp1/2n4p/8/2B1Pp2/5N2/PPPP2PP/RNBQK2R w KQkq - 0 5,d2d4,17,14,-3
r3k2r/ppp1qpp1/2np1n1p/8/1bBPPBb1/2NQ1N2/PPP3PP/2KR3R w kq - 4 10,d4d5,289,-16,-305
r3k2r/pp2qpp1/2pp1n1p/nB1P4/1b2PBb1/2NQ1N2/PPP3PP/2KR3R w kq - 0 12,d5c6,244,248,4
r4rk1/p3qpp1/2pp1n1p/n7/Bb2PBb1/2NQ1N2/PPP3PP/2KR3R w - - 2 14,e4e5,153,-132,-285
5rk1/5pp1/Q6p/8/8/1r2q3/PPP1n1PP/1K1R4 w - - 0 28,a2b3,-325,-310,-15
5rk1/5pp1/Q6p/8/3n4/1P2q3/1PP3PP/1K1R4 w - - 1 29,c2c3,-184,-455,271
4r1k1/5pp1/Q6p/8/3n4/1PP1q3/1P4PP/1K1R4 w - - 1 30,c3d4,127,-13,-140
6k1/5pp1/7p/8/3P4/1P6/1P2r1PP/1K1R4 w - - 0 32,b3b4,193,168,-25
6k1/5pp1/7p/8/1P1P4/8/1P4rP/1K1R4 w - - 0 33,b4b5,192,215,23
rnbqkbnr/pppppppp/8/8/8/8/PPPPPPPP/RNBQKBNR w KQkq - 0 1,e2e4,27,27,0
rnbqkb1r/pppppppp/5n2/8/4P3/8/PPPP1PPP/RNBQKBNR w KQkq - 1 2,e4e5,61,73,12
rnbqkb1r/pppppppp/8/3nP3/8/8/PPPP1PPP/RNBQKBNR w KQkq - 1 3,c2c4,71,61,-10
rnbqkb1r/pppppppp/1n6/4P3/2P5/8/PP1P1PPP/RNBQKBNR w KQkq - 1 4,c4c5,74,27,-47
rnbqkb1r/ppp1pppp/3p4/2PnP3/2B5/8/PP1P1PPP/RNBQK1NR w KQkq - 0 6,d2d4,361,-23,-384
rnbqkb1r/ppp2ppp/4p3/2pnP3/2BP4/5Q2/PP3PPP/RNB1K1NR w KQkq - 0 8,d4c5,-168,-148,-20
3r1rk1/pb3ppp/1p2p3/2p5/4Nn2/8/PP3PPP/R4RK1 w - - 0 26,f2f3,-695,-681,-14
3r1rk1/p4ppp/1p2p3/2p5/4bn2/5P2/PP4PP/R4RK1 w - - 0 27,f3e4,-656,-643,-13
3r1rk1/p4ppp/1p2p3/2p5/3nP3/8/PP3KPP/R4R2 w - - 3 29,b2b3,-675,-672,-3
3r2k1/p5pp/1pn2p2/2p1p3/3rP3/1PR1K3/P5PP/5R2 w - - 6 34,a2a3,-654,-643,-11
3r4/p4kpp/1p3p2/n1p1p3/3rP3/PPR1K3/6PP/2R5 w - - 3 36,g2g3,-601,-610,9
3r4/p5pp/1p2k3/n1p1pp2/3rP3/PPR1K1P1/1R5P/8 w - - 0 39,e4f5,-623,-702,79
3r4/p5pp/1p6/n1p1pk2/3r4/PPR1K1P1/1R5P/8 w - - 0 40,h2h3,-652,-740,88
8/p5pp/1p6/n1pk4/8/PP4rP/1K6/8 w - - 0 48,b3b4,-986,-1000,14
8/p5pp/1pn5/2pk4/1P6/P5rP/1K6/8 w - - 1 49,b4c5,-999,-989,-10
rnbqkbnr/pppppppp/8/8/8/8/PPPPPPPP/RNBQKBNR w KQkq - 0 1,e2e4,28,22,-6
r1bqkbnr/pppp1ppp/2n5/4p3/4P3/5N2/PPPP1PPP/RNBQKB1R w KQkq - 2 3,b2b3,23,-33,-56
r2q1rk1/p1p1bpp1/2pp1n1p/4p3/2N1P1b1/1P3N2/PBPPQPPP/2KR3R w - - 6 11,h2h3,82,80,-2
r2q1rk1/p1p1bpp1/2pp1n1p/4p3/2N1P3/1P3b1P/PBPPQPP1/2KR3R w - - 0 12,g2f3,106,32,-74
r4rk1/p1p1qpp1/5n1p/8/4p3/1P3P1P/PBPPQP2/2KR3R w - - 0 16,f3e4,425,304,-121
5k2/2B2pp1/p6p/7n/8/1P5P/P1PP1P2/2K5 w - - 0 25,d2d4,425,400,-25
8/2B1kpp1/p6p/7n/3P4/1P5P/P1P2P2/2K5 w - - 1 26,c2c4,422,422,0
8/2B1kpp1/p4n1p/8/2PP4/1P5P/P4P2/2K5 w - - 1 27,f2f3,418,404,-14
8/2B1kp2/p4n2/7p/2PP2p1/1P2KP1P/P7/8 w - - 0 30,f3g4,473,487,14
8/2B1kp2/p4n2/8/2PP2p1/1P2K2P/P7/8 w - - 0 31,h3g4,473,481,8
8/2B1kp2/p7/8/2PP1K2/1P6/P4n2/8 w - - 2 33,d4d5,486,423,-63
8/2B1kp2/p7/3P4/1nP1K3/1P6/P7/8 w - - 3 35,a2a3,471,464,-7
8/2B1kp2/p7/3P4/2P1K3/PP6/2n5/8 w - - 1 36,a3a4,467,452,-15
8/2B1kp2/p7/3P4/P1P1K3/1P6/8/n7 w - - 1 37,b3b4,464,488,24
8/2B1kp2/p7/3P4/PPP1K3/8/2n5/8 w - - 1 38,b4b5,497,499,2
8/2B1kp2/8/1p1P4/P1P1K3/8/2n5/8 w - - 0 39,c4b5,557,463,-94
8/2B1kp2/8/1P1P4/Pn2K3/8/8/8 w - - 1 40,a4a5,566,619,53
8/2Bk1p2/8/PP1P4/1n2K3/8/8/8 w - - 1 41,d5d6,637,576,-61
2k5/2B2p2/3P4/PP6/1n2K3/8/8/8 w - - 1 42,a5a6,650,668,18
2k5/2B5/P2P4/1P6/1n1K1p2/8/8/8 w - - 0 44,a6a7,896,970,74
8/PkB5/3P4/1P6/1n6/4Kp2/8/8 w - - 2 46,b5b6,640,517,-123
8/Pkn5/1P1P4/8/8/5K2/8/8 w - - 0 48,b6c7,1177,10000,8823
rnbqkbnr/pppppppp/8/8/8/8/PPPPPPPP/RNBQKBNR w KQkq - 0 1,e2e4,23,20,-3
r1bqkbnr/pppp1ppp/2n5/4p3/4P3/5N2/PPPP1PPP/RNBQKB1R w KQkq - 2 3,d2d4,19,16,-3
r1bqkbnr/pppp1ppp/2n5/8/3pP3/5N2/PPP2PPP/RNBQKB1R w KQkq - 0 4,c2c3,19,-23,-42
r1bqk2r/ppp2ppp/2np3n/6N1/1bB1P3/2p5/PP3PPP/RNBQ1RK1 w kq - 2 8,a2a3,-22,-141,119
r1bq1rk1/ppp2ppp/2np3n/b5N1/2B1P3/P1N5/1P3PPP/R1BQ1RK1 w - - 1 10,h2h3,33,8,-25
r1b2rk1/1pp2ppp/p1np2qn/b5B1/2B1P3/P1N2N1P/1P3PP1/R2Q1RK1 w - - 4 13,h3h4,134,-159,-293
r4rk1/1pp2ppp/p2p2qn/4n1B1/2B1P2P/P1b5/1P2QPP1/R4RK1 w - - 0 17,b2c3,-81,-83,2
r4r1k/1pp2ppp/p2p2qn/4n1B1/2B1P2P/P1P5/4QPP1/R4RK1 w - - 1 18,f2f4,18,4,-14
rnbqkbnr/pppppppp/8/8/8/8/PPPPPPPP/RNBQKBNR w KQkq - 0 1,e2e4,26,19,-7
rnbqkb1r/pppp1ppp/5n2/4p3/4P3/2N5/PPPP1PPP/R1BQKBNR w KQkq - 2 3,a2a3,13,-16,-29
r1bqkb1r/pppp1ppp/2n2n2/4p3/4P3/P1N5/1PPP1PPP/R1BQKBNR w KQkq - 1 4,h2h3,-7,-59,52
r1bqkb1r/ppp2ppp/2n2n2/3pp3/4P3/P1N4P/1PPP1PP1/R1BQKBNR w KQkq - 0 5,e4d5,-62,-61,-1
r2qk2r/p1p2ppp/2p5/4p3/2b5/P6P/1PPP1PP1/R1BQK1NR w KQkq - 0 10,d2d3,533,512,-21
r3k2r/p1p3pp/2p1p3/3bp1B1/8/P2P3P/1PP2PP1/R3K1NR w KQkq - 0 14,f2f3,606,606,0
r4rk1/p1p3pp/4p3/2pb2B1/4p3/P2P1P1P/1PP3P1/2K1R1NR w - - 0 17,f3e4,586,594,8
r4rk1/2p3pp/4p3/pb2N3/2p1P3/P2PB2P/1PP3P1/2K1R2R w - - 2 21,d3c4,655,650,-5
r4rk1/2p3pp/4p3/p3N3/b1P1P3/P3B2P/1PP3P1/2K1R2R w - - 1 22,b2b3,725,726,1
r3brk1/2p3pp/4p3/p3N3/2P1P3/PP2B2P/2P3P1/2K1R2R w - - 1 23,g2g4,726,669,-57
r3brk1/2p3pp/4p3/4N3/p1P1P1P1/PP2B2P/2P5/2K1R2R w - - 0 24,b3b4,673,681,8
r3brk1/2p3p1/4p2p/4N3/pPP1P1P1/P3B2P/2P5/2K1R2R w - - 0 25,h3h4,736,718,-18
r3brk1/6p1/2p1p2p/4N3/pPP1P1PP/P3B3/2P5/2K1R2R w - - 0 26,h4h5,769,790,21
1r2brk1/6p1/2p1p2p/4N2P/pPP1P1P1/P3B3/2P5/2K1R2R w - - 1 27,c4c5,804,769,-35
r3brk1/6p1/2p1p2p/2P1N2P/pP2P1P1/P3B3/2P5/2K1R2R w - - 1 28,g4g5,773,741,-32
rnbqkbnr/pppppppp/8/8/8/8/PPPPPPPP/RNBQKBNR w KQkq - 0 1,d2d3,24,-4,-28
rnbqkbnr/1ppppppp/p7/8/8/3P4/PPP1PPPP/RNBQKBNR w KQkq - 0 2,f2f3,18,-69,-87
rnbqkbnr/1ppppppp/8/p7/8/3P1P2/PPP1P1PP/RNBQKBNR w KQkq - 0 3,e2e4,46,28,-18
1nbqkbnr/1ppppppp/r7/p7/4P3/3P1P2/PPP3PP/RNBQKBNR w KQk - 1 4,d3d4,129,122,-7
1nbqkbnr/1ppppppp/4r3/p7/3PP3/5P2/PPP3PP/RNBQKBNR w KQk - 1 5,d4d5,205,183,-22
1nbqkbnr/1ppppppp/6r1/p2P4/4P3/5P2/PPP3PP/RNBQKBNR w KQk - 1 6,h2h4,185,172,-13
1nbqkbnr/1pp1pppp/3p2r1/p2P4/4P2P/5P2/PPP3P1/RNBQKBNR w KQk - 0 7,h4h5,268,278,10
1nbqkbnr/1pp1pppp/3p1r2/p2P3P/4P3/5P2/PPP3P1/RNBQKBNR w KQk - 1 8,c2c4,274,210,-64
1nbqkbnr/1pp2ppp/3p1r2/p2Pp2P/2P1P3/5P2/PP4P1/RNBQKBNR w KQk e6 0 9,b2b4,229,98,-131
1nbqkbnr/1p3p1p/2pp1r2/p2Pp1pP/QPP1P3/5P2/P5P1/RNB1KBNR w KQk - 0 11,b4a5,170,191,21
1nbqkb1r/1p2np2/2pp1r1p/P2Pp1pP/Q1P1P3/5P2/P3B1P1/RNB1K1NR w KQk - 2 13,g2g4,270,249,-21
1n1qkb1r/1p1bnp2/2pp1r1p/P2Pp1pP/Q1P1P1P1/5P2/P3B3/RNB1K1NR w KQk - 1 14,d5c6,280,18,-262
1n1qkb1r/3bnp2/2Pp1r1p/Pp2p1pP/Q1P1P1P1/5P2/P3B3/RNB1K1NR w KQk b6 0 15,c4b5,570,333,-237
1nbqkb1r/4np2/2Pp1r1p/PP2p1pP/Q3P1P1/5P2/P3B3/RNB1K1NR w KQk - 1 16,a5a6,598,568,-30
1n1qkb1r/4np2/b1Pp1r1p/1P2p1pP/Q3P1P1/5P2/P3B3/RNB1K1NR w KQk - 0 17,b5a6,579,568,-11
rnbqkbnr/pppppppp/8/8/8/8/PPPPPPPP/RNBQKBNR w KQkq - 0 1,e2e4,22,22,0
r1bqkbnr/ppp2p1p/2p5/6p1/4P3/8/PPPP1PPP/RNBQKB1R w KQkq - 0 5,b2b3,231,113,-118
r1bqk1nr/p1p2pbp/2p5/6pQ/4P3/1Pp5/PBPP1PPP/R3KB1R w KQkq - 0 9,d2c3,-239,-238,-1
rnbqkbnr/pppppppp/8/8/8/8/PPPPPPPP/RNBQKBNR w KQkq - 0 1,d2d4,24,23,-1
rnbqkbnr/ppp1pppp/8/3p4/3P4/8/PPP1PPPP/RNBQKBNR w KQkq - 0 2,c2c4,29,26,-3
r1bqkb1r/ppp1pppp/2n2n2/8/2QP4/8/PP2PPPP/RNB1KBNR w KQkq - 1 5,e2e3,16,-87,-103
r2qkb1r/ppp1pppp/2n2n2/8/2QP2b1/4P3/PP3PPP/RNB1KBNR w KQkq - 1 6,f2f4,21,-25,-46
r2q1rk1/ppp2ppp/2n1pn2/8/1bQP1Pb1/2NBP3/PP4PP/R1B1K1NR w KQ - 4 9,h2h3,-32,-58,26
r2q1rk1/1pp2ppp/p1n1pn2/7b/1bQP1P2/2NBP2P/PP1B2P1/R3K1NR w KQ - 0 11,a2a3,-8,-44,36
r2q1rk1/2p1nppp/p3pn2/1p5b/1b1P1P2/PQNBP2P/1P1B2P1/R3K1NR w KQ - 2 13,a3b4,431,434,3
r4rk1/2p2ppp/p3p3/1p1n3b/1P1PBP1q/1Q2P2P/1P1B2P1/R3K1NR w KQ - 2 16,g2g3,427,274,-153
rnbqkbnr/pppppppp/8/8/8/8/PPPPPPPP/RNBQKBNR w KQkq - 0 1,e2e4,26,21,-5
r1bqk1nr/pppp1ppp/2n5/2b1p3/2B1P3/5N2/PPPP1PPP/RNBQK2R w KQkq - 4 4,d2d3,18,15,-3
rnbqkbnr/pppppppp/8/8/8/8/PPPPPPPP/RNBQKBNR w KQkq - 0 1,h2h4,30,-28,-58
rnbqkbnr/ppp2ppp/8/3pp3/7P/7R/PPPPPPP1/RNBQKBN1 w Qkq - 0 3,e2e4,-183,-292,109
rnbqkbnr/pp3ppp/8/2p1p3/3pP2P/3R4/PPPP1PP1/RNBQKBN1 w Qkq - 0 5,c2c4,-200,-355,155
rnbqkbnr/pppppppp/8/8/8/8/PPPPPPPP/RNBQKBNR w KQkq - 0 1,e2e4,26,23,-3
rnbqkbnr/1ppppppp/p7/8/4P3/8/PPPP1PPP/RNBQKBNR w KQkq - 0 2,d2d4,64,66,2
rnbqkbnr/1ppppppp/8/p7/3PP3/8/PPP2PPP/RNBQKBNR w KQkq - 0 3,c2c4,138,117,-21
1nbqkbnr/1ppppppp/r7/p7/2PPP3/8/PP3PPP/RNBQKBNR w KQk - 1 4,f2f4,212,201,-11
1nbqkbnr/1pp1pppp/r2p4/p7/2PPPP2/8/PP4PP/RNBQKBNR w KQk - 0 5,d4d5,216,149,-67
1nbqkbnr/2r2ppp/1pppp3/p2P4/2P1PP2/2NB1N2/PP4PP/R1BQ1RK1 w k - 2 10,d5e6,369,333,-36
1nbqkbnr/2r3pp/1pppPp2/p7/2P1PP2/2NB1N2/PP4PP/R1BQ1RK1 w k - 0 11,e4e5,559,344,-215
1n1qkbnr/2r3pp/1pppbp2/p3P3/2P2P2/2NB1N2/PP4PP/R1BQ1RK1 w k - 0 12,e5f6,514,317,-197
1n2kbnr/2r3pp/1pppbq2/p7/2P2P2/2NB1N2/PP4PP/R1BQ1RK1 w k - 0 13,f4f5,623,403,-220
5bnr/1k4pp/n1pp2q1/B7/2P5/2N2N2/PP3QPP/4R1K1 w - - 1 23,b2b4,10000,567,-9433
5bnr/1k4pp/n2p2q1/B1p5/1PP5/2N2N2/P4QPP/4R1K1 w - - 0 24,b4b5,544,548,4
5bnr/1k4pp/3p2q1/BPpn4/2P5/5N2/P4QPP/4R1K1 w - - 0 26,c4d5,309,327,18
5bnr/1k3qpp/3p4/BPpP4/8/5N2/P4QPP/4R1K1 w - - 1 27,a2a4,365,360,-5
rnbqkbnr/pppppppp/8/8/8/8/PPPPPPPP/RNBQKBNR w KQkq - 0 1,e2e4,24,22,-2
rnbqkbnr/ppp1pppp/3p4/8/4P3/8/PPPP1PPP/RNBQKBNR w KQkq - 0 2,f2f4,63,8,-55
rnbqkb1r/ppp1pp1p/3p1np1/8/4PP2/2N5/PPPP2PP/R1BQKBNR w KQkq - 0 4,d2d4,72,62,-10
rn1qk2r/ppp1ppbp/3p1np1/8/3PPPb1/2N2N2/PPP3PP/R1BQKB1R w KQkq - 3 6,h2h3,124,137,13
rn1qk2r/ppp1ppbp/3p1np1/8/3PPP2/2N2b1P/PPP3P1/R1BQKB1R w KQkq - 0 7,g2f3,105,-25,-130
2k4r/pp1n1pbp/2ppr1p1/8/3PP3/2NB1P1P/PPP2BR1/2KR4 w - - 3 20,d4d5,615,556,-59
2k4r/pp3pbp/3pr1p1/3Nn3/4P3/3B1P1P/PPP2BR1/2KR4 w - - 1 22,f3f4,605,576,-29
2k4r/pp3pbp/3pr1p1/3N4/4PP2/3n3P/PPP2BR1/2KR4 w - - 0 23,c2d3,573,572,-1
7r/pp1k1pbp/3pr1p1/3N4/4PP2/3P3P/PP3BR1/2KR4 w - - 1 24,a2a3,619,535,-84
4r3/Bp1k1pbp/2rp2p1/3N4/4PP2/P2P3P/1P4R1/1K1R4 w - - 1 27,h3h4,628,593,-35
2k5/Bp3pbp/2rp2p1/8/4PP1P/P2P4/1P4R1/1K1R4 w - - 0 30,h4h5,672,552,-120
2k5/B4pbp/1prp2p1/7P/4PP2/P2P4/1P4R1/1K1R4 w - - 0 31,h5g6,574,593,19
2k5/B5bp/1prp2p1/8/4PP2/P2P4/1P4R1/1K1R4 w - - 0 32,f4f5,650,582,-68
8/Bk4bp/1prp2p1/5P2/4P3/P2P4/1P4R1/1K1R4 w - - 1 33,f5g6,604,563,-41
8/k5bp/1prp2P1/8/4P3/P2P4/1P4R1/1K1R4 w - - 0 34,g6h7,690,680,-10
3R4/7P/kp1p4/1r6/4P3/P2P4/1P6/1K1R4 w - - 3 38,h7h8r,1221,844,-377
rnbqkbnr/pppppppp/8/8/8/8/PPPPPPPP/RNBQKBNR w KQkq - 0 1,d2d4,26,24,-2
rnbqkbnr/pppppp1p/6p1/8/3P4/8/PPP1PPPP/RNBQKBNR w KQkq - 0 2,c2c4,67,36,-31
rnbqk1nr/pppp1pbp/4p1p1/8/2PP4/5N2/PP2PPPP/RNBQKB1R w KQkq - 0 4,e2e3,90,35,-55
rnbq1rk1/ppppnpbp/4p1p1/8/2PP4/4PN2/PP1N1PPP/R1BQKB1R w KQ - 3 6,b2b3,23,-38,-61
r2q1rk1/1b1nnpbp/ppp1p1p1/3p4/2PP4/1P2PN2/PBQNBPPP/2R2RK1 w - - 4 12,c4d5,60,43,-17
4r1k1/2R2pb1/1p1Bpnp1/1p1p3p/3P4/1P2PN2/r2N1PPP/2R3K1 w - - 0 21,b3b4,404,270,-134
6k1/3N1pb1/4p3/1p1p3p/1PnP2p1/4P3/1r3PPP/2R2NK1 w - - 3 29,h2h3,-185,-199,14
6k1/3N1pb1/4p3/1p1p3p/1rnP2p1/4P2P/5PP1/2R2NK1 w - - 0 30,h3g4,-192,-201,9
8/8/8/8/3k3K/N7/2R3P1/8 w - - 5 57,g2g4,741,751,10
8/8/8/4k3/6PK/N7/2R5/8 w - - 1 58,g4g5,813,801,-12
6k1/8/7K/6P1/8/N7/2R5/8 w - - 5 61,g5g6,10000,946,-9054
rnbqkbnr/pppppppp/8/8/8/8/PPPPPPPP/RNBQKBNR w KQkq - 0 1,e2e4,30,30,0
rnbqkbnr/p1pp1ppp/1p2p3/8/2B1P3/8/PPPP1PPP/RNBQK1NR w KQkq - 0 3,d2d4,22,29,7
rn1qkbnr/pbpp1ppp/1p2p3/8/2BPP3/8/PPP2PPP/RNBQK1NR w KQkq - 1 4,d4d5,35,-4,-39
rn1qkbnr/pbpp1ppp/1p6/3p4/2B1P3/8/PPP2PPP/RNBQK1NR w KQkq - 0 5,e4d5,63,49,-14
rnbqkbnr/pp4pp/2p2p2/3pp3/8/8/PPPPPPPP/RNBQKBNR w KQkq - 0 5,c2c3,-122,-148,26
rnbqkb1r/pp2n1pp/2p2p2/3pp3/8/2P5/PP1PPPPP/RNBQKBNR w KQkq - 1 6,g2g3,-87,-116,29
rnbqkb1r/pp2n1pp/2p2p2/3p4/4p3/2P3P1/PP1PPP1P/RNBQKBNR w KQkq - 0 7,f2f3,-54,-119,65
rnbqkb1r/pp2n1pp/2p5/3p1p2/4p3/2P2PP1/PP1PP2P/RNBQKBNR w KQkq - 0 8,f3e4,-87,-88,1
rnq1k2r/pp4pp/2pb2n1/3p4/4p3/2P3P1/PP1PP2P/RNBQK1NR w KQkq - 0 12,h2h4,-331,-788,457
rnq2rk1/pp4pp/2pb2n1/3p4/4p2P/2P3P1/PP1PP3/RNBQK1NR w KQ - 1 13,h4h5,-453,-10000,9547
rnbqkbnr/pppppppp/8/8/8/8/PPPPPPPP/RNBQKBNR w KQkq - 0 1,d2d4,29,23,-6
rnbqkbnr/ppp1pppp/8/3p4/3P4/8/PPP1PPPP/RNBQKBNR w KQkq - 0 2,e2e3,26,17,-9
rn1qkbnr/ppp1pppp/8/3p1b2/3P4/4P3/PPP2PPP/RNBQKBNR w KQkq - 1 3,h2h4,9,-37,-46
rn1qkbnr/ppp2ppp/4p3/3p1b2/3P3P/4P3/PPP2PP1/RNBQKBNR w KQkq - 0 4,g2g4,288,281,-7
rn1qkbnr/ppp2ppp/4p3/3p4/3Pb1PP/4P3/PPP2P2/RNBQKBNR w KQkq - 1 5,f2f3,297,330,33
rn1qk1nr/ppp1bppp/4p3/3p4/3Pb1PP/4PP2/PPP5/RNBQKBNR w KQkq - 1 6,f3e4,297,294,-3
r7/pppk1p2/2n1pn2/6p1/3P4/4PB2/PPPK4/RNB5 w - - 1 19,b2b3,248,227,-21
rnbqkbnr/pppppppp/8/8/8/8/PPPPPPPP/RNBQKBNR w KQkq - 0 1,e2e4,23,26,3
r2qkb1r/ppp2p1p/4bnp1/4p3/3nP3/3Q4/PPPP1PPP/RNB1K1NR w KQkq - 5 9,h2h3,-590,-630,40
r2qk2r/pp5p/3bpnp1/4p3/4P3/2Np3P/PPPP1PP1/R1B1K2R w KQkq - 0 14,c2d3,-805,-807,2
r4rk1/ppq4p/3bpnp1/4p3/4P3/2NP3P/PP1P1PP1/R1B2RK1 w - - 3 16,a2a4,-744,-778,34
r4rk1/1pq4p/p2bpnp1/4p3/P3P3/2NP3P/1P1P1PP1/R1B2RK1 w - - 0 17,b2b3,-790,-771,-19
r4rk1/1pq4p/p3p1p1/4p3/P3n3/R1NP3P/5PP1/3R2K1 w - - 0 23,d3e4,-601,-668,67
3r1rk1/7p/p3p1p1/1pq1p3/P3P3/2N4P/R4PP1/2R3K1 w - - 0 26,a4a5,-547,-661,114
5rk1/7p/p3p1p1/Pp6/3qP3/3p3P/5PP1/3RR1K1 w - - 2 32,e4e5,-633,-778,145
8/6kp/p5p1/q3q3/2K5/7P/6P1/8 w - - 0 50,g2g4,-10000,-10000,0
rnbqkbnr/pppppppp/8/8/8/8/PPPPPPPP/RNBQKBNR w KQkq - 0 1,e2e4,28,26,-2
rnb1kb1r/ppppqppp/5n2/4p3/2B1P3/5N2/PPPP1PPP/RNBQK2R w KQkq - 4 4,d2d3,97,59,-38
r1b1kb1r/pp1pqppp/2n2n2/2p1p1B1/2B1P3/3P1N2/PPP2PPP/RN1QK2R w KQkq - 2 6,h2h3,123,87,-36
r1b1kb1r/pp2qppp/2np1n2/2p1p1B1/2B1P3/3P1N1P/PPP2PP1/RN1QK2R w KQkq - 0 7,a2a3,75,48,-27
r3kb1r/4qp2/p1np1n1p/1pp1p3/4P1p1/P2P1NBP/NPP2PP1/R2Q1RK1 w kq - 0 14,h3g4,133,129,-4
r3kb1r/4qp2/p1np4/1pp1p2p/4P3/P2P4/NPP2PPB/R2Q1RK1 w kq - 0 17,f2f4,134,140,6
r3kb1r/4qp2/p1np4/1pp1p3/4PP1p/P2P4/NPP3PB/R2Q1RK1 w kq - 0 18,f4e5,159,138,-21
r3kb1r/4qp2/p1np4/1pp1P3/4P3/P2P3p/NPP3PB/R2Q1RK1 w kq - 0 19,g2g4,145,131,-14
r3kb1r/5p2/p1np4/1pp1P1q1/4P1P1/P2P3p/NPP4B/R2Q1RK1 w kq - 1 20,e5d6,212,115,-97
r3kbr1/5p2/p1nP4/1pp5/4PRPq/P2P3p/NPP4B/R2Q2K1 w q - 3 22,g4g5,87,-535,-622
8/2R5/k2P1Q2/2pN4/pp2P3/P2P3K/1PP5/R7 w - - 0 37,d6d7,10000,10000,0
rnbqkbnr/pppppppp/8/8/8/8/PPPPPPPP/RNBQKBNR w KQkq - 0 1,e2e4,22,29,7
rnbqkbnr/p1pppppp/1p6/8/4P3/8/PPPP1PPP/RNBQKBNR w KQkq - 0 2,e4e5,99,24,-75
rnbqkbnr/2pppppp/1p6/p3P3/8/8/PPPP1PPP/RNBQKBNR w KQkq - 0 3,f2f4,88,49,-39
rnbqkbnr/2pppppp/1p6/4P3/p4P2/8/PPPP2PP/RNBQKBNR w KQkq - 0 4,d2d4,89,74,-15
rnbqkbnr/2ppppp1/1p6/4P2p/p2P1P2/8/PPP3PP/RNBQKBNR w KQkq - 0 5,d4d5,125,100,-25
rnbqkbnr/2ppppp1/1p6/3PP3/p4P1p/8/PPP3PP/RNBQKBNR w KQkq - 0 6,f4f5,135,83,-52
rnbqkbnr/2p1ppp1/1p1p4/3PPP2/p6p/8/PPP3PP/RNBQKBNR w KQkq - 0 7,e5d6,277,53,-224
rn1qkbnr/2pbppp1/1p1P4/3P1P2/p6p/8/PPP3PP/RNBQKBNR w KQkq - 1 8,d6e7,160,-53,-213
rn1qk1nr/2p1bpp1/1pb5/3P1P2/p6p/3B4/PPP3PP/RNBQK1NR w KQkq - 2 10,d5c6,366,372,6
rnbqkbnr/pppppppp/8/8/8/8/PPPPPPPP/RNBQKBNR w KQkq - 0 1,e2e4,30,26,-4
r1bqkbnr/pppp1ppp/2n5/4p3/4P3/5N2/PPPP1PPP/RNBQKB1R w KQkq - 2 3,c2c3,20,-28,-48
r1bqkbnr/ppp2ppp/2n5/3pp3/4P3/2P2N2/PP1P1PPP/RNBQKB1R w KQkq - 0 4,e4d5,-25,-27,2
r1b1kbnr/ppp2ppp/2n5/3qp3/8/2P2N2/PP1P1PPP/RNBQKB1R w KQkq - 0 5,d2d4,-28,-25,-3
r3kbnr/ppp2ppp/2n5/3qp3/3P2b1/2P2N2/PP3PPP/RNBQKB1R w KQkq - 1 6,b2b3,-12,-262,250
r3kbnr/ppp2ppp/2n5/4p3/3P4/1PP2q2/P4PPP/RNB1KB1R w KQkq - 0 8,g2f3,-206,-191,-15
r3kbnr/ppp2ppp/2n5/8/3p4/1PP2P2/P4P1P/RNB1KB1R w KQkq - 0 9,f3f4,-202,-256,54
rnbqkbnr/pppppppp/8/8/8/8/PPPPPPPP/RNBQKBNR w KQkq - 0 1,e2e4,22,20,-2
rnbqkbnr/ppp1pppp/8/3p4/4P3/8/PPPP1PPP/RNBQKBNR w KQkq - 0 2,e4d5,56,73,17
rnbqkb1r/pp2pppp/2p2n2/3P4/8/2N5/PPPP1PPP/R1BQKBNR w KQkq - 0 4,d5c6,80,99,19
r1bq1rk1/p4ppp/2p5/8/4p1n1/2N5/PPPPN1PP/R1BQ2KR w - - 3 12,d2d4,279,283,4
r4rk1/p4ppp/b7/2p5/q2N2Q1/8/PPP3PP/R1B3KR w - - 0 18,b2b3,-69,-50,-19
2r2rk1/p4ppp/b7/8/8/1P1p4/PBP3PP/2R3KR w - - 0 22,c2d3,-30,-24,-6
6k1/p4ppp/b7/8/8/1P1PK3/P5rP/2B4R w - - 0 26,a2a4,-96,-77,-19
6k1/pbR2ppp/8/8/P7/1r1PK3/7P/8 w - - 0 30,a4a5,-466,-499,33
6k1/pbR2p1p/6p1/P7/8/1r1PK3/7P/8 w - - 0 31,a5a6,-485,-574,89
R7/5pkp/b5p1/4K3/8/8/r6P/8 w - - 6 36,h2h4,-582,-603,21
rnbqkbnr/pppppppp/8/8/8/8/PPPPPPPP/RNBQKBNR w KQkq - 0 1,e2e3,25,18,-7
rnbqkbnr/ppp1pppp/8/8/3p4/4P3/PPPPBPPP/RNBQK1NR w KQkq - 0 3,e3d4,107,107,0
rnb1kbnr/ppp1pppp/8/8/3q4/8/PPPPBPPP/RNBQK1NR w KQkq - 0 4,c2c3,98,84,-14
r2qk2r/pp3ppp/2pbpnb1/8/8/2P1nB2/PP1P1PPP/R1BK1NNR w kq - 0 15,f2e3,-776,-832,56
r2q1rk1/pp3ppp/2pbpnb1/8/8/2P1PB2/PP1P2PP/R1BK1NNR w - - 1 16,e3e4,-807,-877,70
r2q1rk1/pp3ppp/2p1p3/2b5/4b3/2P1N3/PP1P2PP/R1BK2NR w - - 2 19,b2b3,-892,-959,67
rnbqkbnr/pppppppp/8/8/8/8/PPPPPPPP/RNBQKBNR w KQkq - 0 1,e2e4,24,24,0
rnbqkbnr/pp1ppppp/8/2p5/4P3/8/PPPP1PPP/RNBQKBNR w KQkq - 0 2,c2c3,28,24,-4
r1bqkbnr/pp1ppppp/2n5/2p5/4P3/2P5/PP1P1PPP/RNBQKBNR w KQkq - 1 3,d2d4,25,29,4
r1bqkbnr/pp1ppppp/2n5/8/3pP3/2P5/PP3PPP/RNBQKBNR w KQkq - 0 4,c3d4,46,49,3
r1b1k2r/pp3ppp/1qn1p3/3p2B1/1b1Pn3/2NQ1N2/PP3PPP/1R2KB1R w Kkq - 0 10,a2a3,-206,-206,0
r1b1k2r/pp3ppp/1qn1p3/3p2B1/3Pn3/P1bQ1N2/1P3PPP/1R2KB1R w Kkq - 0 11,b2c3,-211,-185,-26
r4rk1/pp1b2pp/4p3/1B1pnp2/3P4/q1P5/3Q1PPP/1R3RK1 w - - 0 18,d4e5,-354,-349,-5
2r3k1/p5pp/1p2p3/3pqp2/2r5/R1P2Q2/5PPP/2R3K1 w - - 0 28,h2h3,-421,-458,37
2r3k1/6pp/1p2p3/p2p1p2/2r5/R1P3qP/5PP1/2R3K1 w - - 0 30,f2g3,-537,-578,41
8/8/1pr5/p2pkp1p/2r1p1p1/1RP3PP/4K1P1/2R5 w - - 0 39,h3g4,-511,-521,10
rnbqkbnr/pppppppp/8/8/8/8/PPPPPPPP/RNBQKBNR w KQkq - 0 1,e2e4,25,25,0
rnbqkbnr/ppp2ppp/4p3/3p4/4P3/5N2/PPPP1PPP/RNBQKB1R w KQkq - 0 3,e4d5,21,16,-5
rnb1kbnr/ppp2ppp/4pq2/4N3/8/2N5/PPPP1PPP/R1BQKB1R w KQkq - 4 6,d2d4,168,165,-3
r1b1kbnr/pp3ppp/n3pq2/1Np1N3/3P4/8/PPP2PPP/R1BQKB1R w KQkq - 2 8,c2c3,276,242,-34
r3kbnr/pb3ppp/np2p3/1Npq2B1/3P4/2PB1N2/PP3PPP/R2QK2R w KQkq - 6 12,c3c4,619,525,-94
rnbqkbnr/pppppppp/8/8/8/8/PPPPPPPP/RNBQKBNR w KQkq - 0 1,e2e4,25,25,0
rnbqkbnr/1p2pppp/p2p4/2p5/2B1P3/5N2/PPPP1PPP/RNBQK2R w KQkq - 0 4,c2c3,31,1,-30
rn1qkbnr/4pppp/p2p4/1p6/2p1P1b1/2P2N2/PPBP1PPP/RNBQK2R w KQkq - 2 7,h2h3,87,86,-1
rn1qkb1r/4pppp/p2p1n2/1p6/2p1P3/2P2Q1P/PPBP1PP1/RNB1K2R w KQkq - 1 9,e4e5,373,419,46
Qn1qk2r/5ppp/p3pn2/1pb1p3/2p5/2P4P/PPBP1PP1/RNB2RK1 w k - 2 12,d2d4,484,379,-105
Qn1qk2r/5ppp/p3pn2/1pb5/2pp4/2P4P/PPB2PP1/RNB2RK1 w k - 0 13,c3d4,436,479,43
Qn1qk2r/5ppp/p3pn2/1p6/2p5/4b2P/PPB2PP1/RN3RK1 w k - 0 15,f2e3,410,490,80
5rk1/2q2ppp/p3p3/4n3/1p2B3/2p1P2P/PP3QP1/R2R2K1 w - - 0 22,b2c3,465,456,-9
rnbqkbnr/pppppppp/8/8/8/8/PPPPPPPP/RNBQKBNR w KQkq - 0 1,g2g3,29,1,-28
rnbqkbnr/p2ppppp/1pp5/8/8/6P1/PPPPPPBP/RNBQK1NR w KQkq - 0 3,b2b3,66,24,-42
rn1qkbnr/pb2pppp/1ppp4/8/8/1P4P1/PBPPPPBP/RN1QK1NR w KQkq - 0 5,e2e3,86,56,-30
1n1qkbnr/rb2pppp/pp1p4/2p5/8/1P2P1P1/PBPPNPBP/RN1Q1RK1 w k - 0 8,d2d4,111,72,-39
1nq1kbnr/r3pppp/pp1p4/2p5/3P4/1P2P1P1/PBP1NPKP/RN1Q1R2 w k - 1 10,c2c4,94,97,3
1n2kbnr/r3pppp/ppqp4/2p5/2PP4/1P2P1P1/PB2NPKP/RN1Q1R2 w k - 1 11,d4d5,200,210,10
1n2kbnr/r2qpppp/pp1p4/2pP4/2P5/1P2P1P1/PB2NPKP/RN1Q1R2 w k - 1 12,e3e4,233,199,-34
1n2kbnr/r2q1ppp/pp1pp3/2pP4/2P1P3/1P4P1/PB2NPKP/RN1Q1R2 w k - 0 13,f2f3,264,196,-68
1n2kbnr/r2q1ppp/pp1p4/2pp4/2P1P3/1P3PP1/PB2N1KP/RN1Q1R2 w k - 0 14,e4d5,268,262,-6
1nk1q3/4rp1p/pp1p4/2pP4/2P1nN2/1P3PP1/P1Q2K1P/R7 w - - 0 24,f3e4,0,0,0
2k5/7R/1p1p4/p1pP4/2Pn1N2/1P4P1/P4K1P/8 w - - 1 35,g3g4,815,782,-33
2k5/7R/1p1p4/p1pP4/2P2NP1/1P6/P1n2K1P/8 w - - 1 36,g4g5,803,868,65
2k5/7R/1p1p4/p1pP2P1/2P2N2/1P6/P4K1P/n7 w - - 1 37,g5g6,10000,10000,0
2k5/7R/1p1p2P1/p1pP4/2P2N2/1P6/P1n2K1P/8 w - - 1 38,g6g7,10000,10000,0
2k5/6PR/1p1p4/p1pP4/2P2N2/nP6/P4K1P/8 w - - 1 39,g7g8q,10000,10000,0
rnbqkbnr/pppppppp/8/8/8/8/PPPPPPPP/RNBQKBNR w KQkq - 0 1,e2e4,25,25,0
rnbqkb1r/ppp2ppp/3p1n2/4p3/2B1P3/5N2/PPPP1PPP/RNBQK2R w KQkq - 2 4,d2d4,32,21,-11
rnbqk2r/ppp1bppp/3p1n2/8/2BQP3/5N2/PPP2PPP/RNB1K2R w KQkq - 1 6,e4e5,14,-9,-23
rn1b1rk1/ppp3pp/4pn2/4N3/8/8/PPP2PPP/RNB2RK1 w - - 0 11,b2b3,39,0,-39
rn3rk1/ppp3pp/4pb2/3nN3/8/1P6/PBP2PPP/RN3RK1 w - - 3 13,f2f4,0,-77,-77
5rk1/p1R3pp/4p3/1p6/1n1b1P2/1P6/P2N1RPP/6K1 w - - 0 23,g2g3,-6,-139,133
5rk1/6pp/4p3/1R6/p4P2/1P4P1/n2N1K1P/8 w - - 0 27,b3a4,72,77,5
rnbqkbnr/pppppppp/8/8/8/8/PPPPPPPP/RNBQKBNR w KQkq - 0 1,e2e4,26,24,-2
rnbqkbnr/ppp2ppp/4p3/3p4/2B1P3/8/PPPP1PPP/RNBQK1NR w KQkq - 0 3,e4d5,-20,-18,-2
rn1q1rk1/pp2bpp1/2p2n1p/3p4/6b1/3B1N2/PPPPQPPP/RNB1R1K1 w - - 0 10,h2h3,273,-86,-359
r3r1k1/pp1qbpp1/2p2n1p/3p4/8/5Q1P/PPPP1PP1/RNB1R1K1 w - - 0 14,b2b3,-76,-207,131
6k1/pp3pp1/2p4p/3pr3/8/1P5P/P1PP1PP1/R5K1 w - - 0 21,f2f4,-2,-28,26
4r1k1/1p3pp1/p1p4p/3p4/5P2/1P5P/P1PP2P1/3R1K2 w - - 2 24,d2d4,1,-61,-62
4r3/1p3ppk/p1p4p/3p4/3P1P2/1P5P/P1P3P1/3R1K2 w - - 1 25,c2c4,-3,-46,43
4r3/1p4pk/p1p2p1p/3p4/2PP1P2/1P5P/P5P1/3R1K2 w - - 0 26,c4d5,0,-6,-6
8/1R4pk/p4p1p/3p4/8/1P2K2P/P5P1/r7 w - - 1 32,a2a4,-29,-16,-13
8/6pk/pR3p1p/3p4/P7/1P2K2P/r5P1/8 w - - 3 34,g2g4,36,-21,-57
8/6pk/pRK2p1p/8/P5P1/1P1r3P/8/8 w - - 3 38,h3h4,219,48,-171
8/6pk/pRK2p1p/8/P5PP/1P4r1/8/8 w - - 1 39,g4g5,161,-149,-310
rnbqkbnr/pppppppp/8/8/8/8/PPPPPPPP/RNBQKBNR w KQkq - 0 1,e2e4,22,25,3
rnb1k1nr/pppp1pp1/5q1p/2b1p3/4P3/5N2/PPPPBPPP/RNBQ1RK1 w kq - 0 5,d2d3,123,57,-66
rnb1k1nr/ppp2pp1/3p1q1p/2b1p3/4P3/3P1N2/PPP1BPPP/RNBQ1RK1 w kq - 0 6,c2c4,57,25,-32
rn2k1nr/pp3pp1/2pp1q1p/2b1p3/2P1P1b1/2NP1N2/PP2BPPP/R1BQ1RK1 w kq - 0 8,a2a3,60,45,-15
r3k1nr/pp1n1pp1/2pp1q1p/2b1p3/2P1P1b1/P1NP1N2/1P2BPPP/R1BQ1RK1 w kq - 1 9,b2b4,55,53,-2
2kr3r/pp1n1pp1/2pp1qnp/4p3/1PP1P3/P2P1B2/1R2NPPP/3Q1RK1 w - - 1 15,b4b5,74,74,0
2kr3r/pp1n1pp1/3p1qnp/1Pp1p3/2P1P3/P2P1B2/1R2NPPP/3Q1RK1 w - - 0 16,a3a4,67,54,-13
2kr3r/pp1n1pp1/3p1q1p/1Pp1p3/P1P1Pn2/3P1B2/1R2NPPP/3Q1RK1 w - - 1 17,a4a5,53,5,-48
2kr3r/pp1n1p2/3p1q1p/PPp1p1p1/2P1Pn2/3P1B2/1R2NPPP/3Q1RK1 w - - 0 18,a5a6,105,46,-59
2kr3r/p4p2/Pp1pnq2/1Pp1pN1p/2P1P1p1/3PQ3/1R3PPP/5RK1 w - - 3 24,f2f3,124,149,25
2kr3r/p4p2/Pp1p1q2/1Pp1pN1p/2PnP1p1/3PQP2/1R4PP/5RK1 w - - 1 25,f3g4,286,290,4
rnbqkbnr/pppppppp/8/8/8/8/PPPPPPPP/RNBQKBNR w KQkq - 0 1,e2e4,24,27,3
rnbqkbnr/pppp1ppp/4p3/8/4P3/8/PPPP1PPP/RNBQKBNR w KQkq - 0 2,d2d4,43,40,-3
rn1q1k1r/p1p2pbp/1p2p1p1/5n2/3PN3/4BN2/PPPQ1PPP/R4RK1 w - - 1 12,c2c3,145,117,-28
rn1q1k1r/p1p2pbp/1p2p1p1/8/3PN3/2P1nN2/PP1Q1PPP/R4RK1 w - - 0 13,f2e3,172,169,-3
3r1n2/p2k2b1/1p1pp1p1/7p/3P3Q/2P1P3/PP4PP/5RK1 w - - 2 22,e3e4,725,603,-122
rnbqkbnr/pppppppp/8/8/8/8/PPPPPPPP/RNBQKBNR w KQkq - 0 1,d2d4,25,25,0
rnbqkbnr/ppp1pppp/8/3p4/3P4/8/PPP1PPPP/RNBQKBNR w KQkq - 0 2,c2c4,26,25,-1
rnbqkb1r/ppp1pppp/5n2/3p4/2PP4/8/PP2PPPP/RNBQKBNR w KQkq - 1 3,e2e3,52,16,-36
rnbqkb1r/ppp2ppp/4pn2/3p4/2PP4/4P3/PP3PPP/RNBQKBNR w KQkq - 0 4,a2a3,8,-2,-10
rnbqk2r/ppp1bppp/4pn2/3p4/2PP4/P3P3/1P3PPP/RNBQKBNR w KQkq - 1 5,b2b4,10,-28,-38
rnbq1rk1/p3bppp/1p2pn2/2pp4/1PPP4/P3PN2/1B3PPP/RN1QKB1R w KQ - 0 8,b4b5,-2,-39,37
r1bq1rk1/p2nbppp/1p2pn2/1Ppp4/2PP4/P3PN2/1B3PPP/RN1QKB1R w KQ - 1 9,c4d5,-24,-27,3
r1bq1rk1/p2nbppp/1p2p3/1Ppn4/3P4/P3PN2/1B3PPP/RN1QKB1R w KQ - 0 10,d4c5,-10,-61,51
r1bq1rk1/5ppp/pp2p3/1Pnn4/8/P3PN2/1Q3PPP/RN2KB1R w KQ - 0 14,b5a6,-64,-74,10
5rk1/5ppp/b3p3/qp1nn3/3N4/P3P3/R2N1PPP/4K2R w - - 2 22,f2f4,-898,-926,28
rnbqkbnr/pppppppp/8/8/8/8/PPPPPPPP/RNBQKBNR w KQkq - 0 1,c2c4,27,8,-19
r1bqkbnr/pp1ppppp/2n5/2p5/2P5/2N5/PP1PPPPP/R1BQKBNR w KQkq - 2 3,e2e3,26,26,0
r1bqkbnr/p2p1ppp/1pn1p3/2p5/2P5/2N1P3/PP1PNPPP/R1BQKB1R w KQkq - 0 5,b2b3,43,0,-43
r2qkbnr/pb1p1ppp/1p2p3/2p5/1nP5/1PN1P3/PB1PNPPP/R2QKB1R w KQkq - 3 7,a2a3,27,-10000,-10027
rn1qkbnr/1bp1pppp/pp6/3p4/8/2N5/PPPPPPPP/RNBQKB1R w KQkq - 0 5,e2e3,-130,-157,27
rn1qkbnr/1bp2ppp/pp6/4p3/8/3Bp3/PPPPNPPP/RNBQK2R w KQkq - 0 8,d2e3,-189,-214,25
r4rk1/4q1pp/ppn2pn1/2p1p3/8/4PN2/PPP1NPPP/3RQRK1 w - - 4 18,g2g3,12,-59,-71
r5k1/4q1pp/ppn2p2/2p1p3/7n/4P1P1/PPP1NP1P/3Q1RK1 w - - 0 21,g3h4,459,-143,-602
6k1/6pp/ppn5/2p2p2/4p3/4P3/PPP2P1P/3N1K2 w - - 0 28,f2f3,-231,-309,78
8/5k1p/ppn5/2p2pp1/8/4PK2/PPP4P/3N4 w - - 1 31,e3e4,-308,-358,50
8/7p/pp3k2/2p3pK/4Pp2/5n2/PPP2N1P/8 w - - 6 35,h2h3,-195,-299,104
8/8/pp4k1/2p3pp/5p2/5K1P/PPP5/8 w - - 0 42,c2c3,-457,-539,82
8/8/pp6/2p2kpp/5p2/2P2K1P/PP6/8 w - - 1 43,b2b3,-545,-593,48
8/8/pp6/2p2k1p/5pp1/1PP2K1P/P7/8 w - - 0 44,h3g4,-610,-658,48
8/8/pp6/2p5/4kpp1/1PP5/P5K1/8 w - - 2 46,a2a3,-709,-827,118
8/8/pp6/2p5/5pp1/PPP1k3/6K1/8 w - - 1 47,a3a4,-832,-859,27
8/8/pp6/2p5/P5K1/1PP1k3/8/5q2 w - - 0 50,c3c4,-886,-1165,279
rnbqkbnr/pppppppp/8/8/8/8/PPPPPPPP/RNBQKBNR w KQkq - 0 1,h2h4,27,-49,-76
rnbqkbnr/pppp1ppp/8/4p3/7P/8/PPPPPPP1/RNBQKBNR w KQkq - 0 2,h4h5,-35,-95,60
rnbqkbnr/ppp2ppp/8/3pp2P/8/8/PPPPPPP1/RNBQKBNR w KQkq - 0 3,d2d3,-112,-110,-2
rnbqkbnr/pp3ppp/8/2ppp2P/8/3P4/PPP1PPP1/RNBQKBNR w KQkq - 0 4,c2c3,-50,-148,98
r2qkb1r/pp3pp1/2n2n1p/3pp2P/2p5/N1PP3R/PP2PPP1/R1BQKB2 w Qkq - 0 10,d3c4,-35,-46,11
r2qk2r/pp3pp1/2n2n1p/3pp2P/2P5/b1P4R/PP2PPP1/R1BQKB2 w Qkq - 0 11,b2a3,-28,-36,8
3r4/pp3pk1/2n1q3/8/2p1p3/P1P5/P1Q1PPP1/4KB2 w - - 0 22,f2f3,-611,-754,143
3r4/pp3pk1/2n1q3/8/2p5/P1P2p2/P1Q1P1P1/4KB2 w - - 0 23,g2f3,-694,-717,23
rnbqkbnr/pppppppp/8/8/8/8/PPPPPPPP/RNBQKBNR w KQkq - 0 1,d2d4,32,24,-8
rnbqkb1r/pppppppp/5n2/8/3P4/8/PPP1PPPP/RNBQKBNR w KQkq - 1 2,c2c4,24,23,-1
rn1qkb1r/pbpppppp/1p3n2/8/2PP4/2N5/PP2PPPP/R1BQKBNR w KQkq - 2 4,d4d5,63,46,-17
rn1qkb1r/pbpp1ppp/1p2pn2/3P4/2P5/2N5/PP2PPPP/R1BQKBNR w KQkq - 0 5,e2e4,62,34,-28
rn1q1rk1/pbppbppp/1p2pn2/3P4/2P1P3/2N2N2/PP3PPP/R1BQKB1R w KQ - 3 7,e4e5,111,107,-4
rn1qnrk1/pbp1bppp/1p1pp3/3PP3/2P5/2NB1N2/PP3PPP/R1BQK2R w KQ - 0 9,e5d6,118,39,-79
r2qnrk1/pb2bppp/np1p4/3p4/2P5/2NBBN2/PP3PPP/R2Q1RK1 w - - 0 12,c4d5,117,71,-46
r2q1rk1/1bn1bppp/1p1p4/p2P4/1n6/1BN1BN2/PP3PPP/R2Q1RK1 w - - 0 15,a2a3,183,216,33
r4rk1/4bppp/1p3q2/p1p5/Q7/P4N2/1PB2PPP/4R1K1 w - - 4 27,b2b3,-112,-365,253
r4rk1/5ppp/1p1b1q2/p1p5/Q7/PP3N2/2B2PPP/4R1K1 w - - 1 28,h2h3,-348,-374,26
rnbqkbnr/pppppppp/8/8/8/8/PPPPPPPP/RNBQKBNR w KQkq - 0 1,d2d4,23,24,1
rnbqkbnr/ppp1pppp/8/3p4/3P4/8/PPP1PPPP/RNBQKBNR w KQkq - 0 2,e2e3,24,8,-16
rnbqkbnr/pp2pppp/8/2pp4/3P4/4P3/PPP2PPP/RNBQKBNR w KQkq - 0 3,c2c3,12,-10,-22
rnbqkb1r/pp3ppp/4pn2/2pp4/3P4/2PBP3/PP3PPP/RNBQK1NR w KQkq - 2 5,f2f4,1,-20,-21
r1bqk2r/pp3ppp/2nbpn2/3p4/3p1P2/2PBPN2/PP4PP/RNBQ1RK1 w kq - 0 8,e3d4,21,14,-7
r1bq1rk1/pp3p1p/2nbp1p1/3pn3/3P1P2/2PB3Q/PP4PP/RNB2RK1 w - - 0 12,f4e5,211,228,17
r1b1r1k1/pp1q1p1p/2n1pbp1/3pP3/3P4/2PB1Q2/PP1N2PP/R4RK1 w - - 0 18,e5f6,364,136,-228
rnbqkbnr/pppppppp/8/8/8/8/PPPPPPPP/RNBQKBNR w KQkq - 0 1,f2f4,29,-31,-60
rnbqkbnr/ppp1pppp/3p4/8/5P2/8/PPPPP1PP/RNBQKBNR w KQkq - 0 2,e2e4,8,10,2
rn1qkbnr/ppp1ppp1/3p4/7p/4PPb1/5N2/PPPP2PP/RNBQKB1R w KQkq - 2 4,d2d4,97,85,-12
rn1qkb1r/pppbppp1/3p1n2/7p/3PPP2/5N2/PPP1B1PP/RNBQK2R w KQkq - 3 6,e4e5,191,193,2
rn1qkb1r/pppbppp1/3p4/4P2p/3PnP2/5N2/PPP1B1PP/RNBQK2R w KQkq - 1 7,c2c4,197,167,-30
rn1qkb1r/pp1bppp1/3p4/2p1P2p/2PP1P2/2n2N2/PP2B1PP/R1BQK2R w KQkq - 0 9,b2c3,221,231,10
rn1qkb1r/pp2ppp1/2bp4/2p1P2p/2PP1P2/2P2N2/P3B1PP/R1BQK2R w KQkq - 1 10,d4d5,400,378,-22
rn1qkb1r/pp2ppp1/3p4/2pPP2p/2P2Pb1/2PB1N2/P5PP/R1BQ1RK1 w kq - 5 13,h2h3,419,424,5
rn2kb1r/pp1qppp1/3p4/2pPP2p/2P2P2/2PB1Q1P/P5P1/R1B2RK1 w kq - 1 15,e5e6,461,467,6
rn2kb1r/pp1qp1p1/3pp3/2pP3p/2P2P2/2PB1Q1P/P5P1/R1B2RK1 w kq - 0 16,d5e6,454,438,-16
rn2kb1r/pp2p1p1/3pq3/2p4p/2P2P2/2PB1Q1P/P5P1/R1B2RK1 w kq - 0 17,f4f5,782,314,-468
rnbqkbnr/pppppppp/8/8/8/8/PPPPPPPP/RNBQKBNR w KQkq - 0 1,e2e4,27,27,0
rnbqkbnr/pppp1ppp/8/4p3/4P3/8/PPPP1PPP/RNBQKBNR w KQkq - 0 2,f2f4,29,-34,-63
r1bqkbnr/pppp1ppp/2n5/8/4Pp2/5N2/PPPP2PP/RNBQKB1R w KQkq - 2 4,d2d4,25,21,-4
r1bqkbnr/ppp2ppp/2n5/3p4/3PPp2/5N2/PPP3PP/RNBQKB1R w KQkq - 0 5,e4e5,65,-167,-232
r2qkbnr/ppp2pp1/2n4p/3pP3/3P1Bb1/5N2/PPP3PP/RN1QKB1R w KQkq - 0 7,c2c3,84,85,1
1k1r1b1r/2pqnp2/Q1n4p/3pP1p1/3P2b1/2P2NB1/PP1N2PP/R4RK1 w - - 1 16,a2a4,54,-93,-147
rnbqkbnr/pppppppp/8/8/8/8/PPPPPPPP/RNBQKBNR w KQkq - 0 1,e2e4,28,28,0
rnbqkbnr/pppp1ppp/8/4p3/4P3/8/PPPP1PPP/RNBQKBNR w KQkq - 0 2,f2f4,28,-55,-83
rnbqkbnr/ppp2ppp/8/3pp3/4PP2/8/PPPP2PP/RNBQKBNR w KQkq - 0 3,e4d5,-16,-21,5
rnbqkbnr/pppppppp/8/8/8/8/PPPPPPPP/RNBQKBNR w KQkq - 0 1,e2e4,32,27,-5
rnbqkbnr/pppp1ppp/8/4p3/4P3/8/PPPP1PPP/RNBQKBNR w KQkq - 0 2,c2c4,23,-56,-79
rnbqkb1r/pppp1ppp/5n2/4p3/2P1P3/8/PP1P1PPP/RNBQKBNR w KQkq - 1 3,d2d3,-13,-13,0
r1bq1rk1/1pp2ppp/p1np1n2/2b1p3/2P1P3/3P1N2/PPN1BPPP/R1BQK2R w KQ - 0 8,h2h3,-29,-35,6
r1bq1rk1/2p2ppp/p1np1n2/1pb1p3/2P1P3/3P1N1P/PPN1BPP1/R1BQK2R w KQ - 0 9,c4b5,-36,-35,-1
r2q1rk1/2pb1ppp/2np1n2/1pb1p1N1/4P3/3P3P/PPN2PP1/R1BQKB1R w KQ - 4 12,a2a3,-141,-172,31
r2q1rk1/2pb1ppp/2np1n2/2b1p1N1/1p2P3/P2P3P/1PN2PP1/R1BQKB1R w KQ - 0 13,h3h4,-179,-319,140
r2q1rk1/2pb1pp1/2np1n1p/2b1p1N1/4P2P/Pp1PN3/1P3PP1/R1BQKB1R w KQ - 0 15,g2g3,-186,-258,72
r2q1rk1/2pb1pp1/2np1n2/2b1p1p1/4P2P/Pp1PN1P1/1P3P2/R1BQKB1R w KQ - 0 16,h4g5,-136,-165,29
r2q1rk1/2pb2pn/2np1p2/2b1p1PQ/4P3/Pp1PN1P1/1P3P2/R1B1KB1R w KQ - 0 18,g5g6,10000,675,-9325
rnbqkbnr/pppppppp/8/8/8/8/PPPPPPPP/RNBQKBNR w KQkq - 0 1,d2d4,29,21,-8
rnbqkbnr/ppp1pppp/8/3p4/3P4/8/PPP1PPPP/RNBQKBNR w KQkq - 0 2,c2c4,20,25,5
r2qkbnr/ppp1pppp/2n5/5b2/2pP4/2N2N2/PP2PPPP/R1BQKB1R w KQkq - 4 5,e2e4,256,195,-61
2kr3r/ppp2ppp/3q1b2/3Np3/4P3/5Q2/PP3PPP/R2R2K1 w - - 4 15,h2h3,200,-98,-298
2krr3/ppp2p1p/5p2/4p3/4P3/7P/PP3PP1/R2R2K1 w - - 0 18,f2f3,-162,-202,40
rnbqkbnr/pppp1ppp/4p3/8/8/5N2/PPPPPPPP/RNBQKB1R w KQkq - 0 2,g2g3,22,9,-13
rn2k2r/ppqbnppp/2pbp3/3p4/8/5NP1/PPPPPPBP/RNBQ2KR w kq - 8 8,e2e3,-86,-153,67
2kr3r/ppqbnppp/n1pbp3/3p4/8/4P1P1/PPPP1PBP/RNBQN1KR w - - 3 10,d2d3,-145,-176,31
2kr3r/ppqbn3/n1pbp3/3p2p1/5p2/3PP1Pp/PPP1BP1P/R1BQNNKR w - - 0 16,e3e4,-321,-340,19
2kr3r/ppqbn3/n1p1p3/3p2p1/4P3/3P2bp/PPP1BP1P/R1BQN1KR w - - 0 18,f2g3,75,-285,-360
2kr3r/ppqbn3/n1p5/4p1p1/8/3P1BPp/PPP4P/R1BQ2KR w - - 0 21,g3g4,-512,-654,142
2kr4/ppqb4/n1p5/4p1p1/5nPr/3P1B1p/PPP2K1P/R1BQR3 w - - 5 24,a2a4,-494,-575,81
rnbqkbnr/pppppppp/8/8/8/8/PPPPPPPP/RNBQKBNR w KQkq - 0 1,e2e4,29,27,-2
rnbqkb1r/pp1ppppp/5n2/2p5/4P3/5N2/PPPP1PPP/RNBQKB1R w KQkq - 2 3,d2d4,72,-77,-149
rn1qkb1r/pp1bpppp/3p1n2/1B6/3NP3/8/PPP2PPP/RNBQK2R w KQkq - 2 6,a2a4,7,-62,-69
rn2kb1r/1p1qpppp/p2p1n2/8/P2NP3/8/1PP2PPP/RNBQK2R w KQkq - 0 8,a4a5,4,-99,-103
rn3rk1/1p1n1pp1/p7/P6p/1b2N3/8/1PP2PPP/R1BQ1RK1 w - - 1 15,c2c3,870,767,-103
rn3rk1/1p2b1p1/p7/P4p2/4n3/2P1Q3/1P3PPP/R1B2RK1 w - - 0 19,f2f3,563,296,-267
rnbqkbnr/pppppppp/8/8/8/8/PPPPPPPP/RNBQKBNR w KQkq - 0 1,e2e4,29,25,-4
rn1qk2r/pp2bppp/2pp1n2/4p3/2B1P1b1/2N2N2/PPPP1PPP/R1BQK2R w KQkq - 2 7,d2d4,-2,-42,40
rn1qk2r/pp2bppp/2p2n2/3pp3/2BPP1b1/2N2N2/PPP2PPP/R1BQK2R w KQkq - 0 8,e4d5,32,22,-10
rn1qk2r/pp2bppp/2p2n2/3P4/2BPp1b1/2N2N2/PPP2PPP/R1BQK2R w KQkq - 0 9,h2h3,20,13,-7
rn1qk2r/pp2bppp/2p2n2/3P4/2BP2b1/2N2p1P/PPP2PP1/R1BQK2R w KQkq - 0 10,h3g4,51,49,-2
2kr4/pp2b2p/5p2/3N2p1/2B3P1/6n1/PPP2P1R/3K4 w - - 0 27,f2g3,512,511,-1
8/pB5p/5p2/2k1b1p1/6P1/3K4/PPP5/8 w - - 5 35,c2c3,8,6,-2
8/p7/1k3p1p/4b1p1/4B1P1/2PK4/PP6/8 w - - 0 37,b2b4,168,50,-118
8/8/1k3p1p/p3b1p1/1P2B1P1/2PK4/P7/8 w - - 0 38,a2a4,129,29,-100
8/8/1k3p1p/4b1p1/Pp2B1P1/2PK4/8/8 w - - 0 39,c3b4,15,14,-1
8/8/1k3p1p/4b1p1/PPK1B1P1/8/8/8 w - - 3 41,a4a5,148,163,15
8/8/k1B4p/P1K2pp1/1P4P1/2b5/8/8 w - - 0 44,g4f5,289,404,115
8/k7/7p/PBK2P2/1P4p1/2b5/8/8 w - - 2 46,a5a6,309,28,-281
8/8/k1B4p/2K2P2/1P6/2b3p1/8/8 w - - 0 48,b4b5,7,3,-4
8/k7/2B4p/1PK2P2/8/2b3p1/8/8 w - - 1 49,b5b6,0,0,0
1k1b4/8/1PB1K3/5P2/7p/6p1/8/8 w - - 2 54,f5f6,1,-24,-25
1k6/8/1bB1KP2/8/7p/6p1/8/8 w - - 0 55,f6f7,0,0,0
rnbqkbnr/pppppppp/8/8/8/8/PPPPPPPP/RNBQKBNR w KQkq - 0 1,e2e4,24,26,2
r1bqkbnr/pp1ppppp/2n5/2p5/4P3/5N2/PPPP1PPP/RNBQKB1R w KQkq - 2 3,d2d4,38,33,-5
2rq1rk1/4npp1/p2p3p/1p2p3/4n3/1B2B3/PPP2PPP/R2Q1RK1 w - - 0 17,f2f3,-69,-118,49
3q1rk1/4npp1/p2p3p/1pr1p3/8/1B3P2/PPP3PP/R2Q1RK1 w - - 0 19,c2c3,-144,-146,2
3q1rk1/5pp1/p6p/1prpp3/8/2P2P2/PPB1Q1PP/5RK1 w - - 0 23,f3f4,-334,-403,69
5rk1/5pp1/p6p/1prp4/4q3/2PQ4/PPB3PP/5R1K w - - 7 28,b2b4,-368,-574,206
5rk1/5pp1/p6p/1p6/1r6/3B4/P5PP/4R2K w - - 0 33,a2a3,-511,-564,53
rnbqkbnr/pppppppp/8/8/8/8/PPPPPPPP/RNBQKBNR w KQkq - 0 1,e2e4,26,26,0
rnbqkbnr/ppp1pppp/8/3p4/4P3/8/PPPP1PPP/RNBQKBNR w KQkq - 0 2,e4d5,80,74,-6
r1b1kbnr/p1p1pppp/n1q5/8/1p6/1B3N2/PPPPNPPP/R1BQ1RK1 w kq - 2 9,c2c3,635,434,-201
r1b1kbnr/pqp1pppp/n7/8/1p6/1BP2N2/PP1PNPPP/R1BQ1RK1 w kq - 1 10,d2d4,582,354,-228
r1b1kbnr/pq2pppp/n1p5/8/1p1P4/1BP2N2/PP2NPPP/R1BQ1RK1 w kq - 0 11,c3b4,411,294,-117
r1b1kbnr/pqn1pppp/2p5/8/1P1P4/1B3N2/PP2NPPP/R1BQ1RK1 w kq - 1 12,a2a3,342,318,-24
rnbqkbnr/pppppppp/8/8/8/8/PPPPPPPP/RNBQKBNR w KQkq - 0 1,d2d3,22,-20,-42
rnbqkbnr/pppppppp/8/8/8/8/PPPPPPPP/RNBQKBNR w KQkq - 0 1,c2c4,27,1,-26
rnbqkbnr/ppp2ppp/4p3/3p4/2P5/2N5/PP1PPPPP/R1BQKBNR w KQkq - 0 3,b2b3,31,-87,-118
rnbqkb1r/pp3ppp/4pn2/2pp4/2P5/1PN5/PB1PPPPP/R2QKBNR w KQkq - 0 5,d2d4,-21,-267,246
r1bq1rk1/pp3ppp/2n1p3/8/1bPpQ3/1P6/PB2PPPP/R2K1BNR w - - 3 11,a2a3,-304,-289,-15
rnbqkbnr/pppppppp/8/8/8/8/PPPPPPPP/RNBQKBNR w KQkq - 0 1,d2d4,27,26,-1
rnbqkbnr/pp1ppppp/2p5/8/3P4/8/PPP1PPPP/RNBQKBNR w KQkq - 0 2,h2h3,31,-10,-41
rnb1kbnr/p1qppppp/2p5/1p6/3P4/5N1P/PPP1PPP1/RNBQKB1R w KQkq - 0 4,c2c3,161,77,-84
rn2kbnr/1bq2pp1/2ppp1p1/pp6/3P1B2/1QP4P/PP2PPP1/RN2KB1R w KQkq - 0 9,e2e3,-497,-581,84
r3kbn1/1bq2pp1/n1ppp1p1/1p6/p2P1B1r/Q1P1P2P/PP3PP1/RN2KB1R w KQq - 4 12,b2b4,-521,-525,4
r3kbn1/1bq2pp1/n1ppp1p1/1p6/3P1r2/1QP1P2P/P4PP1/RN2KB1R w KQq - 0 14,e3f4,-438,-417,-21
r3k1n1/1b3pp1/n1pbp1p1/1p1p4/3P1q2/1QP4P/P3BPP1/RN3RK1 w q - 2 17,g2g3,-358,-358,0
rnbqkbnr/pppppppp/8/8/8/8/PPPPPPPP/RNBQKBNR w KQkq - 0 1,e2e4,27,26,-1
rnbqkbnr/pp1p1ppp/2p1p3/8/2B1P3/8/PPPP1PPP/RNBQK1NR w KQkq - 0 3,d2d4,2,9,7
rnbqkbnr/pp3ppp/2p1p3/3p4/2BPP3/8/PPP2PPP/RNBQK1NR w KQkq - 0 4,e4d5,5,-6,-11
6rr/p1q1kp1p/2b1pp2/3p4/8/5Q2/P1P2PP1/1N3R1K w - - 2 21,g2g3,-578,-930,352
7r/p3kp2/4pp2/8/3p4/6qp/P1P5/7K w - - 0 30,c2c3,-10000,-10000,0
7r/p3kp2/4pp2/8/8/2p3qp/P7/7K w - - 0 31,a2a3,-10000,-10000,0
7r/4kp2/p3pp2/8/8/P1p3qp/8/7K w - - 0 32,a3a4,-10000,-10000,0
rnbqkbnr/pppppppp/8/8/8/8/PPPPPPPP/RNBQKBNR w KQkq - 0 1,d2d4,26,27,1
rnbqkbnr/ppp1pppp/8/3p4/3P4/8/PPP1PPPP/RNBQKBNR w KQkq - 0 2,c2c4,23,24,1
rn1qkb1r/pp3ppp/2p1pn2/3p1bB1/2PP4/2N2N2/PP2PPPP/R2QKB1R w KQkq - 0 6,e2e3,34,15,-19
rn1qk2r/pp2bppp/2p1pn2/3p2B1/2PP2b1/2NBPN2/PP3PPP/R2QK2R w KQkq - 3 8,h2h3,40,41,1
rn1q1rk1/pp2bppp/2p1pn2/3p2Bb/2PP4/2NBPN1P/PP3PP1/R2Q1RK1 w - - 3 10,c4d5,36,10,-26
r2q1rk1/pp2bppp/2n1pn2/3p2Bb/3P4/2NBPN1P/PP3PP1/2RQ1RK1 w - - 2 12,g2g4,4,1,-3
r2q1rk1/pp2bppp/4pnb1/3pn1B1/3P2P1/2NBP2P/PP3P2/2RQ1RK1 w - - 0 14,d4e5,-21,-22,1
r4rk1/pp1nqppp/4p1b1/3pP3/6P1/2NBP2P/PP3P2/2RQ1RK1 w - - 0 16,f2f4,-27,-22,-5
r4rk1/pp1nq1pp/4pp2/3pP3/5PP1/2NQP2P/PP6/2R2RK1 w - - 0 18,e5f6,-1,1,2
r6k/1p4pp/p4r2/3Qp1n1/5PPq/4PR1P/PP4K1/2R5 w - - 0 26,f4g5,119,145,26
rnbqkbnr/pppppppp/8/8/8/8/PPPPPPPP/RNBQKBNR w KQkq - 0 1,e2e4,35,29,-6
rnbqk1nr/ppppppbp/6p1/8/4P3/2N5/PPPP1PPP/R1BQKBNR w KQkq - 2 3,d2d3,63,-6,-69
rn1qk1nr/1bppppb1/pp4pp/8/4P3/2NPBN2/PPPQ1PPP/R3KB1R w KQkq - 0 7,g2g3,88,16,-72
rn1qk2r/1bp1npb1/pp1pp1pp/8/4P3/2NPBNP1/PPPQ1PBP/R4RK1 w kq - 2 10,h2h3,74,50,-24
r2qk2r/1bpnnpb1/pp1pp1pp/8/4P3/2NPBNPP/PPPQ1PB1/R4RK1 w kq - 1 11,a2a4,56,44,-12
1r1qk2r/1b1nnpb1/pp1pp1pp/2p5/P3P3/2NPBNPP/1PPQ1PB1/1R3RK1 w k - 0 13,b2b4,51,29,-22
1r1qk2r/1b1nnpb1/pp1p2pp/2p1p3/PP2P3/2NPBNPP/2PQ1PB1/1R3RK1 w k - 0 14,b4c5,84,71,-13
3qk2r/3nnpb1/p2p3p/1bp1p1p1/4P3/R2PBNPP/2PQNPB1/6K1 w k - 2 20,c2c4,115,108,-7
1nq2rk1/6b1/2np1p1p/2p1p1p1/2P1P1b1/3PB1P1/4NPBK/RQ4N1 w - - 0 29,f2f3,-44,-51,7
1nq2rk1/6b1/2npbp1p/2p1p1p1/2P1P3/3PBPP1/4N1BK/RQ4N1 w - - 1 30,f3f4,-65,-154,89
1nq2r2/5kb1/2npbp1p/2p1p1p1/2P1PP2/3PB1P1/4N1BK/RQ4N1 w - - 1 31,f4g5,85,-151,-236
2q4r/5k2/3p1pnb/4p3/2PpP3/3P2PN/8/5QKR w - - 8 42,g3g4,-440,-861,421
rnbqkbnr/pppppppp/8/8/8/8/PPPPPPPP/RNBQKBNR w KQkq - 0 1,d2d4,33,23,-10
rnbqkb1r/pppp1ppp/4pn2/8/3P4/2N5/PPP1PPPP/R1BQKBNR w KQkq - 0 3,a2a3,65,-25,-90
rnbqkb1r/pp3ppp/4pn2/2pp4/3P1B2/P1N5/1PP1PPPP/R2QKBNR w KQkq - 0 5,e2e3,-28,-25,-3
rnbqkb1r/pp3ppp/4pn2/3p4/3p1B2/P1N1P3/1PP2PPP/R2QKBNR w KQkq - 0 6,e3d4,91,28,-63
r3k2r/p3bppp/bqp1pn2/3p4/3P1B2/P1N2Q2/1PP1NPPP/R3K2R w KQkq - 4 11,b2b4,-40,-116,76
rnbqkbnr/pppppppp/8/8/8/8/PPPPPPPP/RNBQKBNR w KQkq - 0 1,e2e4,34,26,-8
rnbqkbnr/ppp2pp1/3p3p/4p3/2B1P3/5N2/PPPP1PPP/RNBQK2R w KQkq - 0 4,c2c3,88,48,-40
rnbqkbnr/pp3pp1/2pp3p/4p3/2B1P3/2P2N2/PP1P1PPP/RNBQK2R w KQkq - 0 5,d2d4,58,65,7
rnbqkbnr/pp3pp1/2pp3p/8/2BpP3/2P2N2/PP3PPP/RNBQK2R w KQkq - 0 6,c3d4,115,75,-40
rnb1kb1r/pp3pp1/1qpp1n1p/8/2BPP3/2N2N2/PP3PPP/R1BQK2R w KQkq - 3 8,a2a3,265,140,-125
rn2kb1r/pp3pp1/1qpp1n1p/8/2BPP1b1/P1N2N2/1P1B1PPP/R2Q1RK1 w kq - 5 11,h2h3,309,156,-153
rn2k2r/pp2bpp1/2pp1n1p/8/4P3/P1N2Q1P/Bq3PP1/R3R1K1 w kq - 2 16,e4e5,-221,-262,41
r1r5/3R2p1/3Q3p/p2n1k2/4p3/7P/5PP1/6K1 w - - 3 27,g2g4,10000,10000,0
rnbqkbnr/pppppppp/8/8/8/8/PPPPPPPP/RNBQKBNR w KQkq - 0 1,e2e4,35,34,-1
rnbqkbnr/ppp1pppp/8/3p4/4P3/8/PPPP1PPP/RNBQKBNR w KQkq - 0 2,e4d5,64,64,0
rnb1kbnr/ppp1pppp/8/3q4/8/8/PPPP1PPP/RNBQKBNR w KQkq - 0 3,d2d4,74,29,-45
r1bqkbnr/3n1pp1/p1p1p2p/1p6/3P1B2/2NB1N2/PPP2PPP/R2QR1K1 w kq - 0 10,d4d5,392,284,-108
rnbqkbnr/pppppppp/8/8/8/8/PPPPPPPP/RNBQKBNR w KQkq - 0 1,e2e4,36,30,-6
r1bqkbnr/ppp2ppp/2np4/1B2p3/4P3/5N2/PPPP1PPP/RNBQK2R w KQkq - 0 4,h2h3,54,28,-26
r2q1rk1/1ppbbppp/p1np1n2/4p3/4P3/1B3N1P/PPPP1PP1/RNBQR1K1 w - - 6 9,c2c3,54,38,-16
r2q1rk1/1ppbbpp1/p1np1n1p/4p3/4P3/1BP2N1P/PP1P1PP1/RNBQR1K1 w - - 0 10,d2d4,50,51,1
r2q1rk1/1ppbbpp1/p2p1n1p/n7/3pP3/2P2N1P/PPB2PP1/RNBQR1K1 w - - 0 12,c3d4,187,169,-18
r2q1rk1/1ppbbppn/p2p3p/n7/3PP3/5N1P/PPB2PP1/RNBQR1K1 w - - 1 13,b2b4,179,144,-35
r2q1rk1/1ppbbppn/p1np3p/8/1P1PP3/5N1P/P1B2PP1/RNBQR1K1 w - - 1 14,a2a3,145,153,8
r2q1r1k/1ppbb1pn/p1np3p/5p2/1P1PP3/PB3N1P/5PP1/RNBQR1K1 w - - 2 16,e4e5,178,132,-46
r2q1r1k/1ppbb1pn/p1n4p/4pp2/1P1P4/PB3N1P/5PP1/RNBQR1K1 w - - 0 17,d4e5,194,128,-66
r2r3k/1pp1b1pn/2n1B2p/p3Pp2/1P6/P4N1P/5PP1/R1B1RNK1 w - - 0 23,b4b5,598,578,-20
rnbqkbnr/pppppppp/8/8/8/8/PPPPPPPP/RNBQKBNR w KQkq - 0 1,d2d4,37,20,-17
rnbqkbnr/pp2pppp/2p5/3p4/3P4/5N2/PPP1PPPP/RNBQKB1R w KQkq - 0 3,h2h3,25,-1,-26
rnbqkbnr/pp3ppp/2p1p3/3p4/3P4/5N1P/PPP1PPP1/RNBQKB1R w KQkq - 0 4,e2e3,28,21,-7
rnbqkbnr/5ppp/p1p1p3/1p1p4/3P4/N3PN1P/PPP2PP1/R1BQKB1R w KQkq - 0 6,b2b3,-23,-419,396
rnbqkbnr/5pp1/p1p1p2p/1p1p4/3P4/NP2PN1P/P1P2PP1/R1BQKB1R w KQkq - 0 7,c2c4,1,-369,-370
rn1qkbnr/1b3pp1/p1p1p2p/3p4/1pPP4/1P2PN1P/P1N2PP1/R1BQKB1R w KQkq - 2 9,a2a3,154,70,-84
rn1qkbnr/1b3pp1/2p1p2p/p2p4/1pPP4/PP2PN1P/2N2PP1/R1BQKB1R w KQkq - 0 10,a3b4,205,226,21
bn1q1rk1/5pp1/2p1pn1p/3p4/1pPP4/1P1BPN1P/2Q2PP1/2B1K2R w K - 4 15,e3e4,145,17,-128
b2q1rk1/3n1pp1/2p1pn1p/3p4/1pPPP3/1P1B1N1P/2Q2PP1/2B1K2R w K - 1 16,e4d5,140,58,-82
b2q1rk1/5pp1/4pn1p/3pn3/1pPP4/1P1B3P/2Q2PP1/2B1K2R w K - 0 18,d4e5,-80,-79,-1
b4rk1/5pp1/4p2p/3pn1q1/1pP5/1P1B3P/1BQ2PP1/5RK1 w - - 0 21,f2f4,393,390,-3
b4rk1/5pp1/4p2p/3pn3/1pP2P2/1P1B2qP/1BQ3P1/5RK1 w - - 1 22,f4e5,381,329,-52
b4rk1/5pp1/4p2p/4P3/1pp5/1P1B2qP/1BQ3P1/5RK1 w - - 0 23,b3c4,320,64,-256
rnbqkbnr/pppppppp/8/8/8/8/PPPPPPPP/RNBQKBNR w KQkq - 0 1,e2e3,33,11,-22
rnbqkbnr/pppp1ppp/4p3/8/8/4P3/PPPP1PPP/RNBQKBNR w KQkq - 0 2,d2d3,3,-22,-25
rnbqkbnr/pp3ppp/4p3/2pp4/8/3PP3/PPPBBPPP/RN1QK1NR w KQkq - 0 5,c2c3,-16,-43,27
rnbqkb1r/pp3ppp/4pn2/2pp4/8/2PPP3/PP1BBPPP/RN1QK1NR w KQkq - 1 6,f2f3,-36,-147,111
rnb1k2r/ppq2ppp/3bpn2/2pp4/8/2PPPP2/PPQBB1PP/RN2K1NR w KQkq - 3 8,b2b3,-127,-212,85
rnb2rk1/ppq2ppp/3bpn2/2pp4/8/1PPPPP2/P1QBB1PP/RN2K1NR w KQ - 1 9,g2g3,-205,-202,-3
rnb2rk1/1pq2ppp/3bpn2/p1pp4/8/1PPPPPP1/P1QBB2P/RN2K1NR w KQ - 0 10,a2a4,-119,-110,-9
rnb2rk1/2q2ppp/1p1bpn2/p1pp4/P7/1PPPPPP1/2QBB2P/RN2K1NR w KQ - 0 11,c3c4,-96,-136,40
rnb2rk1/2q2ppp/1p1bpn2/p1p5/P1p5/1P1PPPP1/2QBB2P/RN2K1NR w KQ - 0 12,d3c4,-100,-98,-2
1q1r2k1/5p2/1p5p/p1prp3/P1P5/1P2PPP1/2K4P/R6R w - - 0 32,c4d5,-507,-529,22
1q4k1/5p2/1p5p/p1prp3/P7/1P2PPP1/2K4P/R6R w - - 0 33,e3e4,-534,-572,38
rnbqkbnr/pppppppp/8/8/8/8/PPPPPPPP/RNBQKBNR w KQkq - 0 1,d2d4,31,19,-12
2rqkbnr/ppp1pppp/2n5/1N1p1b2/3P1B2/8/PPP1PPPP/R2QKBNR w KQk - 6 5,a2a3,-15,-41,26
2rqkbnr/1pp2ppp/p1n1p3/3p1b2/3P1B2/P1N5/1PP1PPPP/R2QKBNR w KQk - 0 7,e2e3,-18,-18,0
2rqk2r/1pp1bpp1/p1n1pn1p/3p4/3P2b1/P1N1P1B1/1PP1NPPP/R2QKB1R w KQk - 4 12,f2f3,-23,-27,4
2rqk2r/1pp2pp1/p1n1pn1p/3p3b/3P4/P1N1PPb1/1PP1N1PP/R2QKB1R w KQk - 0 15,h2g3,9,12,3
2rqk2r/1pp2pp1/p1n1pn1p/3p1b2/3P1N2/P1N1PPP1/1PP3P1/R2QKB1R w KQk - 3 17,g3g4,96,80,-16
2r2rk1/2p2pp1/p1n1pq1p/1p1p4/3P2P1/P1NQPP2/1PP3P1/2KR3R w - - 0 23,f3f4,102,102,0
2r2rk1/2p1qpp1/p1n1p2p/1p1p4/3P1PP1/P1NQP3/1PP3P1/2KR3R w - - 1 24,g4g5,154,142,-12
rnbqkbnr/pppppppp/8/8/8/8/PPPPPPPP/RNBQKBNR w KQkq - 0 1,d2d4,28,20,-8
rnbqkbnr/ppp1pppp/8/3p4/3P4/8/PPP1PPPP/RNBQKBNR w KQkq - 0 2,c2c4,20,20,0
rnbq1rk1/ppp1bppp/4pn2/3p2B1/2PP4/2N2N2/PP2PPPP/R2QKB1R w KQ - 6 6,e2e3,25,24,-1
r1bq1rk1/pppnbppp/4pn2/3p2B1/2PP4/2N1PN2/PP3PPP/R2QKB1R w KQ - 1 7,c4c5,24,-10,-34
r1bq1rk1/pp1nbppp/2p1pn2/2Pp2B1/3P4/2N1PN2/PP3PPP/R2QKB1R w KQ - 0 8,b2b4,9,-28,-37
r1bqr1k1/pp1nbpp1/2p1pn1p/2Pp4/1P1P3B/2N1PN2/P4PPP/R2QKB1R w KQ - 2 10,h2h3,19,-66,-85
r1bqrnk1/p3bpp1/1pp1pn1p/2Pp4/1P1P3B/2NBPN1P/P4PP1/R2QK2R w KQ - 0 12,a2a3,125,47,-78
r2qrnk1/1b2bpp1/1pp1pn1p/2Pp4/1p1P3B/P1NBPN1P/2Q2PP1/R4RK1 w - - 0 15,a3b4,204,177,-27
r2qrnk1/1b2bpp1/2p1pn1p/2pp4/1P1P3B/2NBPN1P/2Q2PP1/R4RK1 w - - 0 16,b4c5,226,198,-28
2q1rnk1/1b2b1p1/2p1pn1p/2PpNp2/3P4/2NBP2P/2Q2PPB/R5K1 w - - 2 24,f2f4,374,149,-225
4rnk1/1b4p1/2p1pq1p/2Pp4/3PpP2/2N1P2P/5QPB/R5K1 w - - 0 29,g2g4,196,54,-142
3q1nk1/1b4p1/1Np1p2p/2Pp4/3PpPP1/4P2P/5Q1B/6K1 w - - 4 33,f4f5,60,10,-50
8/1b6/1NpBkpnp/2Pp4/3Pp1P1/4P1KP/8/8 w - - 6 39,h3h4,59,24,-35
8/8/2p1kp1p/2Pp4/3PpKPP/4P2N/4b3/8 w - - 12 47,g4g5,28,0,-28
8/8/2p1k2p/2Pp2p1/3PpK1P/4P2N/4b3/8 w - - 0 48,h4g5,96,143,47
rnbqkbnr/pppppppp/8/8/8/8/PPPPPPPP/RNBQKBNR w KQkq - 0 1,e2e4,33,30,-3
rnbqkbnr/ppp1pppp/8/3p4/4P3/8/PPPP1PPP/RNBQKBNR w KQkq - 0 2,e4d5,62,62,0
2kr1bnr/p1p1pppp/2p5/8/8/2N2N2/PPbP1PPP/R1B2RK1 w - - 0 10,a2a4,26,-158,-184
2kr1bnr/2p1pppp/p1p5/8/P7/2N2N2/1PbP1PPP/R1B2RK1 w - - 0 11,a4a5,34,-199,-233
2k2b1r/2p2ppp/p5b1/P2rp3/4N3/8/NP1P1PPP/R1B1R1K1 w - - 1 18,b2b4,373,383,10
2k4r/2p3pp/p5b1/P3Rp2/1r6/2N5/3P1PPP/R1B3K1 w - - 0 22,h2h3,472,455,-17
8/1rp3p1/p1k4r/P2R1p1p/5N2/7P/3P1PP1/R1B3K1 w - - 5 28,d2d4,791,758,-33
rnbqkbnr/pppppppp/8/8/8/8/PPPPPPPP/RNBQKBNR w KQkq - 0 1,e2e4,28,29,1
rnbqk2r/pp2bppp/2p2n2/3pN3/2B1P3/2N5/PPPP1PPP/R1BQK2R w KQkq - 0 6,e4d5,160,163,3
r2qk2r/pp2bppp/2n1bn2/3p4/8/1BN2N2/PPPP1PPP/R1BQK2R w KQkq - 4 9,d2d3,97,114,17
r2q1rk1/pp2b1pp/2n1p3/8/3pn3/3P1N2/PPP2PPP/R1BQ1RK1 w - - 0 13,d3e4,102,102,0
r2q1rk1/pp2b1pp/2n5/4p3/3pP3/5N2/PPP2PPP/R1BQ1RK1 w - - 0 14,c2c3,104,128,24
3r1rk1/pp2b1pp/2n5/4p3/4P3/2p2N2/PP3PPP/R1B2RK1 w - - 0 16,b2c3,25,35,10
6k1/pp4p1/4n2p/4p3/4Pr2/2P5/PB4PP/4R2K w - - 1 24,c3c4,-24,-59,35
8/2B5/p3k1pp/1p6/1Kn5/8/P5PP/8 w - - 0 34,a2a4,-42,-130,88
8/8/p1k3pp/Bp6/PKn5/8/6PP/8 w - - 3 36,a4b5,-265,-289,24
3B4/8/2k3p1/1p5p/1Kn5/8/6PP/8 w - - 0 38,h2h3,-109,-145,36
3B4/8/2k3p1/1p5p/1K6/4n2P/6P1/8 w - - 1 39,g2g3,-81,-191,110
8/8/2k3p1/1p4Bp/1K6/6PP/8/4n3 w - - 3 41,g3g4,-135,-98,-37
8/8/2k3p1/1p4B1/1K4p1/7P/8/4n3 w - - 0 42,h3g4,-54,-57,3
8/8/2k2Bp1/1p6/1K4P1/8/7n/8 w - - 3 44,g4g5,-19,-25,6
8/8/4knp1/1K4P1/8/8/8/8 w - - 0 50,g5f6,-551,-643,92
rnbqkbnr/pppppppp/8/8/8/8/PPPPPPPP/RNBQKBNR w KQkq - 0 1,e2e4,31,31,0
rnbqkbnr/pppppppp/8/8/8/8/PPPPPPPP/RNBQKBNR w KQkq - 0 1,e2e4,35,35,0
rnbqkbnr/2pp1ppp/p3p3/1p6/4P3/2N2N2/PPPP1PPP/R1BQKB1R w KQkq - 0 4,a2a3,76,17,-59
rn1qkbnr/1bpp1ppp/p3p3/1p6/4P3/P1N2N2/1PPP1PPP/R1BQKB1R w KQkq - 1 5,d2d3,42,-30,-72
rn1qkbnr/1bpp1ppp/p3p3/8/1p2P3/P1NP1N2/1PP2PPP/R1BQKB1R w KQkq - 0 6,a3b4,67,69,2
rn1qk1nr/1bpp1ppp/p3p3/6N1/4P3/2bP4/1PP2PPP/R1BQKB1R w KQkq - 0 8,b2c3,90,116,26
rn1qk2r/1bpp1ppp/p3p3/5nN1/4P3/2PP1Q2/2P2PPP/R1B1KB1R w KQkq - 3 10,e4f5,267,-383,-650
rn1qk2r/2pp1ppp/p3p3/5PN1/8/2PP1b2/2P2PPP/R1B1KB1R w KQkq - 0 11,f5e6,-345,-490,145
rn1q1rk1/2p2ppp/p3p3/8/8/2PP1N2/2P2PPP/R1B1KB1R w KQ - 1 13,d3d4,-308,-316,8
r5k1/2p2p1p/p5pB/4N3/3P4/2q5/5PPP/1R4K1 w - - 2 26,g2g3,-373,-465,92
r7/2R2p1p/2N3pk/4B3/2q5/6P1/p4P1P/6K1 w - - 2 35,g3g4,-628,-10000,9372
8/2R2p1p/2N3pk/3q4/6P1/8/5PKP/r7 w - - 2 38,f2f3,-10000,-10000,0
8/2q2p1p/7k/4N1p1/6P1/5P1K/7P/6r1 w - - 0 45,f3f4,-10000,-10000,0
8/5p1p/7k/4q3/5pPK/8/7P/6r1 w - - 0 47,g4g5,-10000,-10000,0
rnbqkbnr/pppppppp/8/8/8/8/PPPPPPPP/RNBQKBNR w KQkq - 0 1,e2e4,37,25,-12
rnb1kbnr/pppp1ppp/5q2/4p3/2B1P3/8/PPPP1PPP/RNBQK1NR w KQkq - 2 3,c2c3,107,-11,-118
rn2kbnr/ppp2ppp/3p1q2/4p3/2B1P1b1/2P2N2/PP1P1PPP/RNBQK2R w KQkq - 2 5,d2d4,99,81,-18
rn2kbnr/ppp2ppp/3p1q2/4p3/2BPP3/2P2b2/PP3PPP/RNBQK2R w KQkq - 0 6,g2f3,80,95,15
rn2kbnr/ppp2ppp/3p1q2/8/2BpP3/2P2P2/PP3P1P/RNBQK2R w KQkq - 0 7,c3d4,179,169,-10
rn2kb1r/ppp1nppp/3p1q2/8/2BPP3/5P2/PP3P1P/RNBQK2R w KQkq - 1 8,e4e5,200,-136,-336
rn2kb1r/ppp1nppp/5q2/4p3/2BP4/5P2/PP3P1P/RNBQK2R w KQkq - 0 9,d4e5,-116,-126,10
5b1r/1ppQnppp/6k1/4q3/4N3/4nP2/PP3P1P/3RK2R w K - 4 19,f2e3,429,315,-114
rnbqkbnr/pppppppp/8/8/8/8/PPPPPPPP/RNBQKBNR w KQkq - 0 1,e2e4,30,29,-1
r1bqkbnr/pp1ppppp/2n5/2p5/4P3/2N5/PPPP1PPP/R1BQKBNR w KQkq - 2 3,d2d3,30,-18,-48
r1bqkbnr/1p1p1ppp/p1n1p3/2p5/4P3/2NP1N2/PPP2PPP/R1BQKB1R w KQkq - 0 5,a2a4,15,-26,-41
r1bqkb1r/1p3ppp/p1nppn2/2p5/P3P3/2NP1N2/1PP1BPPP/R1BQK2R w KQkq - 2 7,h2h3,-19,-25,6
r2q1rk1/3bbppp/p2ppn2/1pp5/P3P3/2NPBB1P/1PP2PP1/R1Q1R1K1 w - - 0 13,a4b5,172,120,-52
q4rk1/3bbppp/3ppn2/1pp5/4P3/2NPBB1P/1PP2PP1/2Q1R1K1 w - - 0 15,e4e5,121,179,58
q4rk1/4bppp/2bppn2/1pp1P3/8/2NPBB1P/1PP2PP1/2Q1R1K1 w - - 1 16,e5f6,398,392,-6
5rk1/4qpp1/7p/1pp1p3/3pN3/3P3P/1PP2PP1/2Q1R1K1 w - - 6 28,c2c3,441,410,-31
rnbqkbnr/pppppppp/8/8/8/8/PPPPPPPP/RNBQKBNR w KQkq - 0 1,e2e4,30,24,-6
rnbqkbnr/pp2pppp/2p5/3p4/4P3/5N2/PPPP1PPP/RNBQKB1R w KQkq - 0 3,e4d5,32,25,-7
rnbqkbnr/pp2pppp/8/3p4/8/5N2/PPPP1PPP/RNBQKB1R w KQkq - 0 4,d2d4,25,23,-2
r2qkb1r/pp3ppp/2n1pn2/3p4/3P2b1/2N2N2/PPP1BPPP/R1BQ1RK1 w kq - 2 8,h2h3,-15,-14,-1
r2qk2r/pp2bppp/2n1pn2/3p2Bb/3P4/2N2N1P/PPP1BPP1/R2Q1RK1 w kq - 3 10,g2g4,-9,-67,58
r4rk1/p1q1bppp/2p1pnb1/3pN1B1/3P2P1/2N4P/PPP2P2/R2Q1RK1 w - - 2 14,f2f3,-70,-185,115
1r3rk1/p1q1bppp/2p1pnb1/3pN1B1/3P2P1/2N2P1P/PPP5/R2Q1RK1 w - - 1 15,b2b3,-80,-160,80
1r3rk1/p1q2ppp/4pnb1/3pb1B1/6P1/1PN1QP1P/P1P3K1/R4R2 w - - 0 20,f3f4,-664,-776,112
rnbqkbnr/pppppppp/8/8/8/8/PPPPPPPP/RNBQKBNR w KQkq - 0 1,e2e3,35,0,-35
rnbqkbnr/pppp1ppp/4p3/8/8/4P3/PPPP1PPP/RNBQKBNR w KQkq - 0 2,d2d3,5,-18,-23
r1bqkbnr/pp3ppp/2n1p3/2pp4/8/3PP3/PPPBBPPP/RN1QK1NR w KQkq - 2 5,c2c3,-53,-92,39
r1bqkb1r/pp3ppp/2n1pn2/2pp4/8/2PPP3/PP1BBPPP/RN1QK1NR w KQkq - 1 6,f2f3,-85,-174,89
r1bqk2r/pp3ppp/2nbpn2/2pp4/8/2PPPP2/PP1BB1PP/RN1QK1NR w KQkq - 1 7,g2g3,-163,-199,36
r1b2rk1/ppq2ppp/2nbpn2/2pp4/8/2PPPPP1/PPQBB2P/RN2K1NR w KQ - 3 9,b2b3,-214,-237,23
r1b2rk1/p1q2ppp/2nbpn2/1ppp4/8/1PPPPPP1/P1QBB2P/RN2K1NR w KQ - 0 10,a2a3,-242,-298,56
r1b2rk1/2q2ppp/2nbpn2/pppp4/8/PPPPPPP1/2QBB2P/RN2K1NR w KQ - 0 11,b3b4,-232,-431,199
r1b2rk1/2q2ppp/2nbpn2/1ppp4/1p6/P1PPPPP1/2QBB2P/RN2K1NR w KQ - 0 12,c3b4,-445,-444,-1
r1b2rk1/2q2ppp/2nbpn2/1p1p4/1Pp5/P2PPPP1/2QBB2P/RN2K1NR w KQ - 0 13,a3a4,-359,-491,132
1r4k1/2qb1ppp/2nbpn2/3p4/QP6/2NBPPP1/3B3P/4K1NR w K - 3 18,b4b5,-343,-335,-8
1r6/n1q2kpp/1bb1pn2/1P1p1p2/Q7/B1NBPPP1/7P/1R4K1 w - - 0 26,b5c6,-187,-186,-1
1rn2Q2/6pp/1bq1pnk1/3p1p2/8/B1NBPPP1/7P/1R4K1 w - - 4 29,g3g4,-47,-398,351
2n2Q2/6pp/2q1pnk1/3p1p2/6P1/B1NBbP2/6KP/1r6 w - - 0 31,g4f5,-248,-282,34
rnbqkbnr/pppppppp/8/8/8/8/PPPPPPPP/RNBQKBNR w KQkq - 0 1,e2e4,32,26,-6
rnbqkbnr/ppp3pp/3p1p2/4p3/2B1P3/5N2/PPPP1PPP/RNBQK2R w KQkq - 0 4,c2c3,167,161,-6
r2qkb1r/p2b2pp/3p1p1n/n3p3/4P3/2P2N2/PP1PQPPP/RNB1K2R w KQkq - 3 11,d2d4,-206,-232,26
r2qkb1r/p5pp/3p1p1n/n3p3/3PP1b1/2P2N2/PP2QPPP/RNB1K2R w KQkq - 1 12,h2h3,-150,-161,11
r2qkb1r/3b3p/p2p1p1p/n3p3/3PP3/2P2N1P/PP2QPP1/RN3RK1 w kq - 0 15,b2b4,-9,-232,223
r2qkb1r/7p/p1np1p1p/4p3/1P1PP3/2P2N1P/P4PP1/RN3QK1 w kq - 1 18,d4d5,-214,-253,39
r2qkb1r/4n2p/p2p1p1p/3Pp3/1P2P3/2P2N1P/P4PP1/RN3QK1 w kq - 1 19,b4b5,-260,-340,80
r7/2k1n2p/3p1p1b/3Pp2p/4P3/2P2N1P/P4PP1/R5K1 w - - 0 26,a2a4,-288,-298,10
r1n5/2k4p/3p1p2/3Pp2p/P3P2N/2P4P/3b1PP1/R5K1 w - - 3 28,c3c4,-156,-251,95
8/7p/3p4/k2Pp2p/N1R5/4p2P/5PPK/8 w - - 0 39,f2e3,822,847,25
8/8/3p3K/1k1P4/2R5/4P2P/1N4P1/8 w - - 1 49,g2g4,1029,1077,48
8/8/1k1p3K/3P4/2R3P1/4P2P/1N6/8 w - - 1 50,g4g5,1167,1062,-105
8/1k6/3p3K/3P2P1/2R5/4P2P/1N6/8 w - - 1 51,g5g6,1066,1078,12
k7/8/3p2PK/3P4/2R5/4P2P/1N6/8 w - - 1 52,g6g7,1125,10000,8875
8/k5P1/3p3K/3P4/2R5/4P2P/1N6/8 w - - 1 53,g7g8q,10000,10000,0
Q7/8/3K4/1k1P4/2R5/4P2P/1N6/8 w - - 1 59,h3h4,10000,10000,0
rnbqkbnr/pppppppp/8/8/8/8/PPPPPPPP/RNBQKBNR w KQkq - 0 1,d2d4,25,20,-5
rnbqkbnr/pppp1ppp/4p3/8/3P4/8/PPP1PPPP/RNBQKBNR w KQkq - 0 2,c2c4,36,17,-19
rnbqkbnr/pp1p1ppp/4p3/2p5/2PP4/8/PP2PPPP/RNBQKBNR w KQkq - 0 3,e2e3,98,13,-85
rnbqkbnr/pp1p1ppp/4p3/8/2Pp4/4P3/PP3PPP/RNBQKBNR w KQkq - 0 4,e3d4,25,25,0
rnbqk1nr/pp1p1ppp/4p3/8/2PP4/2b5/PP3PPP/R1BQKBNR w KQkq - 0 6,b2c3,80,84,4
rnb2rk1/pp1p1ppp/4pn2/q7/2PP4/2PB4/P2B1PPP/R2QK1NR w KQ - 5 9,f2f4,69,12,-57
rnb2rk1/pp3ppp/4pn2/q2p4/2PP1P2/2PB4/P2B2PP/R2QK1NR w KQ - 0 10,c4d5,27,17,-10
r5k1/pp1n1pp1/5n1p/q2p4/3P1P2/2PBR3/P2B2PP/4R1K1 w - - 0 18,h2h3,-422,-484,62
4B1k1/1p3p2/5npp/p2pK3/3PnP2/2P1R2P/3BR1P1/q7 w - - 1 27,f4f5,-512,-575,63
4B1k1/1p3p2/5npp/p2pKP2/3Pn3/2P1R2P/q2BR1P1/8 w - - 1 28,f5g6,-474,-516,42
4B1k1/1p3p2/5nPp/p2pK3/2qPn3/2P1R2P/3BR1P1/8 w - - 1 29,g6f7,363,412,49
rnbqkbnr/pppppppp/8/8/8/8/PPPPPPPP/RNBQKBNR w KQkq - 0 1,e2e4,24,27,3
rnbqkbnr/1p1ppppp/p7/2p5/4P3/2N5/PPPP1PPP/R1BQKBNR w KQkq - 0 3,f2f4,31,2,-29
rnb1kbnr/1pqppppp/p7/2p5/4PP2/2N5/PPPP2PP/R1BQKBNR w KQkq - 1 4,d2d3,47,18,-29
rnb1kb1r/2qppppp/p4n2/1pp5/4PP2/2NP1N2/PPP3PP/R1BQKB1R w KQkq - 0 6,e4e5,52,47,-5
rnb1kb1r/3ppppp/p7/qppNP3/5Pn1/3P1N2/PPP3PP/R1BQKB1R w KQkq - 3 8,c2c3,98,55,-43
rnb1kb1r/3ppp1p/p5p1/q3P3/1N3Pn1/2PB1N2/PP1Q2PP/R1B1K2R w KQkq - 0 12,h2h3,462,399,-63
r1b1kb1r/4pp1p/p1p5/q3Pp2/3Q1P2/2P2N1P/PP4P1/R1B2RK1 w kq - 0 17,e5e6,305,314,9
2kr1b2/4pp1Q/p1p5/2q2pN1/2b2P2/2P4P/1P4PK/R1B2R2 w - - 4 22,b2b4,465,512,47
rnbqkbnr/pppppppp/8/8/8/8/PPPPPPPP/RNBQKBNR w KQkq - 0 1,e2e4,29,29,0
r1bqkbnr/pppp1pp1/2n4p/4p3/2B1P3/5N2/PPPP1PPP/RNBQK2R w KQkq - 0 4,d2d3,74,29,-45
r1bqk1nr/ppp2pp1/2np3p/4p3/1bB1P3/2NPBN2/PPP2PPP/R2QK2R w KQkq - 2 7,a2a3,16,7,-9
r1bqk1nr/ppp2pp1/2np3p/4p3/2B1P3/P1bPBN2/1PP2PPP/R2QK2R w KQkq - 0 8,b2c3,6,3,-3
r2qk2r/ppp2pp1/2np1n1p/4p3/2B1P1b1/P1PPBN2/2P2PPP/R2Q1RK1 w kq - 3 10,h2h3,19,18,-1
r2qk2r/ppp2pp1/2np1n1p/4p2b/2B1P3/P1PPBN1P/2P2PP1/R2Q1RK1 w kq - 1 11,g2g4,63,60,-3
r2qk2r/ppp2pp1/2np3p/4p2b/2B1P1n1/P1PPBN1P/2P2P2/R2Q1RK1 w kq - 0 12,h3g4,76,83,7
8/8/p1ppkpK1/2p1p1p1/4P3/P1PPB3/2P2P2/8 w - - 2 34,d3d4,475,440,-35
8/8/p1ppkpK1/4p1p1/3pP3/P1P1B3/2P2P2/8 w - - 0 35,c3d4,436,442,6
8/8/2ppkpK1/p3p1p1/3PP3/P3B3/2P2P2/8 w - - 0 36,c2c3,472,447,-25
8/8/2ppkpK1/4p1p1/p2PP3/P1P1B3/5P2/8 w - - 0 37,f2f3,504,466,-38
8/8/2p1kpK1/3pp1p1/p2PP3/P1P1BP2/8/8 w - - 0 38,e4d5,468,442,-26
8/8/4kpK1/3p2p1/p2Pp3/P1P2P2/5B2/8 w - - 0 40,f3e4,477,538,61
8/8/8/8/p2PK3/P1k1B3/8/8 w - - 0 45,d4d5,678,839,161
8/8/8/1k1P4/pB2K3/P7/8/8 w - - 5 48,d5d6,848,901,53
4k3/8/3PK3/8/pB6/P7/8/8 w - - 7 52,d6d7,10000,10000,0
rnbqkbnr/pppppppp/8/8/8/8/PPPPPPPP/RNBQKBNR w KQkq - 0 1,d2d4,34,18,-16
rnbqkbnr/pppp1ppp/4p3/8/3P4/8/PPP1PPPP/RNBQKBNR w KQkq - 0 2,e2e4,35,44,9
rnbqk2r/pppp1ppp/4pn2/8/3PP3/2bB4/PPP2PPP/R1BQK1NR w KQkq - 0 5,b2c3,185,197,12
rnbqk2r/ppp2ppp/4pn2/3p4/3PP3/2PB4/P1P2PPP/R1BQK1NR w KQkq - 0 6,e4e5,215,194,-21
r1b3k1/3n1pq1/4p1pp/pp1pPn2/2pP1Q2/2P2R1N/P1P2PPP/3B1RK1 w - - 0 20,g2g4,297,310,13
r1b3k1/3n1pq1/4p2p/p2pP1p1/1ppP2Pn/2P1R1QN/P1P2P1P/3B1RK1 w - - 0 23,f2f4,243,240,-3
r5k1/3n1pq1/b3p2p/p2pP1p1/2pP1PPn/2R3QN/P1P4P/3B1RK1 w - - 1 25,f4g5,393,383,-10
rnbqkbnr/pppppppp/8/8/8/8/PPPPPPPP/RNBQKBNR w KQkq - 0 1,e2e4,27,31,4
rnbqkbnr/ppp1pppp/8/3p4/4P3/8/PPPP1PPP/RNBQKBNR w KQkq - 0 2,e4d5,72,55,-17
rnbqkb1r/ppp1pppp/5n2/8/8/2N2N2/PPPP1PPP/R1BQKB1R w KQkq - 4 5,d2d3,72,36,-36
r2qk2r/1bpnbppp/pp2p3/8/8/2nP1NB1/PPP1BPPP/R2Q1RK1 w kq - 0 13,b2c3,-20,-14,-6
r2qk2r/1bpn1ppp/pp2pb2/8/8/2PP1NB1/P1P1BPPP/R2Q1RK1 w kq - 1 14,d3d4,-3,-4,1
r2q1rk1/3n1ppp/pp2pb2/2p5/3P4/2PB1bB1/P1P2PPP/R2QR1K1 w - - 0 17,g2f3,-4,-40,36
r2q1rk1/3n1ppp/pp2pb2/8/3p4/2PB1PB1/P1P2P1P/R2QR1K1 w - - 0 18,c3d4,-44,-46,2
rnbqkbnr/pppppppp/8/8/8/8/PPPPPPPP/RNBQKBNR w KQkq - 0 1,d2d4,28,18,-10
rnbqkbnr/ppp1pppp/8/3p4/3P4/8/PPP1PPPP/RNBQKBNR w KQkq - 0 2,c2c4,20,19,-1
rnbqkb1r/ppp1pppp/5n2/3p4/2PP4/8/PP2PPPP/RNBQKBNR w KQkq - 1 3,b2b4,50,-186,-236
rnbqkb1r/ppp2ppp/4pn2/3p4/1PPP4/8/P3PPPP/RNBQKBNR w KQkq - 0 4,a2a3,-18,-214,196
rnbqk2r/ppp1bppp/4pn2/3p4/1PPP4/P7/4PPPP/RNBQKBNR w KQkq - 1 5,c4c5,-5,14,19
r1bq1rk1/pp1nbppp/2p1pn2/2Pp4/1P1P4/P1N2N2/4PPPP/R1BQKB1R w KQ - 4 8,e2e3,18,-2,-20
r1bq1rk1/p2nbppp/1pp1pn2/2Pp4/1P1P4/P1N1PN2/5PPP/R1BQKB1R w KQ - 0 9,a3a4,-9,-78,69
r1bq1rk1/p2nbppp/2p1pn2/2pp4/PP1P4/2N1PN2/5PPP/R1BQKB1R w KQ - 0 10,b4c5,-26,-26,0
1rbq1rk1/p2n1ppp/2p1pb2/2Pp4/P2P4/2BBPN2/5PPP/R2QK2R w KQ - 1 14,a4a5,68,-100,-168
1rbqr1k1/p2n1ppp/2p1pb2/P1Pp4/3P4/2BBPN2/5PPP/R2QK2R w KQ - 1 15,a5a6,78,-70,-148
1rbqr1k1/p2n1ppp/P1p2b2/2Ppp3/3P4/2BBPN2/5PPP/R2QK2R w KQ - 0 16,d4e5,61,57,-4
1rb3k1/p4ppp/P1p1r3/2Pp2q1/8/3BP3/3Q1PPP/R4RK1 w - - 4 21,f2f4,116,-17,-133
1rb3k1/p4ppp/P1p1r3/2Pp4/5P1q/3BP3/3Q2PP/R4RK1 w - - 1 22,g2g3,50,-15,-65
4r1k1/p2b3p/P1pq2p1/5p2/3p1P2/2R1PBP1/2Q2K1P/8 w - - 0 34,e3d4,0,0,0
rnbqkbnr/pppppppp/8/8/8/8/PPPPPPPP/RNBQKBNR w KQkq - 0 1,e2e4,29,32,3
rnbqkb1r/pppppppp/5n2/8/4P3/8/PPPP1PPP/RNBQKBNR w KQkq - 1 2,e4e5,107,67,-40
r2qkb1r/pQpnnppp/4p3/4P3/8/5N2/PPPP1PPP/RNB1K2R w KQkq - 3 9,d2d4,316,262,-54
1q2kb1r/2p2ppp/1nn1p3/4P3/3P4/4BN2/PPP2PPP/RN2K2R w KQk - 0 13,d4d5,-402,-538,136
1q2k2r/2p2ppp/4p3/3nP3/1b1B4/8/PPP2PPP/RN2K2R w KQk - 1 16,c2c3,-560,-552,-8
1q2k2r/2p2ppp/4p3/b2nP3/3B4/2P5/PP3PPP/RN2K2R w KQk - 1 17,b2b4,-514,-521,7
rnbqkbnr/pppppppp/8/8/8/8/PPPPPPPP/RNBQKBNR w KQkq - 0 1,e2e4,30,29,-1
rnbqkbnr/pppppp1p/6p1/8/4P3/8/PPPP1PPP/RNBQKBNR w KQkq - 0 2,d2d4,67,64,-3
rnbqk1nr/ppppppbp/6p1/8/3PP3/8/PPP2PPP/RNBQKBNR w KQkq - 1 3,f2f4,61,46,-15
rn1qk1nr/pbp2pb1/1p1pp1pp/8/3PPP2/3B1N2/PPP3PP/RNBQ1R1K w kq - 0 8,f4f5,119,120,1
rn1qk1nr/pbp2pb1/1p1pp2p/5Pp1/3PP3/3B1N2/PPP3PP/RNBQ1R1K w kq - 0 9,f5e6,220,223,3
rn1qk1nr/pbp3b1/1p1pPp1p/6p1/3PP3/3B1N2/PPP3PP/RNBQ1R1K w kq - 0 10,e4e5,586,470,-116
rn1qk2r/pbp1n1b1/1p1pPp1p/4P1p1/3P4/3B1N2/PPP3PP/RNBQ1R1K w kq - 1 11,e5f6,564,559,-5
rnbqkbnr/pppppppp/8/8/8/8/PPPPPPPP/RNBQKBNR w KQkq - 0 1,e2e4,27,23,-4
rnbqkbnr/ppp1pppp/3p4/8/4P3/8/PPPP1PPP/RNBQKBNR w KQkq - 0 2,f2f4,51,5,-46
rnbqkb1r/ppp1pp1p/3p1np1/8/4PP2/2N5/PPPP2PP/R1BQKBNR w KQkq - 0 4,d2d4,73,72,-1
rnbq1rk1/ppp2pbp/3p1np1/4p3/3PPP2/2NB1N2/PPP3PP/R1BQK2R w KQ - 0 7,d4e5,143,148,5
rnbq1rk1/ppp2pbp/5np1/4p3/4PP2/2NB1N2/PPP3PP/R1BQK2R w KQ - 0 8,f4e5,173,174,1
rnbqnrk1/ppp2pbp/6p1/4P3/4P3/2NB1N2/PPP3PP/R1BQK2R w KQ - 1 9,h2h3,195,117,-78
rn1qnrk1/ppp2pbp/4b1p1/4P3/4P3/2NB1N1P/PPP3P1/R1BQK2R w KQ - 1 10,g2g4,167,41,-126
r3nrk1/pp1n1pbp/2p1b1p1/q3P3/4PBP1/2NB1N1P/PPPQ4/R3K2R w KQ - 2 13,a2a3,55,-21,-76
r3nrk1/pp3p1p/2p1b1p1/q3b3/4PBP1/P1NB3P/1PPQ4/R3K2R w KQ - 0 15,b2b4,-18,-78,60
r3nrk1/1p3p1p/1qp1b1p1/p7/1P2PBP1/P1QB3P/2P5/2KR3R w - - 0 18,b4b5,152,-21,-173
r3nrk1/1p3p1p/1q2b1p1/pp6/4PBP1/P1QB3P/2P5/2KR3R w - - 0 19,g4g5,-9,-160,151
2r1nrk1/1p3p1p/1q2b1p1/p5P1/1p2PB2/P2B3P/1QP5/2KR3R w - - 2 21,a3a4,-147,-274,127
2r1nrk1/1p3p1p/4b1p1/pB4P1/Pp2PB2/2q4P/1QP5/2KR3R w - - 3 23,h3h4,-44,-156,112
2r1nrk1/1p5p/5pp1/p5P1/P3PBbP/1pqB4/1QPR4/2K4R w - - 0 26,g5f6,161,35,-126
2r1n1k1/1p5p/1r4p1/p3B3/P3P1bP/1p1B4/1KPR4/7R w - - 1 29,c2b3,114,135,21
3R4/1pr3kp/1r2b1p1/pB6/P3P2P/1P6/1K6/7R w - - 2 33,h4h5,46,6,-40
8/1p4kp/6p1/pB5P/P3P3/1PK5/5r2/7R w - - 5 38,h5g6,554,550,-4
8/1p6/5kp1/p7/P3P3/1PKB1r2/8/6R1 w - - 2 41,e4e5,565,443,-122
rnbqkbnr/pppppppp/8/8/8/8/PPPPPPPP/RNBQKBNR w KQkq - 0 1,e2e4,23,25,2
rnbqkbnr/ppp1pppp/8/3p4/4P3/8/PPPP1PPP/RNBQKBNR w KQkq - 0 2,e4e5,63,-15,-78
rnbqkbnr/pp2pppp/8/2ppP3/8/8/PPPP1PPP/RNBQKBNR w KQkq - 0 3,d2d4,-19,-45,26
r2qk2r/pp3ppp/4pn2/3p4/1b6/5Q2/PPP2PPP/RNB1R1K1 w kq - 2 12,c2c3,-191,-198,7
rnbqkbnr/pppppppp/8/8/8/8/PPPPPPPP/RNBQKBNR w KQkq - 0 1,d2d4,26,18,-8
rnbqkbnr/ppp1pppp/8/3p4/3P4/8/PPP1PPPP/RNBQKBNR w KQkq - 0 2,c2c4,22,20,-2
r1bqk2r/pppnbppp/4pn2/3p2B1/2PP4/2N2N2/PP2PPPP/R2QKB1R w KQkq - 6 6,e2e3,21,23,2
r1bq1rk1/pppnbpp1/4pn1p/3p4/2PP3B/2N1PN2/PP3PPP/R2QKB1R w KQ - 2 8,h2h3,20,11,-9
r1bq1rk1/pp1nbpp1/4pn1p/2pp4/2PP3B/2N1PN1P/PP3PP1/R2QKB1R w KQ - 0 9,c4d5,7,8,1
r4rk1/pb2qpp1/1p2p2p/2pnn3/3P4/2N1P2P/PP2BPP1/R2Q1RK1 w - - 0 14,d4e5,-205,-243,38
3r1rk1/pb3pp1/1p2p2p/2p1P1q1/1n6/1QN1P2P/PP2BPP1/R4RK1 w - - 5 17,e3e4,-209,-272,63
rnbqkbnr/pppppppp/8/8/8/8/PPPPPPPP/RNBQKBNR w KQkq - 0 1,e2e4,23,30,7
rnbqk1nr/pppp1ppp/8/2b1p3/2B1P3/8/PPPP1PPP/RNBQK1NR w KQkq - 2 3,h2h3,25,-11,-36
rnb2rk1/ppp1nppp/3p1q2/2b1p3/2B1P3/2N2N1P/PPPP1PP1/R1BQ1RK1 w - - 0 7,d2d3,200,24,-176
rnb2rk1/p1p1npp1/1p1p1q1p/2b1p3/2B1P3/2NPBN1P/PPP2PP1/R2Q1RK1 w - - 0 9,a2a3,59,32,-27
r1b2rk1/p1p1npp1/1p1p1q1p/4p3/2BbP3/P2P1N1P/1PP1NPP1/R2Q1RK1 w - - 0 12,c2c3,58,59,1
r1b2rk1/p1p1npp1/1p1p1q1p/2b1p3/2B1P3/P1PP1N1P/1P2NPP1/R2Q1RK1 w - - 1 13,b2b4,82,78,-4
r1b2rk1/p1p1npp1/1p1p1q1p/4p3/1bB1P3/P1PP1N1P/4NPP1/R2Q1RK1 w - - 0 14,c3b4,357,357,0
r1b2rk1/p3npp1/1p1p1q1p/2p1p3/1PB1P3/P2P1N1P/4NPP1/R2Q1RK1 w - - 0 15,b4b5,455,321,-134
r4rk1/p3npp1/1p1p1q1p/1Pp1p3/2b1P3/P1NP1N1P/5PP1/R2Q1RK1 w - - 0 17,d3c4,524,494,-30
r2r2k1/1q3pp1/pp1p2np/1PpNp3/2P1P1N1/P6P/4QPP1/3R1RK1 w - - 0 23,a3a4,519,485,-34
r2r2k1/1q3pp1/1p1p2np/1ppNp3/P1P1P1N1/7P/4QPP1/3R1RK1 w - - 0 24,a4b5,470,453,-17
rnbqkbnr/pppppppp/8/8/8/8/PPPPPPPP/RNBQKBNR w KQkq - 0 1,g2g3,31,8,-23
rnbqkbnr/ppp2ppp/8/3pp3/8/6P1/PPPPPPBP/RNBQK1NR w KQkq - 0 3,b2b3,-25,-61,36
r1bqkb1r/ppp2ppp/2n2n2/3pp3/8/1P4P1/PBPPPPBP/RN1QK1NR w KQkq - 3 5,h2h3,-65,-82,17
r1bqk2r/ppp2ppp/2nb1n2/3pp3/8/1P4PP/PBPPPPB1/RN1QK1NR w KQkq - 1 6,e2e3,-86,-88,2
r1bq1rk1/ppp2ppp/2nb1n2/3pp3/8/1P2P1PP/PBPP1PB1/RN1QK1NR w KQ - 1 7,d2d3,-86,-87,1
r4rk1/pppq1ppp/2nbbn2/3pp3/8/1P1PP1PP/PBP1NPB1/RN1QK2R w KQ - 3 9,a2a3,-90,-100,10
3rr1k1/pppq1ppp/2nbbn2/3pp3/8/PP1PP1PP/1BPNNPB1/R2QK2R w KQ - 3 11,g3g4,-86,-109,23
3rr1k1/pppq1pp1/2nbbn1p/3pp3/6P1/PP1PP2P/1BPNNPB1/R2QK2R w KQ - 0 12,e3e4,-110,-150,40
3rr1k1/pppq2p1/2nbb2p/4pp2/4B1P1/PP1P3P/1BP1NP2/R2QK2R w KQ - 0 15,g4f5,-112,-88,-24
3rr1k1/pppq2p1/2nb3p/4pb2/4B3/PP1P3P/1BP1NP2/R2QK2R w KQ - 0 16,f2f3,-76,-309,233
3rr1k1/pppq2p1/2nb3p/4p3/4b3/PP1P1P1P/1BP1N3/R2QK2R w KQ - 0 17,f3e4,-279,-294,15
rnbqkbnr/pppppppp/8/8/8/8/PPPPPPPP/RNBQKBNR w KQkq - 0 1,e2e4,32,29,-3
rnbqkbnr/ppp1pppp/8/3p4/4P3/8/PPPP1PPP/RNBQKBNR w KQkq - 0 2,e4d5,65,66,1
rnb1kb1r/ppp1ppp1/4qn1p/8/8/2N2N2/PPPPBPPP/R1BQK2R w KQkq - 0 6,d2d4,145,153,8
rnb1kb1r/ppp1ppp1/7p/3q4/3P4/5N2/PPP1BPPP/R1BQK2R w KQkq - 0 8,b2b3,185,154,-31
r3kb1r/pbpnppp1/7p/1p1q4/3P4/1P3N2/PBP1BPPP/R2Q1RK1 w kq - 4 11,c2c4,283,291,8
rnbqkbnr/pppppppp/8/8/8/8/PPPPPPPP/RNBQKBNR w KQkq - 0 1,d2d4,30,18,-12
rnbqkbnr/pppp1ppp/4p3/8/3P4/8/PPP1PPPP/RNBQKBNR w KQkq - 0 2,e2e3,50,12,-38
rnbqkbnr/p1pp1ppp/1p2p3/8/3P4/4P3/PPP2PPP/RNBQKBNR w KQkq - 0 3,c2c4,36,8,-28
rn1qkbnr/pbpp1ppp/1p2p3/8/2PP4/4P3/PP3PPP/RNBQKBNR w KQkq - 1 4,c4c5,12,-166,-178
rn1qkb1r/pbpp1ppp/1p2pn2/2P5/3P4/4P3/PP3PPP/RNBQKBNR w KQkq - 1 5,c5b6,-54,-44,-10
rn1qkb1r/p2p1ppp/1p2pn2/8/3P4/4Pb2/PP3PPP/RNBQKB1R w KQkq - 0 7,g2f3,35,-4,-39
rn2kb1r/p1qp1ppp/1p2pn2/8/3P4/4PP2/PP3P1P/RNBQKB1R w KQkq - 1 8,f3f4,33,-5,-38
1k1r3r/1q3ppp/ppn1pn2/3p4/3P1P2/b3P3/PP1B1PBP/R2Q1RK1 w - - 0 15,b2a3,3,-24,-27
1k1r3r/1q3pp1/ppn1p2p/8/2QPpP2/P3P3/P4P1P/R4RK1 w - - 0 20,d4d5,-484,-499,15
rnbqkbnr/pppppppp/8/8/8/8/PPPPPPPP/RNBQKBNR w KQkq - 0 1,e2e4,30,32,2
rnbqkbnr/pp1ppppp/8/2p5/4P3/8/PPPP1PPP/RNBQKBNR w KQkq - 0 2,d2d4,28,6,-22
rnbqkbnr/pp1ppppp/8/8/3pP3/8/PPP2PPP/RNBQKBNR w KQkq - 0 3,c2c3,13,-33,-46
r1bqkb1r/1p3ppp/p1nppn2/8/2B1PB2/2N2N2/PP3PPP/R2Q1RK1 w kq - 4 9,e4e5,-9,-85,76
2r2rk1/R4ppp/p3pb2/1p6/1n6/1BN2b2/PP1R1PPP/6K1 w - - 0 21,g2f3,-226,-258,32
2r2rk1/R4ppp/p3p3/1p6/1n6/1Bb2P2/PP1R1P1P/6K1 w - - 0 22,b2c3,-263,-259,-4
3r2k1/5ppp/1R2p3/1pr5/8/1B6/P4PKP/8 w - - 3 29,a2a4,-492,-557,65
rnbqkbnr/pppppppp/8/8/8/8/PPPPPPPP/RNBQKBNR w KQkq - 0 1,e2e4,29,29,0
r1bqkbnr/ppp2ppp/2np4/4p3/2B1P3/5N2/PPPP1PPP/RNBQK2R w KQkq - 0 4,h2h3,33,16,-17
r2qkbnr/2p3pp/p1npp3/1p2p3/4P3/N4N1P/PPPPQPP1/R1B1K2R w KQkq - 0 8,d2d3,31,29,-2
5rk1/q5p1/1b3n1p/2ppp3/2N1P3/3PQ2P/PPP2PP1/R1B1K2R w KQ - 0 21,e4d5,675,631,-44
8/1q3r1k/5n1p/2p5/8/3PQ2P/PPP2PP1/R4RK1 w - - 4 31,b2b3,631,557,-74
8/1q4rk/5n1p/2p5/8/1P1PQ2P/P1P2PP1/R4RK1 w - - 1 32,f2f3,591,569,-22
8/6rk/7p/2Q4n/8/1P1P1P1q/P1P2RP1/R5K1 w - - 2 35,g2g4,572,468,-104
8/7k/7p/2Q5/4n1r1/1P1P1P1R/P1P5/R5K1 w - - 1 38,f3g4,907,889,-18
8/7k/7p/2n5/6P1/1P1P3R/P1P5/R5K1 w - - 0 39,g4g5,871,816,-55
rnbqkbnr/pppppppp/8/8/8/8/PPPPPPPP/RNBQKBNR w KQkq - 0 1,e2e4,32,29,-3
r1bqkbnr/pp1ppppp/2n5/2p5/4P3/5N2/PPPP1PPP/RNBQKB1R w KQkq - 2 3,d2d4,36,15,-21
r1bqkb1r/1p2nppp/p1n1p3/3p4/3NP3/2N5/PPP1BPPP/R1BQ1RK1 w kq - 0 8,e4d5,132,119,-13
r1b1k2r/1pq2ppp/p2bp3/8/8/5B2/PPP2PPP/R1BQR1K1 w kq - 4 13,h2h3,30,29,-1
r1b2rk1/1pq2ppp/p2bp3/8/8/5B1P/PPP2PP1/R1BQR1K1 w - - 1 14,c2c3,24,16,-8
rnbqkbnr/pppppppp/8/8/8/8/PPPPPPPP/RNBQKBNR w KQkq - 0 1,e2e4,26,32,6
rnbqkbnr/pp2pppp/3p4/2p5/4P3/5N2/PPPP1PPP/RNBQKB1R w KQkq - 0 3,d2d4,45,41,-4
r1bq1rk1/1p2bppp/p1nppn2/8/3NP3/2NBB3/PPPQ1PPP/2KR3R w - - 6 10,f2f4,23,40,17
r2q1rk1/1p1bbppp/p1nppn2/8/3NPP2/2NBB3/PPPQ2PP/2KR3R w - - 1 11,h2h3,57,58,1
2rq1rk1/1p1bbppp/p1nppn2/8/3NPP2/2NBB2P/PPPQ2P1/2KR3R w - - 1 12,g2g4,76,75,-1
2rq1rk1/3bbppp/p2ppn2/1p6/3BPPP1/2NB3P/PPPQ4/2KR3R w - - 0 14,e4e5,83,68,-15
2rqnrk1/3bbppp/p2pp3/4P3/1p1B1PP1/2NB3P/PPPQ4/1K1R3R w - - 0 16,e5d6,104,-9,-113
2rqnrk1/3bbppp/p2Pp3/8/3B1PP1/2pB3P/PPPQ4/1K1R3R w - - 0 17,d6e7,306,376,70
2r1nrk1/4qppp/p3p3/3b4/5PP1/2BB3P/PPPQ3R/1K1R4 w - - 3 20,f4f5,445,314,-131
2r1nrk1/2q2ppp/p3p3/3b1P2/6P1/2BB3P/PPPQ3R/1K1R4 w - - 1 21,h3h4,339,281,-58
2r1nrk1/5ppp/pq2p3/3b1P2/6PP/2BB2R1/PPPQ3R/1K6 w - - 5 24,f5e6,357,328,-29
2r2rk1/5ppp/p3b3/1q6/6PP/2B3R1/PPPQ4/1K1R4 w - - 0 28,g4g5,264,265,1
2r2rk1/5ppp/p3b3/6P1/q6P/2B3R1/PPPQ4/1K1R4 w - - 1 29,b2b3,291,302,11
r5k1/5p1p/p2Rb1p1/6P1/8/1P6/PK6/8 w - - 2 40,b3b4,-551,-523,-28
r7/5pkp/p2Rb1p1/6P1/1P6/8/PK6/8 w - - 1 41,a2a4,-518,-534,16
r7/5pk1/p2Rb1p1/6Pp/PP6/8/1K6/8 w - h6 0 42,b4b5,-498,-630,132
r7/5pk1/3Rb1p1/1p4Pp/P7/8/1K6/8 w - - 0 43,a4b5,-654,-652,-2
r7/5pk1/3Rb1p1/1P4P1/7p/8/1K6/8 w - - 0 44,b5b6,-557,-654,97
rnbqkbnr/pppppppp/8/8/8/8/PPPPPPPP/RNBQKBNR w KQkq - 0 1,d2d4,38,18,-20
rnbqkbnr/ppp1pppp/8/3p4/3P4/8/PPP1PPPP/RNBQKBNR w KQkq - 0 2,c2c4,21,22,1
rn1qkb1r/pp2pppp/2p2n2/3p4/2PP2b1/2N2N2/PP2PPPP/R1BQKB1R w KQkq - 4 5,e2e3,100,20,-80
rn1qk2r/pp2bpp1/2p1pn1p/3p4/2PP2b1/2N1PN2/PP2BPPP/R1BQ1RK1 w kq - 2 8,h2h3,4,5,1
rn1q1rk1/pp2bpp1/2p1pn1p/3p3b/2PP4/2N1PN1P/PP1BBPP1/R2Q1RK1 w - - 3 10,c4d5,-4,-9,5
r2q1rk1/pp1nbpp1/4pn1p/3p3b/3P4/2N1PN1P/PP1BBPP1/2RQ1RK1 w - - 2 12,g2g4,-15,-61,46
2rq1rk1/1p1nbpp1/p3pnbp/3p4/3P2P1/2N1PN1P/PP1BBP2/2RQ1RK1 w - - 2 15,a2a3,-103,-96,-7
2rq1rk1/1p2bpp1/p3p2p/3pn3/3Pb1P1/P3P2P/1P1BBP2/2RQ1RK1 w - - 0 18,d4e5,-73,-68,-5
3q1rk1/1p4p1/p3p2p/3pPp2/4b1Pb/P1Q1P2P/1P1BBP2/5RK1 w - f6 0 21,e5f6,84,-36,-120
rnbqkbnr/pppppppp/8/8/8/8/PPPPPPPP/RNBQKBNR w KQkq - 0 1,d2d4,36,22,-14
rnbqkbnr/pppp1ppp/8/4p3/3P4/8/PPP1PPPP/RNBQKBNR w KQkq - 0 2,d4e5,145,134,-11
rnbqkbnr/ppp2ppp/3p4/4P3/8/8/PPP1PPPP/RNBQKBNR w KQkq - 0 3,e5d6,166,99,-67
rnbqk1nr/ppp2ppp/3b4/8/8/8/PPP1PPPP/RNBQKBNR w KQkq - 0 4,e2e4,105,84,-21
r1b3k1/ppp2ppp/2nr1n2/6B1/1bB1P3/2N2N2/PPP2PPP/R3K2R w KQ - 2 10,e4e5,344,380,36
r1b3k1/ppp2ppp/3r1n2/4N1B1/2B5/2b5/PPP2PPP/R3K2R w KQ - 0 12,b2c3,458,463,5
rnbqkbnr/pppppppp/8/8/8/8/PPPPPPPP/RNBQKBNR w KQkq - 0 1,e2e4,33,31,-2
rnbqk1nr/pppp1ppp/4p3/2b5/2B1P3/8/PPPP1PPP/RNBQK1NR w KQkq - 2 3,d2d4,76,52,-24
rnbqk1nr/1pp2pp1/pb1pp2p/8/2BPPB2/5N2/PPP2PPP/RN1Q1RK1 w kq - 0 7,e4e5,103,76,-27
r1bqk1nr/1pp2pp1/pbn1p2p/3pP3/3P1B2/3B1N2/PPP2PPP/RN1Q1RK1 w kq - 2 9,c2c3,150,145,-5
r1bqk1nr/1pp3p1/pbn1pp1p/3pP3/3P1B2/2PB1N2/PP3PPP/RN1Q1RK1 w kq - 0 10,e5f6,207,212,5
r1b1k2r/1pp1n1p1/pbn1pq1p/3p4/3P1B2/2PB1N2/PP3PPP/RNQ2RK1 w kq - 2 12,b2b4,123,95,-28
r1b2rk1/1pp1n1p1/pbn1pq1p/3p4/1P1P1B2/2PB1N2/P4PPP/RNQ2RK1 w - - 1 13,a2a4,87,-429,-516
r1b2rk1/b5p1/ppn4p/3p1p2/PP1P1BqN/2P5/3N1PPP/R1Q1R1K1 w - - 8 21,g2g3,255,230,-25
rnbqkbnr/pppppppp/8/8/8/8/PPPPPPPP/RNBQKBNR w KQkq - 0 1,e2e4,32,33,1
r1bqkbnr/pppppppp/2n5/8/4P3/8/PPPP1PPP/RNBQKBNR w KQkq - 1 2,d2d4,51,44,-7
r1bqkbnr/ppp1pppp/2n5/3p4/3PP3/8/PPP2PPP/RNBQKBNR w KQkq - 0 3,e4e5,42,42,0
r1bqkbnr/pp3ppp/4p3/2ppPn2/3P4/5N2/PPP1BPPP/RNBQ1RK1 w kq - 0 7,c2c3,125,123,-2
r1bqkbnr/pp3ppp/4p3/3pPn2/3p4/2P2N2/PP2BPPP/RNBQ1RK1 w kq - 0 8,c3d4,86,93,7
r1bqk2r/pp2nppp/4p3/3pPn2/1b1P4/2N2N2/PP2BPPP/R1BQ1RK1 w kq - 3 10,a2a3,185,148,-37
r1bqk2r/pp2nppp/4p3/3pPn2/3P4/P1b2N2/1P2BPPP/R1BQ1RK1 w kq - 0 11,b2c3,130,144,14
r1bq1rk1/pp2nppp/4p3/3pPn2/3P4/P1P2N2/4BPPP/R1BQ1RK1 w - - 1 12,g2g4,171,192,21
r1bq1r2/pp2npkp/4p2p/3pP3/3P2P1/P1P2N2/3QBP1P/R4RK1 w - - 2 15,g4g5,186,177,-9
r2r2k1/1p1b1p2/p3p1p1/3pP3/3P4/P1P2N2/5P1P/R5RK w - - 0 23,h2h4,-50,-54,4
r1r2k2/3b1p2/p3p1p1/1p1pP1N1/3P3P/P1P3R1/5P2/R6K w - - 0 26,h4h5,256,135,-121
7r/4k3/1R3R2/p3P3/1p1P4/P1P5/7p/7K w - - 0 46,a3b4,10000,683,-9317
R4R2/3k4/8/4P3/1P1P4/2P5/7p/7K w - - 1 52,d4d5,10000,10000,0
R4R2/2k5/8/3PP3/1P6/2P5/7p/7K w - - 1 53,c3c4,10000,10000,0
R4R2/3k4/8/3PP3/1PP5/8/7p/7K w - - 1 54,c4c5,10000,10000,0
rnbqkbnr/pppppppp/8/8/8/8/PPPPPPPP/RNBQKBNR w KQkq - 0 1,e2e4,35,27,-8
r1bqkbnr/p2p1ppp/2p1p3/2p5/4P3/5N2/PPPP1PPP/RNBQK2R w KQkq - 0 5,c2c3,27,-18,-45
r1bqkbnr/p4ppp/2p1p3/2pp4/4P3/2P2N2/PP1P1PPP/RNBQK2R w KQkq - 0 6,e4e5,-19,-27,8
r1b1kbnr/p1q2ppp/2p1p3/2ppP3/8/2P2N2/PP1P1PPP/RNBQK2R w KQkq - 1 7,d2d4,13,-42,-55
r1b1kbnr/p1q2ppp/2p1p3/3pP3/3p4/2P2N2/PP3PPP/RNBQK2R w KQkq - 0 8,c3d4,-31,-36,5
1r3rk1/p1qb1ppp/4p3/2bpP3/8/2N2N2/PP2QPPP/R4RK1 w - - 5 17,b2b3,-139,-354,215
1rr3k1/p1q2ppp/4p3/3pP3/Nb6/1P2QN2/P4PPP/R4K2 w - - 1 21,h2h3,-394,-376,-18
r1r3k1/1Q3pp1/4p2p/3pP3/8/1P1q1N1P/P4PP1/4R1K1 w - - 0 29,a2a4,-391,-423,32
rr5k/5Qp1/7p/4P3/q2p4/7P/5PP1/4R1K1 w - - 0 35,e5e6,-451,-518,67
rr5k/5Qp1/4P2p/8/q7/3p3P/5PP1/4R1K1 w - - 0 36,e6e7,-500,-614,114
rnbqkbnr/pppppppp/8/8/8/8/PPPPPPPP/RNBQKBNR w KQkq - 0 1,e2e4,31,28,-3
rnbqkbnr/ppp2ppp/4p3/3p4/4P3/5N2/PPPP1PPP/RNBQKB1R w KQkq - 0 3,e4e5,27,28,1
rnbqkbnr/pp3ppp/4p3/2ppP3/8/5N2/PPPP1PPP/RNBQKB1R w KQkq - 0 4,c2c4,25,-53,-78
r1bqkb1r/pp4pp/2n1p1p1/2p1P3/2Pp4/5N2/PP1P1PPP/RNBQ1RK1 w kq - 0 9,d2d3,-46,-58,12
r2q1rk1/1p1bb1pp/p1n1p1p1/2p1P3/2Pp4/N2P1N2/PP3PPP/R1BQ1RK1 w - - 2 13,b2b3,-209,-265,56
r2q1r2/1p1bb2k/p1n1p2p/2p1P3/2Pp2Qp/NP1P4/P4PPP/R4RK1 w - - 2 18,f2f4,-669,-663,-6
r2q2r1/1p2b2k/p1n1p1bp/2p1P3/2Pp1P1p/NP1P1Q2/P5PP/R4RK1 w - - 5 21,b3b4,-701,-817,116
r4qr1/1p2b2k/2n1p1bp/p3P3/1pPp1P1p/3P1Q2/P1N3PP/1R3RK1 w - - 0 24,a2a3,-840,-870,30
rnbqkbnr/pppppppp/8/8/8/8/PPPPPPPP/RNBQKBNR w KQkq - 0 1,d2d4,29,22,-7
rnbqkbnr/ppp1pppp/8/3p4/3P4/8/PPP1PPPP/RNBQKBNR w KQkq - 0 2,c2c4,23,23,0
rnbq1rk1/ppp1bppp/4pn2/3p2B1/2PP4/2N2N2/PP2PPPP/R2QKB1R w KQ - 6 6,e2e3,21,17,-4
r1bq1rk1/pppnbppp/4pn2/3p2B1/2PP4/2N1PN2/PP3PPP/R2QKB1R w KQ - 1 7,h2h3,16,12,-4
r1bq1rk1/pp1nbppp/4pn2/2pp2B1/2PP4/2N1PN1P/PP3PP1/R2QKB1R w KQ - 0 8,c4d5,14,14,0
2rq1rk1/pb1nbpp1/1p3n1p/3p4/3p3B/2N1PB1P/PP1N1PP1/R2Q1RK1 w - - 0 14,e3d4,-10,-24,14
2r1r1k1/p2n1pp1/1p3q1p/3B4/3b4/7P/PP1N1PP1/1R1Q1RK1 w - - 2 19,b2b3,-12,-40,28
3Q4/p4ppk/1p5p/2b3r1/8/1P3q1P/P4PP1/4R1K1 w - - 2 31,g2g3,-832,-10000,9168
rnbqkbnr/pppp1ppp/8/4p3/8/2N5/PPPPPPPP/R1BQKBNR w KQkq - 0 2,e2e4,31,20,-11
r1bqk2r/pppp1ppp/2n2n2/1Bb1p3/4P3/2N2N2/PPPP1PPP/R1BQK2R w KQkq - 5 5,d2d3,32,-10,-42
r1bqk2r/pppp1ppp/2n2n2/1B2p3/1b2P3/2NP1N2/PPP2PPP/R1BQK2R w KQkq - 1 6,a2a3,106,11,-95
r2q1rk1/2pb1pp1/p1n4p/4p3/3pn2N/PB1P4/1PPQ1PPP/R4RK1 w - - 0 17,d3e4,-459,-463,4
1r3rk1/2pb1pp1/p1n4p/3Bp3/3pP2q/P7/1PPQ1PPP/R4RK1 w - - 2 19,b2b3,-471,-515,44
1r3rk1/2p2pp1/p1n4p/3bp3/3pP2q/PP6/2P1QPPP/R4RK1 w - - 0 21,e4d5,-446,-454,8
1r1r2k1/2n2pp1/p6p/8/3p3q/PP6/2P2PPP/R3R1K1 w - - 0 25,g2g3,-919,-933,14
rnbqkbnr/pppppppp/8/8/8/8/PPPPPPPP/RNBQKBNR w KQkq - 0 1,e2e4,30,27,-3
r1bqkbnr/pppp1ppp/2n5/4p3/4P3/5N2/PPPP1PPP/RNBQKB1R w KQkq - 2 3,b2b3,21,-41,-62
rnbqkbnr/pppppppp/8/8/8/8/PPPPPPPP/RNBQKBNR w KQkq - 0 1,e2e4,29,24,-5
r1bqkbnr/pppp1ppp/2n1p3/8/2B1P3/8/PPPP1PPP/RNBQK1NR w KQkq - 2 3,d2d4,-20,-23,3
r1bqkbnr/p1pp1ppp/1pn1p3/8/2BPP3/8/PPP2PPP/RNBQK1NR w KQkq - 0 4,d4d5,96,25,-71
r2qkbnr/pbpp1ppp/1pn1p3/3P4/2B1P3/8/PPP2PPP/RNBQK1NR w KQkq - 1 5,d5c6,349,353,4
r2qkb1r/p1pp1ppp/1pb1pn2/8/4P3/3B4/PPP2PPP/RNBQK1NR w KQkq - 2 7,f2f3,433,352,-81
r3k2r/p1pp1ppp/1pb5/2b1p3/4P2q/2NB1P2/PPP3PP/R2QK1NR w KQkq - 2 11,g2g3,309,303,-6
rnbqkbnr/pppppppp/8/8/8/8/PPPPPPPP/RNBQKBNR w KQkq - 0 1,d2d4,25,18,-7
rnbqkbnr/ppp1pppp/8/3p4/3P4/8/PPP1PPPP/RNBQKBNR w KQkq - 0 2,c2c4,22,22,0
rnbqkbnr/ppp2ppp/4p3/3p4/2PP4/8/PP2PPPP/RNBQKBNR w KQkq - 0 3,c4d5,16,16,0
rnbqkbnr/ppp2ppp/8/3p4/3P4/8/PP2PPPP/RNBQKBNR w KQkq - 0 4,e2e3,12,-16,-28
rnbqkbnr/pp3ppp/2p5/3p4/3P4/4P3/PP3PPP/RNBQKBNR w KQkq - 0 5,a2a4,6,-79,-85
rnbqkbnr/pp3pp1/2p4p/3p4/P2P4/4P3/1P3PPP/RNBQKBNR w KQkq - 0 6,h2h3,-34,-44,10
r2q1rk1/pp3pp1/1np2n1p/3p1b2/Pb1P4/2N1PN1P/1P1BBPP1/R2Q1RK1 w - - 11 12,a4a5,15,7,-8
r2q1rk1/pp3pp1/2p2n1p/b4b2/2pP4/2N1PN1P/1P1B1PP1/R2QR1K1 w - - 0 15,e3e4,-87,-259,172
r2q1rk1/pp3ppb/2p2n1p/8/Q1pPP3/2b2N1P/1P1B1PP1/R3R1K1 w - - 0 17,b2c3,-278,-266,-12
5rk1/Rp3pp1/2pq3p/8/3P4/2P2R1P/5PPK/4r3 w - - 3 26,g2g3,-703,-730,27
5rk1/1R3p2/2p4p/3q2p1/3P4/2P2RPP/4rPK1/8 w - - 0 29,g3g4,-632,-651,19
rnbqkbnr/pppppppp/8/8/8/8/PPPPPPPP/RNBQKBNR w KQkq - 0 1,e2e4,26,28,2
rnbqkbnr/pppp1ppp/8/4p3/4P3/8/PPPP1PPP/RNBQKBNR w KQkq - 0 2,c2c4,33,-37,-70
rnbqk2r/pppp1ppp/5n2/2b1p3/2P1P3/2N5/PP1P1PPP/R1BQKBNR w KQkq - 3 4,d2d3,-22,-23,1
r1b1k2r/ppp2pp1/2np1q1p/4p3/Q1P1P3/2bP4/PP3PPP/2KR1BNR w kq - 0 10,b2c3,-254,-275,21
r1b1k2r/ppp2pp1/2np3p/4p3/Q1P1P3/2PP4/P4qPP/2KR1BNR w kq - 0 11,d3d4,-291,-355,64
r3k2r/ppp2pp1/2np3p/4p3/Q1PPP1b1/2P5/P4qPP/2KR1BNR w kq - 1 12,d4e5,-337,-563,226
r3k2r/ppp2pp1/2n4p/4p3/Q1P1P1bq/2P4N/P5PP/2KR1B1R w kq - 2 14,g2g3,-397,-556,159
8/1K3ppk/7p/8/4P3/2r1n1P1/P6P/8 w - - 0 31,a2a4,-734,-741,7
8/1K3ppk/7p/8/P3P3/r3n1P1/7P/8 w - - 1 32,e4e5,-780,-778,-2
8/4nppk/7p/1K2P3/P7/6P1/r6P/8 w - - 5 35,a4a5,-682,-696,14
8/4nppk/7p/PK2P3/8/6P1/7r/8 w - - 0 36,a5a6,-687,-687,0
8/1K2nppk/P6p/4P3/8/6P1/r7/8 w - - 5 39,a6a7,-633,-658,25
8/PK3ppk/6np/4P3/8/6P1/r7/8 w - - 1 40,e5e6,-648,-724,76
8/PK4pk/4p1np/8/8/6P1/r7/8 w - - 0 41,a7a8q,-776,-818,42
8/6pk/6np/8/3K4/6P1/8/4q3 w - - 0 47,g3g4,-872,-1129,257
8/7k/8/6pp/4q1P1/2Kn4/8/8 w - - 0 53,g4h5,-896,-1007,111
rnbqkbnr/pppppppp/8/8/8/8/PPPPPPPP/RNBQKBNR w KQkq - 0 1,d2d4,31,19,-12
rnbqkbnr/ppp1pppp/8/3p4/3P4/8/PPP1PPPP/RNBQKBNR w KQkq - 0 2,c2c4,21,22,1
rn1qkb1r/pp3ppp/2p1pn2/3p2B1/2PP2b1/2N2N2/PP2PPPP/R2QKB1R w KQkq - 0 6,e2e3,82,21,-61
rn1qk2r/pp2bppp/2p1pn2/3p2B1/2PP2b1/2N1PN2/PP3PPP/R2QKB1R w KQkq - 1 7,h2h3,26,10,-16
rn1q1rk1/pp2bppp/2p1pn2/3p2Bb/2PP4/2NBPN1P/PP3PP1/R2QK2R w KQ - 3 9,g2g4,30,28,-2
5rk1/pp1nqrpp/2p1p1p1/3p4/2PP2P1/2NQP2P/PP3P2/R4RK1 w - - 4 16,c4d5,-118,-93,-25
3r2k1/ppR2rpp/1n1qp1p1/3p4/3P2P1/2Q1P1NP/PP3P2/5RK1 w - - 10 22,b2b3,57,-605,-662
5rk1/1p4pp/p2qp1p1/3pN3/Q2Pn1P1/1P2P2P/P4PK1/8 w - - 7 31,f2f4,-520,-590,70
3r2k1/1p4pp/p2qp3/3pN3/Q2PnpP1/1P2P2P/P5K1/8 w - - 0 34,e3f4,-650,-637,-13
5rk1/1p4pp/p2qpn2/3pN3/3P1PP1/1P5P/P5K1/4Q3 w - - 11 40,g4g5,-531,-574,43
rnbqkbnr/pppppppp/8/8/8/8/PPPPPPPP/RNBQKBNR w KQkq - 0 1,e2e4,29,29,0
r1bqk2r/pppp1ppp/2n2n2/2b1p3/2B1P3/5N2/PPPP1PPP/RNBQ1RK1 w kq - 6 5,c2c3,25,-33,-58
r1bqk2r/ppp2ppp/2np1n2/2b1p3/2B1P3/2P2N2/PP1P1PPP/RNBQ1RK1 w kq - 0 6,d2d4,26,18,-8
r1bqk2r/ppp2ppp/2np1n2/2b5/2BpP3/2P2N2/PP3PPP/RNBQ1RK1 w kq - 0 7,c3d4,44,50,6
r2q1rk1/ppp2ppp/1bnp1n2/8/2BPP1b1/2N1BN2/PP3PPP/R2Q1RK1 w - - 5 10,h2h3,29,6,-23
r2q1rk1/ppp2ppp/1bnp1n2/8/2BPP3/2N1Bb1P/PP3PP1/R2Q1RK1 w - - 0 11,g2f3,19,5,-14
r4rk1/ppp2p1p/1bnp2p1/6Bn/2BPP3/2N2PqP/PP1Q1P1K/R7 w - - 0 17,f2g3,459,451,-8
rnbqkbnr/pppppppp/8/8/8/8/PPPPPPPP/RNBQKBNR w KQkq - 0 1,e2e4,31,34,3
rnbqkbnr/ppp1pppp/8/3p4/4P3/8/PPPP1PPP/RNBQKBNR w KQkq - 0 2,e4d5,56,62,6
rnbqkb1r/ppp1pppp/5n2/8/8/2N2N2/PPPP1PPP/R1BQKB1R w KQkq - 4 5,d2d3,83,34,-49
r2r2k1/p4ppp/1p2pq2/2pnN3/8/3P4/PPPQ1PPP/4RRK1 w - - 4 18,f2f4,-4,-13,9
2rr2k1/p4pqp/1p2p1p1/2pnN3/5P2/3P1R2/PPP2QPP/4R1K1 w - - 2 21,h2h4,12,-55,-67
2rr2k1/p4pqp/1p2p1p1/2p1N3/1n3P1P/3P1R2/PPP2QP1/4R1K1 w - - 1 22,g2g4,89,4,-85
4r1k1/p4q2/1p2pppp/2p5/3r1PPP/3PRQ1K/PPP5/6R1 w - - 2 31,g4g5,23,-171,-194
4r1k1/p4q2/1p2ppp1/2p3p1/3r1P1P/3PRQ1K/PPP5/6R1 w - - 0 32,f4g5,-38,-39,1
8/p4k2/1p4p1/2p2pK1/7P/3P4/PPP5/8 w - - 2 42,c2c3,-14,-32,18
8/p4k2/6p1/1pp2pK1/7P/2PP4/PP6/8 w - - 0 43,d3d4,-22,-31,9
8/p4k2/6p1/1p3pK1/2pP3P/2P5/PP6/8 w - - 0 44,d4d5,124,4,-120
8/5k2/p5p1/1p1P1pK1/2p4P/2P5/PP6/8 w - - 0 45,d5d6,5,0,-5
8/8/p2Pk1K1/1p6/2p2p1P/2P5/PP6/8 w - - 0 47,h4h5,0,0,0
8/8/p2Pk1K1/1p5P/2p5/2P2p2/PP6/8 w - - 0 48,h5h6,0,0,0
8/8/p2Pk1KP/1p6/2p5/2P5/PP3p2/8 w - - 0 49,h6h7,0,-596,-596
8/7P/p2Pk1K1/1p6/2p5/2P5/PP6/5q2 w - - 0 50,h7h8q,-647,-592,-55
rnbqkbnr/pppppppp/8/8/8/8/PPPPPPPP/RNBQKBNR w KQkq - 0 1,e2e4,29,31,2
rnbqkbnr/ppp1pppp/8/3p4/4P3/8/PPPP1PPP/RNBQKBNR w KQkq - 0 2,e4d5,68,64,-4
rnbqkbnr/pp2pppp/2p5/8/8/2N2N2/PPPP1PPP/R1BQKB1R w KQkq - 0 5,d2d3,92,50,-42
r1bqkb1r/3n1pp1/p1p1p2p/1p6/4N3/3PB3/PPP1BPPP/R2Q1RK1 w kq - 0 12,b2b3,70,37,-33
r2qkb1r/1b1n1pp1/p1p1p2p/1p6/4N3/1P1PB3/P1P1BPPP/R2Q1RK1 w kq - 1 13,c2c4,52,40,-12
r2qkb1r/1b1n1pp1/2p1p2p/p7/1pP1N3/1P1PB3/P3BPPP/2RQ1RK1 w kq - 0 15,c4c5,95,65,-30
r3kb1r/1b3pp1/2p1pq1p/p1P5/1p6/1P1PB3/P3BPPP/2RQ1RK1 w kq - 0 17,d3d4,130,128,-2
4k2r/4bpp1/r1p1pq1p/p1P5/1p1P4/1P2B3/P4PPP/R2Q1RK1 w k - 2 20,a2a3,115,97,-18
8/5k2/4p2R/2r5/5B2/8/5PPP/4R1K1 w - - 0 36,h2h3,777,791,14
8/4R3/2r1p3/5k2/5B2/7P/5PP1/4R1K1 w - - 5 39,g2g3,812,795,-17
rnbqkbnr/pppppppp/8/8/8/8/PPPPPPPP/RNBQKBNR w KQkq - 0 1,e2e4,30,36,6
r1bqkb1r/2pp1ppp/p1n2n2/1p2p3/4P3/1B3N2/PPPP1PPP/RNBQK2R w KQkq - 2 6,d2d3,58,31,-27
r1bqkb1r/2pp1ppp/p4n2/np2p3/4P3/1B1P1N2/PPP2PPP/RNBQK2R w KQkq - 1 7,c2c3,53,-23,-76
r1bqkb1r/2p2ppp/p4n2/1p2p3/4p3/1QPP1N2/PP3PPP/RNB2RK1 w kq - 0 10,d3e4,-65,-62,-3
rnbqkbnr/pppppppp/8/8/8/8/PPPPPPPP/RNBQKBNR w KQkq - 0 1,d2d4,31,23,-8
rnbqkbnr/pp2pppp/2p5/3p4/3P4/5N2/PPP1PPPP/RNBQKB1R w KQkq - 0 3,h2h3,27,15,-12
rnbqkb1r/pp2pppp/2p2n2/3p4/3P4/5N1P/PPP1PPP1/RNBQKB1R w KQkq - 1 4,e2e3,16,-7,-23
r2qk2r/pp1n1pp1/2pbpn1p/3pN3/3P4/3QP2P/PPP2PP1/RNB1K2R w KQkq - 2 10,f2f4,-71,-90,19
r2q1rk1/pp1n1pp1/2pbp2p/3pN3/3PnP2/3QP2P/PPP3P1/RNB2RK1 w - - 3 12,c2c4,-75,-88,13
r2q1rk1/pp3pp1/2pbp2p/3pn3/2PPnP2/3QP2P/PP4P1/RNB2RK1 w - - 0 13,f4e5,-51,-54,3
r4rk1/ppb2pp1/2p1p2p/3pP3/2PP3q/2NQPRnP/PP4P1/R1B3K1 w - - 5 16,c4d5,208,206,-2
4rrk1/ppb2pp1/2p4p/3pP3/3P3q/4PR1P/PP2Q1P1/R1B3K1 w - - 1 19,b2b3,39,55,16
4rrk1/ppb1qpp1/2p4p/3pP3/3P4/1P2PR1P/P3Q1P1/R1B3K1 w - - 1 20,a2a4,59,59,0
5rk1/ppb1q1p1/2p2p1p/3pP3/P2P4/1P2PR1P/4Q1P1/5RK1 w - - 2 24,e5f6,373,334,-39
8/ppb1q2k/2p2p1p/3p4/P2P2Q1/1P2P2P/6P1/5RK1 w - - 2 27,h3h4,432,321,-111
8/pp6/2p2k1p/3p4/P2P3P/1P2P1b1/6P1/6K1 w - - 0 33,h4h5,-531,-567,36
8/pp6/2pb3p/3p2k1/P2P4/1P2PK2/6P1/8 w - - 4 37,g2g4,-611,-637,26
8/1p6/p1pb3p/3p2k1/P2P2P1/1P2PK2/8/8 w - - 0 38,a4a5,-630,-664,34
8/1p6/p1p4p/P2p2k1/1b1P2P1/1P2PK2/8/8 w - - 1 39,e3e4,-669,-688,19
8/1p6/p1p4p/6k1/3P2P1/1Pb2K2/8/8 w - - 2 42,d4d5,-667,-726,59
8/1p6/p6p/3p2k1/6P1/1Pb2K2/8/8 w - - 0 43,b3b4,-762,-803,41
rnbqkbnr/pppppppp/8/8/8/8/PPPPPPPP/RNBQKBNR w KQkq - 0 1,c2c4,35,-4,-39
rnbqkb1r/pppp1ppp/5n2/4p3/2P5/2N5/PP1PPPPP/R1BQKBNR w KQkq - 0 3,d2d4,5,-13,-18
r1bqkb1r/pppp1ppp/2n2n2/4p3/2PP4/2N5/PP2PPPP/R1BQKBNR w KQkq - 1 4,e2e3,62,-22,-84
r1bqkb1r/pppp1ppp/2n2n2/8/2Pp4/2N1P3/PP3PPP/R1BQKBNR w KQkq - 0 5,e3d4,9,5,-4
r1b1k2r/ppppbppp/2n2n2/8/2PP4/2N5/PP3PPP/R1B1KBNR w KQkq - 0 8,a2a3,14,-235,-249
r1b1k2r/1p1p1ppp/p2p1n2/8/2PN4/P7/1P1K1PPP/n1B2B1R w kq - 0 14,b2b4,-332,-339,7
r5k1/1r1p1ppp/p4n2/1p6/1PP2K2/P7/5PPP/B4B1R w - - 0 24,g2g3,-85,-147,62
rnbqkbnr/pppppppp/8/8/8/8/PPPPPPPP/RNBQKBNR w KQkq - 0 1,e2e4,33,30,-3
r1bqkbnr/p1p2ppp/2pp4/4p3/4P3/5N2/PPPP1PPP/RNBQK2R w KQkq - 0 5,d2d4,18,16,-2
r1bqkbnr/p1p2pp1/2pp3p/8/3QP3/5N2/PPP2PPP/RNB1K2R w KQkq - 0 7,e4e5,57,-2,-59
r2qkbnr/p1p2pp1/2ppb2p/4P3/3Q4/5N2/PPP2PPP/RNB1K2R w KQkq - 1 8,e5d6,39,5,-34
r3k3/p1qnbpp1/3pb2r/2p5/Q7/2N2N2/PPP2PPP/3RR1K1 w q - 2 15,b2b4,-285,-411,126
r4k2/p1qnbpp1/3pb2r/2p5/QP6/2N2N2/P1P2PPP/3RR1K1 w - - 1 16,b4c5,-417,-390,-27
rnbqkbnr/pppppppp/8/8/8/8/PPPPPPPP/RNBQKBNR w KQkq - 0 1,e2e4,29,27,-2
r1bqkbnr/pppp1ppp/2n1p3/8/2B1P3/8/PPPP1PPP/RNBQK1NR w KQkq - 2 3,d2d4,-28,-12,-16
r1bqkbnr/p1pp1ppp/1pn1p3/8/2BPP3/8/PPP2PPP/RNBQK1NR w KQkq - 0 4,d4d5,109,5,-104
r2qkbnr/pbpp1ppp/1p2p3/1B1Pn3/4P3/8/PPP2PPP/RNBQK1NR w KQkq - 3 6,f2f4,-29,-65,36
r2qkbnr/pbpp1ppp/1p2p1n1/1B1P4/4PP2/8/PPP3PP/RNBQK1NR w KQkq - 1 7,f4f5,-85,-186,101
r2qkbnr/pbpp1ppp/1p4n1/1B1P1p2/4P3/8/PPP3PP/RNBQK1NR w KQkq - 0 8,e4f5,-198,-221,23
r3k1nr/pbpp1ppp/1p1b4/1B1PnP2/5B1q/8/PPP1Q1PP/RN2K1NR w KQkq - 5 11,g2g3,-83,-177,94
r5nr/pbppk1pp/1p3p2/3P1PN1/2B5/6P1/P1P4P/bN2K2R w K - 0 17,d5d6,-669,-862,193
rnbqkbnr/pppppppp/8/8/8/8/PPPPPPPP/RNBQKBNR w KQkq - 0 1,e2e4,30,36,6
r1bqk1nr/1pp2ppp/p1pb4/4p3/4P3/2N2N2/PPPP1PPP/R1BQK2R w KQkq - 0 6,d2d4,36,30,-6
r2qk1nr/1pp2ppp/p1pb4/4p3/3PP1b1/2N2N2/PPP2PPP/R1BQK2R w KQkq - 1 7,d4e5,50,27,-23
rnbqkbnr/pppppppp/8/8/8/8/PPPPPPPP/RNBQKBNR w KQkq - 0 1,e2e4,33,34,1
rnb1k1nr/pp1pbpp1/2p2q1p/4p3/N1B1P3/5N2/PPPP1PPP/R1BQ1RK1 w kq - 2 7,d2d4,87,77,-10
rnb1k1nr/p2pbpp1/2p2q1p/1p2p3/N1BPP3/5N2/PPP2PPP/R1BQ1RK1 w kq - 0 8,d4e5,73,102,29
rnb1k1nr/p2pbpp1/2p3qp/1p2P3/N1B1P3/5N2/PPP2PPP/R1BQ1RK1 w kq - 1 9,e5e6,96,-84,-180
rnb1k1nr/p2pbpp1/2p1P1qp/8/N1p1P3/5N2/PPP2PPP/R1BQ1RK1 w kq - 0 10,e6f7,62,64,2
rnb2rk1/p3b1p1/2pp1n1p/7q/N1pQP3/5N2/PPP2PPP/R1B1R1K1 w - - 2 15,e4e5,-330,-388,58
rn3rk1/p3b1p1/b6p/3pP2q/N1p1n3/4QN2/PPP2PPP/R1B1R1K1 w - - 2 20,e5e6,-399,-499,100
rn3rk1/p5p1/4P2p/bb1q4/2p1n3/4BN2/PPP1Q1PP/R6K w - - 2 26,e6e7,-681,-671,-10
rn3rk1/p3P1p1/7p/bb1q4/4n3/2p1BN2/PPP1Q1PP/R6K w - - 0 27,e7f8q,-536,-522,-14
rnbqkbnr/pppppppp/8/8/8/8/PPPPPPPP/RNBQKBNR w KQkq - 0 1,d2d4,28,19,-9
rnbqkbnr/ppp1pppp/8/3p4/3P4/8/PPP1PPPP/RNBQKBNR w KQkq - 0 2,e2e3,23,5,-18
r1bq1rk1/ppp1bpp1/2n2n1p/3p4/3Pp3/2N1P2N/PPPBBPPP/R2QK2R w KQ - 4 9,f2f3,-82,-156,74
r2q1rk1/pppbbpp1/2n2n1p/3p4/3Pp3/2N1PP1N/PPPBB1PP/R2QK2R w KQ - 1 10,f3e4,-5,-63,58
r4rk1/ppp1bpp1/7p/3q4/3P4/2B1P3/nPP1Q1PP/R4RK1 w - - 0 18,e3e4,-331,-546,215
r4rk1/ppp1bpp1/7p/3q4/3PP3/2n5/1PP1Q1PP/R4RK1 w - - 0 19,b2c3,-521,-514,-7
r4rk1/pppqbpp1/7p/8/3PP3/2P5/2P1Q1PP/R4RK1 w - - 1 20,e4e5,-484,-506,22
4rrk1/Rpp1bpp1/2q4p/4P3/3P4/2P5/2P1Q1PP/5RK1 w - - 1 22,c3c4,-386,-579,193
4rrk1/1pp1b1p1/1q3p1p/4P3/2PP4/8/2P1Q1PP/R4RK1 w - - 0 24,c4c5,-414,-401,-13
4rrk1/1pp1b1p1/7p/2P1p3/1q1P4/3Q4/2P3PP/R4RK1 w - - 0 26,c2c3,-416,-429,13
5r1k/1pp1b1p1/7p/2P5/2Q5/2P5/1q4PP/3R2K1 w - - 0 31,h2h3,-529,-570,41
rnbqkbnr/pppppppp/8/8/8/8/PPPPPPPP/RNBQKBNR w KQkq - 0 1,e2e4,30,27,-3
r1bqkb1r/pppp1ppp/2n2n2/4p3/2B1P3/2N5/PPPP1PPP/R1BQK1NR w KQkq - 4 4,d2d3,-7,-11,4
r1bq1rk1/pppp1pbp/5np1/4p3/4P3/1nNPB1N1/PPP2PPP/R2QK2R w KQ - 0 9,c2b3,-29,-110,81
r1bq1rk1/pp1p1pbp/2p3p1/3Np3/4P1n1/1P1PB1N1/PP3PPP/R2QK2R w KQ - 0 11,h2h3,-161,-301,140
r1bq1rk1/pp3p1p/2p2bp1/3pp3/4P3/1P1PBQNP/PP3PP1/R3K2R w KQ - 0 14,e4d5,-90,-123,33
2rq1rk1/pb3p1p/1p3bp1/3pp3/8/1P1PB1NP/PP2QPP1/3R1RK1 w - - 4 18,f2f4,-76,-224,148
2r1r1k1/pbq2p1p/1p3bp1/3pp3/5PQ1/1P1PB1NP/PP4P1/3R1RK1 w - - 3 20,f4f5,16,-31,-47
2r1r1k1/pbq2pbp/1p4p1/3ppP2/6Q1/1P1PB1NP/PP4P1/3R1RK1 w - - 1 21,f5g6,-25,-87,62
rnbqkbnr/pppppppp/8/8/8/8/PPPPPPPP/RNBQKBNR w KQkq - 0 1,e2e4,29,21,-8
rn1qkbnr/ppp1pppp/3pb3/7Q/4P3/8/PPPP1PPP/RNB1KBNR w KQkq - 2 3,d2d4,64,64,0
rn1qkbnr/ppp1pp2/3pb1p1/7p/3PP3/5Q2/PPP2PPP/RNB1KBNR w KQkq - 0 5,d4d5,57,19,-38
rn1qk1nr/pp2ppb1/2pp2p1/1B1P3p/4P1b1/Q7/PPP2PPP/RNB1K1NR w KQkq - 0 8,d5c6,-34,-46,12
4k1nr/pQ1bppb1/3p2p1/q1p4p/4P3/8/PPP2PPP/RNB1K1NR w KQk - 5 15,b2b4,490,282,-208
rnbqkbnr/pppppppp/8/8/8/8/PPPPPPPP/RNBQKBNR w KQkq - 0 1,e2e4,20,19,-1
r1b1kbnr/pppp1ppp/2n2q2/4p3/2B1P3/5N2/PPPP1PPP/RNBQK2R w KQkq - 4 4,d2d3,115,59,-56
r1b1kbnr/1ppp1ppp/p1n2q2/4p3/2B1P3/3P1N2/PPP2PPP/RNBQK2R w KQkq - 0 5,a2a3,87,39,-48
r1b1kbnr/2pp1ppp/2n2q2/pp2p3/4P3/PB1P1N2/1PP2PPP/RNBQK2R w KQkq - 0 7,a3a4,208,119,-89
rqb2rk1/2pp1ppp/5n2/p7/2N1P3/R2P1Q2/5PPP/1N3RK1 w - - 5 19,e4e5,34,-25,-59
rqb1nrk1/2pp2pp/5p2/p3P3/2N5/R2P2Q1/5PPP/1N3RK1 w - - 0 21,d3d4,-16,-58,42
r5k1/1bp3pp/8/8/p2P4/2N3Q1/2q2PPP/3R2K1 w - - 2 31,h2h3,-15,-65,50
rnbqkbnr/pppppppp/8/8/8/8/PPPPPPPP/RNBQKBNR w KQkq - 0 1,d2d4,24,16,-8
rnbqkbnr/p1pppppp/1p6/8/3P4/8/PPP1PPPP/RNBQKBNR w KQkq - 0 2,c2c4,95,65,-30
rn1qkbnr/pbpppppp/1p6/8/2PP4/8/PP2PPPP/RNBQKBNR w KQkq - 1 3,d4d5,59,36,-23
rn1qkbnr/pbp1pppp/1p1p4/3P4/2P5/8/PP2PPPP/RNBQKBNR w KQkq - 0 4,e2e4,85,66,-19
rn2kb1r/1b1qnppp/pp1pp3/2pP4/Q1P1P3/2N2N2/PP2BPPP/R1B1K2R w KQkq - 4 9,d5e6,192,121,-71
r1k5/4RN1r/p6p/2p3pB/2P1P3/2b5/PP3PPP/4K2R w K - 0 22,b2c3,900,982,82
6k1/1NR5/p6p/2p3pB/2P1P3/5r2/P4PPP/3R2K1 w - - 8 31,g2f3,10000,10000,0
rnbqkbnr/pppppppp/8/8/8/8/PPPPPPPP/RNBQKBNR w KQkq - 0 1,e2e4,20,28,8
rnbqkbnr/pppp1ppp/8/4p3/4P3/8/PPPP1PPP/RNBQKBNR w KQkq - 0 2,d2d4,37,-12,-49
r1bqkbnr/p1pp1ppp/1pn5/8/4P3/4Q3/PPP2PPP/RNB1KBNR w KQkq - 0 5,b2b3,68,-132,-200
r1bqk1nr/p1pp1ppp/1pn5/8/3bP3/1P3Q2/P1P2PPP/RNB1KBNR w KQkq - 3 7,c2c3,-57,-69,12
r3k1nr/p1p1qppp/1p1p1b2/4n3/4P3/1PP1Q3/PB3PPP/RN2K1NR w KQkq - 2 13,c3c4,56,-508,-564
4rr2/1kp2p2/1p1p4/1N6/2P5/1P1n4/P2N1PPP/R4K1R w - - 3 26,f2f3,525,317,-208
5r2/1kp2p2/1p1pr3/1N6/2P5/1P1n1P2/P2N2PP/R4K1R w - - 1 27,g2g3,452,334,-118
4r3/1kp5/1p1p4/5p2/2P5/1P3PP1/P2r3P/R5KR w - - 0 33,h2h4,116,259,143
rnbqkbnr/pppppppp/8/8/8/8/PPPPPPPP/RNBQKBNR w KQkq - 0 1,e2e4,35,26,-9
r1bqkbnr/p1p2ppp/1pp1p3/8/4P3/5N2/PPPP1PPP/RNBQK2R w KQkq - 0 5,d2d4,-5,-2,-3
r2qkb1r/pbp2ppp/1pp1pn2/8/3PP3/5N2/PPP2PPP/RNBQ1RK1 w kq - 3 7,e4e5,53,58,5
r2qkb1r/pbp2ppp/1p2p3/2pnP3/3P4/5N2/PPP2PPP/RNBQR1K1 w kq - 0 9,c2c3,-26,-92,66
r2qkb1r/pbp2ppp/1p2p3/3nP3/3p4/2P2N2/PP3PPP/RNBQR1K1 w kq - 0 10,c3d4,-90,-144,54
r2qkb1r/pb3ppp/1p2p3/2pnP3/3P4/5N2/PP3PPP/RNBQR1K1 w kq - 0 11,d4c5,-42,-77,35
r2qk2r/pb3ppp/1p2p3/3nP3/8/4bN2/PP3PPP/RN1QR1K1 w kq - 0 13,f2e3,-101,-105,4
r2q1rk1/pb3ppp/1p2p3/4P3/8/2n1PN2/PP4PP/R2QR1K1 w - - 0 15,b2c3,-243,-241,-2
2rq1rk1/p4ppp/1p2p3/4P3/8/2P1Pb2/P1Q3PP/R3R1K1 w - - 0 17,g2f3,-394,-406,12
2r2rk1/p4ppp/1p2p3/4q3/8/2P1PP2/P1Q2K1P/R3R3 w - - 0 19,f3f4,-432,-432,0
3r2k1/p4ppp/1p2p3/8/5P2/4P1K1/P1r4P/R3R3 w - - 2 23,a2a4,-382,-353,-29
3r2k1/p4pp1/1p2p2p/8/P4P2/4P1K1/2r4P/R3R3 w - - 0 24,h2h4,-336,-371,35
rnbqkbnr/pppppppp/8/8/8/8/PPPPPPPP/RNBQKBNR w KQkq - 0 1,e2e4,28,35,7
r1bqkbnr/pppp1ppp/2n5/4p3/4P3/5N2/PPPP1PPP/RNBQKB1R w KQkq - 2 3,d2d4,45,25,-20
r1bqk1nr/ppppbppp/2n5/4p3/3PP3/5N2/PPP2PPP/RNBQKB1R w KQkq - 1 4,d4d5,218,219,1
rn1qk2r/ppp1bppp/3p1n2/3Pp3/4P1b1/2NB1N2/PPP2PPP/R1BQ1RK1 w kq - 4 8,h2h3,77,69,-8
rn1qk2r/ppp1bppp/3p1n2/3Pp2b/4P3/2NB1N1P/PPP2PP1/R1BQ1RK1 w kq - 1 9,g2g4,55,51,-4
rn1qk2r/ppp1bppp/3p4/3Pp2b/4P1n1/2NB1N1P/PPP2P2/R1BQ1RK1 w kq - 0 10,h3g4,256,258,2
rnbqkbnr/pppppppp/8/8/8/8/PPPPPPPP/RNBQKBNR w KQkq - 0 1,d2d4,36,23,-13
rnbqkbnr/ppp1pppp/8/3p4/3P4/8/PPP1PPPP/RNBQKBNR w KQkq - 0 2,e2e3,19,1,-18
rnbqkbnr/p3pppp/1p6/2pp4/3P4/3BP3/PPP2PPP/RNBQK1NR w KQkq - 0 5,d4c5,54,42,-12
rnbqkbnr/p3pppp/8/2pp4/8/3BP3/PPP2PPP/RNBQK1NR w KQkq - 0 6,b2b3,62,1,-61
rnbqkbnr/p4ppp/8/2ppp3/8/1P1BP3/P1P2PPP/RNBQK1NR w KQkq - 0 7,e3e4,62,51,-11
rnbqkbnr/pppppppp/8/8/8/8/PPPPPPPP/RNBQKBNR w KQkq - 0 1,d2d4,41,16,-25
rnbqk2r/ppp2ppp/4pb2/3p4/3P4/2N2N2/PPP1PPPP/R2QKB1R w KQkq - 0 6,e2e4,-7,-8,1
r1br2k1/ppp2ppp/2n1pq2/8/3P4/3B1N2/PPP2PPP/R2Q1RK1 w - - 4 11,c2c3,69,85,16
r2r2k1/pbp2p1p/1pn2qp1/8/3p4/2P1QN2/PPB2PPP/2R2RK1 w - - 0 16,c3d4,-160,-256,96
r2r2k1/p1p2p1p/1p3qp1/8/1n1P4/1B2Qb2/PP3PPP/2R2RK1 w - - 0 18,g2f3,-50,-162,112
r2r2k1/p4p1p/1pp2qpQ/3n4/3P4/1B3P2/PP3P1P/2R2RK1 w - - 0 20,f3f4,-207,-430,223
r2r2k1/p4p1p/1pp3pQ/8/3Pqn2/1B6/PP3P1P/2R3RK w - - 4 23,f2f3,-10000,-10000,0
rnbqkbnr/pppppppp/8/8/8/8/PPPPPPPP/RNBQKBNR w KQkq - 0 1,e2e4,40,41,1
r3k1nr/pp3p1p/n1pp1qp1/2b1p1Q1/4P3/1B3N2/PPPP1PPP/R1B1K2R w KQkq - 2 10,d2d3,103,59,-44
r3k2r/1p2q2p/1Qpppnp1/1p2p3/4P3/3P4/PPPN1PPP/R4RK1 w kq - 4 18,f2f4,29,1,-28
5rk1/1p2q2p/r1pppnp1/1p2p3/4PP2/3PQ3/PPPN2PP/R4RK1 w - - 3 20,f4e5,60,68,8
5qk1/1p5p/r1ppp1p1/1p2n3/4P3/3P2Q1/PPPN2PP/R5K1 w - - 0 23,a2a3,58,24,-34
4r1k1/1p4qp/2pp2p1/1p2p3/4P3/P2PQ3/1PP3PP/5RK1 w - - 2 31,h2h3,18,12,-6
8/6kp/2p3p1/1p6/4PQK1/q6P/6P1/8 w - - 6 60,h3h4,-14,-10000,9986
8/6kp/2p3p1/1p6/4PQKP/1q6/6P1/8 w - - 1 61,h4h5,-27,-317,290
8/7p/2p2kp1/1p5P/4P2K/8/6P1/8 w - - 0 64,h5g6,-495,-641,146
8/8/2p2kp1/8/4PK2/1p6/6P1/8 w - - 0 67,e4e5,-685,-716,31
rnbqkbnr/pppppppp/8/8/8/8/PPPPPPPP/RNBQKBNR w KQkq - 0 1,e2e4,35,31,-4
rnbqkbnr/pp1ppppp/8/2p5/4P3/8/PPPP1PPP/RNBQKBNR w KQkq - 0 2,c2c4,38,-2,-40
r1bqkbnr/pp1ppppp/2n5/2p5/2P1P3/8/PP1P1PPP/RNBQKBNR w KQkq - 1 3,d2d3,7,-20,-27
r1bqkb1r/pp1p1pp1/2n3np/2p1p3/2P1P3/3P1N2/PP2BPPP/RNBQ1RK1 w kq - 4 7,h2h3,22,7,-15
r1bqk2r/pp1pbpp1/2n3np/2p1p3/2P1P3/3P1N1P/PP2BPP1/RNBQ1RK1 w kq - 1 8,b2b3,21,-17,-38
r1bqk2r/pp2bpp1/2np2np/2p1p3/2P1P3/1P1P1N1P/P3BPP1/RNBQ1RK1 w kq - 0 9,a2a4,-15,-55,40
r1bqk2r/pp2b1p1/2np2np/2p1pp2/P1P1P3/1P1P1N1P/4BPP1/RNBQ1RK1 w kq - 0 10,e4f5,-34,-30,-4
r5k1/1p3rp1/3p2q1/2p1p3/PpP2bNp/1P1P3P/R4PP1/3Q1RK1 w - - 4 26,f2f3,23,-62,-85
rnbqkbnr/pppppppp/8/8/8/8/PPPPPPPP/RNBQKBNR w KQkq - 0 1,d2d4,30,18,-12
rnbqkbnr/ppp1pppp/8/3p4/3P4/8/PPP1PPPP/RNBQKBNR w KQkq - 0 2,c2c4,24,24,0
rn1qkb1r/pp2pppp/2p2n2/3p4/2PP2b1/2N2N2/PP2PPPP/R1BQKB1R w KQkq - 4 5,e2e3,90,20,-70
rn1qkb1r/pp2ppp1/2p2n1p/3p4/2PP2b1/2N1PN2/PP3PPP/R1BQKB1R w KQkq - 0 6,h2h3,82,56,-26
rn1qkb1r/pp3pp1/2p1pn1p/3p3b/2PP4/2N1PN1P/PP2BPP1/R1BQK2R w KQkq - 0 8,c4c5,24,-12,-36
r2qkb1r/pp1n1pp1/2p1pn1p/2Pp3b/3P4/2N1PN1P/PP2BPP1/R1BQK2R w KQkq - 1 9,b2b4,18,19,1
3rr1k1/pp3pp1/2p2q1p/2P5/1P6/4P2P/P3QPP1/3RR1K1 w - - 2 21,a2a3,111,56,-55
6k1/p4pp1/1pp4p/2Pq4/1P6/P3P2P/2Q2PP1/6K1 w - - 2 26,c5b6,136,74,-62
6k1/5pp1/1pp4p/3q4/1P6/P3P2P/2Q2PP1/6K1 w - - 0 27,a3a4,93,89,-4
rnbqkbnr/pppppppp/8/8/8/8/PPPPPPPP/RNBQKBNR w KQkq - 0 1,e2e4,28,26,-2
rnbqkbnr/1p3ppp/2p1p3/p2p4/B3P3/8/PPPP1PPP/RNBQK1NR w KQkq - 0 5,e4e5,-146,-482,336
rn1qkbnr/5ppp/b3p3/1p1pP3/p7/8/PPPPQPPP/RNB1K1NR w KQkq - 2 9,b2b4,-574,-647,73
r2qkbnr/5ppp/b1n1p3/1p1pP3/pP6/8/P1PPQPPP/RNB1K1NR w KQkq - 1 10,c2c3,-473,-587,114
r2qkbnr/6pp/b1n1pp2/1p1pP3/pP6/2P5/P2PQPPP/RNB1K1NR w KQkq - 0 11,e5f6,-455,-452,-3
r3kbnr/6pp/b3pq2/1N1p4/p7/2P5/P2PQPPP/n1BK2NR w kq - 0 15,c3c4,-428,-556,128
N4bnr/3k2pp/4p3/3p4/p1b5/8/P1nPKPPP/2qQ2NR w - - 0 21,d2d3,-1247,-10000,8753
7r/3k2p1/4pn1p/3p4/pb1n4/1b1P4/5PPP/5K1R w - - 0 30,g2g3,-1069,-1109,40
7r/3k2p1/4pn1p/3p4/1b1n4/pb1P2P1/5P1P/5K1R w - - 0 31,h2h3,-1095,-1107,12
r7/3k2p1/4pn1p/3p4/3n4/1bbP2PP/p4PK1/R7 w - - 4 34,f2f3,-1131,-1314,183
r7/3k2p1/4pn1p/3p4/3n4/1b1P1PPP/p5K1/b7 w - - 0 35,g3g4,-10000,-10000,0
r7/3k2p1/4pn1p/3p4/3n2P1/1bbP1P1P/p5K1/8 w - - 1 36,h3h4,-10000,-10000,0
rnbqkbnr/pppppppp/8/8/8/8/PPPPPPPP/RNBQKBNR w KQkq - 0 1,e2e4,29,28,-1
r2qkbnr/pppb1ppp/2np4/1B2p3/4P3/2N2N2/PPPP1PPP/R1BQK2R w KQkq - 4 5,d2d4,66,53,-13
r2qkbnr/1pp2ppp/p1bp4/4p3/3PP3/2N2N2/PPP2PPP/R1BQK2R w KQkq - 0 7,d4e5,157,181,24
3rk2r/2p2ppp/p1p2n2/8/1b2P3/2N5/PPPB1PPP/R3K2R w KQk - 2 12,f2f3,272,268,-4
rnbqkbnr/pppppppp/8/8/8/8/PPPPPPPP/RNBQKBNR w KQkq - 0 1,e2e4,25,28,3
rnbqkbnr/p2ppppp/1p6/2p5/4P3/2N5/PPPP1PPP/R1BQKBNR w KQkq - 0 3,g2g3,58,30,-28
rn1qkb1r/pb1p1ppp/1p3n2/2p1p3/4P3/2N3P1/PPPPNPBP/R1BQK2R w KQkq - 2 6,d2d3,43,45,2
rn1qkb1r/pb3ppp/1p1p1n2/2p1p3/4P3/2NP2P1/PPP1NPBP/R1BQK2R w KQkq - 0 7,h2h3,49,40,-9
r2q1rk1/pb1nbpp1/1p1p1n1p/2p1p3/4P3/2NPB1PP/PPPQNPB1/R4RK1 w - - 2 11,f2f4,48,38,-10
r4rk1/pb2qp1n/1p1p3p/4n1pN/4P3/3pB1PP/PPPQ1RB1/5RK1 w - - 0 18,c2d3,168,173,5
rnbqkbnr/pppppppp/8/8/8/8/PPPPPPPP/RNBQKBNR w KQkq - 0 1,d2d4,26,21,-5
rnbqkbnr/ppp1pppp/8/3p4/3P4/8/PPP1PPPP/RNBQKBNR w KQkq - 0 2,c2c4,25,24,-1
r1bqkbnr/ppp1pppp/2n5/3p4/2PP4/8/PP2PPPP/RNBQKBNR w KQkq - 1 3,e2e3,57,54,-3
r1bqkbnr/ppp2ppp/2n1p3/3p4/2PP4/4P3/PP3PPP/RNBQKBNR w KQkq - 0 4,c4d5,52,-4,-56
r1b1kb1r/pppq1ppp/2n1pn2/1B6/Q2P4/2N1P3/PP3PPP/R1B1K1NR w KQkq - 6 8,e3e4,169,50,-119
r1b1kb1r/1ppq1ppp/p1n1pn2/1B6/Q2PP3/2N5/PP3PPP/R1B1K1NR w KQkq - 0 9,d4d5,52,-159,-211
r1b1kb1r/1ppq1ppp/2n2n2/1Q1p4/4P3/2N5/PP3PPP/R1B1K1NR w KQkq - 0 11,e4d5,-559,-592,33
r3k2r/nppb1ppp/5n2/3P4/8/2b2N2/PP3PPP/R1B2RK1 w kq - 0 15,b2c3,-452,-472,20
7B/1pp5/1kn4R/1n6/8/8/r4PPP/6K1 w - - 8 30,h2h4,-145,-138,-7
5R2/1pp3r1/1knn4/8/7P/8/5PP1/6K1 w - - 0 35,h4h5,-543,-537,-6
5R2/1pp4r/1knn4/7P/8/8/5PP1/6K1 w - - 1 36,g2g4,-552,-538,-14
6R1/1pp4r/1k1n4/4n2P/6P1/8/5PK1/8 w - - 5 39,f2f4,-479,-473,-6
6R1/1pp4r/1knn4/7P/5PP1/8/6K1/8 w - - 1 40,f4f5,-447,-439,-8
6R1/1pp4r/1kn5/5n1P/6P1/8/6K1/8 w - - 0 41,g4f5,-475,-456,-19
6R1/1pp5/1kn5/5P1r/8/8/6K1/8 w - - 0 42,f5f6,-488,-506,18
rnbqkbnr/pppppppp/8/8/8/8/PPPPPPPP/RNBQKBNR w KQkq - 0 1,d2d4,25,21,-4
rnbqkbnr/pp1ppppp/2p5/8/3P4/8/PPP1PPPP/RNBQKBNR w KQkq - 0 2,c2c4,30,28,-2
rnbqk2r/pp3ppp/2p1pn2/3p2B1/1bPP4/2N2N2/PP2PPPP/R2QKB1R w KQkq - 2 6,a2a3,56,-9,-65
rnbqk2r/pp3ppp/2p1pn2/b2p2B1/2PP4/P1N2N2/1P2PPPP/R2QKB1R w KQkq - 1 7,b2b4,85,92,7
rnbqk2r/ppb2ppp/2p1pn2/3p2B1/1PPP4/P1N2N2/4PPPP/R2QKB1R w KQkq - 1 8,c4c5,82,48,-34
r1bqk2r/ppbn1ppp/2p1pn2/2Pp2B1/1P1P4/P1N2N2/4PPPP/R2QKB1R w KQkq - 1 9,h2h3,54,-14,-68
r1bq1rk1/ppbn1ppp/2p1pn2/2Pp2B1/1P1P4/P1N2N1P/4PPP1/R2QKB1R w KQ - 1 10,e2e3,3,-21,-24
r1b3k1/pp6/2p1p3/2PpN1p1/1P1Pp3/P3P2P/2B2rP1/2KR3R w - - 0 24,g2g4,564,460,-104
r5k1/p7/b1p1pR2/2ppN1p1/1P1Pp1P1/P3P2P/2B5/2K5 w - - 0 28,d4c5,530,527,-3
4r3/p7/2p4k/1bPpNR2/1P2p1P1/P3P2P/2B5/2K5 w - - 7 35,h3h4,681,692,11
6r1/p7/2p4k/1bPpNR2/1P2p1PP/P3P3/2B5/2K5 w - - 1 36,g4g5,714,706,-8
6r1/p7/2p5/1bPpNRPk/1P2p2P/P3P3/2B5/2K5 w - - 1 37,g5g6,715,636,-79
